46 44 0
46 44 1
46 44 18
46 44 24
46 44 38
46 44 39
46 44 48
46 44 106
46 44 131
46 44 156
46 64 1018
46 40 1033
46 40 1035
46 40 1037
46 40 1100
46 9 1080
46 45 1212
46 45 1214
46 45 1215
46 49 1283
46 49 1288
46 38 1382
46 38 1383
44 9 403
44 68 441
44 68 445
44 58 445
27 75 42
27 75 72
27 75 82
27 75 83
27 75 86
27 75 89
27 75 94
27 75 100
27 75 101
27 75 102
27 75 103
27 75 113
27 75 114
27 75 115
27 75 116
27 75 118
27 75 119
27 75 120
27 75 122
27 75 132
27 75 156
27 75 175
27 75 176
27 75 199
27 47 213
27 47 215
27 47 237
27 47 257
27 47 273
27 47 285
75 37 361
75 37 365
75 37 367
75 37 369
75 37 374
75 37 377
75 37 383
75 37 384
75 37 385
75 37 386
75 37 387
75 37 388
75 37 389
75 37 390
75 37 391
75 37 392
75 37 416
75 37 417
75 37 418
75 37 459
39 3 97
39 3 100
39 3 101
39 3 105
39 3 111
39 3 112
39 3 113
39 3 114
39 3 115
39 3 120
39 3 121
39 3 146
39 3 148
39 3 149
39 3 152
39 3 153
39 3 154
39 3 176
39 3 190
39 3 210
39 3 227
39 3 228
39 3 230
39 3 232
39 3 247
39 3 251
39 3 255
39 3 257
39 3 259
39 3 261
39 3 262
39 3 263
39 3 264
39 3 265
39 3 266
39 3 267
39 3 268
39 3 269
39 3 270
39 3 271
39 3 285
39 3 286
39 3 287
39 3 288
39 3 289
39 3 290
39 3 330
39 3 355
39 3 364
39 3 371
39 3 372
39 3 373
39 3 374
39 3 375
39 3 376
39 3 377
39 3 387
39 3 388
39 3 390
39 3 769
39 3 772
39 3 775
39 3 778
39 3 779
39 3 780
39 3 781
39 3 782
39 3 783
39 3 784
39 3 785
39 3 786
39 34 641
10 62 109
10 62 110
10 62 111
10 62 115
10 62 135
10 62 136
10 62 137
10 62 138
10 62 141
10 62 144
10 62 146
10 62 148
10 62 149
10 62 150
10 62 151
10 62 154
10 62 158
10 62 159
10 62 160
10 62 161
10 62 169
10 62 171
10 62 173
10 62 174
10 62 175
10 62 176
10 62 177
10 62 179
10 62 181
10 62 182
10 62 183
10 62 189
10 62 191
10 62 194
10 62 202
10 62 203
10 62 204
10 62 205
10 62 206
10 62 207
10 62 208
10 62 209
10 62 210
10 62 211
10 62 212
10 62 215
10 62 221
10 62 222
10 62 223
10 62 224
10 62 225
10 62 226
10 62 236
10 62 238
10 62 239
10 62 250
10 62 251
10 62 252
10 62 255
10 62 256
10 62 257
10 62 258
10 62 259
10 62 260
10 62 261
10 62 262
10 62 263
10 62 264
10 62 267
10 62 268
10 58 1012
10 58 1014
10 58 1034
10 58 1035
10 58 1037
10 58 1039
10 58 1041
10 58 1043
10 58 1045
10 58 1047
10 58 1055
10 1 1012
10 1 1013
10 1 1015
10 1 1029
10 1 1030
10 1 1031
10 1 1032
10 1 1033
10 1 1034
10 1 1035
10 1 1036
10 1 1041
10 1 1044
10 1 1045
10 1 1046
10 1 1047
10 1 1048
10 1 1052
10 1 1061
10 1 1318
10 64 1055
10 19 1055
10 71 1142
10 71 1143
10 71 1145
10 71 1147
10 43 1147
10 43 1190
10 43 1319
10 69 1185
10 69 1186
10 69 1189
10 69 1190
10 69 1191
10 69 1194
10 69 1197
10 69 1199
10 45 1187
10 45 1188
10 26 1318
62 54 1294
62 54 1295
62 54 1329
62 54 1330
62 54 1334
62 54 1335
62 54 1336
62 54 1337
62 54 1340
62 54 1350
62 54 1354
62 54 1357
62 54 1359
62 54 1362
62 54 1364
62 54 1365
62 54 1366
62 54 1367
62 54 1370
62 54 1371
62 54 1374
62 54 1379
62 54 1385
62 54 1386
62 54 1387
62 54 1388
62 54 1389
62 54 1392
62 54 1393
67 11 168
67 59 1146
67 59 1184
11 38 599
50 29 198
50 29 201
50 29 207
50 29 208
50 29 216
50 29 220
50 29 221
50 29 228
50 29 247
50 29 250
50 29 252
50 29 264
50 29 275
50 29 277
50 29 280
50 29 281
50 29 282
50 29 284
50 29 285
50 29 286
50 29 288
50 29 290
50 29 296
50 29 297
50 29 301
50 29 304
50 29 305
50 29 306
50 29 307
50 29 310
50 29 311
50 29 312
50 29 313
50 29 317
50 29 323
50 42 614
29 17 220
29 37 386
29 37 390
29 37 392
47 76 215
47 76 220
47 76 257
47 76 273
47 76 334
47 70 430
47 61 430
47 61 515
47 37 515
47 4 521
47 4 522
47 23 521
28 76 213
28 76 215
28 76 223
28 76 252
28 76 253
28 76 257
28 76 258
28 76 260
28 76 264
28 76 266
28 76 273
28 76 286
28 76 300
28 76 303
28 76 304
28 76 332
28 76 334
28 69 1272
76 60 1141
76 60 1147
76 60 1150
76 60 1155
76 60 1156
76 60 1185
76 60 1186
76 60 1187
76 60 1188
76 60 1192
76 60 1198
76 60 1199
76 60 1200
76 60 1265
76 60 1286
76 60 1287
76 60 1300
76 60 1315
76 60 1316
76 60 1319
76 60 1321
76 60 1322
76 60 1325
76 60 1339
76 60 1340
76 60 1341
76 60 1360
76 60 1367
76 60 1368
76 60 1369
76 60 1370
76 60 1373
76 60 1374
76 60 1375
76 60 1376
76 60 1380
76 60 1381
76 60 1382
76 60 1383
76 60 1384
76 60 1385
76 60 1386
76 60 1387
76 60 1388
76 60 1389
76 34 1197
76 34 1235
76 34 1237
76 34 1238
76 34 1243
76 57 1397
17 83 1123
17 83 1127
18 63 318
18 63 319
18 63 324
18 63 327
18 63 328
18 63 332
18 63 333
18 63 335
18 63 339
18 63 346
18 63 352
18 63 353
18 63 354
18 63 355
18 63 360
18 63 361
18 63 373
18 63 374
18 63 376
18 63 377
18 63 383
18 63 385
18 63 386
18 57 625
63 41 353
63 41 354
63 41 356
63 41 357
63 41 358
63 41 359
63 41 360
63 41 363
63 41 371
63 41 372
63 41 373
63 41 377
63 41 378
63 41 394
63 41 395
63 41 396
63 41 398
63 41 399
63 41 400
63 41 402
63 41 403
63 41 404
63 41 405
63 41 406
63 41 408
63 41 409
63 41 410
63 41 411
63 41 413
63 41 415
63 41 416
63 41 441
63 41 442
63 41 444
63 9 403
63 9 406
2 35 347
2 35 348
2 35 349
2 35 350
2 58 1012
2 58 1017
2 58 1018
2 58 1021
2 58 1035
2 58 1045
2 58 1046
2 58 1047
2 58 1049
2 58 1050
2 58 1051
2 58 1058
2 58 1059
2 58 1080
2 58 1081
2 58 1087
2 58 1108
2 58 1116
2 58 1117
2 58 1119
2 58 1120
2 58 1122
2 58 1126
2 58 1137
2 58 1138
2 58 1141
2 58 1142
2 58 1146
2 58 1148
2 58 1151
2 58 1195
2 58 1199
2 58 1200
2 58 1201
2 58 1204
2 58 1205
2 58 1206
2 58 1207
2 58 1208
2 58 1210
2 58 1211
2 58 1212
2 58 1219
2 58 1221
2 58 1242
2 58 1245
2 58 1252
2 58 1253
2 58 1260
2 58 1262
2 58 1276
2 58 1280
2 58 1281
2 58 1282
2 58 1283
2 58 1285
2 58 1286
2 58 1287
2 58 1288
2 58 1289
2 58 1290
2 58 1304
2 58 1305
2 58 1315
2 19 1048
2 19 1049
2 19 1050
2 19 1051
2 19 1052
2 19 1053
2 19 1057
2 19 1058
2 19 1063
2 19 1064
2 19 1065
2 19 1066
2 19 1076
2 19 1082
2 19 1093
2 19 1095
2 19 1096
2 19 1276
2 19 1278
2 9 1049
2 9 1050
2 9 1051
2 9 1057
2 9 1058
2 9 1059
2 9 1060
2 9 1108
2 9 1109
2 9 1115
2 9 1116
2 9 1117
2 9 1119
2 9 1120
2 9 1121
2 9 1122
2 9 1123
2 9 1129
2 9 1130
2 9 1138
2 9 1142
2 9 1145
2 9 1146
2 9 1159
2 9 1160
2 9 1161
2 9 1162
2 9 1173
2 9 1201
2 9 1212
2 9 1213
2 9 1221
2 9 1222
2 9 1223
2 9 1225
2 9 1229
2 9 1230
2 9 1231
2 9 1233
2 9 1237
2 9 1238
2 9 1242
2 9 1243
2 9 1244
2 9 1245
2 9 1246
2 9 1247
2 9 1248
2 9 1249
2 9 1250
2 9 1251
2 9 1252
2 9 1253
2 9 1254
2 9 1257
2 9 1258
2 9 1259
2 9 1260
2 9 1266
2 9 1267
2 9 1268
2 9 1269
2 9 1274
2 9 1275
2 9 1276
2 9 1277
2 9 1278
2 9 1279
2 9 1282
2 9 1285
2 9 1290
2 9 1310
2 9 1319
2 81 1049
2 81 1050
2 81 1093
2 38 1056
2 38 1062
2 38 1063
2 38 1064
2 38 1065
2 38 1066
2 38 1068
2 38 1079
2 38 1121
2 38 1122
2 38 1129
2 38 1149
2 38 1154
2 38 1155
2 38 1156
2 38 1157
2 38 1158
2 38 1161
2 45 1060
2 45 1062
2 40 1060
2 40 1068
2 40 1073
2 40 1075
2 40 1100
2 31 1087
2 66 1094
2 66 1202
2 66 1203
2 12 1122
2 12 1129
2 12 1258
2 69 1145
2 69 1203
2 69 1204
2 69 1205
2 69 1206
2 69 1207
2 69 1208
2 69 1209
2 69 1210
2 64 1145
2 64 1257
2 64 1258
2 26 1149
2 26 1159
2 26 1318
2 43 1167
2 43 1319
2 14 1262
2 56 1274
2 13 1279
2 21 1305
2 21 1306
35 51 1040
35 51 1053
35 51 1058
35 51 1059
35 7 1051
35 7 1079
35 7 1108
35 7 1109
35 7 1201
35 7 1202
35 7 1214
35 7 1215
35 7 1247
35 7 1258
35 65 1051
35 65 1079
35 49 1124
35 61 1164
35 61 1167
35 56 1195
8 58 352
8 58 353
8 58 371
8 58 377
8 58 378
8 58 393
8 58 399
8 58 400
8 58 402
8 58 405
8 58 407
8 58 408
8 58 409
8 58 410
8 58 411
8 58 413
8 58 415
8 58 416
8 68 354
8 68 357
8 68 373
8 68 377
8 41 376
8 41 377
8 41 378
8 41 379
8 41 387
8 41 398
8 41 401
8 41 405
8 41 406
8 41 408
8 41 410
8 41 411
8 41 421
8 78 1353
8 78 1354
8 78 1355
8 78 1381
8 84 1374
8 84 1375
8 84 1380
8 84 1381
8 38 1375
58 72 353
58 72 369
58 72 372
58 72 377
58 72 396
58 72 409
58 72 443
58 72 445
58 82 440
58 31 1041
58 31 1056
58 19 1049
58 19 1050
58 19 1055
58 19 1056
58 19 1060
58 19 1062
58 19 1065
58 19 1066
58 19 1067
58 19 1294
58 59 1053
58 59 1054
58 59 1056
58 34 1058
58 34 1062
58 34 1065
58 34 1066
58 34 1068
58 34 1129
58 34 1162
58 34 1163
58 34 1164
58 34 1165
58 36 1066
58 26 1107
58 26 1147
58 26 1157
58 26 1158
58 26 1159
58 26 1162
58 26 1163
58 26 1319
58 65 1146
58 65 1179
58 65 1180
58 65 1187
58 65 1188
58 21 1303
58 21 1304
58 40 1318
72 41 396
72 41 439
72 41 443
72 45 1145
72 65 1318
72 65 1320
72 65 1378
72 65 1379
72 65 1390
72 65 1398
72 65 1401
72 65 1405
72 65 1409
72 65 1410
72 65 1411
72 65 1413
72 65 1415
72 65 1416
72 40 1389
41 71 421
41 71 423
41 71 427
41 71 431
41 71 442
41 71 443
41 71 455
41 71 456
41 71 457
41 71 461
41 71 462
41 37 438
68 48 545
68 48 551
68 48 559
68 48 562
68 48 568
68 48 569
68 48 571
68 48 587
68 48 597
68 48 612
68 48 663
68 48 666
68 77 545
68 77 546
68 77 552
68 77 553
68 77 554
68 77 561
68 77 562
68 77 567
68 77 569
68 77 571
68 77 572
68 77 574
68 77 578
68 77 586
68 77 587
68 77 592
68 77 596
68 77 597
68 77 604
68 77 605
68 77 612
68 77 613
68 77 614
37 55 429
37 55 430
37 55 431
37 55 432
37 55 433
37 55 434
37 55 435
37 55 437
37 55 438
37 55 439
37 55 442
37 55 444
37 55 445
37 55 446
37 55 447
37 55 452
37 55 453
37 55 454
37 55 455
37 55 458
37 55 459
37 55 460
37 55 461
37 55 462
37 55 463
37 55 464
37 55 465
37 55 466
37 55 467
37 55 468
37 55 471
37 55 472
37 55 474
37 55 476
37 55 477
37 55 478
37 55 481
37 55 484
37 55 486
37 55 487
37 55 488
37 55 489
37 55 490
37 55 491
37 55 492
37 55 493
37 55 494
37 55 495
37 55 500
37 55 501
37 55 503
37 55 506
37 55 507
37 55 510
37 55 511
37 55 512
37 55 514
37 55 515
37 55 516
37 66 432
37 66 439
37 66 455
37 66 458
37 66 476
37 66 488
37 66 491
37 66 495
37 66 502
37 66 504
37 66 511
37 66 513
37 66 515
37 6 435
9 51 1015
9 51 1036
9 51 1042
9 51 1044
9 51 1048
9 51 1049
9 51 1050
9 51 1051
9 51 1052
9 51 1053
9 51 1058
9 51 1059
9 51 1079
9 51 1108
9 51 1113
9 51 1114
9 51 1115
9 51 1116
9 51 1117
9 51 1119
9 51 1122
9 51 1124
9 51 1126
9 51 1127
9 51 1131
9 51 1139
9 51 1140
9 51 1141
9 51 1143
9 51 1145
9 51 1146
9 51 1152
9 51 1153
9 51 1154
9 51 1155
9 51 1156
9 51 1157
9 51 1158
9 51 1163
9 51 1166
9 51 1167
9 51 1168
9 51 1170
9 51 1171
9 51 1172
9 51 1173
9 51 1175
9 51 1176
9 51 1177
9 51 1178
9 51 1179
9 51 1180
9 51 1181
9 51 1186
9 51 1187
9 51 1188
9 51 1190
9 51 1205
9 51 1213
9 51 1214
9 51 1215
9 51 1216
9 51 1217
9 51 1218
9 51 1219
9 51 1220
9 51 1221
9 51 1225
9 51 1226
9 51 1227
9 51 1231
9 51 1232
9 51 1234
9 51 1235
9 51 1236
9 51 1237
9 51 1238
9 51 1239
9 51 1242
9 51 1243
9 51 1244
9 51 1245
9 51 1246
9 51 1250
9 51 1251
9 51 1252
9 51 1253
9 51 1254
9 51 1256
9 51 1257
9 51 1259
9 51 1261
9 51 1275
9 51 1279
9 51 1282
9 51 1284
9 51 1285
9 51 1286
9 51 1289
9 51 1290
9 51 1291
9 51 1292
9 51 1293
9 51 1295
9 51 1298
9 51 1299
9 51 1311
9 51 1312
9 51 1318
9 51 1319
9 42 1039
9 42 1060
9 42 1184
9 19 1049
9 19 1050
9 19 1057
9 19 1203
9 19 1204
9 19 1205
9 19 1206
9 19 1209
9 19 1210
9 19 1211
9 19 1277
9 19 1278
9 19 1279
9 19 1280
9 19 1294
9 79 1049
9 31 1053
9 31 1055
9 31 1058
9 34 1058
9 34 1120
9 34 1121
9 34 1122
9 34 1129
9 34 1162
9 34 1163
9 34 1164
9 34 1165
9 34 1166
9 34 1167
9 34 1168
9 34 1169
9 34 1170
9 34 1171
9 36 1060
9 13 1122
9 13 1129
9 13 1276
9 65 1146
9 65 1184
9 65 1187
9 65 1188
9 65 1192
9 65 1196
9 65 1198
9 65 1201
9 65 1207
9 65 1208
9 65 1209
9 26 1148
9 26 1155
9 26 1157
9 26 1158
9 26 1163
9 26 1319
9 59 1257
9 59 1258
9 59 1260
9 15 1262
9 14 1278
9 14 1279
9 21 1303
9 40 1318
71 53 1104
71 53 1106
71 53 1107
71 53 1108
71 53 1109
71 53 1110
71 53 1111
71 53 1112
71 53 1113
71 53 1114
71 53 1115
71 53 1116
71 53 1117
71 53 1118
71 53 1120
71 53 1121
71 53 1122
71 53 1123
71 53 1124
71 53 1125
71 53 1126
71 53 1127
71 53 1128
71 53 1129
71 53 1131
71 53 1133
71 53 1134
71 53 1135
71 53 1139
71 53 1141
71 53 1145
71 53 1161
71 53 1162
71 53 1164
71 53 1165
71 53 1167
71 53 1168
71 53 1172
71 53 1180
71 53 1181
71 53 1182
71 53 1183
71 53 1188
71 53 1189
71 53 1191
71 53 1192
71 53 1193
71 53 1200
71 36 1136
71 51 1145
71 13 1160
23 6 421
23 6 424
23 6 426
23 6 427
23 6 434
23 6 436
23 6 444
23 6 447
23 6 453
23 6 475
23 6 483
23 6 496
23 6 519
23 6 523
23 4 422
23 4 428
23 4 437
23 4 441
23 4 442
23 4 443
23 4 445
23 4 446
23 4 448
23 4 449
23 4 452
23 4 469
23 4 470
23 4 472
23 4 473
23 4 474
23 4 476
23 4 497
23 4 498
23 4 499
23 4 500
23 4 514
23 4 520
23 4 521
23 4 522
23 61 495
23 54 522
6 61 450
6 61 451
6 54 523
6 65 1054
6 65 1055
6 65 1056
6 65 1073
6 59 1123
4 30 636
4 30 637
4 30 638
4 30 639
4 30 647
4 30 658
4 30 662
4 30 679
4 30 683
4 34 636
4 34 637
4 34 638
4 34 640
4 34 644
4 34 648
4 34 659
4 34 661
4 34 662
4 34 678
4 34 679
4 34 680
4 34 682
4 34 683
82 1 426
82 1 427
82 1 428
82 1 429
82 1 430
82 1 431
82 1 432
82 1 433
82 1 434
82 1 435
82 1 437
82 1 438
82 1 439
82 1 440
82 1 441
82 1 442
82 1 443
82 1 444
82 1 445
82 1 446
82 1 447
82 1 449
82 1 450
82 1 452
82 1 454
82 1 455
82 1 456
82 1 458
82 1 468
82 1 473
82 1 474
82 1 475
82 1 476
82 1 481
82 1 484
82 1 492
82 1 493
82 1 494
82 1 495
82 1 498
82 1 501
82 1 502
82 1 503
82 1 504
82 1 505
82 52 427
82 52 428
82 52 431
82 52 432
82 52 433
82 52 434
82 52 435
82 52 436
82 52 437
82 52 438
82 52 439
82 52 440
82 52 441
82 52 442
82 52 443
82 52 449
82 52 455
82 52 456
82 52 466
82 52 473
82 52 481
82 52 482
82 52 484
82 52 485
82 52 492
82 52 494
82 52 495
82 52 497
82 52 498
82 52 499
82 52 500
82 52 505
82 16 430
82 16 437
82 16 439
82 16 440
82 16 443
82 16 445
82 16 483
82 16 484
82 16 485
82 16 494
82 14 1288
82 14 1290
82 14 1291
82 14 1296
82 14 1297
1 15 426
1 15 427
1 15 429
1 15 430
1 15 437
1 15 440
1 15 441
1 15 443
1 15 445
1 15 453
1 15 480
1 15 484
1 15 497
1 15 498
1 15 499
1 15 500
1 15 505
1 70 475
1 70 493
1 51 1024
1 51 1033
1 51 1036
1 51 1044
1 51 1048
1 51 1052
1 51 1079
1 51 1101
1 51 1102
1 51 1103
1 51 1318
1 31 1041
1 79 1048
1 79 1054
1 79 1276
1 42 1061
1 40 1318
15 52 426
15 52 432
15 52 437
15 52 441
15 52 443
15 52 445
15 52 452
15 52 453
15 52 454
15 52 455
15 52 478
15 52 479
15 52 480
15 52 484
15 52 488
15 52 497
15 52 498
15 52 499
15 52 500
15 52 501
15 52 505
15 80 429
15 80 432
15 80 434
15 80 435
15 80 438
15 80 441
15 80 457
15 80 486
15 80 496
15 80 497
15 80 498
15 80 499
15 80 505
15 32 1164
15 32 1166
15 32 1167
15 32 1178
15 32 1180
15 32 1182
15 32 1183
15 32 1184
15 32 1186
15 32 1198
15 32 1199
15 32 1200
15 32 1201
15 32 1202
15 32 1203
15 32 1209
15 32 1218
15 32 1219
15 32 1220
15 32 1238
15 32 1239
15 32 1252
15 66 1253
15 84 1278
15 84 1283
15 84 1285
15 84 1293
15 84 1294
15 84 1295
15 84 1298
15 84 1302
15 84 1322
15 84 1323
15 84 1324
15 84 1326
15 84 1333
15 84 1334
15 84 1335
15 84 1336
15 84 1342
15 84 1357
15 84 1365
15 84 1366
15 84 1369
15 84 1370
15 84 1382
15 84 1383
15 7 1374
15 7 1375
52 0 427
52 0 428
52 0 430
52 0 431
52 0 432
52 0 433
52 0 434
52 0 435
52 0 436
52 0 437
52 0 438
52 0 439
52 0 440
52 0 441
52 0 442
52 0 443
52 0 447
52 0 448
52 0 452
52 0 453
52 0 454
52 0 480
52 0 481
52 0 482
52 0 483
52 0 484
52 0 488
52 0 493
52 0 495
52 0 498
52 0 501
52 0 503
52 0 504
52 0 505
52 70 433
52 61 492
52 25 878
52 25 879
0 55 492
0 33 1223
0 33 1233
0 33 1235
0 33 1236
0 33 1238
0 33 1243
0 33 1244
0 33 1245
0 33 1247
0 33 1248
0 33 1252
0 33 1253
0 33 1254
0 33 1255
0 33 1256
0 33 1260
0 33 1262
0 33 1264
0 33 1269
0 33 1271
0 66 1277
0 74 1289
0 74 1306
0 13 1301
80 24 657
80 24 664
80 24 686
80 24 691
80 24 692
80 24 695
80 24 697
80 24 698
80 24 701
80 24 702
80 24 704
80 24 709
80 24 715
80 24 717
80 24 755
80 24 768
80 24 770
80 24 771
80 24 772
80 24 773
80 24 775
80 24 779
55 70 430
55 70 431
55 70 432
55 70 435
55 70 440
55 70 441
55 70 445
55 70 446
55 70 451
55 70 468
55 70 476
55 70 478
55 70 490
55 70 491
55 70 492
55 70 493
55 70 495
55 70 496
55 70 498
55 70 499
55 70 501
55 70 502
55 70 503
55 70 511
55 70 514
55 70 515
55 70 516
55 77 549
55 77 553
55 77 562
55 77 567
55 77 568
55 77 596
55 77 600
55 77 608
55 64 570
55 64 588
55 64 589
55 64 590
55 64 591
55 64 593
55 64 603
55 64 622
55 64 623
55 64 624
55 64 625
55 64 626
55 64 628
55 64 633
55 64 653
55 64 662
55 64 665
55 12 611
16 26 1119
16 81 1126
16 81 1128
16 81 1129
16 81 1130
70 33 430
70 33 440
70 33 468
70 33 477
70 33 486
70 33 489
70 33 492
70 33 493
70 33 496
70 33 500
70 33 503
70 33 507
70 33 510
70 33 512
70 33 516
70 13 1273
61 31 1029
61 31 1038
61 31 1039
61 31 1040
61 31 1041
61 31 1042
61 31 1043
61 31 1044
61 31 1045
61 31 1046
61 31 1047
61 31 1048
61 31 1049
61 31 1054
61 31 1059
61 31 1086
61 31 1107
61 31 1108
61 31 1109
61 31 1116
61 31 1210
61 31 1211
61 31 1212
61 31 1213
61 31 1214
61 31 1215
61 31 1226
61 31 1227
61 31 1228
61 31 1229
61 31 1232
61 31 1233
61 31 1289
61 31 1290
61 31 1291
61 31 1292
61 31 1293
61 31 1294
61 31 1295
61 31 1297
61 31 1298
61 31 1299
61 38 1065
61 38 1085
61 38 1087
61 64 1090
61 43 1229
61 12 1253
66 49 1028
66 49 1030
66 49 1031
66 49 1037
66 49 1038
66 49 1039
66 49 1040
66 49 1042
66 49 1043
66 49 1044
66 49 1045
66 49 1046
66 49 1047
66 49 1049
66 49 1054
66 49 1056
66 49 1057
66 49 1079
66 49 1080
66 49 1081
66 49 1082
66 49 1083
66 49 1084
66 49 1085
66 49 1086
66 49 1088
66 49 1089
66 49 1090
66 49 1091
66 49 1093
66 49 1094
66 49 1110
66 49 1112
66 49 1113
66 49 1114
66 49 1124
66 49 1167
66 49 1168
66 49 1169
66 49 1185
66 49 1189
66 49 1190
66 49 1191
66 49 1214
66 49 1215
66 49 1216
66 49 1217
66 49 1218
66 49 1226
66 49 1228
66 49 1230
66 49 1231
66 49 1232
66 49 1233
66 49 1234
66 49 1275
66 49 1276
66 49 1277
66 49 1278
66 49 1279
66 49 1280
66 49 1282
66 49 1283
66 49 1284
66 49 1290
66 49 1293
66 49 1299
66 49 1300
66 7 1061
66 7 1199
66 7 1200
66 34 1066
66 34 1080
66 34 1108
66 59 1110
66 59 1226
66 59 1228
66 13 1112
66 13 1189
66 13 1190
66 13 1196
66 31 1121
66 31 1122
66 31 1124
66 31 1127
66 31 1137
66 31 1140
66 31 1141
66 31 1142
66 31 1143
66 31 1145
66 31 1146
66 31 1148
66 31 1152
66 31 1153
66 31 1154
66 31 1155
66 31 1156
66 31 1158
66 31 1159
66 31 1160
66 31 1163
66 31 1166
66 65 1188
66 65 1189
66 65 1190
66 56 1199
66 40 1227
66 19 1275
66 79 1275
66 14 1277
66 32 1278
66 32 1279
66 32 1280
66 32 1286
66 32 1287
66 21 1278
66 21 1279
66 21 1280
66 21 1286
66 54 1282
66 54 1283
66 54 1285
66 54 1286
66 54 1287
66 54 1289
54 13 1247
54 13 1257
54 36 1253
54 36 1267
54 36 1275
54 36 1289
54 36 1290
54 36 1295
54 36 1296
54 36 1302
54 36 1304
54 36 1326
54 36 1327
54 36 1329
54 36 1330
54 36 1334
54 36 1335
54 36 1336
54 36 1337
54 36 1339
54 36 1340
54 36 1348
54 36 1349
54 36 1354
54 36 1355
54 36 1356
54 36 1357
54 36 1358
54 36 1359
54 36 1360
54 36 1361
54 36 1362
54 36 1363
54 36 1364
54 36 1365
54 36 1366
54 36 1367
54 36 1371
54 36 1372
54 36 1373
54 36 1375
54 36 1376
54 36 1377
54 36 1379
54 36 1380
54 36 1384
54 36 1385
54 36 1386
54 36 1387
54 36 1388
54 36 1389
54 36 1390
54 36 1391
54 36 1392
54 36 1393
54 36 1394
54 36 1395
54 36 1398
54 36 1399
54 36 1400
54 36 1401
54 36 1402
54 36 1403
54 36 1404
54 36 1406
54 36 1407
54 36 1408
54 36 1418
54 36 1419
54 36 1424
54 36 1444
54 36 1445
54 12 1280
77 43 540
77 43 611
77 43 642
77 43 647
77 78 643
43 26 1004
43 26 1005
43 26 1009
43 26 1016
43 26 1030
43 26 1049
43 26 1051
43 26 1053
43 26 1058
43 26 1059
43 26 1060
43 26 1061
43 26 1062
43 26 1064
43 26 1065
43 26 1066
43 26 1067
43 26 1080
43 26 1111
43 26 1112
43 26 1113
43 26 1114
43 26 1115
43 26 1116
43 26 1117
43 26 1118
43 26 1119
43 26 1120
43 26 1121
43 26 1124
43 26 1125
43 26 1128
43 26 1130
43 26 1137
43 26 1152
43 26 1156
43 26 1157
43 26 1169
43 26 1170
43 26 1173
43 26 1174
43 26 1179
43 26 1182
43 26 1183
43 26 1184
43 26 1185
43 26 1187
43 26 1188
43 26 1189
43 26 1190
43 26 1191
43 26 1192
43 26 1203
43 26 1204
43 26 1208
43 26 1211
43 26 1217
43 26 1218
43 26 1219
43 26 1220
43 26 1222
43 26 1223
43 26 1224
43 26 1225
43 26 1227
43 26 1228
43 26 1233
43 26 1234
43 26 1235
43 26 1238
43 26 1240
43 26 1241
43 26 1242
43 26 1243
43 26 1244
43 26 1245
43 26 1246
43 26 1247
43 26 1248
43 26 1249
43 26 1250
43 26 1251
43 26 1252
43 26 1253
43 26 1254
43 26 1256
43 26 1267
43 26 1270
43 26 1271
43 26 1274
43 26 1294
43 26 1296
43 26 1298
43 26 1299
43 26 1301
43 26 1304
43 26 1307
43 26 1310
43 26 1312
43 26 1314
43 26 1316
43 26 1317
43 26 1319
43 59 1012
43 59 1015
43 59 1016
43 59 1080
43 59 1181
43 59 1189
43 59 1218
43 59 1219
43 59 1220
43 59 1222
43 59 1223
43 59 1224
43 59 1225
43 59 1226
43 59 1227
43 59 1228
43 59 1229
43 59 1230
43 59 1231
43 59 1232
43 59 1233
43 59 1234
43 59 1240
43 59 1241
43 51 1053
43 51 1166
43 51 1190
43 51 1319
43 7 1125
43 34 1152
43 34 1165
43 65 1217
43 42 1243
43 42 1244
43 42 1245
43 42 1247
43 42 1248
43 42 1249
43 42 1250
43 42 1251
43 42 1256
43 42 1257
43 42 1258
43 42 1259
43 42 1260
43 19 1270
48 73 542
48 73 543
48 73 544
48 73 561
48 73 563
48 73 564
48 73 565
48 73 591
48 73 604
48 73 605
48 73 646
48 79 552
48 79 554
48 79 555
48 79 557
48 79 558
48 79 559
48 79 591
48 79 595
48 79 602
48 79 606
48 79 607
48 78 643
73 34 1284
79 64 555
79 64 557
79 64 570
79 64 583
79 64 588
79 64 589
79 64 593
79 64 595
79 64 601
79 64 602
79 64 603
79 64 606
79 19 1044
79 19 1045
79 19 1047
79 19 1104
79 19 1134
79 19 1135
79 19 1138
79 19 1139
79 19 1140
79 19 1159
79 19 1164
79 19 1170
79 19 1186
79 19 1225
79 19 1226
79 19 1231
79 19 1235
79 19 1238
79 19 1239
79 19 1242
79 19 1245
79 19 1261
79 19 1262
79 45 1188
64 40 1013
64 40 1014
64 26 1014
64 26 1025
64 26 1067
64 26 1081
64 26 1174
64 26 1179
64 26 1180
64 26 1182
64 26 1188
64 26 1190
64 26 1197
64 26 1198
64 26 1201
64 26 1202
64 26 1212
64 26 1213
64 26 1214
64 26 1218
64 26 1221
64 26 1225
64 26 1228
64 26 1229
64 26 1232
64 26 1233
64 26 1234
64 26 1238
64 26 1240
64 26 1241
64 42 1025
64 42 1031
64 42 1032
64 42 1041
64 36 1033
64 36 1035
64 36 1041
64 36 1054
64 36 1055
64 7 1054
64 51 1055
64 13 1073
64 13 1084
64 49 1086
64 49 1088
64 49 1090
64 14 1348
64 14 1350
64 14 1351
64 14 1353
38 51 1064
38 59 1065
38 59 1067
38 59 1087
38 59 1108
38 59 1109
38 7 1087
38 60 1194
38 60 1262
38 60 1263
38 60 1264
38 60 1265
38 74 1374
38 74 1375
51 12 606
51 12 607
51 12 608
51 12 609
51 12 610
51 12 611
51 12 612
51 12 613
51 12 614
51 12 615
51 12 616
51 12 617
51 12 618
51 12 619
51 12 620
51 12 622
51 12 623
51 12 625
51 12 626
51 12 631
51 12 632
51 12 633
51 12 635
51 12 636
51 12 637
51 12 638
51 12 642
51 12 644
51 12 645
51 12 646
51 12 647
51 12 649
51 12 650
51 12 652
51 12 653
51 12 654
51 12 656
51 12 659
51 12 660
51 12 1129
51 12 1258
51 19 1048
51 19 1064
51 19 1076
51 69 1052
51 45 1060
51 26 1318
12 59 1101
12 59 1107
12 59 1256
12 59 1265
12 59 1266
12 59 1268
12 59 1273
12 19 1108
12 34 1115
12 34 1116
12 34 1129
12 34 1130
12 65 1134
12 65 1218
12 7 1148
12 7 1181
12 49 1234
12 49 1273
12 49 1274
12 26 1274
12 14 1277
42 78 639
42 5 776
42 53 1030
42 53 1213
42 40 1037
42 69 1113
57 21 1248
57 60 1293
57 60 1297
57 60 1300
57 60 1358
57 60 1363
57 36 1337
57 36 1363
57 36 1367
57 36 1391
24 78 631
24 78 640
24 78 641
24 78 642
24 78 643
24 78 650
24 78 651
24 78 652
24 78 654
24 78 655
24 78 665
24 78 666
24 78 667
24 78 668
24 78 678
24 78 679
24 78 680
24 78 681
24 78 682
24 78 683
24 78 684
24 78 687
24 78 689
24 78 690
24 78 693
24 78 699
24 78 703
24 78 705
24 78 707
24 78 743
24 78 746
24 78 747
24 78 748
24 78 749
24 78 750
24 78 751
24 78 752
24 78 753
24 78 754
24 78 756
24 78 757
24 78 758
24 78 759
24 78 760
24 78 761
24 78 762
24 78 763
24 78 764
24 78 765
24 78 766
24 78 767
24 78 769
24 78 774
24 78 776
24 78 777
24 78 778
30 30 635
30 30 636
30 30 637
30 30 638
30 30 640
30 30 644
30 30 652
30 30 653
30 30 658
30 30 663
30 30 683
30 30 684
34 45 1062
34 45 1108
34 45 1180
34 45 1181
34 45 1182
34 45 1183
34 45 1184
34 45 1187
34 45 1188
34 45 1189
34 45 1190
34 45 1191
34 45 1194
34 45 1197
34 45 1198
34 45 1199
34 45 1200
34 45 1201
34 45 1202
34 45 1203
34 45 1204
34 45 1206
34 45 1207
34 45 1211
34 45 1212
34 45 1213
34 45 1214
34 45 1215
34 45 1262
34 45 1264
34 45 1265
34 45 1266
34 56 1107
34 26 1107
34 26 1149
34 26 1164
34 26 1165
34 53 1109
34 31 1115
34 69 1170
34 69 1173
34 84 1375
5 25 829
5 25 831
5 25 834
5 25 839
5 25 848
5 25 854
5 25 870
5 25 880
5 25 882
5 25 883
5 25 885
5 25 893
5 25 895
5 45 829
5 45 838
5 45 842
5 45 843
5 45 869
5 45 874
5 45 875
5 45 876
5 45 885
5 45 886
5 45 890
5 45 892
25 45 894
25 45 895
45 65 1058
45 65 1114
45 65 1184
45 65 1187
45 49 1059
45 19 1060
45 19 1188
45 59 1109
45 26 1113
45 26 1117
45 26 1118
45 26 1245
45 26 1246
45 26 1247
45 26 1248
45 26 1249
45 26 1250
45 26 1251
45 26 1252
45 26 1253
45 26 1254
45 26 1259
45 26 1260
45 36 1147
45 36 1148
45 36 1149
45 36 1150
45 36 1151
45 36 1153
45 36 1154
45 36 1155
45 56 1154
45 56 1155
45 56 1156
45 56 1175
45 20 1155
45 20 1156
45 60 1189
45 60 1194
45 60 1195
45 60 1263
53 7 975
53 40 1005
53 40 1012
53 40 1018
53 59 1008
53 59 1017
53 59 1019
53 59 1020
53 59 1049
53 36 1183
53 36 1184
53 36 1185
53 56 1190
53 60 1197
53 13 1226
7 69 1035
7 69 1050
7 69 1051
7 69 1052
7 69 1053
7 69 1057
7 69 1086
7 56 1079
7 49 1114
7 14 1348
7 14 1352
7 59 1349
7 59 1350
7 59 1351
7 59 1352
7 74 1352
7 74 1356
7 74 1368
7 74 1374
7 74 1375
7 74 1382
7 74 1383
7 74 1389
7 74 1390
7 74 1391
7 74 1392
7 74 1395
7 74 1414
7 74 1416
7 74 1417
7 74 1418
7 74 1419
7 60 1417
7 60 1418
26 40 998
26 40 1002
26 40 1006
26 40 1008
26 40 1011
26 40 1012
26 40 1013
26 40 1015
26 40 1017
26 40 1019
26 40 1020
26 40 1021
26 40 1024
26 40 1026
26 40 1028
26 40 1029
26 40 1031
26 40 1032
26 40 1033
26 40 1035
26 40 1036
26 40 1037
26 40 1038
26 40 1039
26 40 1040
26 40 1041
26 40 1042
26 40 1044
26 40 1045
26 40 1046
26 40 1047
26 40 1048
26 40 1052
26 40 1054
26 40 1055
26 40 1063
26 40 1076
26 40 1077
26 40 1101
26 40 1255
26 40 1264
26 40 1318
26 59 1013
26 59 1020
26 59 1026
26 59 1222
26 59 1231
26 59 1239
26 65 1088
26 65 1099
26 56 1091
26 56 1274
26 49 1094
26 49 1142
26 49 1143
26 19 1143
40 59 1036
40 59 1037
40 59 1038
40 59 1039
40 59 1040
40 59 1049
40 59 1053
40 59 1056
40 59 1289
40 59 1291
40 59 1292
40 65 1073
40 20 1154
40 20 1156
40 20 1157
40 20 1158
40 20 1160
40 20 1161
40 20 1163
40 20 1164
40 20 1165
40 20 1166
40 20 1167
40 20 1168
40 20 1169
40 20 1170
40 20 1171
40 20 1173
40 20 1176
40 20 1177
40 20 1178
40 56 1155
40 56 1158
40 56 1159
40 56 1160
40 56 1161
40 56 1162
40 56 1163
40 56 1164
40 56 1165
40 56 1166
40 56 1167
40 56 1168
40 56 1169
40 56 1170
40 56 1171
40 56 1172
40 56 1173
40 56 1176
40 56 1177
40 56 1181
40 56 1182
40 21 1278
40 21 1279
40 21 1280
40 21 1281
40 21 1282
40 21 1283
40 21 1284
40 21 1285
40 21 1289
40 21 1303
40 21 1304
40 21 1305
40 21 1306
40 21 1354
40 21 1355
40 21 1356
40 21 1357
40 21 1358
40 21 1359
40 21 1360
40 60 1392
40 60 1398
40 74 1405
40 74 1406
40 74 1407
40 74 1409
59 19 1057
59 19 1064
59 19 1065
59 19 1082
59 19 1108
59 19 1138
59 19 1144
59 56 1081
59 56 1087
59 56 1089
59 56 1130
59 56 1159
59 56 1171
59 56 1172
59 56 1173
59 56 1174
59 56 1175
59 56 1176
59 56 1177
59 56 1256
59 31 1116
59 49 1137
59 69 1145
59 69 1218
59 21 1288
59 21 1292
59 21 1293
59 22 1288
59 13 1349
59 13 1352
59 13 1354
31 49 1028
31 49 1033
31 49 1035
31 49 1036
31 49 1038
31 49 1039
31 49 1040
31 49 1043
31 49 1044
31 49 1045
31 49 1049
31 49 1050
31 49 1051
31 49 1052
31 49 1053
31 49 1055
31 49 1057
31 49 1058
31 49 1079
31 49 1080
31 49 1087
31 49 1088
31 49 1089
31 49 1090
31 49 1091
31 49 1093
31 49 1115
31 49 1124
31 49 1130
31 49 1131
31 49 1132
31 49 1138
31 49 1141
31 49 1142
31 49 1145
31 49 1146
31 49 1147
31 49 1148
31 49 1149
31 49 1150
31 49 1161
31 49 1168
31 49 1191
31 49 1192
31 49 1193
31 49 1194
31 49 1199
31 49 1200
31 49 1201
31 49 1202
31 49 1203
31 49 1205
31 49 1206
31 49 1207
31 49 1224
31 49 1231
31 49 1234
31 49 1255
31 49 1289
31 49 1300
31 69 1049
31 69 1050
31 13 1234
31 13 1235
31 13 1236
36 69 1092
36 19 1126
36 19 1128
36 19 1130
36 14 1248
36 21 1278
36 21 1280
36 21 1281
36 21 1282
69 19 1144
69 19 1219
69 19 1228
69 19 1232
69 19 1235
69 19 1244
69 19 1248
69 19 1251
69 19 1257
69 19 1258
69 19 1260
69 19 1262
69 19 1263
69 84 1385
19 81 1049
19 81 1080
19 81 1184
19 81 1201
19 81 1209
19 81 1212
19 81 1213
19 81 1214
19 81 1215
19 81 1216
19 81 1217
19 81 1219
19 81 1223
19 81 1224
19 81 1230
19 81 1233
19 81 1234
19 81 1240
19 81 1241
19 81 1277
19 81 1316
19 65 1145
19 65 1221
19 65 1222
19 65 1223
19 65 1224
19 65 1225
19 65 1227
19 65 1230
19 65 1236
19 65 1240
19 65 1245
19 65 1247
19 65 1252
19 65 1261
19 60 1178
19 56 1200
19 56 1275
19 56 1276
65 56 1058
65 56 1059
65 74 1417
65 74 1418
56 20 1153
56 20 1154
56 20 1155
56 20 1156
56 20 1157
56 20 1158
56 20 1159
56 20 1160
56 20 1161
56 20 1162
56 20 1163
56 20 1164
56 20 1165
56 20 1166
56 20 1167
56 20 1168
56 20 1169
56 20 1170
56 20 1171
56 20 1172
56 20 1173
56 20 1174
56 20 1175
56 20 1176
56 20 1177
56 20 1184
56 20 1185
56 21 1279
56 21 1280
56 21 1281
56 21 1282
56 21 1283
13 22 1245
13 22 1249
13 22 1259
13 21 1246
13 32 1256
60 21 1248
60 21 1251
60 21 1283
60 32 1251
60 32 1252
60 32 1254
60 32 1255
60 32 1256
60 32 1260
60 32 1261
60 32 1262
60 32 1263
60 32 1265
60 32 1266
60 32 1272
60 32 1278
60 32 1287
60 32 1297
60 32 1300
60 32 1301
60 32 1319
20 32 1164
20 32 1170
21 22 1242
21 22 1246
21 22 1247
21 22 1249
21 22 1250
21 22 1254
21 22 1255
21 22 1256
21 22 1263
21 22 1264
21 22 1265
21 22 1266
21 22 1267
21 22 1274
21 22 1276
21 22 1277
21 22 1282
21 22 1283
21 22 1288
21 22 1304
21 22 1305
21 22 1307
21 22 1317
21 22 1334
21 22 1335
21 22 1337
21 22 1338
21 22 1339
21 22 1365
21 22 1367
21 22 1368
21 22 1370
21 22 1372
22 84 1337
22 84 1338
14 74 1308
84 74 1375
84 74 1376
84 74 1380
84 74 1381
