113 55 0
113 55 1
113 55 4
113 55 19
113 55 22
113 6 944
113 6 948
113 147 945
113 147 948
113 147 951
113 147 975
113 147 993
113 147 1027
113 147 1029
113 147 1033
113 89 949
113 67 952
113 83 976
55 107 632
55 107 646
55 107 647
55 107 648
55 9 640
55 1 640
55 24 644
55 24 645
55 115 646
55 35 663
2 14 22
2 14 24
2 14 29
2 14 30
2 14 32
2 14 33
2 14 36
2 14 37
2 14 39
2 14 40
2 14 41
2 14 42
2 14 43
2 14 44
2 14 47
2 14 56
2 14 58
2 14 59
2 14 60
2 14 61
2 14 62
2 14 63
2 14 64
2 14 65
2 14 67
2 14 68
2 14 69
2 14 74
2 14 76
2 14 77
2 14 82
2 14 84
2 14 85
2 14 86
2 14 87
2 14 88
2 14 91
2 14 93
2 14 94
2 14 95
2 14 103
2 14 108
2 14 111
2 14 124
2 14 130
2 14 131
2 14 136
2 14 138
2 48 23
2 48 25
2 48 26
2 48 28
2 48 36
2 48 37
2 48 40
2 48 41
2 48 42
2 48 43
2 48 44
2 48 52
2 48 53
2 48 55
2 48 57
2 48 58
2 48 62
2 48 66
2 48 67
2 48 68
2 48 70
2 48 74
2 48 83
2 48 85
2 48 86
2 48 87
2 48 88
2 48 91
2 48 101
2 48 103
2 48 105
2 48 106
2 48 108
2 48 109
2 19 72
2 19 74
2 19 80
2 122 89
2 35 853
2 35 855
2 35 858
2 35 859
2 35 860
2 35 862
2 35 863
2 35 864
2 35 865
2 35 866
2 35 867
2 35 868
2 35 869
2 35 872
2 35 878
2 118 858
2 118 859
14 41 40
14 41 47
14 41 55
14 41 62
14 56 48
14 130 59
14 49 120
14 49 124
14 49 131
14 49 135
14 49 136
14 49 138
14 57 566
48 12 23
48 12 24
48 12 27
48 12 29
48 12 36
48 12 37
48 12 39
48 12 41
48 12 42
48 12 43
48 12 44
48 12 49
48 12 58
48 12 62
48 12 63
48 12 65
48 12 66
48 12 67
48 12 68
48 12 73
48 12 74
48 12 83
48 12 84
48 12 86
48 12 87
48 12 88
48 12 89
48 12 90
48 12 91
48 12 106
48 12 115
48 12 118
48 12 119
48 12 121
48 119 64
48 119 85
48 100 66
48 100 284
48 24 78
48 41 95
48 92 169
48 92 178
48 92 179
48 92 180
48 92 181
48 92 182
48 92 184
48 92 191
48 92 197
48 92 200
48 92 220
48 92 222
48 92 223
48 92 227
48 92 244
48 92 254
48 92 256
48 92 259
48 92 260
48 92 262
48 92 266
48 92 273
48 92 275
48 92 277
48 92 280
48 92 284
48 92 285
48 71 173
48 63 177
48 86 177
48 86 243
48 86 244
48 86 254
48 0 179
48 4 185
48 8 187
48 74 242
48 74 244
48 74 245
48 148 252
48 148 285
48 148 286
48 20 253
48 103 284
12 122 56
12 122 88
12 19 84
12 50 439
12 50 441
12 50 518
12 42 440
12 42 441
12 42 442
12 42 443
12 42 453
12 42 454
12 42 455
12 42 456
12 42 457
12 42 458
12 42 459
12 42 462
12 42 465
12 42 466
12 42 467
12 42 468
12 42 469
12 42 470
12 42 471
12 42 472
12 42 475
12 42 476
12 42 477
12 42 478
12 42 479
12 42 480
12 42 481
12 42 483
12 42 484
12 42 485
12 42 493
12 42 494
12 42 495
12 42 497
12 42 502
12 42 503
12 42 504
12 42 505
12 42 506
12 42 507
12 42 515
12 42 516
12 42 518
12 42 519
12 42 520
12 42 523
12 42 524
12 42 531
12 42 550
12 42 552
12 42 577
12 42 578
12 42 579
12 42 580
12 42 581
12 42 582
12 42 583
12 42 584
12 42 585
12 42 586
12 42 602
12 42 609
12 42 611
12 42 613
12 137 442
12 151 463
12 95 487
12 95 500
12 95 502
12 95 521
12 70 507
12 70 515
12 116 510
12 116 511
12 116 514
12 124 522
12 33 522
12 134 522
12 131 524
12 82 524
12 108 569
12 108 574
56 114 27
56 114 36
56 114 37
56 114 38
56 114 39
56 114 40
56 114 41
56 114 42
56 114 44
56 114 46
56 114 49
56 114 57
56 114 66
56 114 67
56 114 68
56 114 75
56 133 366
56 133 370
56 133 374
56 133 381
56 133 389
56 133 393
56 133 460
56 133 469
56 133 470
56 128 391
56 28 396
56 121 409
56 37 411
56 88 415
56 140 436
56 85 460
114 1 633
130 43 38
130 43 39
130 43 42
130 43 43
130 43 44
130 43 46
130 43 47
130 43 48
130 43 49
130 43 50
130 43 51
130 43 52
130 43 53
130 43 54
130 43 62
130 43 63
130 43 64
130 43 65
130 43 66
130 43 67
130 43 71
130 43 72
130 43 73
130 43 81
130 43 82
130 43 83
130 43 85
130 43 86
130 43 87
130 43 88
130 43 89
130 43 93
130 43 98
130 43 99
130 25 281
130 25 286
130 25 321
130 25 333
130 25 335
130 25 386
130 25 391
130 25 399
130 25 454
130 25 474
130 25 485
130 120 284
130 28 319
130 65 383
130 65 399
130 101 438
130 101 446
130 32 558
130 32 559
130 123 570
43 13 691
43 13 692
43 13 693
43 13 698
43 13 699
43 13 704
43 13 707
43 13 708
43 13 709
43 13 710
43 13 711
43 13 718
43 13 719
43 13 720
43 13 721
43 13 722
43 13 723
43 13 724
43 13 725
43 13 726
43 13 727
43 13 728
43 13 729
43 13 730
43 13 737
43 13 738
43 13 740
43 13 748
43 13 749
43 13 750
43 13 751
43 13 752
43 13 753
43 13 754
43 13 764
43 13 767
43 13 768
43 13 769
43 13 771
43 13 772
43 13 776
43 13 778
43 101 761
43 150 776
41 122 62
41 122 536
41 81 165
41 81 166
41 81 169
41 81 190
41 81 226
41 81 232
41 81 233
41 81 251
41 81 264
41 81 265
41 81 268
41 81 271
41 81 272
41 81 274
41 81 329
41 81 401
41 81 405
41 81 410
41 81 413
41 81 417
41 81 418
41 81 419
41 81 422
41 81 423
41 81 424
41 81 425
41 81 426
41 81 427
41 81 432
41 81 434
41 81 436
41 81 439
41 81 441
41 81 447
41 81 448
41 81 450
41 81 452
41 81 453
41 81 454
41 81 455
41 81 456
41 81 457
41 81 458
41 125 174
41 68 227
41 68 232
41 68 302
41 68 404
41 68 405
41 68 406
41 68 410
41 68 414
41 68 418
41 68 424
41 68 425
41 68 432
41 68 433
41 68 437
41 68 438
41 68 442
41 68 449
41 68 450
41 68 451
41 68 455
41 68 456
41 68 462
41 68 463
41 120 241
41 107 335
41 107 336
41 107 337
41 28 336
41 13 362
41 65 392
41 116 477
41 121 499
41 131 512
41 128 530
100 66 47
100 66 50
100 66 77
100 66 78
100 66 79
100 66 81
100 66 82
100 66 83
100 66 87
100 66 88
100 66 89
100 66 90
100 66 91
100 66 92
100 66 93
100 66 95
100 66 96
100 66 97
100 66 98
100 66 99
100 66 100
100 66 103
100 66 104
100 66 111
100 66 117
100 66 118
100 66 119
100 66 120
100 66 141
100 19 48
100 19 49
100 19 52
100 19 55
100 19 56
100 19 59
100 19 60
100 19 62
100 19 63
100 19 65
100 19 66
100 19 151
100 19 152
100 19 154
100 19 157
100 19 158
100 19 162
100 19 164
100 19 167
100 122 52
100 122 59
100 122 60
100 122 110
100 122 146
100 27 56
100 27 111
100 141 161
100 141 162
100 125 163
100 131 280
100 131 281
100 131 283
100 131 286
100 131 288
100 131 289
100 131 291
100 131 293
100 131 294
100 131 295
100 131 298
100 131 299
100 131 300
100 131 302
100 131 303
100 131 304
100 131 305
100 131 306
100 131 307
100 131 308
100 131 309
100 131 310
100 131 311
100 131 312
100 131 313
100 131 314
100 131 315
100 131 316
100 131 318
100 131 321
100 131 331
100 131 333
100 131 336
100 131 338
100 131 339
100 131 341
100 131 342
100 131 348
100 131 357
100 131 360
100 131 361
100 131 364
100 131 365
100 131 368
100 131 369
100 131 370
100 131 371
100 131 373
100 131 374
100 131 377
100 131 381
100 131 383
100 131 384
100 131 385
100 131 398
100 131 400
100 131 401
100 131 408
100 131 409
100 131 415
100 131 416
100 131 418
100 131 419
100 131 420
100 131 429
100 131 436
100 131 437
100 131 445
100 131 451
100 131 452
100 131 454
100 131 455
100 131 459
100 131 460
100 131 464
100 131 470
100 131 473
100 131 474
100 131 475
100 131 477
100 131 478
100 25 281
100 25 284
100 25 316
100 25 321
100 25 326
100 25 327
100 25 331
100 25 336
100 25 385
100 25 398
100 25 480
100 107 319
100 68 333
66 119 53
66 119 136
66 119 137
66 119 160
66 24 160
66 135 161
66 140 596
66 140 599
66 140 600
66 140 604
66 140 605
66 140 606
66 140 613
66 140 623
66 140 627
66 140 632
66 140 638
66 140 643
66 140 644
66 140 646
66 140 647
66 140 650
66 140 652
66 140 653
66 140 654
66 140 657
66 140 658
66 140 662
66 140 666
66 140 667
66 140 668
66 140 669
66 140 673
66 140 675
66 140 678
66 140 679
66 140 680
66 140 681
66 140 683
66 140 685
66 140 687
66 140 691
66 140 693
66 140 700
66 140 701
66 140 702
66 140 703
66 140 705
66 140 706
66 140 710
66 140 711
66 140 714
66 140 715
66 140 716
66 115 598
66 115 599
66 115 604
66 115 632
66 115 634
66 115 635
66 115 638
66 115 643
66 115 647
66 115 654
66 115 658
66 115 662
66 115 667
66 115 668
66 115 669
66 115 670
66 115 674
66 115 676
66 115 677
66 115 680
66 115 681
66 115 689
66 115 698
66 115 705
66 115 711
66 115 713
66 115 714
66 115 715
66 115 716
66 29 623
66 9 631
66 1 631
66 1 632
66 90 644
66 90 645
66 75 644
66 75 645
66 107 645
66 144 647
66 54 658
66 54 693
66 54 701
66 73 700
66 73 701
66 96 704
66 96 705
66 96 714
66 17 704
66 17 705
66 17 706
66 17 707
66 17 710
66 17 711
66 58 707
66 118 708
19 64 48
19 64 54
19 119 57
19 119 60
19 119 102
19 119 104
19 119 109
19 119 130
19 49 73
19 49 128
19 7 131
19 125 158
19 87 159
19 18 915
19 18 985
19 18 990
19 18 991
19 18 993
64 122 52
64 122 144
64 122 145
64 122 148
64 122 161
64 134 159
64 134 160
64 8 443
64 8 453
64 8 456
64 8 458
64 8 459
64 8 464
64 8 466
64 8 467
64 8 470
64 8 471
64 8 472
64 8 473
64 8 474
64 8 482
64 8 483
64 8 484
64 8 485
64 8 492
64 8 493
64 8 495
64 8 497
64 8 498
64 8 499
64 8 500
64 8 501
64 8 502
64 8 503
64 8 504
64 8 505
64 8 506
64 8 507
64 8 526
64 8 528
64 8 538
64 8 564
64 8 565
64 8 567
64 8 568
64 8 575
64 8 578
64 8 580
64 8 581
64 8 582
64 8 583
64 8 584
64 8 585
64 8 586
64 8 587
64 8 590
64 8 592
64 8 593
64 8 595
64 8 598
64 8 599
64 8 608
64 8 617
64 8 631
64 8 632
64 8 635
64 8 636
64 8 637
64 8 638
64 8 640
64 8 641
64 8 642
64 1 443
64 1 444
64 1 446
64 1 447
64 1 450
64 1 451
64 1 454
64 1 456
64 1 458
64 1 463
64 1 464
64 1 467
64 1 468
64 1 486
64 1 492
64 1 493
64 1 497
64 1 498
64 1 507
64 1 508
64 1 510
64 1 511
64 1 528
64 1 561
64 1 564
64 1 565
64 1 566
64 1 567
64 1 569
64 1 570
64 1 571
64 1 572
64 1 573
64 1 574
64 1 575
64 1 576
64 1 577
64 1 578
64 1 579
64 1 580
64 1 583
64 1 584
64 1 585
64 1 586
64 1 588
64 1 589
64 1 591
64 1 592
64 1 594
64 1 595
64 1 596
64 1 597
64 1 598
64 1 599
64 1 600
64 1 606
64 1 612
64 1 613
64 1 616
64 1 630
64 1 631
64 1 632
64 1 634
64 1 635
64 1 636
64 1 637
64 1 638
64 1 640
64 1 641
64 1 642
64 1 646
64 1 647
64 1 650
64 1 651
64 1 654
64 1 660
64 1 661
64 1 662
64 1 677
64 1 678
64 1 681
64 1 682
64 1 683
64 1 684
64 1 690
64 1 693
64 1 695
64 1 696
64 1 697
64 1 699
64 1 700
64 1 701
64 1 703
64 1 704
64 1 705
64 1 709
64 1 751
64 1 753
64 108 456
64 131 505
64 26 648
64 4 648
64 59 721
122 17 56
122 17 59
122 17 67
122 17 95
122 17 98
122 17 100
122 17 101
122 17 106
122 17 121
122 17 125
122 17 126
122 49 65
122 49 67
122 49 84
122 49 534
122 30 152
122 135 161
122 9 537
122 107 574
119 99 137
119 99 157
119 99 158
119 125 158
119 134 160
119 27 160
119 137 429
119 137 433
119 137 437
119 137 438
119 137 439
119 137 440
119 137 441
119 137 442
119 137 444
119 137 445
119 137 447
119 137 448
119 137 449
119 137 450
119 137 465
119 137 466
119 137 467
119 137 468
119 137 471
119 137 472
119 137 473
119 137 474
119 137 475
119 137 476
119 137 477
119 137 482
119 137 483
119 137 484
119 137 487
119 137 555
119 137 557
119 137 558
119 137 559
119 137 561
119 50 430
119 50 431
119 50 432
119 50 433
119 50 434
119 50 435
119 50 436
119 50 437
119 50 438
119 50 439
119 50 440
119 50 441
119 50 442
119 50 443
119 50 444
119 50 445
119 50 446
119 50 447
119 50 448
119 50 449
119 50 450
119 50 451
119 50 452
119 50 453
119 50 454
119 50 455
119 50 456
119 50 457
119 50 459
119 50 462
119 50 463
119 50 464
119 50 466
119 50 467
119 50 468
119 50 469
119 50 470
119 50 471
119 50 472
119 50 473
119 50 474
119 50 475
119 50 476
119 50 477
119 50 480
119 50 481
119 50 482
119 50 483
119 50 484
119 50 485
119 50 486
119 50 487
119 50 488
119 50 489
119 50 490
119 50 491
119 50 492
119 50 493
119 50 494
119 50 495
119 50 496
119 50 497
119 50 498
119 50 499
119 50 502
119 50 504
119 50 507
119 50 511
119 50 513
119 50 514
119 50 515
119 50 516
119 50 517
119 50 518
119 50 520
119 50 521
119 50 522
119 50 523
119 50 555
119 50 556
119 50 557
119 50 558
119 50 560
119 50 561
119 1 449
119 144 525
119 32 556
119 32 558
27 135 124
27 121 745
27 121 746
27 121 747
27 121 748
27 121 749
27 121 769
27 121 770
27 121 771
27 121 773
27 121 782
27 121 792
27 121 793
27 121 798
27 121 802
27 121 815
27 121 818
27 121 852
27 121 872
27 121 875
27 121 876
27 121 877
27 121 878
27 121 880
27 121 882
27 121 886
27 121 887
27 121 898
27 121 899
27 121 900
27 112 748
27 112 767
27 112 780
27 112 796
27 112 809
27 112 810
27 112 852
27 112 879
27 112 882
27 112 897
27 112 899
27 112 900
27 137 756
27 137 757
27 137 775
27 137 783
27 137 792
27 137 793
27 137 831
27 137 853
27 137 899
27 137 900
27 150 792
27 150 793
17 141 163
17 141 711
17 97 675
17 97 686
17 97 687
17 97 708
17 97 715
17 97 724
17 97 766
17 97 773
17 97 774
17 97 777
17 97 795
17 59 675
17 59 690
17 59 701
17 59 704
17 59 705
17 59 706
17 59 708
17 59 724
17 59 731
17 59 770
17 59 771
17 59 774
17 59 777
17 59 789
17 59 791
17 59 795
17 21 675
17 21 699
17 21 701
17 21 712
17 21 713
17 21 715
17 21 716
17 51 686
17 129 692
17 105 693
17 71 695
17 102 711
17 102 714
17 102 717
17 9 711
17 9 715
17 26 719
17 146 757
17 5 764
17 5 771
17 5 773
17 5 774
17 86 770
17 91 779
49 3 130
49 3 135
49 3 138
49 125 270
49 68 274
49 84 283
49 84 284
49 84 305
49 84 308
49 84 413
49 84 414
49 84 416
49 84 417
49 13 294
49 13 296
49 13 298
49 13 299
49 13 303
49 13 392
49 13 393
49 52 389
49 28 397
49 136 418
49 136 419
49 42 434
49 88 437
49 137 438
49 137 440
49 137 444
49 137 446
49 137 447
49 137 448
49 137 450
49 137 460
49 137 469
49 137 470
49 124 463
49 124 523
49 124 524
49 39 506
49 128 508
49 128 523
49 128 524
49 128 525
49 123 529
49 123 530
49 131 555
49 131 556
49 131 557
49 131 558
49 131 559
24 134 125
24 134 126
24 134 127
24 134 130
24 134 131
24 134 132
24 134 136
24 134 137
24 134 138
24 134 143
24 134 144
24 134 145
24 134 146
24 134 147
24 134 149
24 134 150
24 134 151
24 134 158
24 134 159
24 134 160
24 38 158
24 86 159
24 4 570
24 4 574
24 4 579
24 4 581
24 4 637
24 4 649
24 4 651
135 84 235
135 84 256
135 84 374
135 84 378
135 84 410
135 84 416
135 50 305
135 50 306
135 50 320
135 50 409
135 50 413
135 50 414
135 50 415
135 50 416
135 50 417
135 50 420
134 69 140
134 36 158
134 36 590
134 123 315
134 123 344
134 123 376
134 123 383
134 123 404
134 123 422
134 123 432
134 51 367
134 51 372
134 110 405
134 139 443
134 144 589
72 86 127
72 38 140
72 38 141
72 125 140
72 125 142
72 125 143
72 63 198
72 149 284
72 116 305
72 116 307
72 116 316
72 116 317
72 116 319
72 116 331
72 116 338
72 116 346
72 116 348
72 116 350
72 116 352
72 116 354
72 116 356
72 116 364
72 131 504
72 42 515
72 128 522
72 128 524
72 128 525
72 123 524
72 50 526
72 50 527
72 50 528
72 50 529
72 50 530
72 50 531
72 50 532
72 50 533
72 50 535
72 144 527
72 95 540
72 59 676
86 125 128
86 125 132
86 125 133
86 125 134
86 125 135
86 125 136
86 125 137
86 125 138
86 125 139
86 125 141
86 125 142
86 125 144
86 125 145
86 125 146
86 125 148
86 125 149
86 125 154
86 125 164
86 125 167
86 125 169
86 125 170
86 125 171
86 125 172
86 125 176
86 125 177
86 125 179
86 125 181
86 125 182
86 125 183
86 125 184
86 125 185
86 125 186
86 125 196
86 125 197
86 125 199
86 125 221
86 125 223
86 125 231
86 125 233
86 125 234
86 125 239
86 125 240
86 125 245
86 125 246
86 125 247
86 125 253
86 125 256
86 125 257
86 125 258
86 125 262
86 125 264
86 125 270
86 125 279
86 125 280
86 125 281
86 125 282
86 125 283
86 125 284
86 125 287
86 125 289
86 125 291
86 125 292
86 125 293
86 125 296
86 125 297
86 125 301
86 125 302
86 36 128
86 36 130
86 36 131
86 36 132
86 36 133
86 36 134
86 36 135
86 36 138
86 36 150
86 36 156
86 36 162
86 36 164
86 36 178
86 36 179
86 36 180
86 36 183
86 36 185
86 36 186
86 36 187
86 36 190
86 36 191
86 36 192
86 36 193
86 36 194
86 36 198
86 36 199
86 36 200
86 36 201
86 36 220
86 36 228
86 36 229
86 36 230
86 36 234
86 36 239
86 36 240
86 36 241
86 36 243
86 36 250
86 36 256
86 36 266
86 36 270
86 36 273
86 36 274
86 36 277
86 36 289
86 36 293
86 36 294
86 36 297
86 36 300
86 36 302
86 53 140
86 53 147
86 53 155
86 142 161
86 142 164
86 93 242
86 93 243
86 93 257
86 50 270
86 42 273
86 79 704
86 79 705
86 79 720
86 79 721
86 79 722
86 79 725
86 79 730
86 79 731
86 79 769
86 79 770
86 79 772
86 79 829
86 79 830
86 79 831
86 79 842
86 150 705
86 150 707
86 150 708
86 150 710
86 25 767
86 75 770
125 38 128
125 38 129
125 38 131
125 38 132
125 38 135
125 38 136
125 38 138
125 38 139
125 38 151
125 38 154
125 38 156
125 38 157
125 38 158
125 38 162
125 38 178
125 38 179
125 38 181
125 38 183
125 38 184
125 38 185
125 38 186
125 38 193
125 38 194
125 38 195
125 38 196
125 38 197
125 38 198
125 38 199
125 38 201
125 38 202
125 38 203
125 38 209
125 38 210
125 38 213
125 38 223
125 38 229
125 38 230
125 38 236
125 38 240
125 38 256
125 38 268
125 38 269
125 38 270
125 38 271
125 38 279
125 38 284
125 38 285
125 38 287
125 38 288
125 38 289
125 38 290
125 38 291
125 38 294
125 38 295
125 38 296
125 38 297
125 38 298
125 38 299
125 38 300
125 38 302
125 74 128
125 74 129
125 74 131
125 74 132
125 74 133
125 74 137
125 74 138
125 74 177
125 74 178
125 74 188
125 74 189
125 74 191
125 74 197
125 74 198
125 74 224
125 74 234
125 74 245
125 74 246
125 74 254
125 74 256
125 74 261
125 74 262
125 74 268
125 74 273
125 74 274
125 74 275
125 74 276
125 74 277
125 74 278
125 74 279
125 74 283
125 74 288
125 74 291
125 74 295
125 74 297
125 74 298
125 74 299
125 74 300
125 74 301
125 74 302
125 52 129
125 52 131
125 52 134
125 52 136
125 52 138
125 52 139
125 52 151
125 52 154
125 52 182
125 52 233
125 52 234
125 52 237
125 52 240
125 52 245
125 52 249
125 52 252
125 52 254
125 52 258
125 52 281
125 52 283
125 52 284
125 52 287
125 52 294
125 52 295
125 52 301
125 52 302
125 33 130
125 53 140
125 53 141
125 53 147
125 53 150
125 53 155
125 36 140
125 36 155
125 36 160
125 36 161
125 141 163
125 141 164
125 141 165
125 0 163
125 0 165
125 77 165
125 71 168
125 69 172
125 63 175
125 63 179
125 63 180
125 63 197
125 63 198
125 63 199
125 63 252
125 47 244
125 47 245
125 47 253
125 47 254
125 47 258
125 47 266
125 148 251
125 82 252
125 82 253
125 92 253
125 92 254
125 92 256
125 92 257
125 44 262
125 44 271
125 32 270
125 32 271
125 109 292
125 127 301
38 53 148
38 53 149
38 53 150
38 53 155
38 87 151
38 87 152
38 87 153
38 87 157
38 87 165
38 87 166
38 87 167
38 87 169
38 87 170
38 87 171
38 29 269
38 91 839
38 91 841
38 91 847
38 91 848
38 91 851
38 91 856
38 91 857
38 91 859
38 91 860
38 91 862
38 91 864
38 91 866
38 121 846
74 36 128
74 36 129
74 36 133
74 36 138
74 36 191
74 36 192
74 36 195
74 36 196
74 36 197
74 36 198
74 36 222
74 36 230
74 36 241
74 36 250
74 36 255
74 36 265
74 36 266
74 36 268
74 36 269
74 36 272
74 36 273
74 36 274
74 36 275
74 36 276
74 36 277
74 36 279
74 36 292
74 36 302
74 87 128
74 87 132
74 87 134
74 87 138
74 87 177
74 87 178
74 87 179
74 87 191
74 87 194
74 87 196
74 87 233
74 87 234
74 87 241
74 87 242
74 87 255
74 87 260
74 87 261
74 87 262
74 87 273
74 87 274
74 87 277
74 87 278
74 87 279
74 87 282
74 87 283
74 87 287
74 87 289
74 87 293
74 87 297
74 87 302
74 53 129
74 53 130
74 53 131
74 53 132
74 53 133
74 53 134
74 53 135
74 53 138
74 53 233
74 53 234
74 53 245
74 53 247
74 53 252
74 53 254
74 53 270
74 53 278
74 53 281
74 53 298
74 53 302
74 78 164
74 78 166
74 0 166
74 93 244
74 93 245
74 93 254
74 93 257
74 29 269
74 149 275
74 149 276
74 149 277
74 112 846
74 112 847
74 112 848
74 121 846
74 121 847
74 121 848
74 121 849
74 30 886
74 46 888
36 52 129
36 52 130
36 52 131
36 52 132
36 52 133
36 52 135
36 52 154
36 52 156
36 52 157
36 52 193
36 52 198
36 52 205
36 52 206
36 52 207
36 52 208
36 52 209
36 52 211
36 52 212
36 52 214
36 52 215
36 52 216
36 52 217
36 52 218
36 52 219
36 52 220
36 52 221
36 52 222
36 52 238
36 52 256
36 52 265
36 52 271
36 52 294
36 52 295
36 52 301
36 52 302
36 141 162
36 63 177
36 63 178
36 63 180
36 63 181
36 44 272
36 44 273
36 148 275
36 148 276
36 148 277
36 124 316
36 124 317
36 124 324
36 124 334
36 124 336
36 124 337
36 124 338
36 124 339
36 124 340
36 124 344
36 124 347
36 124 348
36 124 351
36 124 356
36 124 362
36 124 363
36 124 368
36 124 369
36 124 372
36 124 373
36 124 382
36 124 384
36 124 386
36 124 415
36 124 416
36 124 423
36 124 430
36 124 431
36 124 432
36 124 438
36 124 439
36 124 441
36 124 442
36 124 448
36 124 449
36 124 451
36 124 452
36 124 455
36 124 456
36 124 459
36 124 460
36 124 461
36 124 520
36 124 539
36 124 547
36 124 548
36 124 552
36 124 553
36 124 554
36 124 555
36 124 556
36 124 557
36 124 558
36 124 563
36 124 575
36 124 576
36 124 589
36 124 590
36 124 591
36 123 317
36 123 321
36 123 323
36 123 334
36 123 348
36 123 349
36 123 350
36 123 351
36 123 368
36 123 397
36 123 420
36 123 428
36 123 433
36 123 434
36 123 435
36 123 438
36 123 439
36 123 454
36 123 455
36 123 456
36 123 457
36 123 458
36 123 482
36 123 486
36 123 487
36 123 496
36 123 498
36 123 499
36 123 500
36 123 501
36 123 504
36 123 507
36 123 512
36 123 513
36 123 514
36 123 516
36 123 517
36 123 523
36 123 527
36 123 529
36 123 531
36 123 532
36 123 533
36 123 534
36 123 540
36 123 541
36 123 547
36 123 549
36 123 550
36 123 551
36 123 552
36 123 553
36 123 554
36 123 555
36 123 556
36 123 557
36 123 560
36 123 561
36 123 563
36 123 564
36 123 579
36 123 589
36 123 590
36 123 591
36 123 592
87 52 130
87 52 131
87 52 132
87 52 133
87 52 134
87 52 135
87 52 154
87 52 221
87 52 233
87 52 234
87 52 239
87 52 246
87 52 254
87 52 255
87 52 256
87 52 257
87 52 281
87 52 284
87 52 285
87 52 297
87 52 302
87 3 136
87 77 153
87 0 154
87 0 165
87 99 159
87 141 165
87 141 166
87 33 171
87 63 175
87 63 178
87 63 196
87 63 197
87 92 253
87 20 255
87 148 275
87 148 276
87 98 295
87 121 390
87 121 391
87 121 392
87 121 396
87 121 397
87 121 398
87 121 402
87 121 410
87 121 416
87 121 418
87 121 419
87 121 425
87 121 430
87 121 431
87 121 434
87 121 435
87 121 437
87 121 438
87 121 439
87 121 484
87 121 486
87 121 487
87 121 491
87 121 495
87 121 497
87 121 498
87 121 500
87 121 501
87 121 505
87 37 391
87 37 398
87 37 402
87 37 403
87 37 404
87 37 410
87 37 414
87 37 432
87 37 433
87 37 438
87 37 497
87 37 498
87 37 499
87 37 505
87 13 400
87 150 414
87 137 436
87 39 499
52 93 255
52 42 280
52 11 335
52 11 336
52 11 337
52 11 338
52 11 339
52 11 340
52 11 341
52 11 342
52 11 343
52 11 348
52 11 349
52 11 354
52 11 355
52 11 356
52 11 357
52 11 364
52 11 365
52 11 375
52 11 376
52 11 377
52 11 379
52 11 382
52 11 383
52 11 384
52 11 385
52 11 386
52 11 387
52 11 389
52 11 390
52 11 393
52 11 394
52 11 395
52 11 396
52 11 397
52 11 398
52 11 399
52 11 400
52 11 401
52 11 402
52 11 403
52 11 404
52 11 410
52 11 411
52 11 412
52 11 413
52 11 414
52 11 416
52 11 417
52 139 385
52 15 391
52 149 415
53 148 252
53 92 253
53 90 406
53 90 408
53 90 409
53 90 410
53 90 412
53 90 415
53 90 417
53 90 419
53 90 420
53 90 424
53 90 431
53 90 436
53 90 438
53 90 439
53 90 440
53 90 443
53 79 413
53 79 414
53 79 417
53 79 418
53 79 454
53 79 456
53 79 459
53 79 461
53 79 468
53 79 470
53 85 413
53 123 452
33 75 130
33 75 131
33 75 132
33 75 133
33 75 134
33 75 136
33 75 139
33 75 148
33 75 149
33 75 150
33 75 155
33 75 160
33 75 161
33 75 162
33 75 163
33 75 164
33 75 165
33 75 166
33 75 167
33 75 168
33 75 169
33 75 171
33 75 172
33 7 149
33 7 150
33 123 315
33 123 363
33 123 387
33 123 418
33 123 419
33 123 421
33 123 422
33 123 442
33 132 315
33 132 316
33 132 317
33 132 318
33 132 334
33 132 337
33 132 339
33 132 344
33 132 345
33 132 346
33 132 347
33 132 353
33 132 354
33 132 356
33 132 366
33 132 387
33 132 467
33 132 520
33 132 524
33 132 531
33 132 532
33 132 533
33 132 539
33 132 540
33 132 545
33 132 546
33 132 547
33 132 548
33 132 549
33 132 550
33 132 552
33 132 554
33 132 556
33 132 557
33 132 558
33 132 560
33 132 561
33 132 562
33 132 563
33 132 564
33 132 569
33 132 576
33 132 577
33 132 589
33 132 591
33 132 592
33 4 338
33 4 340
33 51 373
33 51 375
33 107 522
33 144 591
75 91 621
75 91 622
75 91 623
75 91 624
75 91 625
75 91 626
75 91 627
75 91 628
75 91 629
75 91 630
75 91 631
75 91 632
75 91 633
75 91 634
75 91 635
75 91 636
75 91 637
75 91 638
75 91 639
75 91 640
75 91 642
75 91 643
75 91 644
75 91 645
75 91 646
75 91 648
75 91 649
75 91 652
75 91 653
75 91 657
75 91 674
75 91 676
75 91 677
75 91 685
75 91 686
75 91 690
75 91 691
75 91 692
75 91 693
75 91 694
75 91 695
75 91 698
75 91 699
75 91 700
75 91 702
75 91 703
75 91 704
75 91 705
75 91 716
75 91 717
75 91 718
75 91 719
75 91 720
75 91 722
75 91 723
75 91 737
75 91 744
75 91 745
75 91 746
75 91 747
75 91 748
75 91 752
75 91 754
75 91 755
75 91 759
75 91 763
75 91 764
75 91 765
75 91 766
75 91 767
75 91 769
75 91 770
75 91 772
75 91 778
75 91 779
75 91 780
75 91 791
75 91 792
75 91 793
75 108 678
75 108 687
75 108 704
75 108 705
75 108 729
75 108 736
75 108 742
75 108 748
75 108 757
75 108 758
75 108 759
75 108 771
75 108 777
75 108 791
75 108 792
75 108 793
75 15 725
75 97 727
75 59 775
75 59 777
75 151 791
75 129 795
3 60 174
3 20 280
3 23 333
3 23 334
3 23 335
3 23 339
3 23 343
3 23 345
3 23 346
3 23 347
3 23 348
3 23 350
3 23 351
3 23 352
3 23 355
3 23 363
3 23 364
3 23 366
3 23 369
3 23 370
3 23 372
3 23 373
3 23 374
3 23 375
3 23 378
3 23 381
3 23 384
3 23 385
3 23 386
3 23 387
3 23 392
3 23 394
3 23 423
3 23 432
3 23 433
3 23 471
3 23 472
3 23 482
3 23 489
3 23 511
3 23 512
3 23 513
3 23 514
3 23 515
3 23 526
3 23 527
3 23 530
3 23 536
3 23 538
3 23 539
3 23 547
3 23 550
3 23 552
3 23 553
3 23 554
3 23 555
3 23 557
3 23 563
3 11 344
3 9 355
3 15 396
3 111 510
7 67 936
7 67 937
99 71 176
99 63 229
99 116 231
99 106 334
99 69 399
69 81 164
69 81 165
69 81 166
69 81 200
69 81 203
69 81 216
69 81 226
69 81 228
69 81 231
69 81 251
69 81 348
69 81 350
69 81 376
69 81 379
69 81 385
69 81 387
69 81 388
69 81 389
69 81 390
69 81 391
69 81 394
69 81 395
69 81 396
69 81 397
69 81 398
69 81 399
69 81 402
69 81 458
69 39 165
69 39 167
69 39 168
69 39 169
69 39 178
69 39 180
69 39 181
69 39 186
69 39 187
69 39 195
69 39 206
69 39 248
69 39 249
69 39 252
69 39 253
69 39 301
69 39 308
69 39 402
69 39 457
69 39 458
69 63 171
69 63 172
69 116 171
69 116 172
69 141 180
142 0 150
142 0 153
142 0 154
142 77 156
142 77 158
142 77 168
142 77 171
142 31 390
142 31 395
142 31 396
142 31 420
142 31 427
142 31 442
142 31 456
142 123 405
142 124 406
142 94 435
142 94 436
142 94 453
142 94 456
0 78 153
0 78 154
0 78 155
0 78 163
0 78 167
0 78 173
0 78 175
0 78 180
0 77 171
0 77 172
0 141 176
0 141 180
0 120 180
0 71 180
0 71 181
30 8 151
30 8 152
30 8 170
30 80 171
8 23 355
8 23 365
8 1 394
8 1 399
8 1 403
8 1 408
8 1 415
8 1 418
8 1 426
8 1 436
8 1 440
8 1 441
8 1 443
8 1 447
8 1 448
8 1 450
8 1 451
8 1 453
8 1 454
8 1 455
8 1 456
8 1 466
8 1 468
8 1 469
8 1 470
8 1 472
8 1 486
8 1 487
8 1 492
8 1 496
8 1 497
8 1 499
8 1 500
8 1 587
8 1 590
8 1 593
8 149 417
8 149 420
8 103 434
8 107 456
8 115 635
77 120 180
77 102 885
77 102 935
77 133 936
78 141 153
78 141 157
78 141 159
78 141 160
78 141 161
78 141 167
78 141 174
78 141 177
78 141 180
78 71 180
78 71 181
78 90 405
78 90 409
78 90 410
78 90 411
78 90 435
78 90 436
78 90 437
78 90 441
78 54 408
78 54 409
78 54 410
78 54 411
78 54 430
78 85 410
78 150 437
141 120 180
141 115 594
141 115 595
141 115 596
141 115 598
141 115 599
141 115 604
141 115 617
141 115 623
141 115 628
141 115 629
141 115 630
141 115 631
141 115 632
141 115 633
141 115 638
141 115 641
141 115 642
141 115 643
141 115 644
141 115 645
141 115 646
141 115 654
141 115 660
141 115 662
141 115 664
141 115 668
141 115 669
141 115 676
141 115 677
141 115 688
141 115 689
141 115 690
141 115 702
141 115 712
141 115 715
141 115 716
141 1 631
141 1 632
141 1 633
141 5 643
141 90 646
141 144 647
141 54 693
115 63 162
115 63 163
115 63 164
115 63 165
115 63 167
115 63 178
115 63 193
115 63 206
115 63 207
115 63 211
115 63 213
115 63 214
115 63 216
115 63 217
115 63 218
115 63 219
115 63 220
115 63 221
115 63 255
115 63 256
115 63 262
115 63 264
115 63 265
115 26 594
115 1 635
115 91 645
115 91 646
115 73 646
115 15 706
63 149 238
63 149 245
63 149 247
63 149 248
63 149 249
63 149 250
63 149 251
63 149 252
63 42 1032
63 42 1036
63 42 1043
63 42 1046
63 42 1054
63 42 1059
63 42 1060
63 42 1063
63 42 1065
63 42 1066
63 42 1067
63 42 1068
81 98 165
81 98 190
81 98 191
81 98 226
81 98 228
81 98 259
81 98 296
81 98 303
81 98 324
81 98 325
81 98 400
81 98 401
81 98 402
81 98 403
81 98 407
81 98 409
81 98 412
81 98 413
81 98 414
81 98 415
81 98 417
81 98 418
81 98 419
81 98 421
81 98 422
81 98 423
81 98 424
81 98 425
81 98 426
81 98 428
81 98 430
81 98 431
81 98 432
81 98 433
81 98 434
81 98 436
81 98 437
81 98 438
81 98 439
81 98 440
81 98 441
81 98 442
81 98 443
81 98 445
81 98 446
81 98 447
81 98 450
81 98 452
81 98 453
81 98 454
81 98 455
81 98 456
81 98 457
81 98 458
81 116 231
81 82 269
81 15 269
81 51 352
81 51 353
81 51 354
81 131 496
81 131 497
81 131 498
81 131 500
81 131 502
81 131 503
81 131 504
81 131 505
81 131 506
81 131 507
81 131 508
81 131 509
81 131 511
81 131 513
81 131 514
81 131 515
81 131 516
81 131 519
81 131 521
81 131 523
81 131 524
81 131 526
81 131 527
81 131 528
81 131 529
81 131 530
81 131 531
81 131 535
81 131 540
81 131 551
81 131 560
81 131 564
81 131 570
81 131 571
81 131 572
81 131 573
81 131 575
81 131 576
81 131 577
81 32 561
81 32 562
81 32 563
81 124 570
68 98 164
68 98 165
68 98 166
68 98 172
68 98 175
68 98 176
68 98 196
68 98 210
68 98 227
68 98 238
68 98 247
68 98 252
68 98 258
68 98 259
68 98 260
68 98 261
68 98 263
68 98 264
68 98 282
68 98 283
68 98 284
68 98 285
68 98 302
68 98 303
68 98 314
68 98 315
68 98 316
68 98 317
68 98 402
68 98 403
68 98 404
68 98 405
68 98 407
68 98 409
68 98 424
68 98 425
68 98 430
68 98 436
68 98 438
68 98 442
68 98 455
68 47 186
68 92 187
68 80 227
68 80 234
68 80 303
68 80 322
68 80 325
68 80 326
68 80 327
68 80 330
68 80 335
68 80 336
68 80 343
68 80 351
68 80 355
68 80 361
68 80 364
68 80 366
68 80 372
68 80 374
68 80 375
68 80 377
68 80 381
68 80 382
68 80 383
68 80 384
68 80 386
68 80 392
68 80 393
68 80 403
68 80 404
68 80 405
68 80 407
68 80 412
68 80 413
68 80 414
68 80 417
68 80 421
68 80 423
68 80 424
68 80 425
68 80 427
68 80 451
68 80 452
68 80 453
68 80 454
68 80 455
68 80 456
68 51 355
68 6 938
68 6 943
68 6 953
68 6 954
68 6 956
68 6 958
68 6 959
68 6 960
68 6 961
68 6 962
68 6 963
68 6 964
68 6 971
68 6 974
68 6 975
68 6 976
68 6 977
68 6 978
68 6 979
68 6 980
68 6 982
68 6 988
68 6 989
68 6 990
68 6 992
68 6 993
68 6 994
68 6 995
68 6 996
68 6 997
68 6 1001
68 6 1002
68 6 1003
68 6 1004
68 6 1005
68 6 1006
68 6 1007
68 6 1008
68 6 1009
68 6 1010
68 6 1011
68 6 1012
68 6 1013
68 6 1014
68 6 1015
68 6 1016
68 6 1018
68 6 1019
68 6 1026
68 6 1034
68 6 1035
68 6 1036
68 6 1037
68 6 1040
68 6 1041
68 6 1043
68 6 1044
68 6 1045
68 6 1046
68 6 1048
68 6 1049
68 6 1050
68 147 951
68 89 953
68 89 959
68 89 977
68 89 978
68 89 986
68 89 990
68 89 992
68 89 1010
68 89 1011
68 89 1018
68 89 1019
68 89 1020
68 89 1034
98 39 165
98 39 190
98 39 215
98 39 217
98 39 222
98 39 223
98 39 224
98 39 226
98 39 227
98 39 231
98 39 232
98 39 298
98 39 302
98 39 305
98 39 306
98 39 308
98 39 320
98 39 331
98 39 334
98 39 337
98 39 360
98 39 361
98 39 362
98 39 363
98 39 364
98 39 365
98 39 366
98 39 367
98 39 372
98 39 374
98 39 394
98 39 395
98 39 396
98 39 397
98 39 399
98 39 400
98 39 401
98 39 402
98 39 403
98 39 405
98 39 412
98 39 414
98 39 415
98 39 417
98 39 419
98 39 420
98 39 423
98 39 424
98 39 425
98 39 426
98 39 434
98 39 436
98 39 438
98 39 439
98 39 440
98 39 441
98 39 446
98 39 447
98 39 448
98 39 449
98 39 452
98 39 453
98 39 454
98 39 456
98 39 457
98 39 458
98 39 481
98 149 266
98 149 268
98 13 364
98 13 365
98 42 380
98 42 386
98 42 394
98 42 395
98 65 388
98 65 389
98 65 390
98 131 397
98 95 480
98 26 852
98 26 853
98 26 855
98 26 857
98 26 859
98 26 862
98 26 863
98 26 864
98 26 865
98 26 871
98 26 872
98 26 877
98 26 889
98 26 915
98 26 919
98 26 920
98 26 921
98 26 927
98 26 933
98 26 951
98 26 954
98 26 957
98 26 958
98 26 959
98 26 963
98 26 972
98 26 973
98 26 974
98 26 983
98 26 986
98 26 987
98 26 991
98 26 992
98 26 1015
98 26 1016
98 26 1024
98 26 1026
98 26 1027
98 105 872
98 105 895
98 105 896
98 105 908
98 105 919
98 105 920
98 105 932
98 105 933
98 105 940
98 105 955
98 105 956
98 105 962
98 105 963
98 105 974
98 105 981
98 105 982
98 105 988
98 105 991
98 105 1025
98 105 1026
98 129 921
98 108 950
39 47 176
39 47 186
39 4 182
39 92 186
39 127 206
39 80 231
39 80 263
39 80 266
39 80 267
39 80 269
39 80 270
39 80 278
39 80 298
39 106 334
39 121 391
39 121 392
39 121 393
39 121 394
39 121 397
39 121 398
39 121 402
39 121 421
39 121 432
39 121 433
39 121 434
39 121 435
39 121 485
39 121 489
39 121 496
39 121 505
39 67 394
39 88 435
39 88 437
39 88 489
39 117 476
39 117 479
39 44 490
39 111 509
39 9 534
39 94 557
39 94 558
39 94 567
61 116 166
61 116 170
61 116 171
61 116 172
61 116 175
61 116 176
61 116 177
61 116 181
61 116 183
61 116 185
61 116 187
61 116 188
61 116 194
61 116 195
61 116 208
61 116 210
61 116 215
61 116 227
61 116 228
61 116 230
61 116 239
61 116 246
61 116 250
61 116 257
61 116 261
61 116 263
61 116 266
61 116 267
61 26 737
61 26 738
116 120 187
116 149 234
116 149 238
116 149 239
116 149 245
116 149 248
116 149 249
116 149 250
116 18 245
71 145 705
71 145 708
71 145 709
71 145 721
71 145 725
92 127 191
92 127 244
92 42 260
92 42 261
92 120 265
92 120 284
92 40 838
92 40 844
93 47 170
93 47 171
93 47 172
93 47 173
93 47 174
93 47 175
93 47 177
93 47 183
93 47 186
93 47 187
93 47 188
93 47 189
93 47 190
93 47 192
93 47 193
93 47 195
93 47 196
93 47 198
93 47 201
93 47 202
93 47 203
93 47 209
93 47 230
93 47 240
93 47 241
93 47 242
93 47 243
93 47 245
93 47 247
93 47 248
93 47 251
93 47 255
93 47 257
93 47 258
93 47 261
93 47 270
93 47 271
93 47 272
93 47 274
93 47 276
93 47 286
93 148 252
93 148 253
93 148 285
93 148 286
93 143 385
93 143 417
93 143 418
93 143 422
93 143 424
93 143 446
93 143 455
93 123 401
93 31 444
47 127 191
47 127 192
47 42 259
47 42 260
47 42 261
47 101 683
47 118 683
47 118 736
80 127 203
80 13 298
80 25 335
80 131 335
80 84 711
80 84 804
80 84 805
80 84 806
80 84 807
80 84 823
80 84 824
80 84 825
80 84 826
80 84 832
80 84 833
80 84 835
80 6 770
80 59 814
80 59 823
80 59 833
80 59 835
127 4 174
127 60 174
127 103 290
127 103 313
4 120 180
4 120 570
4 120 574
4 120 583
4 120 584
4 120 607
4 120 609
4 120 610
4 120 624
4 120 627
4 120 637
4 120 644
4 120 649
4 120 650
4 120 651
4 84 280
4 50 295
4 50 396
4 107 325
4 107 397
4 65 328
4 123 342
4 123 348
4 123 349
4 123 350
4 123 356
4 123 382
4 123 385
4 124 350
4 124 382
4 124 383
4 124 386
4 124 414
4 124 417
4 124 418
4 124 419
4 150 352
4 150 354
4 150 358
4 150 359
4 150 361
4 150 362
4 150 363
4 1 367
4 136 391
4 28 396
4 128 510
4 144 511
4 95 539
60 84 813
60 84 815
60 84 816
60 84 817
60 84 818
60 84 820
60 84 821
60 84 823
60 84 824
60 84 826
60 84 831
60 84 833
60 84 835
60 84 836
60 84 837
60 84 841
60 84 842
60 84 844
60 84 846
60 84 847
60 79 815
60 79 831
60 79 832
60 112 821
120 148 281
120 103 284
120 103 286
120 20 569
120 20 570
120 20 580
120 20 638
120 20 650
120 20 651
120 82 575
84 15 195
84 15 196
84 15 197
84 15 220
84 15 221
84 15 222
84 15 223
84 15 231
84 15 240
84 15 261
84 15 268
84 15 286
84 15 287
84 15 288
84 15 325
84 15 329
84 15 366
84 15 405
84 15 408
84 15 767
84 44 199
84 20 234
84 20 235
84 20 243
84 20 249
84 20 259
84 20 281
84 20 322
84 20 326
84 20 327
84 20 392
84 20 418
84 5 805
84 5 830
84 111 821
15 42 195
15 42 199
15 42 202
15 29 198
15 29 199
15 29 202
15 29 224
15 136 221
15 136 230
15 136 238
15 136 266
15 136 267
15 136 274
15 136 281
15 136 377
15 136 408
15 136 410
15 136 411
15 136 412
15 136 413
15 136 415
15 136 416
15 136 417
15 136 418
15 136 419
15 136 420
15 149 261
15 50 295
15 50 297
15 50 300
15 50 302
15 50 317
15 50 387
15 50 388
15 50 394
15 50 396
15 50 405
15 50 406
15 50 408
15 50 409
15 50 410
15 50 411
15 50 412
15 50 413
15 50 414
15 50 415
15 50 416
15 50 417
15 50 418
15 50 419
15 50 420
15 50 691
15 88 404
15 25 674
15 25 676
15 25 677
15 25 678
15 25 679
15 25 680
15 25 682
15 25 683
15 25 685
15 25 688
15 25 692
15 25 697
15 25 698
15 25 700
15 25 717
15 25 720
15 25 721
15 25 722
15 25 723
15 25 724
15 25 726
15 25 731
15 25 749
15 25 750
15 25 751
15 25 755
15 25 761
15 25 766
15 25 767
15 25 768
15 25 769
15 25 775
15 25 778
15 25 782
15 25 783
15 25 792
15 25 796
15 96 676
15 96 725
15 96 733
15 96 734
15 96 784
15 96 785
15 96 786
15 96 790
15 96 796
15 58 676
15 58 677
15 58 680
15 58 685
15 58 688
15 58 697
15 58 698
15 58 700
15 58 707
15 58 719
15 58 720
15 58 721
15 58 722
15 58 723
15 58 725
15 58 726
15 58 727
15 58 737
15 58 740
15 58 741
15 58 749
15 58 750
15 58 760
15 58 769
15 58 772
15 58 776
15 58 778
15 58 782
15 58 783
15 58 784
15 58 785
15 58 790
15 58 796
15 104 692
15 73 697
15 45 707
15 118 714
15 10 718
15 10 732
15 107 723
15 90 769
42 32 196
42 32 197
42 32 198
42 32 200
42 32 201
42 32 202
42 32 203
42 32 206
42 32 216
42 32 228
42 32 229
42 32 231
42 32 235
42 32 236
42 32 237
42 32 239
42 32 240
42 32 242
42 32 244
42 32 248
42 32 249
42 32 250
42 32 254
42 32 255
42 32 256
42 32 257
42 32 258
42 32 261
42 32 262
42 32 276
42 32 282
42 82 204
42 82 206
42 82 209
42 82 213
42 82 214
42 20 227
42 20 228
42 20 230
42 103 399
42 107 441
42 107 442
42 107 443
42 107 447
42 107 507
42 107 508
42 107 517
42 107 518
42 107 521
42 107 604
42 107 606
42 107 607
42 107 612
42 1 464
42 132 522
42 117 551
42 23 552
42 5 609
32 123 400
32 124 425
32 104 542
32 104 547
32 104 548
32 104 549
32 104 550
32 104 551
32 104 557
32 104 560
32 104 581
32 104 590
32 104 637
32 104 638
32 104 640
32 104 642
32 104 643
32 104 644
32 104 645
32 104 646
32 104 664
32 104 684
32 104 690
32 104 694
32 104 695
32 104 696
32 104 700
32 104 706
32 104 707
32 104 708
32 104 709
32 104 710
32 104 745
32 104 746
32 104 755
32 104 759
32 104 760
32 104 764
32 104 767
32 104 769
32 104 770
32 104 772
32 136 559
32 117 590
32 50 688
32 50 694
32 25 693
32 58 694
32 145 695
32 118 698
29 44 215
29 44 217
29 44 219
29 44 220
29 44 230
29 44 232
29 44 234
29 44 238
29 44 241
29 44 243
29 44 245
29 44 253
29 44 264
29 44 272
29 44 273
29 44 274
29 44 277
29 44 284
29 44 288
29 44 291
29 44 292
29 44 293
29 44 294
29 44 295
29 44 296
29 44 297
29 44 303
29 44 304
29 44 308
29 44 309
29 44 310
29 44 311
29 44 313
29 44 314
29 44 330
29 44 349
29 44 351
29 44 361
29 44 366
29 44 367
29 44 368
29 44 370
29 44 372
29 44 398
29 44 410
29 44 426
29 44 427
29 44 428
29 44 429
29 44 430
29 44 434
29 44 435
29 82 232
29 67 388
44 1 348
44 1 367
44 1 441
44 124 425
44 149 440
44 149 441
44 9 440
44 9 441
44 123 522
82 136 223
82 136 233
82 136 234
82 136 236
82 136 238
82 136 375
82 136 379
82 136 380
82 136 408
82 136 409
82 13 327
82 13 328
82 13 365
82 124 382
82 50 409
82 50 412
82 50 415
82 9 502
82 94 525
82 94 535
82 94 536
82 5 575
136 20 207
136 20 208
136 20 209
136 20 210
136 20 211
136 20 212
136 20 233
136 20 235
136 20 236
136 20 237
136 20 254
136 20 273
136 20 321
136 20 410
136 20 412
136 20 414
136 20 415
136 20 416
136 20 417
136 20 418
136 20 419
136 20 420
136 23 394
136 50 429
136 50 434
136 50 437
136 50 439
136 50 441
136 50 443
136 50 445
136 50 449
136 50 451
136 50 462
136 50 464
136 50 465
136 50 466
136 50 467
136 50 468
136 50 471
136 50 472
136 50 473
136 50 474
136 50 475
136 50 476
136 50 477
136 50 478
136 50 479
136 50 480
136 50 481
136 50 483
136 50 484
136 50 498
136 50 502
136 50 509
136 50 510
136 50 511
136 50 513
136 50 520
136 50 521
136 50 522
136 50 530
136 50 538
136 50 557
136 50 558
136 50 559
136 50 561
136 131 555
20 13 217
20 13 218
20 13 227
20 13 229
20 13 266
20 13 270
20 13 274
20 13 276
20 13 277
20 13 283
20 13 292
20 13 298
20 13 299
20 13 320
20 13 321
20 13 322
20 13 325
20 13 326
20 13 327
20 13 328
20 13 329
20 13 342
20 13 357
20 13 362
20 13 380
20 13 381
20 13 400
20 13 410
20 13 411
20 13 413
20 13 414
20 13 415
20 13 417
20 13 418
20 13 419
20 13 420
20 149 246
20 149 247
20 149 248
20 149 249
20 149 250
20 149 273
20 50 294
20 50 296
20 50 321
20 50 400
20 50 412
20 50 413
20 50 414
20 50 415
20 50 417
20 50 418
20 50 419
20 50 420
20 107 362
20 150 380
20 5 646
149 103 283
149 123 355
149 57 410
149 57 411
149 37 412
149 37 413
149 37 414
149 37 437
149 90 437
149 54 437
18 23 394
18 109 906
18 109 909
18 109 914
18 109 915
18 109 921
18 109 922
18 109 927
18 109 930
18 109 931
18 109 933
18 109 936
18 109 942
18 109 943
18 109 955
18 109 957
18 109 974
18 109 979
18 109 981
18 109 983
18 109 984
18 109 985
18 109 987
18 109 993
148 150 763
148 150 764
148 150 767
148 150 768
148 150 771
148 150 775
148 150 776
148 150 777
148 150 778
148 150 779
148 150 781
148 150 785
148 150 786
148 150 789
148 150 800
148 150 806
148 150 809
148 150 810
148 150 838
148 150 846
148 150 848
148 150 852
148 150 853
148 150 854
148 150 875
148 150 876
148 150 877
148 150 878
148 150 884
148 150 892
148 150 893
148 150 898
148 150 900
148 150 902
148 150 907
148 150 908
148 150 932
148 150 935
148 150 936
148 150 937
148 112 796
148 112 797
148 112 800
148 112 805
148 129 797
148 129 798
148 129 849
148 129 853
148 129 855
148 129 874
148 129 877
148 129 878
148 129 885
148 129 886
148 129 887
148 129 888
148 129 889
148 129 891
148 129 894
148 129 898
148 129 902
148 129 904
148 129 906
148 129 928
148 129 933
148 129 934
148 90 797
148 90 798
148 101 800
148 101 805
148 101 806
148 101 809
148 22 911
148 108 914
148 70 916
148 26 931
148 102 936
148 102 937
50 23 396
50 107 441
50 107 443
50 107 444
50 107 449
50 107 515
50 107 517
50 107 518
50 1 457
50 139 459
50 143 510
50 143 527
50 143 528
50 111 520
50 111 522
50 111 528
50 117 536
50 104 557
50 132 636
50 132 637
50 132 638
50 132 640
50 132 641
50 132 642
50 132 643
50 132 644
50 132 645
50 132 646
50 132 648
50 132 649
50 132 650
50 132 651
50 132 652
50 132 654
50 132 655
50 132 656
50 132 658
50 132 659
50 132 660
50 132 661
50 132 663
50 132 664
50 132 665
50 132 666
50 132 667
50 132 668
50 132 669
50 132 670
50 132 672
50 132 673
50 132 674
50 132 675
50 132 676
50 132 677
50 132 680
50 132 681
50 132 682
50 132 683
50 132 684
50 132 685
50 132 686
50 132 687
50 132 688
50 132 689
50 132 690
50 132 694
50 132 695
50 132 696
50 132 697
50 132 699
50 132 705
50 132 706
50 132 707
50 132 708
50 132 711
50 132 713
50 132 715
50 132 716
50 132 717
50 132 720
50 132 721
50 132 722
50 132 723
50 132 724
50 132 728
50 132 732
50 129 694
131 103 280
131 103 281
131 103 282
131 103 283
131 103 284
131 103 286
131 103 287
131 103 289
131 103 290
131 103 291
131 103 292
131 103 293
131 103 294
131 103 295
131 103 296
131 103 297
131 103 298
131 103 300
131 103 302
131 103 303
131 103 304
131 103 305
131 103 306
131 103 307
131 103 308
131 103 309
131 103 310
131 103 311
131 103 312
131 103 313
131 103 314
131 103 315
131 103 316
131 103 318
131 103 319
131 103 320
131 103 321
131 103 322
131 103 323
131 103 324
131 103 328
131 103 331
131 103 332
131 103 333
131 103 334
131 103 336
131 103 337
131 103 338
131 103 339
131 103 343
131 103 344
131 103 348
131 103 349
131 103 350
131 103 353
131 103 354
131 103 355
131 103 356
131 103 357
131 103 358
131 103 360
131 103 361
131 103 363
131 103 364
131 103 365
131 103 367
131 103 368
131 103 369
131 103 370
131 103 371
131 103 372
131 103 373
131 103 374
131 103 377
131 103 378
131 103 379
131 103 380
131 103 381
131 103 382
131 103 383
131 103 384
131 103 385
131 103 388
131 103 389
131 103 390
131 103 391
131 103 392
131 103 393
131 103 394
131 103 395
131 103 396
131 103 397
131 103 398
131 103 399
131 103 400
131 103 403
131 103 405
131 103 406
131 103 408
131 103 409
131 103 413
131 103 414
131 103 415
131 103 417
131 103 418
131 103 419
131 103 422
131 103 423
131 103 424
131 103 425
131 103 426
131 103 427
131 103 428
131 103 429
131 103 430
131 103 431
131 103 432
131 103 433
131 103 434
131 103 435
131 103 436
131 103 437
131 103 441
131 103 442
131 103 443
131 103 445
131 103 446
131 103 447
131 103 448
131 103 451
131 103 452
131 103 457
131 103 458
131 103 464
131 103 465
131 103 466
131 103 467
131 103 468
131 103 469
131 103 473
131 103 474
131 103 475
131 103 476
131 103 477
131 103 478
131 103 482
131 103 483
131 103 485
131 106 318
131 106 320
131 67 372
131 67 373
131 67 377
131 67 381
131 67 384
131 67 397
131 67 398
131 67 453
131 83 458
131 9 502
131 9 504
131 107 524
131 94 526
131 94 531
131 94 535
131 94 536
131 94 537
131 23 533
131 23 534
131 104 555
131 132 570
131 5 575
131 126 937
131 126 959
103 101 280
103 101 281
103 101 286
103 101 288
103 101 289
103 101 290
103 101 292
103 101 293
103 101 294
103 101 295
103 101 296
103 101 297
103 101 298
103 101 299
103 101 300
103 101 301
103 101 302
103 101 303
103 101 304
103 101 305
103 101 306
103 101 307
103 101 308
103 101 309
103 101 310
103 101 311
103 101 312
103 101 313
103 101 314
103 101 315
103 101 316
103 101 317
103 101 320
103 101 327
103 101 331
103 101 332
103 101 336
103 101 337
103 101 338
103 101 339
103 101 342
103 101 343
103 101 346
103 101 348
103 101 349
103 101 350
103 101 351
103 101 352
103 101 356
103 101 360
103 101 361
103 101 363
103 101 364
103 101 365
103 101 366
103 101 367
103 101 368
103 101 369
103 101 370
103 101 371
103 101 372
103 101 373
103 101 374
103 101 375
103 101 377
103 101 378
103 101 379
103 101 380
103 101 381
103 101 382
103 101 383
103 101 384
103 101 385
103 101 399
103 101 451
103 101 452
103 101 455
103 101 456
103 101 458
103 101 459
103 101 466
103 101 467
103 101 468
103 101 469
103 101 472
103 101 473
103 101 475
103 101 476
103 101 477
103 101 478
103 101 481
103 101 487
103 101 488
103 101 489
103 101 490
103 25 281
103 25 322
103 25 323
103 25 324
103 25 326
103 25 336
103 25 384
103 25 386
103 25 392
103 25 398
103 25 451
103 25 454
103 25 458
103 25 474
103 25 475
103 25 479
103 25 485
103 70 283
103 28 318
103 28 319
103 28 320
103 65 374
103 65 375
103 65 376
103 65 377
103 65 382
103 65 396
103 65 397
103 65 398
103 65 399
103 140 400
103 140 410
103 140 433
103 123 452
103 85 459
103 133 885
103 133 899
103 133 900
103 133 912
103 133 927
103 133 928
103 133 929
103 133 932
103 76 927
103 76 931
103 76 934
101 151 684
101 151 793
101 151 809
101 34 755
101 129 805
101 5 814
25 97 674
25 97 675
25 97 676
25 97 683
25 97 684
25 97 685
25 97 694
25 97 701
25 97 746
25 97 767
25 97 777
25 97 778
25 97 794
25 59 674
25 59 675
25 59 676
25 59 677
25 59 682
25 59 683
25 59 684
25 59 685
25 59 688
25 59 689
25 59 694
25 59 696
25 59 697
25 59 698
25 59 699
25 59 700
25 59 701
25 59 702
25 59 720
25 59 721
25 59 722
25 59 723
25 59 724
25 59 731
25 59 740
25 59 741
25 59 743
25 59 745
25 59 746
25 59 748
25 59 749
25 59 750
25 59 769
25 59 782
25 59 783
25 59 784
25 59 785
25 59 786
25 59 789
25 59 794
25 59 795
25 59 796
25 70 676
25 51 686
25 51 691
25 108 729
25 9 729
25 111 784
70 117 282
70 117 285
70 117 306
70 117 308
70 117 313
70 117 315
70 117 318
70 117 320
70 117 321
70 117 322
70 117 323
70 117 324
70 117 325
70 117 326
70 117 327
70 117 328
70 117 329
70 117 330
70 117 332
70 117 333
70 117 334
70 117 335
70 117 336
70 117 337
70 117 339
70 117 340
70 117 341
70 117 342
70 117 343
70 117 344
70 117 345
70 117 347
70 117 349
70 117 351
70 117 497
70 117 504
70 117 562
70 117 604
70 117 605
70 117 606
70 117 633
70 117 649
70 117 650
70 107 515
70 107 516
70 107 517
70 107 518
70 111 519
70 111 520
70 111 521
70 111 526
70 111 527
70 111 528
70 104 650
70 23 742
70 23 743
70 23 747
70 23 748
70 23 749
70 23 751
70 23 753
70 23 763
70 23 796
70 23 797
70 23 798
70 23 799
70 23 800
70 23 802
70 23 844
70 23 918
117 11 512
117 11 513
117 108 516
117 123 530
117 145 662
117 90 798
117 90 799
117 150 799
117 129 809
28 106 284
28 106 286
28 106 287
28 106 289
28 106 290
28 106 293
28 106 294
28 106 295
28 106 298
28 106 300
28 106 301
28 106 302
28 106 303
28 106 304
28 106 305
28 106 307
28 106 308
28 106 309
28 106 310
28 106 313
28 106 314
28 106 315
28 106 317
28 106 319
28 106 320
28 106 321
28 106 322
28 106 323
28 106 324
28 106 327
28 106 328
28 106 329
28 106 330
28 106 331
28 106 332
28 106 333
28 106 334
28 106 335
28 106 336
28 106 337
28 106 338
28 106 339
28 106 340
28 106 342
28 106 343
28 106 344
28 106 345
28 106 346
28 106 360
28 106 362
28 106 365
28 106 366
28 106 368
28 106 369
28 106 372
28 106 373
28 106 374
28 106 375
28 106 376
28 106 377
28 106 378
28 106 379
28 106 380
28 106 381
28 106 387
28 106 390
28 106 391
28 106 393
28 106 394
28 106 395
28 106 396
28 106 397
28 106 398
28 106 399
28 106 400
28 106 401
28 106 402
28 106 403
28 109 289
28 23 396
28 123 452
106 104 321
106 26 852
106 26 855
106 26 856
106 26 858
106 26 859
106 26 864
106 26 890
106 26 891
106 26 892
106 26 901
106 26 902
106 26 908
106 26 916
106 26 919
106 26 920
106 26 952
106 26 953
106 26 954
106 26 955
106 26 958
106 26 959
106 26 962
106 26 963
106 26 976
106 26 977
106 26 992
106 26 994
106 26 1015
106 26 1026
106 26 1027
106 97 898
106 97 899
106 97 915
106 97 958
106 97 959
106 97 960
106 97 992
106 97 994
106 97 1007
106 97 1008
106 97 1009
106 97 1015
106 97 1016
106 97 1018
106 97 1020
106 97 1027
106 150 922
106 31 924
106 126 950
107 109 284
107 11 441
107 11 442
107 11 443
107 11 445
107 11 453
107 11 508
107 11 509
107 11 510
107 11 511
107 11 512
107 11 514
107 11 515
107 11 516
107 11 517
107 11 518
107 11 522
107 11 531
107 11 568
107 11 572
107 11 573
107 11 596
107 11 600
107 11 601
107 11 611
107 1 456
107 1 462
107 123 522
107 124 522
107 73 620
107 73 621
107 73 622
107 73 633
107 73 642
107 73 643
107 73 645
107 73 653
107 73 657
107 73 658
107 73 659
107 73 661
107 73 662
107 73 663
107 73 665
107 73 666
107 73 667
107 73 672
107 73 680
107 73 685
107 73 698
107 73 725
107 73 726
107 73 727
107 73 728
107 73 741
107 73 743
107 73 744
107 73 760
107 73 776
107 73 778
107 73 782
107 73 790
107 73 796
107 73 797
107 73 807
107 73 808
107 73 810
107 91 621
107 91 622
107 91 623
107 91 624
107 91 627
107 91 628
107 91 630
107 91 631
107 91 638
107 91 643
107 91 645
107 91 647
107 91 648
107 91 649
107 91 650
107 91 651
107 91 652
107 91 653
107 91 654
107 91 655
107 91 656
107 91 657
107 91 658
107 91 661
107 91 662
107 91 666
107 91 669
107 91 670
107 91 671
107 91 688
107 91 700
107 91 720
107 91 721
107 91 737
107 91 778
107 91 786
107 97 727
107 59 776
109 104 290
109 22 908
109 22 910
109 22 915
109 22 933
109 22 951
109 22 953
109 22 993
109 22 995
109 22 997
109 22 998
104 129 542
104 129 543
104 129 548
104 129 557
104 129 560
104 129 562
104 129 565
104 129 596
104 129 599
104 129 610
104 129 642
104 129 643
104 129 644
104 129 690
104 129 692
104 129 693
104 129 694
104 129 706
104 129 744
104 129 746
104 129 768
104 129 769
104 129 773
104 51 694
123 124 314
123 124 315
123 124 320
123 124 321
123 124 322
123 124 323
123 124 324
123 124 325
123 124 326
123 124 327
123 124 328
123 124 329
123 124 331
123 124 332
123 124 333
123 124 334
123 124 335
123 124 337
123 124 338
123 124 339
123 124 340
123 124 341
123 124 342
123 124 343
123 124 344
123 124 345
123 124 346
123 124 348
123 124 350
123 124 351
123 124 352
123 124 354
123 124 356
123 124 357
123 124 358
123 124 359
123 124 360
123 124 361
123 124 362
123 124 363
123 124 366
123 124 367
123 124 368
123 124 369
123 124 370
123 124 371
123 124 372
123 124 373
123 124 375
123 124 377
123 124 383
123 124 384
123 124 385
123 124 389
123 124 390
123 124 393
123 124 395
123 124 396
123 124 400
123 124 401
123 124 404
123 124 405
123 124 407
123 124 408
123 124 409
123 124 413
123 124 414
123 124 415
123 124 416
123 124 417
123 124 423
123 124 426
123 124 427
123 124 428
123 124 429
123 124 430
123 124 433
123 124 434
123 124 435
123 124 437
123 124 438
123 124 439
123 124 440
123 124 441
123 124 444
123 124 445
123 124 446
123 124 448
123 124 452
123 124 453
123 124 454
123 124 455
123 124 456
123 124 457
123 124 458
123 124 460
123 124 461
123 124 462
123 124 463
123 124 464
123 124 467
123 124 468
123 124 469
123 124 470
123 124 471
123 124 472
123 124 476
123 124 477
123 124 484
123 124 487
123 124 488
123 124 496
123 124 502
123 124 504
123 124 505
123 124 506
123 124 507
123 124 508
123 124 509
123 124 510
123 124 511
123 124 512
123 124 513
123 124 514
123 124 515
123 124 516
123 124 517
123 124 518
123 124 520
123 124 521
123 124 523
123 124 524
123 124 528
123 124 532
123 124 533
123 124 534
123 124 536
123 124 537
123 124 538
123 124 539
123 124 545
123 124 546
123 124 549
123 124 551
123 124 555
123 124 558
123 124 559
123 124 569
123 124 570
123 124 571
123 124 572
123 124 575
123 124 576
123 124 577
123 124 578
123 124 579
123 124 580
123 124 582
123 124 583
123 124 585
123 124 589
123 124 590
123 124 591
123 132 332
123 132 335
123 132 341
123 132 342
123 132 343
123 132 345
123 132 347
123 132 348
123 132 367
123 132 368
123 132 375
123 132 382
123 132 384
123 132 385
123 132 388
123 132 395
123 132 423
123 132 426
123 132 431
123 132 520
123 132 521
123 132 522
123 132 523
123 132 525
123 132 529
123 132 532
123 132 533
123 132 534
123 132 535
123 132 536
123 132 543
123 132 544
123 132 545
123 132 549
123 132 551
123 132 559
123 132 568
123 132 569
123 132 571
123 132 574
123 132 578
123 132 585
123 132 588
123 132 589
123 132 590
123 132 591
123 132 592
123 23 342
123 23 350
123 23 381
123 23 382
123 23 383
123 23 384
123 23 385
123 23 414
123 11 344
123 11 365
123 11 366
123 11 367
123 11 369
123 11 370
123 11 371
123 11 372
123 11 373
123 11 374
123 51 365
123 51 413
123 111 502
123 128 524
124 132 316
124 132 317
124 132 318
124 132 319
124 132 326
124 132 333
124 132 334
124 132 335
124 132 338
124 132 340
124 132 341
124 132 343
124 132 345
124 132 356
124 132 368
124 132 369
124 132 370
124 132 371
124 132 372
124 132 373
124 132 382
124 132 383
124 132 394
124 132 395
124 132 397
124 132 401
124 132 404
124 132 407
124 132 419
124 132 421
124 132 428
124 132 429
124 132 431
124 132 451
124 132 454
124 132 471
124 132 481
124 132 487
124 132 496
124 132 498
124 132 499
124 132 500
124 132 519
124 132 520
124 132 525
124 132 532
124 132 533
124 132 535
124 132 536
124 132 537
124 132 538
124 132 539
124 132 542
124 132 544
124 132 547
124 132 548
124 132 549
124 132 550
124 132 555
124 132 556
124 132 557
124 132 558
124 132 559
124 132 560
124 132 567
124 132 570
124 132 575
124 132 576
124 132 580
124 132 588
124 132 589
124 132 590
124 132 591
124 23 350
124 23 386
124 23 388
124 1 352
124 11 371
124 51 375
124 110 406
124 144 589
132 58 695
65 139 327
65 139 328
65 139 329
65 139 330
65 139 331
65 139 332
65 139 333
65 139 344
65 139 374
65 139 381
65 139 382
65 139 383
65 139 384
65 139 385
65 139 387
65 139 388
65 139 397
65 139 398
65 139 399
65 139 400
65 139 401
65 139 402
65 139 403
65 139 404
65 139 405
65 139 406
65 139 407
65 139 408
65 139 409
65 139 410
65 139 411
65 139 412
65 139 413
65 139 414
65 139 415
65 139 416
65 139 417
65 139 418
65 139 419
65 139 420
65 139 421
65 139 422
65 139 423
65 139 424
65 139 436
65 139 438
65 139 439
65 139 453
65 139 454
65 139 455
65 139 469
65 139 470
65 139 471
65 139 479
65 139 480
65 139 482
65 139 486
65 139 487
65 51 385
65 11 385
65 40 1033
65 40 1035
65 40 1041
65 40 1042
65 40 1047
65 40 1052
139 128 412
139 88 960
23 10 345
23 1 352
23 150 362
23 150 364
23 150 365
23 57 396
23 144 482
23 110 514
23 11 552
11 150 396
11 21 501
150 9 345
150 9 348
150 9 351
150 9 352
150 9 353
150 9 354
150 9 355
150 9 356
150 9 357
150 9 358
150 9 360
150 9 361
150 9 363
150 9 364
150 9 366
150 9 367
150 9 378
150 9 379
150 9 399
150 9 400
150 9 401
150 9 408
150 9 415
150 9 416
150 9 418
150 9 419
150 9 421
150 9 422
150 9 423
150 9 424
150 9 425
150 9 427
150 9 428
150 9 429
150 9 431
150 9 436
150 9 440
150 9 441
150 1 350
150 1 354
150 1 355
150 1 356
150 1 358
150 1 362
150 1 364
150 1 366
150 1 376
150 1 380
150 1 381
150 1 383
150 1 397
150 1 399
150 1 407
150 1 415
150 1 416
150 1 427
150 1 429
150 1 430
150 1 440
150 1 441
150 57 467
150 26 593
150 26 594
150 129 779
150 129 780
150 129 781
150 129 787
150 129 789
150 129 804
150 129 839
150 129 937
150 91 791
150 91 792
150 138 792
150 138 793
150 102 802
150 102 804
150 102 808
150 126 935
9 1 356
9 1 357
9 1 358
9 1 359
9 1 360
9 1 361
9 1 362
9 1 363
9 1 366
9 1 367
9 1 371
9 1 377
9 1 381
9 1 385
9 1 387
9 1 388
9 1 398
9 1 430
9 1 446
9 1 449
9 1 459
9 1 460
9 1 462
9 1 464
9 1 465
9 1 467
9 1 488
9 1 489
9 1 490
9 1 491
9 1 498
9 1 507
9 1 508
9 1 510
9 1 551
9 1 552
9 1 553
9 1 554
9 1 555
9 1 559
9 1 564
9 1 565
9 1 566
9 1 567
9 1 568
9 1 569
9 1 570
9 1 571
9 1 572
9 1 574
9 1 575
9 1 576
9 1 577
9 1 578
9 1 579
9 1 580
9 1 581
9 1 582
9 1 583
9 1 584
9 1 585
9 1 586
9 1 594
9 1 595
9 1 596
9 1 597
9 1 599
9 1 602
9 1 616
9 1 617
9 1 620
9 1 624
9 1 631
9 1 632
9 1 633
9 1 634
9 1 635
9 1 636
9 1 637
9 1 638
9 1 639
9 1 640
9 1 641
9 1 642
9 57 415
9 85 420
9 85 422
9 85 424
9 85 427
9 85 428
9 85 435
9 151 457
9 95 559
9 26 603
9 26 604
9 51 641
9 112 782
9 121 782
10 34 701
10 34 702
10 34 703
10 34 707
10 34 721
10 34 724
10 34 729
10 34 730
10 34 731
10 34 732
10 34 736
10 34 751
10 34 755
10 34 770
10 34 778
10 34 783
10 34 785
10 34 789
10 151 703
10 97 708
10 97 729
10 102 716
10 26 719
10 59 720
10 138 781
1 76 430
1 95 557
1 95 564
1 95 565
1 62 587
1 62 590
1 62 593
1 62 615
1 62 659
1 62 663
1 62 664
1 62 665
1 62 666
1 62 667
1 62 668
1 62 669
1 62 670
1 62 671
1 62 672
1 96 622
1 96 623
51 58 685
51 58 692
51 58 695
67 88 937
67 88 939
67 88 941
67 88 943
67 88 956
67 88 957
67 88 991
67 88 1007
67 88 1014
67 88 1016
67 88 1044
67 88 1048
67 88 1049
67 138 960
143 110 385
143 110 389
143 110 395
143 110 396
143 110 410
143 110 417
143 110 431
143 110 435
143 110 455
143 110 456
143 34 419
143 34 421
143 34 455
143 45 479
143 45 480
143 45 538
110 31 389
110 31 393
110 31 422
110 31 423
110 31 436
110 31 448
110 31 455
110 31 456
110 94 390
110 94 391
110 94 404
110 94 405
110 94 406
110 94 422
110 94 432
110 94 435
110 94 436
110 94 455
110 94 456
110 121 439
110 62 448
121 21 502
121 138 744
121 138 745
121 138 752
121 138 753
121 138 754
121 138 756
121 138 757
121 138 758
121 138 759
121 138 762
121 138 764
121 138 765
121 138 766
121 138 773
121 138 776
121 138 777
121 138 778
121 138 779
121 138 780
121 138 781
121 138 793
121 138 797
121 138 798
121 138 801
121 138 802
121 138 803
121 138 804
121 138 805
121 138 806
121 138 807
121 138 811
121 138 812
121 138 813
121 138 820
121 138 821
121 138 824
121 138 825
121 138 827
121 138 828
121 138 829
121 138 831
121 138 832
121 138 834
121 138 835
121 138 836
121 138 840
121 138 843
121 138 844
121 138 853
121 138 854
121 138 857
121 138 862
121 138 863
121 138 868
121 138 871
121 138 872
121 138 899
121 138 900
121 111 744
121 111 745
121 111 746
121 111 747
121 111 748
121 111 753
121 111 754
121 111 755
121 111 756
121 111 757
121 111 758
121 111 760
121 111 761
121 111 762
121 111 763
121 111 764
121 111 765
121 111 766
121 111 767
121 111 774
121 111 775
121 111 782
121 111 783
121 111 784
121 111 785
121 111 796
121 111 814
121 111 815
121 111 818
121 111 820
121 111 824
121 111 825
121 111 826
121 111 827
121 111 828
121 111 829
121 111 830
121 111 831
121 111 832
121 111 834
121 111 837
121 111 838
121 111 846
121 111 847
121 111 848
121 111 849
121 111 850
121 111 851
121 111 852
121 111 853
121 111 854
121 111 855
121 111 856
121 111 857
121 111 858
121 111 859
121 111 860
121 111 861
121 111 862
121 111 863
121 111 875
121 111 876
121 111 878
121 111 880
121 111 881
121 111 882
121 111 883
121 111 895
121 111 898
121 111 899
121 111 900
121 108 784
121 102 794
121 102 795
121 151 813
121 151 845
121 35 858
94 34 455
94 34 456
94 144 519
128 111 519
128 111 532
37 108 729
140 26 594
79 89 404
79 89 413
79 89 414
79 89 438
79 89 439
79 89 440
79 151 710
79 5 830
89 85 412
89 85 414
89 85 415
89 85 434
89 85 435
88 6 937
88 6 943
88 6 944
88 6 945
88 6 946
88 6 949
88 6 957
88 6 959
88 6 961
88 6 962
88 6 976
88 6 977
88 6 979
88 6 980
88 6 982
88 6 988
88 6 990
88 6 991
88 6 992
88 6 993
88 6 994
88 6 995
88 6 996
88 6 1006
88 6 1007
88 6 1010
88 6 1011
88 6 1014
88 6 1016
88 6 1018
88 6 1019
88 6 1020
88 6 1024
88 6 1025
88 6 1026
88 6 1027
88 6 1028
88 6 1032
88 6 1034
88 6 1035
88 6 1037
88 6 1043
88 6 1044
88 6 1045
88 6 1046
88 6 1047
88 6 1048
88 6 1049
88 112 944
88 112 945
88 16 956
76 83 405
76 83 411
76 83 414
76 83 416
76 83 428
76 83 436
76 83 462
76 83 468
83 85 979
83 85 980
83 85 984
83 85 985
83 85 986
83 85 989
83 85 1025
83 85 1026
90 145 658
90 73 665
90 73 666
90 73 667
90 73 668
90 73 669
90 73 670
90 73 672
90 73 800
90 73 801
90 73 803
90 73 804
90 73 805
90 73 806
90 73 807
90 73 808
90 73 809
90 73 810
90 73 811
90 108 665
90 108 672
90 108 678
90 108 686
90 108 687
90 108 689
90 108 690
90 108 693
90 108 694
90 108 695
90 108 701
90 108 703
90 108 704
90 108 705
90 108 715
90 108 716
90 108 792
90 108 793
90 108 794
90 108 801
90 108 802
90 108 807
90 108 809
90 108 811
90 97 726
90 129 795
90 129 799
90 138 795
90 102 797
90 102 798
54 91 624
54 91 625
54 91 646
54 91 647
54 91 651
54 91 652
54 91 658
54 26 628
54 145 651
54 145 652
54 145 653
137 118 808
137 118 810
137 111 823
137 111 824
137 111 825
137 111 828
137 111 829
137 111 831
137 111 832
137 111 834
137 111 853
137 111 854
137 111 857
137 111 861
137 111 864
137 111 865
137 111 866
137 111 867
137 111 868
137 111 869
137 111 888
137 111 899
137 111 900
62 5 784
62 5 856
62 5 863
108 58 777
108 16 908
108 16 917
108 16 920
108 16 924
108 16 928
108 16 934
108 16 939
108 16 952
108 16 956
108 16 958
108 16 961
108 16 980
108 16 986
108 16 992
108 16 997
151 5 650
151 118 684
151 118 808
151 118 810
151 112 804
151 112 806
151 112 807
151 112 808
151 112 844
151 112 845
151 147 808
151 147 811
151 147 822
151 147 927
151 129 809
151 129 815
151 129 830
151 129 831
151 129 833
151 129 838
151 129 852
151 129 853
151 129 868
151 129 875
151 129 878
151 129 882
151 129 885
151 129 887
151 129 888
151 129 889
151 129 890
151 129 891
151 129 895
151 129 902
151 129 903
151 129 904
151 129 906
151 129 921
151 129 922
151 129 923
151 129 924
151 129 925
151 129 927
151 129 928
151 129 931
151 129 932
151 102 936
151 102 937
144 111 467
144 111 468
144 111 469
144 111 472
144 111 475
144 111 481
144 111 485
144 111 486
144 111 490
144 111 491
144 111 493
144 111 505
144 111 507
144 111 511
144 111 512
144 111 515
144 111 516
144 111 526
144 111 527
144 111 528
144 111 531
144 111 533
144 46 588
144 46 589
144 46 662
111 45 508
111 129 799
111 147 807
95 21 477
95 21 478
95 21 486
95 21 487
95 21 492
95 21 512
95 21 513
95 21 517
95 21 518
95 21 519
95 21 525
95 21 527
95 21 538
95 21 539
95 21 548
95 21 558
95 21 560
95 21 565
95 21 566
95 21 567
95 21 568
95 21 571
95 91 652
21 73 697
45 129 776
129 35 542
129 35 543
129 35 548
129 35 556
129 35 557
129 35 558
129 35 559
129 35 561
129 35 562
129 35 563
129 35 564
129 35 565
129 35 606
129 35 616
129 35 643
129 35 644
129 35 674
129 35 677
129 35 678
129 35 679
129 35 680
129 35 681
129 35 682
129 35 683
129 35 687
129 35 695
129 35 696
129 35 714
129 35 715
129 35 744
129 35 764
129 35 765
129 35 766
129 35 767
129 35 768
129 35 769
129 35 770
129 105 663
129 105 668
129 91 666
129 112 768
129 112 800
129 112 805
129 147 777
129 147 779
129 147 780
129 147 781
129 147 789
129 147 793
129 147 794
129 147 795
129 147 935
129 147 936
129 147 937
129 102 804
129 102 936
129 102 937
129 22 923
35 105 663
35 105 666
58 16 558
58 16 562
58 16 564
58 16 565
58 16 567
58 16 578
58 16 579
58 16 580
58 5 578
58 97 674
58 97 675
58 97 683
58 97 688
58 97 692
58 97 693
58 97 698
58 97 699
58 97 701
58 97 702
58 97 703
58 97 724
58 97 725
58 97 726
58 97 732
58 97 734
58 97 736
58 97 740
58 97 746
58 97 761
58 97 774
58 97 794
58 97 795
58 91 778
16 22 946
16 22 949
16 22 951
16 22 952
16 22 955
16 22 956
16 22 957
16 22 958
16 22 976
16 22 980
16 22 989
16 22 992
16 22 995
16 22 996
16 22 997
16 22 998
16 146 976
5 145 614
26 118 718
26 73 727
73 146 693
73 146 694
73 146 697
73 146 698
73 146 700
73 146 701
73 146 702
73 146 706
73 146 716
73 146 720
73 146 722
73 146 723
73 146 724
73 146 739
73 97 699
91 147 795
91 118 797
96 59 676
96 59 677
96 59 684
96 59 685
96 59 796
97 6 761
97 6 1023
59 6 773
118 102 683
118 102 684
118 102 691
118 102 696
118 102 704
118 102 705
118 102 714
118 102 719
118 102 758
118 102 763
118 102 769
118 102 770
118 102 797
118 102 798
118 102 816
118 102 817
118 102 819
118 102 823
118 102 824
102 112 797
102 112 808
102 147 807
102 147 808
146 112 928
146 112 977
146 112 1026
146 112 1043
146 112 1051
146 112 1052
138 112 744
138 112 745
138 112 753
138 112 754
138 112 756
138 112 757
138 112 758
138 112 764
138 112 765
138 112 766
138 112 768
138 112 770
138 112 774
138 112 776
138 112 782
138 112 863
138 126 932
138 126 939
147 126 935
