155 129 0
155 129 1
155 129 2
155 174 4
155 174 45
155 174 46
155 174 48
155 174 140
155 174 141
155 174 143
155 174 146
155 174 148
155 174 151
155 32 43
155 32 64
155 32 81
155 32 104
155 32 275
155 32 279
155 32 288
155 32 290
155 32 291
155 32 302
155 32 306
155 32 307
155 32 314
155 32 321
155 32 322
155 32 331
155 32 332
155 32 333
155 32 334
155 32 335
155 32 336
155 32 337
155 32 340
155 32 341
155 32 342
155 32 343
155 32 344
155 32 345
155 32 347
155 32 348
155 32 349
155 32 350
155 32 351
155 32 352
155 32 353
155 32 354
155 32 356
155 32 357
155 32 358
155 32 359
155 32 360
155 32 361
155 32 382
155 32 383
155 32 434
155 32 439
155 32 441
155 32 444
155 106 43
155 106 61
155 106 76
155 106 77
155 106 78
155 106 86
155 106 108
155 106 109
155 106 274
155 106 277
155 106 278
155 106 279
155 65 74
155 65 78
155 65 86
155 65 228
155 139 266
155 190 285
155 190 286
155 190 366
155 190 370
155 190 371
155 190 392
155 190 398
155 190 399
155 190 400
155 190 402
155 190 403
155 190 435
155 190 437
155 190 439
155 190 444
155 190 446
155 69 302
155 66 306
155 44 307
155 52 363
155 52 434
155 52 435
155 52 446
155 136 435
129 18 4
129 18 6
129 179 8
129 179 9
129 179 10
129 179 11
129 179 15
129 179 16
129 179 20
129 179 25
129 179 27
129 179 55
129 179 56
129 106 49
129 106 62
129 106 63
129 5 55
129 5 56
129 5 57
129 5 58
129 14 55
129 14 57
129 184 172
129 184 177
129 184 178
129 184 181
129 184 234
129 115 234
129 115 235
129 151 237
134 174 1
134 174 2
134 174 3
134 174 4
134 174 5
134 174 6
134 174 7
134 174 17
134 174 51
134 174 53
134 174 54
134 174 57
134 174 63
134 174 64
134 174 72
134 174 73
134 174 74
134 174 75
134 174 77
134 174 78
134 174 79
134 174 80
134 174 81
134 174 82
134 174 87
134 174 88
134 174 89
134 174 90
134 174 139
134 174 140
134 174 141
134 146 5
134 146 10
134 146 64
134 146 72
134 146 89
134 146 91
134 146 92
134 146 106
134 146 117
134 146 119
134 146 120
134 146 124
134 146 137
134 146 139
134 146 143
134 146 144
134 146 145
134 146 154
134 146 155
134 14 52
134 14 55
134 14 56
134 14 57
134 14 58
134 14 59
134 14 60
134 14 61
134 14 62
134 14 63
134 14 64
134 14 65
134 14 66
134 14 67
134 14 68
134 14 69
134 14 70
134 14 71
134 14 72
134 14 73
134 14 175
134 14 176
134 14 177
134 14 178
134 14 179
134 14 180
134 14 181
134 14 182
134 14 183
134 14 184
134 14 186
134 14 234
134 14 235
134 14 239
134 14 241
134 5 58
134 5 69
134 5 76
134 175 62
134 60 94
134 164 112
134 17 112
134 17 122
134 0 137
134 0 138
134 32 273
174 18 6
174 18 7
174 5 56
174 5 72
174 5 130
174 5 131
174 5 132
174 5 133
174 106 65
174 106 66
174 106 68
174 96 125
174 96 126
174 96 130
174 0 139
174 80 150
174 177 697
174 177 698
174 177 699
174 177 706
174 177 711
174 177 747
174 177 748
174 177 749
174 177 750
174 177 754
174 177 755
174 177 868
174 177 878
174 123 697
174 123 703
174 123 706
174 123 711
174 123 712
174 123 714
174 123 715
174 123 717
174 123 718
174 123 719
174 123 785
174 123 788
174 123 789
174 123 790
174 123 791
174 123 798
174 123 845
174 59 699
174 59 703
174 59 706
174 59 720
174 59 728
174 59 800
174 59 801
174 59 832
174 59 835
174 59 841
174 59 842
174 59 845
174 59 847
174 145 701
174 145 706
174 145 832
174 201 703
174 127 708
174 193 839
174 193 840
174 193 841
174 27 841
174 173 873
172 17 2
172 17 3
172 17 31
172 17 34
172 17 36
172 17 37
172 17 38
172 17 39
172 17 40
172 17 41
172 17 44
172 17 53
172 17 54
172 17 81
172 17 83
172 17 84
172 17 86
172 17 90
172 17 100
172 17 101
172 17 104
172 17 107
172 17 116
172 17 118
172 17 122
172 17 142
172 17 145
172 17 146
172 17 147
172 17 149
172 17 165
172 158 151
172 192 604
172 78 614
172 46 628
172 46 629
172 46 630
172 46 631
172 46 632
172 46 634
172 46 645
172 46 646
172 46 691
172 46 692
172 37 630
172 37 660
172 165 631
172 165 639
172 165 644
172 165 649
172 165 652
172 165 655
172 165 668
172 165 675
172 165 676
172 165 677
172 165 678
172 165 679
172 165 680
172 165 693
172 93 680
172 11 691
172 11 692
172 11 694
172 11 698
172 11 700
172 11 701
172 11 704
172 11 706
172 11 714
172 11 715
172 11 716
172 11 717
172 11 722
172 11 723
172 11 724
172 11 726
172 11 727
172 156 694
172 156 696
172 156 697
172 145 694
172 145 695
172 145 696
172 151 700
172 171 716
172 132 726
172 21 726
17 5 84
17 5 89
17 5 112
17 32 89
17 91 147
17 8 206
17 189 253
17 148 255
17 148 258
17 127 665
17 127 714
17 127 725
17 20 671
17 20 672
17 20 675
17 20 676
17 20 677
17 20 678
17 20 682
17 20 683
17 20 684
17 20 689
17 20 711
17 20 713
17 20 714
17 20 715
18 164 4
18 164 5
18 164 6
18 164 7
18 164 8
18 164 9
18 164 17
18 164 18
18 164 19
18 164 20
18 164 21
18 164 22
18 164 23
18 164 24
18 164 25
18 164 26
18 164 27
18 164 28
18 164 29
18 164 30
18 164 32
18 164 33
18 164 35
18 164 42
18 164 43
18 164 45
18 164 46
18 164 55
18 164 61
18 164 63
18 164 64
18 164 73
18 164 78
18 164 80
18 164 82
18 164 87
18 164 88
18 164 89
18 164 91
18 164 94
18 164 98
18 164 99
18 164 102
18 164 103
18 164 105
18 164 106
18 164 108
18 164 109
18 164 110
18 164 111
18 164 112
18 164 115
18 164 117
18 164 119
18 164 157
18 164 171
18 164 174
18 164 181
18 164 182
18 164 183
18 164 184
18 164 185
18 164 186
18 164 187
18 164 192
18 164 193
18 164 194
18 164 198
18 164 199
18 164 200
18 164 206
18 164 207
18 164 208
18 164 210
18 164 211
18 164 212
18 164 214
18 164 215
18 164 222
18 164 225
18 164 226
18 164 227
18 164 228
18 164 229
18 164 230
18 164 231
18 164 232
18 164 233
18 164 234
18 164 235
18 164 236
18 164 237
18 164 238
18 164 239
18 164 254
18 164 255
18 164 256
18 164 257
18 164 261
18 164 262
18 164 263
18 164 264
18 164 265
18 164 266
18 164 267
18 164 268
18 164 269
18 164 270
18 164 271
18 164 272
18 164 273
18 164 274
18 164 275
18 164 276
18 164 277
18 164 279
18 164 280
18 164 281
18 164 282
18 164 283
18 164 284
18 164 285
18 164 294
18 164 299
18 164 300
18 164 301
18 164 302
18 164 303
18 164 305
18 164 306
18 164 308
18 164 309
18 164 310
18 164 311
18 164 312
18 164 313
18 164 314
18 164 315
18 164 316
18 164 317
18 164 318
18 164 321
18 164 323
18 164 326
18 164 331
18 164 335
18 164 336
18 164 337
18 164 342
18 164 348
18 164 349
18 164 350
18 146 6
18 169 10
18 169 25
18 140 239
18 104 239
18 209 442
18 209 443
18 209 444
18 209 445
18 209 446
18 209 450
18 209 451
18 209 452
18 209 453
18 209 454
18 209 455
18 209 456
18 209 457
18 209 458
18 209 459
18 209 460
18 209 461
18 209 474
18 209 475
18 209 476
18 209 477
18 209 478
18 209 479
18 209 480
18 209 481
18 209 482
18 209 483
18 209 484
18 209 485
18 209 486
18 209 507
18 209 508
18 194 444
18 194 447
18 194 449
18 194 450
18 194 451
18 194 452
18 194 453
18 194 454
18 194 455
18 194 456
18 194 457
18 194 458
18 194 459
18 194 460
18 194 461
18 194 474
18 194 475
18 194 476
18 194 477
18 194 478
18 194 479
18 194 480
18 194 482
18 194 483
18 194 484
18 194 485
18 194 497
18 194 508
18 194 511
18 194 529
18 194 530
18 95 445
18 78 480
18 78 488
18 192 487
18 192 488
18 192 495
18 92 491
18 117 495
18 117 496
18 26 508
18 26 509
18 26 510
18 26 511
18 70 509
18 161 518
18 161 519
18 63 530
164 175 15
164 51 19
164 101 44
164 101 46
164 101 48
164 35 51
164 35 346
164 5 78
164 32 89
164 106 122
164 158 266
164 170 266
164 13 267
164 90 286
164 90 287
164 90 288
164 90 290
164 90 291
164 90 292
164 90 293
164 90 301
164 90 303
164 90 304
164 90 307
164 90 308
164 90 309
164 90 311
164 90 312
164 90 313
164 90 358
164 90 401
164 90 437
164 90 439
164 90 441
164 90 444
164 178 302
164 178 303
164 178 306
164 8 303
164 1 314
164 1 356
164 1 357
164 1 380
164 1 381
164 1 382
164 119 426
164 126 439
146 179 11
146 179 28
146 179 30
146 39 840
146 39 844
146 39 851
146 39 861
146 157 841
146 157 847
146 157 851
146 157 852
146 157 854
146 157 855
146 157 856
146 157 863
146 157 867
146 157 870
146 157 873
146 157 874
146 173 843
146 173 844
146 173 845
146 173 850
146 85 848
146 209 849
146 21 851
146 166 855
146 166 856
146 51 873
146 51 874
146 51 875
146 12 873
146 12 874
146 12 875
179 78 453
179 78 454
179 78 455
179 78 460
179 78 462
179 78 463
179 78 464
179 78 465
179 78 466
179 78 467
179 78 469
179 78 470
179 78 471
179 78 472
179 78 473
179 78 474
179 78 475
179 78 476
179 78 477
179 78 478
179 78 479
179 78 484
179 78 485
179 78 486
179 78 488
179 78 489
179 78 490
179 78 492
179 78 493
179 78 496
179 78 497
179 78 498
179 78 499
179 78 500
179 192 454
179 192 455
179 192 456
179 192 466
179 192 467
179 192 469
179 192 471
179 192 472
179 192 492
179 72 454
179 72 455
179 72 461
179 72 467
179 72 476
179 31 454
179 31 457
179 31 458
179 31 475
179 187 459
179 187 461
179 187 462
179 187 463
179 187 464
179 187 465
179 187 466
179 187 467
179 187 469
179 187 470
179 187 471
179 187 472
179 187 473
179 187 474
179 187 476
179 187 477
179 187 479
179 187 481
179 187 482
179 220 473
179 70 478
179 70 499
179 131 488
179 117 493
179 39 498
169 32 57
169 5 61
169 109 74
169 148 76
169 92 463
169 92 466
169 92 469
51 0 13
51 0 16
51 0 17
51 0 18
51 0 22
51 0 26
51 0 27
51 0 30
51 0 32
51 0 33
51 0 35
51 0 36
51 0 37
51 0 43
51 0 50
51 0 52
51 0 53
51 0 55
51 0 57
51 0 62
51 0 63
51 0 65
51 0 67
51 0 68
51 0 69
51 0 71
51 0 72
51 0 75
51 0 78
51 0 80
51 0 81
51 0 82
51 0 83
51 0 84
51 0 85
51 0 86
51 0 87
51 0 89
51 0 90
51 0 93
51 0 94
51 0 95
51 0 96
51 0 97
51 0 98
51 0 99
51 0 100
51 0 101
51 0 111
51 0 115
51 0 116
51 0 118
51 0 120
51 0 121
51 0 123
51 0 124
51 0 125
51 0 126
51 0 127
51 0 128
51 0 129
51 0 130
51 0 131
51 0 132
51 0 133
51 0 134
51 0 135
51 0 136
51 0 137
51 0 138
51 0 139
51 0 140
51 0 141
51 0 142
51 0 143
51 0 144
51 0 145
51 0 146
51 0 147
51 0 148
51 0 149
51 0 150
51 0 151
51 0 152
51 0 153
51 0 154
51 0 155
51 0 156
51 0 157
51 0 159
51 0 160
51 0 161
51 0 162
51 0 163
51 0 164
51 0 165
51 0 166
51 0 167
51 0 168
51 0 176
51 0 177
51 0 178
51 0 179
51 0 186
51 0 188
51 0 189
51 0 190
51 0 194
51 0 197
51 0 198
51 0 200
51 0 201
51 0 202
51 0 209
51 0 254
51 0 255
51 140 118
51 140 261
51 140 262
51 8 256
51 89 261
51 89 262
51 100 743
51 40 747
51 40 836
51 188 830
51 188 836
51 193 835
51 193 836
0 48 58
0 48 66
0 48 169
0 48 170
0 48 171
0 48 180
0 109 261
0 148 261
0 89 261
175 62 413
175 62 415
175 62 418
175 62 429
175 62 432
175 62 434
175 62 435
175 177 441
25 86 31
25 86 32
25 86 34
25 86 35
25 86 37
25 86 89
25 86 91
25 86 93
25 86 94
25 86 95
25 86 96
25 86 98
25 86 99
25 86 120
25 86 121
25 86 171
25 5 78
25 19 433
25 19 435
25 19 436
25 19 437
25 19 438
25 19 439
25 19 440
25 19 442
25 19 443
25 19 446
25 19 450
25 19 451
25 19 452
25 19 453
25 19 454
25 19 455
25 19 456
25 19 457
25 19 460
25 19 461
25 19 462
25 19 463
25 19 464
25 19 465
25 19 466
25 19 467
25 19 468
25 19 469
25 19 470
25 19 471
25 19 472
25 19 473
25 19 474
25 19 475
25 19 476
25 19 479
25 19 480
25 19 481
25 19 482
25 19 483
25 19 484
25 19 485
25 19 486
25 19 491
25 19 492
25 19 493
25 19 507
25 19 513
25 19 514
25 209 442
25 209 443
25 209 444
25 209 445
25 209 446
25 209 448
25 209 449
25 209 450
25 209 451
25 209 452
25 209 453
25 209 454
25 209 455
25 209 456
25 209 457
25 209 461
25 209 474
25 209 475
25 209 476
25 209 477
25 209 478
25 209 480
25 209 481
25 209 482
25 209 484
25 209 485
25 209 486
25 209 487
25 209 488
25 209 489
25 209 492
25 209 505
25 194 445
25 194 446
25 194 447
25 194 448
25 194 449
25 194 450
25 194 451
25 194 452
25 194 453
25 194 454
25 194 455
25 194 456
25 194 457
25 194 475
25 194 476
25 194 478
25 194 480
25 194 481
25 194 482
25 194 484
25 194 486
25 194 500
25 194 501
25 194 511
25 45 489
25 9 489
25 131 489
25 192 500
25 153 503
25 145 505
25 145 511
25 39 509
25 181 516
25 181 517
25 197 518
86 4 699
86 4 700
86 4 714
86 4 716
86 4 717
86 4 720
86 4 721
86 4 723
86 4 725
86 4 726
86 4 727
86 4 729
86 4 730
86 4 735
86 4 736
86 4 738
86 4 739
86 4 742
86 4 743
86 4 744
86 4 745
86 4 746
86 4 747
86 4 749
86 4 750
86 4 751
86 4 752
86 4 753
86 4 754
86 215 729
86 123 742
86 12 744
86 21 748
5 91 40
5 91 43
5 91 45
5 91 47
5 91 107
5 91 110
5 91 119
5 91 125
5 91 126
5 91 130
5 91 131
5 91 133
5 91 134
5 101 47
5 35 48
5 35 49
5 35 50
5 35 54
5 13 58
5 65 96
5 145 399
5 81 416
5 92 417
5 126 417
91 24 83
91 24 84
91 24 90
91 24 92
91 24 118
91 24 127
91 24 144
91 24 145
91 24 169
91 24 172
32 101 42
32 101 43
32 101 44
32 101 47
32 101 57
32 101 58
32 101 68
32 101 72
32 101 73
32 101 74
32 101 75
32 101 77
32 101 78
32 101 79
32 101 108
32 101 110
32 101 111
32 101 112
32 101 113
32 101 114
32 101 115
32 101 116
32 101 123
32 101 270
32 101 271
32 101 273
32 101 275
32 101 279
32 60 45
32 60 46
32 60 50
32 60 57
32 60 59
32 60 69
32 60 70
32 60 74
32 60 79
32 60 82
32 60 89
32 60 90
32 60 91
32 60 104
32 60 123
32 8 267
32 8 271
32 8 294
32 170 268
32 170 270
32 109 269
32 45 269
32 185 283
32 185 335
32 185 336
32 185 341
32 185 344
32 185 345
32 185 348
32 185 354
32 185 355
32 185 358
32 185 383
32 185 384
32 185 421
32 185 422
32 185 424
32 185 425
32 185 427
32 185 428
32 185 431
32 49 284
32 49 388
32 49 391
32 49 392
32 49 393
32 49 404
32 49 416
32 49 423
32 49 441
32 90 285
32 90 286
32 90 287
32 90 288
32 90 289
32 90 295
32 90 298
32 90 299
32 90 300
32 90 301
32 90 303
32 90 309
32 90 312
32 90 313
32 90 314
32 90 359
32 90 431
32 90 433
32 90 437
32 90 438
32 90 441
32 90 442
32 90 444
32 90 445
32 90 447
32 63 302
32 63 304
32 178 306
32 1 307
32 1 308
32 1 337
32 1 353
32 1 357
32 1 365
32 1 366
32 1 370
32 1 376
32 1 377
32 1 378
32 1 389
32 1 393
32 1 394
32 1 397
32 1 398
32 1 400
32 1 402
32 1 404
32 1 405
32 1 410
32 1 412
32 1 415
32 141 390
32 46 400
32 46 402
32 80 402
32 94 415
32 102 430
32 204 775
32 204 776
32 204 778
32 204 779
32 204 783
32 204 785
32 204 786
32 204 787
32 204 798
32 204 805
32 204 806
32 204 808
32 204 812
32 204 814
32 204 815
32 204 816
32 204 820
32 204 821
32 204 822
32 204 823
32 204 838
32 204 839
32 50 786
32 116 805
32 193 808
101 139 266
101 139 273
101 48 268
101 48 269
101 149 277
101 66 278
101 78 857
101 21 858
101 121 858
101 121 879
101 177 867
101 133 867
106 60 43
106 60 50
106 60 57
106 60 59
106 60 74
106 60 75
106 60 77
106 60 78
106 60 79
106 60 85
106 60 86
106 60 87
106 60 121
106 28 53
106 35 67
106 14 276
106 103 408
106 103 409
106 103 411
106 103 414
106 103 417
106 103 419
106 103 420
106 103 426
106 103 453
106 103 454
106 103 455
106 103 456
106 103 458
106 103 459
106 103 460
106 103 461
106 103 462
106 136 409
106 136 411
106 136 412
106 136 414
106 136 415
106 136 416
106 136 417
106 187 419
106 187 420
106 187 426
106 187 428
106 187 430
106 187 431
106 187 433
106 187 440
106 187 441
106 187 448
106 187 455
60 211 616
60 211 617
60 211 619
60 211 648
60 211 649
60 211 652
60 211 653
60 211 654
60 211 655
60 211 657
60 211 658
60 211 659
60 211 661
60 211 662
60 211 663
60 211 665
60 211 666
60 211 667
60 211 790
60 211 791
60 47 618
60 47 622
60 47 642
35 96 49
35 14 56
35 118 195
35 118 230
35 190 328
35 190 356
35 190 357
35 190 429
35 190 432
35 190 439
35 190 447
35 52 414
35 52 447
96 82 612
96 82 617
96 82 620
96 82 625
96 82 626
96 82 627
96 82 628
96 82 643
96 82 644
96 82 645
96 82 650
96 82 652
96 82 653
96 82 654
96 82 656
96 82 657
96 82 658
96 82 659
96 82 665
96 82 666
96 82 667
96 82 668
96 82 669
96 82 687
96 82 691
96 82 716
96 82 723
96 82 726
96 82 729
96 82 731
96 82 732
96 82 736
96 82 737
96 82 739
96 82 741
96 210 621
96 210 622
96 210 634
96 210 635
96 210 636
96 151 630
96 151 631
96 195 631
96 27 633
96 27 634
96 27 635
96 27 636
96 27 637
96 27 638
96 27 639
96 27 646
96 27 647
96 27 648
96 42 636
96 93 640
96 93 642
96 78 649
96 24 650
96 21 673
96 107 684
96 107 685
96 107 686
96 73 691
96 33 694
96 11 713
96 132 726
96 71 730
96 71 736
96 211 732
96 211 735
96 211 736
96 77 740
96 55 744
96 12 744
14 198 73
14 109 254
14 139 275
14 139 276
14 139 277
14 139 279
14 139 280
14 139 281
14 139 288
14 139 290
14 139 291
14 139 292
14 139 293
14 139 294
14 139 298
14 139 299
14 139 300
14 139 311
14 139 312
14 139 313
29 198 52
29 198 67
29 92 411
29 92 412
29 92 413
29 92 414
29 92 415
29 92 416
29 92 417
29 92 418
29 92 419
29 92 420
29 92 422
29 92 423
29 92 424
29 92 425
29 92 426
29 92 427
29 92 428
29 92 429
29 92 430
29 92 431
29 92 432
29 92 433
29 92 434
29 92 435
29 92 436
29 92 437
29 92 438
29 92 441
29 92 442
29 92 443
29 92 444
29 92 445
29 92 447
29 92 448
29 92 449
29 92 450
29 92 451
29 92 455
29 92 458
29 92 459
29 92 460
29 92 461
29 92 464
29 92 469
29 92 470
29 92 472
29 92 473
29 92 474
29 92 475
29 92 476
29 92 477
29 92 478
29 92 479
29 92 480
29 92 481
29 92 490
29 92 494
29 92 497
29 92 498
29 92 499
29 92 500
29 92 501
29 92 502
29 92 503
29 92 505
29 92 506
29 92 507
29 92 508
29 92 509
29 92 515
29 92 516
29 92 517
29 92 519
29 92 520
29 92 521
29 92 525
29 92 526
29 92 527
29 92 528
29 92 529
29 92 530
29 92 531
29 92 532
29 92 533
29 180 417
29 103 418
29 62 424
29 62 425
29 95 436
29 95 439
29 19 490
29 19 491
29 2 494
29 26 510
29 145 516
29 156 516
29 76 522
29 76 523
29 76 524
29 76 525
29 76 526
29 76 527
29 76 531
29 194 523
29 209 524
29 24 532
198 26 541
198 26 544
198 26 548
198 26 550
198 26 559
198 26 560
198 26 561
198 26 562
198 26 563
198 26 564
198 26 565
198 26 566
198 26 568
198 26 590
198 26 591
198 26 599
198 26 600
198 26 601
198 26 605
198 26 628
198 26 672
198 26 673
198 26 681
198 26 684
198 26 685
198 3 541
198 3 544
198 3 549
198 3 563
198 3 564
198 3 565
198 3 566
198 3 573
198 3 576
198 3 590
198 3 591
198 3 598
198 3 602
198 3 606
198 3 628
198 3 629
198 3 631
198 3 671
198 3 672
198 3 673
198 203 550
198 203 670
198 83 596
198 120 598
198 10 609
198 122 616
198 176 628
198 142 631
198 66 677
28 139 75
28 205 83
28 205 98
28 205 101
28 205 102
28 205 103
28 205 106
28 205 117
28 205 131
28 205 132
28 81 716
28 193 739
28 193 771
28 193 786
28 193 805
28 193 848
13 139 74
13 139 75
13 139 76
13 139 77
13 139 78
13 139 79
13 139 80
13 139 81
13 139 82
13 139 83
13 139 84
13 139 85
13 139 86
13 139 87
13 139 88
13 139 89
13 139 90
13 139 91
13 139 92
13 139 93
13 139 94
13 139 95
13 139 96
13 139 97
13 139 101
13 139 102
13 139 103
13 139 104
13 139 105
13 139 106
13 139 107
13 139 108
13 139 109
13 139 110
13 139 111
13 139 112
13 139 113
13 139 114
13 139 115
13 139 116
13 139 117
13 139 118
13 139 119
13 139 120
13 139 121
13 139 122
13 139 123
13 139 124
13 139 125
13 139 126
13 139 127
13 139 128
13 139 129
13 139 130
13 139 131
13 139 132
13 139 133
13 139 134
13 139 135
13 139 136
13 139 138
13 139 140
13 139 142
13 139 143
13 139 144
13 139 145
13 139 146
13 139 147
13 139 148
13 139 150
13 139 151
13 139 152
13 139 153
13 139 154
13 139 157
13 139 158
13 139 159
13 139 161
13 139 162
13 139 163
13 139 164
13 139 165
13 139 185
13 139 187
13 139 191
13 139 192
13 139 193
13 139 199
13 139 200
13 139 208
13 139 209
13 139 211
13 139 212
13 139 216
13 139 217
13 139 218
13 139 219
13 139 220
13 139 221
13 139 222
13 139 223
13 139 224
13 139 225
13 139 226
13 139 227
13 139 228
13 139 229
13 139 230
13 139 231
13 139 233
13 139 240
13 139 242
13 139 243
13 139 244
13 139 245
13 139 246
13 139 247
13 139 248
13 139 249
13 139 250
13 139 251
13 139 253
13 139 254
13 139 256
13 139 257
13 139 258
13 139 259
13 139 261
13 139 262
13 139 263
13 139 264
13 139 265
13 148 134
13 113 255
13 8 256
13 154 933
13 154 940
13 154 941
13 154 942
13 154 943
13 154 945
13 154 947
13 154 951
13 154 960
13 154 966
13 154 968
13 154 972
13 154 975
13 154 999
13 154 1009
13 154 1011
13 154 1012
13 154 1013
48 170 104
48 170 105
48 170 106
48 170 137
48 170 138
48 170 139
48 170 145
48 170 149
48 170 161
48 170 165
48 170 225
48 170 260
48 170 261
48 170 267
48 170 268
48 170 270
48 170 271
48 170 273
48 170 274
48 170 276
48 170 277
48 170 278
48 170 279
48 170 292
48 170 293
48 170 294
48 170 295
48 170 299
48 170 300
48 170 301
48 170 302
48 170 303
48 170 304
48 170 305
48 170 306
48 170 307
48 170 309
48 170 310
48 170 317
48 170 318
48 170 319
48 170 320
48 170 321
48 170 322
48 170 325
48 158 111
48 158 135
48 158 136
48 158 149
48 158 249
48 158 250
48 158 275
48 158 279
48 158 286
48 158 297
48 158 298
48 158 312
48 158 317
48 158 318
48 158 319
48 158 321
48 158 322
48 158 325
48 8 249
48 8 250
48 8 289
48 109 261
48 109 262
48 212 325
139 109 254
139 53 256
139 8 256
139 8 270
139 8 300
139 94 287
139 125 294
139 125 295
139 125 296
139 125 298
139 90 299
139 56 954
139 56 955
139 56 959
139 56 965
139 56 967
139 56 969
139 56 970
139 56 971
139 56 972
139 56 973
139 56 974
139 56 976
139 56 977
139 56 983
139 56 984
139 56 986
139 56 988
139 56 990
139 56 994
139 56 995
139 56 996
139 56 1002
139 56 1003
139 56 1004
139 56 1012
139 56 1014
139 56 1024
139 56 1028
139 56 1034
139 56 1035
139 83 973
109 140 78
109 140 79
109 140 85
109 140 86
109 140 87
109 140 88
109 140 89
109 140 90
109 140 91
109 140 92
109 140 93
109 140 94
109 140 95
109 140 96
109 140 97
109 140 99
109 140 100
109 140 101
109 140 102
109 140 103
109 140 105
109 140 106
109 140 107
109 140 108
109 140 108
109 140 112
109 140 113
109 140 114
109 140 115
109 140 115
109 140 118
109 140 120
109 140 121
109 140 122
109 140 123
109 140 124
109 140 124
109 140 125
109 140 125
109 140 126
109 140 126
109 140 127
109 140 127
109 140 129
109 140 130
109 140 134
109 140 153
109 140 154
109 140 155
109 140 156
109 140 157
109 140 163
109 140 169
109 140 175
109 140 176
109 140 216
109 140 217
109 140 218
109 140 221
109 140 230
109 140 233
109 140 236
109 140 241
109 140 242
109 140 247
109 140 249
109 140 256
109 140 257
109 140 257
109 140 258
109 140 258
109 140 259
109 140 259
109 140 260
109 140 260
109 140 261
109 140 262
109 140 270
109 140 284
109 140 288
109 89 79
109 89 80
109 89 81
109 89 82
109 89 83
109 89 84
109 89 85
109 89 86
109 89 87
109 89 88
109 89 89
109 89 90
109 89 91
109 89 92
109 89 93
109 89 94
109 89 95
109 89 96
109 89 97
109 89 99
109 89 103
109 89 104
109 89 106
109 89 108
109 89 109
109 89 110
109 89 112
109 89 113
109 89 115
109 89 119
109 89 120
109 89 121
109 89 122
109 89 123
109 89 124
109 89 125
109 89 126
109 89 127
109 89 128
109 89 129
109 89 130
109 89 152
109 89 153
109 89 164
109 89 166
109 89 167
109 89 169
109 89 170
109 89 172
109 89 174
109 89 175
109 89 181
109 89 182
109 89 183
109 89 187
109 89 188
109 89 189
109 89 190
109 89 191
109 89 192
109 89 194
109 89 195
109 89 197
109 89 204
109 89 217
109 89 222
109 89 238
109 89 239
109 89 240
109 89 241
109 89 242
109 89 245
109 89 246
109 89 247
109 89 248
109 89 249
109 89 250
109 89 251
109 89 252
109 89 253
109 89 254
109 89 260
109 89 261
109 89 262
109 89 263
109 189 158
109 189 159
109 189 166
109 75 276
65 170 227
65 170 228
65 42 239
65 192 455
65 192 457
65 192 458
65 192 480
65 192 481
65 192 597
65 192 612
65 192 614
65 192 617
65 192 618
65 192 619
65 192 624
65 192 636
65 192 651
65 192 652
65 187 461
65 187 462
65 187 468
65 187 469
65 33 593
65 46 600
148 89 76
148 89 77
148 89 81
148 89 82
148 89 83
148 89 84
148 89 85
148 89 86
148 89 87
148 89 88
148 89 89
148 89 90
148 89 91
148 89 92
148 89 93
148 89 94
148 89 95
148 89 96
148 89 97
148 89 98
148 89 99
148 89 102
148 89 103
148 89 104
148 89 105
148 89 106
148 89 108
148 89 109
148 89 110
148 89 112
148 89 113
148 89 115
148 89 117
148 89 118
148 89 120
148 89 123
148 89 124
148 89 125
148 89 126
148 89 127
148 89 128
148 89 129
148 89 130
148 89 131
148 89 132
148 89 133
148 89 141
148 89 154
148 89 158
148 89 162
148 89 163
148 89 164
148 89 165
148 89 166
148 89 167
148 89 168
148 89 174
148 89 175
148 89 176
148 89 193
148 89 194
148 89 197
148 89 198
148 89 201
148 89 205
148 89 206
148 89 215
148 89 216
148 89 218
148 89 219
148 89 221
148 89 222
148 89 223
148 89 224
148 89 229
148 89 230
148 89 231
148 89 233
148 89 234
148 89 235
148 89 236
148 89 238
148 89 240
148 89 242
148 89 243
148 89 244
148 89 245
148 89 246
148 89 247
148 89 248
148 89 249
148 89 251
148 89 252
148 89 253
148 89 256
148 89 257
148 89 258
148 89 261
148 89 262
148 8 234
148 104 237
148 122 860
148 126 905
148 126 932
148 126 940
148 126 950
148 126 955
89 144 222
89 80 225
89 123 225
89 219 238
89 120 679
89 120 704
89 120 705
89 120 708
89 120 715
89 120 717
89 120 718
89 20 699
89 20 710
89 20 715
89 20 716
89 127 706
89 16 716
140 94 183
140 94 239
140 94 241
140 144 222
140 144 229
140 44 238
205 187 539
205 187 540
205 63 541
205 104 603
205 104 604
205 215 603
205 33 606
24 26 649
167 170 103
167 170 104
167 170 106
167 170 126
167 170 127
167 170 128
167 170 137
167 170 138
167 170 139
167 170 140
167 170 141
167 170 142
167 170 143
167 170 145
167 170 146
167 170 147
167 170 148
167 170 149
167 170 151
167 170 157
167 170 159
167 170 160
167 170 161
167 170 163
167 170 164
167 170 165
167 170 264
167 170 272
167 170 274
167 170 275
167 170 282
167 170 283
167 170 287
167 170 301
167 170 302
167 170 304
167 170 307
167 170 322
167 170 325
167 170 326
167 170 544
167 170 546
167 8 250
167 117 468
167 117 469
167 117 471
167 117 472
167 117 474
167 117 476
167 117 477
167 117 480
167 117 484
167 117 485
167 117 495
167 117 510
167 117 516
167 117 518
167 117 523
167 117 524
167 117 525
167 117 526
167 117 527
167 117 528
167 117 529
167 117 535
167 117 536
167 117 543
167 117 547
167 117 548
167 117 551
167 117 570
167 117 571
167 117 572
167 117 573
167 117 574
167 117 575
167 153 468
167 153 469
167 153 471
167 153 475
167 153 476
167 153 477
167 153 525
167 153 526
167 153 527
167 153 528
167 153 529
167 153 533
167 153 536
167 153 543
167 153 545
167 153 546
167 153 572
167 153 573
167 153 574
167 153 575
167 145 531
167 202 540
167 202 546
167 202 547
167 217 545
167 217 546
167 221 568
167 191 570
170 8 265
170 8 268
170 44 325
170 44 326
170 219 325
170 219 326
170 92 541
170 92 551
170 92 552
170 92 555
170 92 556
170 92 557
170 92 558
170 92 572
170 92 573
170 92 585
170 92 589
170 92 593
170 92 598
170 92 600
170 92 606
170 92 607
170 30 580
158 151 209
158 151 211
158 151 212
158 151 226
158 151 237
158 151 238
158 151 240
158 151 241
158 151 243
158 151 244
158 151 245
158 151 246
158 151 247
158 151 250
158 151 251
158 151 252
158 151 254
158 151 255
158 151 256
158 151 257
158 151 258
158 151 259
158 94 209
158 94 211
158 94 212
158 94 216
158 94 218
158 94 219
158 94 220
158 94 222
158 94 223
158 94 224
158 94 249
158 94 250
158 68 241
158 219 324
158 219 325
158 219 326
158 44 325
158 44 326
61 74 139
61 74 140
61 74 141
61 74 142
61 74 143
61 74 144
61 74 145
61 74 146
61 74 147
61 74 149
61 74 150
61 74 151
61 74 152
61 74 153
61 74 154
61 74 157
61 74 159
61 74 161
61 74 164
61 74 165
61 74 166
61 74 170
61 74 171
61 74 175
61 74 176
61 74 228
61 74 232
61 74 233
61 149 276
61 149 277
61 149 278
61 149 280
61 149 281
61 149 283
61 149 285
61 149 288
61 149 291
61 149 293
61 149 294
61 149 298
61 149 299
61 149 302
61 149 303
61 149 305
61 149 308
74 189 156
74 189 157
74 189 158
74 189 159
74 113 160
74 113 176
74 113 177
74 120 186
74 144 227
74 180 772
74 128 780
74 34 785
74 204 794
74 204 795
189 124 150
189 124 156
189 124 157
189 124 162
189 124 165
189 124 196
189 124 202
189 124 203
189 124 204
189 124 205
189 124 206
189 124 207
189 124 208
189 124 209
189 124 210
189 124 211
189 124 212
189 124 213
189 124 214
189 124 215
189 124 216
189 124 217
189 124 218
189 124 219
189 124 222
189 124 226
189 124 227
189 124 228
189 124 229
189 124 230
189 124 231
189 124 232
189 124 233
189 115 158
189 115 165
189 115 187
189 115 197
189 115 200
189 115 201
189 115 202
189 115 203
189 115 204
189 115 205
189 115 206
189 115 211
189 115 215
189 115 216
189 115 217
189 115 218
189 115 219
189 115 220
189 115 222
189 115 223
189 115 226
189 115 227
189 115 228
189 115 229
189 115 230
189 115 232
189 115 233
189 115 249
189 115 252
189 115 253
189 136 248
189 46 597
189 191 616
189 191 617
189 191 618
189 191 620
189 191 723
189 191 724
124 113 164
124 113 165
124 113 166
124 120 167
124 120 196
124 120 200
124 120 202
124 120 203
124 120 204
124 120 211
124 120 213
124 120 214
124 120 216
124 120 217
124 120 218
124 120 219
124 120 220
124 120 221
124 120 222
124 120 223
124 120 224
124 120 227
124 120 228
124 120 229
124 120 230
124 120 231
124 120 232
124 120 233
124 120 236
124 171 443
80 115 158
80 184 175
80 141 351
80 141 356
80 141 435
80 49 354
80 49 355
80 49 356
80 49 357
80 49 362
80 49 363
80 49 364
80 49 365
80 49 369
80 49 370
80 49 371
80 49 373
80 49 374
80 49 375
80 49 377
80 49 378
80 49 379
80 49 380
80 49 382
80 49 384
80 49 391
80 49 404
80 49 406
80 49 407
80 49 408
80 49 435
80 49 542
80 49 553
80 187 393
80 161 408
80 161 409
115 113 167
115 6 551
115 23 551
113 192 495
113 153 497
113 153 504
113 153 507
113 153 542
113 153 551
113 153 556
113 153 557
113 153 570
113 153 573
113 153 574
113 191 570
120 184 178
120 184 234
120 33 581
120 33 582
120 33 583
120 33 584
120 33 586
120 33 587
120 33 588
120 33 589
120 33 590
120 33 591
120 33 592
120 33 593
120 33 594
120 33 595
120 33 596
120 33 603
120 33 605
120 33 606
120 33 607
120 33 608
120 33 609
120 33 610
120 33 611
120 33 613
120 33 614
120 33 615
120 33 616
120 33 617
120 33 618
120 33 619
120 33 620
120 33 621
120 33 622
120 33 624
120 33 626
120 33 628
120 33 629
120 33 631
120 33 632
120 33 634
120 33 635
120 33 636
120 33 640
120 33 674
120 33 679
120 33 680
120 33 682
120 33 685
120 33 686
120 33 687
120 33 691
120 33 692
120 33 693
120 33 694
120 33 698
120 33 700
120 33 702
120 33 703
120 33 704
120 33 705
120 33 706
120 33 713
120 33 715
120 33 717
120 33 719
120 111 581
120 88 581
120 88 585
120 88 587
120 88 588
120 88 589
120 88 590
120 88 592
120 88 593
120 88 594
120 88 616
120 88 623
120 88 628
120 88 631
120 88 632
120 88 633
120 104 592
120 27 625
120 213 692
120 137 702
120 137 703
120 137 705
219 42 171
219 42 174
219 42 179
219 42 180
219 42 181
219 42 183
219 42 184
219 42 186
219 42 234
219 42 237
219 42 241
219 68 234
219 68 235
219 94 305
219 90 309
219 8 317
219 15 318
219 15 319
219 15 320
219 15 321
42 75 234
42 75 235
42 75 237
42 98 237
42 203 543
42 203 544
42 203 545
42 203 546
42 203 547
42 203 548
42 203 549
42 203 550
42 203 551
42 203 552
42 203 553
42 203 554
42 203 555
42 203 556
42 203 558
42 203 559
42 203 560
42 203 561
42 203 562
42 203 564
42 203 565
42 203 566
42 203 567
42 203 573
42 203 575
42 203 576
42 203 577
42 203 584
42 203 585
42 203 588
42 203 599
42 203 600
42 203 601
42 203 602
42 203 605
42 203 606
42 203 607
42 203 608
42 203 609
42 203 610
42 203 611
42 203 612
42 203 613
42 203 626
42 203 627
42 203 628
42 203 630
42 203 631
42 203 632
42 203 633
42 203 634
42 203 635
42 203 636
42 203 641
42 203 646
42 203 647
42 203 652
42 203 653
42 203 657
42 203 658
42 203 659
42 203 666
42 203 667
42 203 669
42 203 671
42 203 672
42 203 673
42 203 674
42 203 675
42 203 676
42 203 677
42 192 550
42 192 557
42 192 558
42 192 582
42 192 583
42 192 589
42 192 670
42 26 551
42 26 552
42 26 553
42 26 555
42 26 556
42 26 558
42 26 569
42 26 575
42 26 578
42 26 580
42 26 598
42 26 602
42 26 631
42 26 638
42 156 562
42 88 563
42 88 636
42 3 580
42 3 582
42 3 592
42 10 606
42 10 609
42 58 606
42 122 613
42 122 615
42 122 625
42 43 613
42 176 614
42 176 616
42 176 617
42 176 618
42 176 619
42 77 626
42 127 662
42 132 663
42 20 671
184 187 893
184 187 905
184 187 909
184 187 910
184 187 930
184 209 909
184 121 910
123 37 180
123 64 692
123 64 697
123 64 698
123 64 699
123 64 700
123 64 702
123 64 703
123 64 707
123 64 708
123 64 710
123 64 713
123 64 720
123 64 725
123 64 726
123 64 736
123 64 739
123 64 740
123 64 742
123 64 747
123 64 748
123 64 752
123 64 753
123 64 756
123 64 779
123 64 785
123 64 786
123 64 845
123 64 846
123 64 847
123 64 852
123 64 853
123 64 854
123 64 855
123 64 865
123 64 867
123 64 868
123 64 875
123 64 879
123 64 881
123 64 882
123 64 883
123 154 695
123 154 696
123 154 697
123 154 700
123 154 701
123 154 702
123 154 713
123 154 714
123 154 716
123 154 717
123 154 718
123 154 719
123 154 720
123 154 721
123 154 726
123 154 728
123 154 729
123 154 730
123 154 731
123 154 732
123 154 733
123 154 736
123 154 775
123 154 776
123 154 777
123 154 804
123 182 695
123 182 697
123 182 706
123 182 707
123 182 716
123 182 722
123 182 843
123 182 844
123 182 845
123 182 847
123 182 848
123 182 862
123 182 863
123 182 875
123 182 883
123 145 704
123 31 706
123 4 742
123 193 771
123 105 772
123 168 849
123 188 852
123 188 855
123 188 860
123 188 861
123 188 862
123 7 859
123 152 861
123 47 862
123 47 863
123 55 870
37 156 573
37 156 617
37 156 720
37 156 723
37 43 643
94 160 207
94 160 208
94 160 209
94 160 210
94 160 211
94 160 212
94 160 220
94 160 229
94 160 230
94 160 233
94 160 241
94 160 243
94 160 244
94 160 245
94 160 246
94 160 247
94 160 248
94 160 249
94 160 264
94 160 265
94 160 269
94 160 270
94 160 271
94 160 360
94 160 368
94 160 369
94 160 379
94 160 380
94 160 381
94 160 382
94 160 383
94 160 384
94 75 207
94 75 208
94 75 221
94 75 223
94 75 224
94 75 231
94 75 237
94 75 242
94 75 243
94 75 244
94 75 245
94 75 248
94 75 250
94 75 251
94 75 252
94 75 253
94 75 254
94 75 255
94 75 256
94 75 257
94 75 258
94 75 269
94 75 271
94 75 272
94 75 273
94 75 274
94 75 275
94 75 366
94 75 378
94 75 379
94 75 380
94 75 381
94 75 382
94 75 383
94 75 384
94 44 236
94 149 281
94 66 282
94 176 288
94 87 320
94 87 343
94 58 389
94 58 390
94 58 391
94 58 395
94 58 433
94 95 427
94 95 430
44 212 185
44 212 187
44 212 188
44 212 189
44 212 190
44 212 191
44 212 192
44 212 193
44 212 194
44 212 195
44 212 196
44 212 197
44 212 198
44 212 199
44 212 200
44 212 201
44 212 202
44 212 203
44 212 204
44 212 205
44 212 206
44 212 207
44 212 208
44 212 209
44 212 210
44 212 211
44 212 212
44 212 215
44 212 220
44 212 221
44 212 223
44 212 224
44 212 232
44 212 233
44 212 251
44 212 266
44 212 267
44 212 270
44 212 274
44 212 276
44 212 281
44 212 282
44 212 323
44 212 324
44 212 325
44 212 326
44 53 223
44 151 232
44 68 233
44 68 236
44 79 302
44 1 308
44 45 325
44 34 849
44 34 850
44 34 859
44 34 860
44 34 866
44 34 869
44 34 875
44 34 876
44 34 877
44 34 878
44 34 879
44 34 882
44 34 883
44 34 884
44 34 892
44 34 895
44 34 896
44 34 897
44 34 898
44 34 899
44 34 900
44 34 901
44 34 902
44 34 905
44 138 849
44 138 857
44 138 858
44 138 872
44 138 875
44 138 876
44 138 881
44 138 884
44 138 892
44 138 900
44 138 905
44 138 906
44 216 895
212 75 212
212 75 236
212 87 221
212 84 302
212 69 311
212 69 312
212 69 314
212 69 317
212 135 321
212 6 544
212 6 545
212 23 562
212 23 563
212 23 565
212 19 573
212 126 587
212 126 588
212 10 592
57 8 186
57 8 189
57 8 193
57 8 194
57 8 195
57 8 196
57 8 197
57 8 198
57 8 203
57 8 204
57 8 206
57 8 223
57 8 230
57 8 231
57 8 232
57 8 238
57 8 239
57 8 250
57 180 419
57 180 424
57 180 425
57 180 427
57 180 430
57 180 431
57 180 433
57 180 437
57 180 452
8 160 228
8 136 234
8 144 236
8 144 244
8 53 256
8 53 257
8 53 271
8 87 363
8 87 364
8 75 376
118 160 229
118 215 683
118 215 684
118 215 685
118 215 686
118 215 687
118 215 689
118 215 690
118 215 691
118 215 692
118 215 693
118 215 696
118 215 697
118 215 704
118 215 705
118 215 707
118 215 711
118 215 714
118 215 719
118 215 726
118 215 732
118 196 683
118 196 688
118 196 690
118 196 691
118 196 692
118 196 693
118 196 694
118 196 697
118 196 698
118 196 705
118 196 706
118 196 726
118 31 686
118 31 691
118 31 693
118 31 699
118 31 707
118 31 708
118 31 709
118 31 713
118 31 714
118 31 723
118 31 726
118 31 728
118 4 729
118 21 743
144 82 198
144 117 467
144 117 468
144 117 469
144 117 470
144 117 471
144 117 473
144 117 475
144 117 476
144 117 477
144 117 478
144 117 479
144 117 480
144 117 482
144 117 483
144 117 484
144 117 485
144 117 486
144 117 492
144 117 493
144 117 495
144 117 496
144 117 498
144 117 499
144 117 500
144 117 503
144 117 505
144 117 506
144 117 519
144 117 522
144 117 523
144 117 524
144 117 525
144 117 526
144 117 527
144 117 528
144 117 529
144 117 531
144 117 535
144 117 536
144 117 537
144 117 543
144 117 545
144 117 546
144 117 555
144 117 561
144 192 495
144 192 496
144 145 506
144 145 531
144 202 539
144 202 546
82 200 204
82 200 205
82 200 209
82 200 210
82 200 217
82 200 222
82 200 223
82 201 319
82 201 338
82 201 344
82 201 369
82 201 386
82 201 473
82 201 726
82 201 727
82 102 358
82 83 625
82 203 628
82 20 694
82 127 725
82 127 726
82 204 737
82 204 738
160 68 204
160 68 206
160 68 224
160 68 231
160 68 232
160 68 248
160 68 358
160 68 363
160 68 364
160 68 365
160 68 366
160 68 368
160 68 370
160 68 371
160 68 375
160 68 376
160 68 378
160 68 379
160 68 380
160 68 381
160 68 382
160 68 383
160 68 384
160 149 208
160 149 213
160 149 236
160 149 239
160 149 248
160 152 724
160 152 726
160 152 733
160 152 749
160 152 750
160 152 860
160 152 861
160 152 865
160 152 867
160 152 868
160 152 869
160 152 870
160 137 727
160 188 730
160 188 731
160 188 734
160 188 738
160 188 739
160 188 745
160 188 747
160 188 748
160 188 750
160 188 832
160 188 833
160 188 838
160 188 866
160 188 868
160 188 869
160 143 750
160 143 751
160 143 833
160 143 869
160 64 855
160 208 858
68 135 360
68 180 722
68 180 724
68 180 725
68 180 731
68 180 740
68 180 752
68 180 753
68 180 754
68 180 755
68 180 756
68 180 757
68 180 761
68 180 762
68 180 763
68 180 765
68 180 766
68 180 767
68 180 768
68 180 771
68 180 773
68 180 774
68 180 782
68 180 793
68 180 794
68 180 797
68 180 801
68 180 802
68 180 804
68 180 805
68 180 808
68 180 809
68 180 810
68 180 811
68 180 816
68 180 817
68 180 818
68 180 819
68 180 820
68 180 832
68 180 836
68 180 837
68 180 838
68 180 839
68 180 899
68 180 900
68 180 902
68 180 903
68 180 905
68 180 908
68 180 914
68 180 922
68 180 923
68 180 924
68 180 931
68 180 934
68 180 935
68 180 936
68 70 730
68 70 779
68 108 736
68 34 755
68 21 761
68 166 777
68 153 802
68 187 888
68 187 889
68 187 890
68 187 893
68 187 905
68 187 914
68 187 915
68 187 918
68 187 920
68 187 921
68 187 922
68 187 924
68 187 926
68 187 929
68 187 931
68 187 932
68 187 935
68 187 937
68 154 902
68 78 927
200 63 531
200 63 532
200 63 533
200 63 539
200 63 547
200 63 548
200 63 561
200 63 567
200 63 568
200 63 571
200 63 580
200 63 581
200 63 591
200 63 595
200 63 596
200 63 597
200 63 598
200 63 621
200 63 622
200 63 623
200 63 624
200 63 625
200 63 627
200 63 629
200 63 633
200 63 634
200 63 643
200 63 647
200 63 648
200 187 533
200 53 560
200 53 575
200 53 622
200 53 630
200 53 631
200 53 632
200 53 633
200 53 634
200 53 638
200 53 639
200 53 640
200 53 643
200 53 645
200 53 648
200 53 649
200 53 650
200 161 648
200 161 649
200 161 650
75 149 208
75 149 211
75 149 212
75 149 213
75 149 223
75 149 240
75 149 242
75 149 243
75 149 244
75 149 245
75 149 246
75 149 247
75 149 248
75 149 249
75 149 250
75 149 251
75 149 252
75 149 254
75 149 255
75 149 256
75 149 257
75 149 258
75 149 259
75 151 211
75 151 212
75 151 214
75 151 218
75 151 229
75 151 230
75 151 233
75 151 240
75 151 241
75 151 242
75 151 243
75 151 244
75 151 245
75 151 246
75 151 247
75 151 249
75 151 250
75 151 251
75 151 252
75 151 253
75 151 254
75 151 255
75 151 256
75 151 257
75 151 258
75 151 259
75 151 260
75 151 268
75 151 269
75 151 271
75 151 272
75 151 276
75 151 277
75 151 278
75 102 317
75 102 331
75 102 335
75 102 350
75 102 352
75 102 357
75 102 362
75 102 365
75 102 375
75 102 383
75 187 328
75 187 330
75 187 331
75 187 332
75 187 333
75 187 334
75 187 335
75 187 336
75 187 338
75 187 339
75 187 341
75 187 342
75 187 343
75 187 344
75 187 346
75 178 362
75 15 362
149 79 276
149 79 277
149 79 278
149 79 282
149 79 284
149 79 285
149 79 288
149 79 292
149 79 293
149 79 294
149 79 295
149 79 298
149 79 299
149 79 301
149 79 302
149 79 303
149 79 305
149 79 307
149 79 308
151 135 361
151 92 605
151 214 606
151 47 625
151 26 628
151 26 648
151 77 629
151 88 629
151 88 637
151 88 651
151 3 630
151 3 631
151 71 658
151 31 702
87 90 358
87 62 423
87 62 424
87 62 425
87 62 450
87 180 425
87 180 427
87 136 440
87 136 441
87 136 442
87 136 443
87 136 445
87 136 452
87 156 516
87 194 523
87 194 524
87 76 523
87 76 524
87 76 525
87 76 526
87 76 527
87 76 528
87 76 529
53 58 528
53 58 545
53 58 552
53 58 561
53 58 570
53 58 571
53 58 572
53 58 574
53 58 575
53 58 580
53 58 603
53 58 606
53 58 615
53 58 622
53 58 648
53 6 545
53 6 546
53 23 546
53 19 577
53 152 648
53 152 649
53 152 650
136 126 395
136 126 396
136 126 397
136 126 398
136 126 400
136 126 401
136 126 402
136 126 403
136 126 404
136 126 408
136 126 409
136 126 410
136 126 411
136 126 412
136 126 413
136 126 414
136 126 415
136 126 416
136 126 417
136 126 418
136 126 422
136 126 423
136 126 427
136 126 428
136 126 431
136 126 432
136 126 433
136 126 434
136 126 435
136 126 437
136 126 439
136 126 440
136 126 441
136 126 442
136 126 443
136 126 444
136 126 445
136 126 448
136 126 449
136 126 451
136 126 453
136 126 455
136 126 456
136 126 457
136 126 458
136 126 466
136 126 467
136 69 410
136 99 413
136 99 415
136 99 416
104 194 587
104 194 588
104 194 589
104 194 606
104 194 616
104 194 619
104 194 691
104 36 591
104 83 591
104 208 591
104 208 595
104 208 597
104 208 605
104 208 606
104 208 607
104 208 613
104 208 616
104 208 617
104 208 618
104 208 619
104 10 616
104 102 675
104 102 676
104 132 679
98 187 330
98 187 331
98 187 335
98 187 336
98 187 341
98 187 345
98 187 346
98 54 421
98 54 432
98 90 428
98 90 429
69 178 240
69 178 242
69 178 243
69 178 244
69 178 248
69 178 249
69 178 250
69 178 251
69 178 252
69 178 253
69 178 254
69 178 255
69 178 256
69 178 257
69 178 258
69 178 260
69 178 261
69 178 262
69 178 263
69 178 264
69 178 265
69 178 266
69 178 267
69 178 271
69 178 272
69 178 273
69 178 290
69 178 293
69 178 298
69 178 300
69 178 302
69 178 304
69 178 305
69 178 306
69 178 307
69 178 308
69 178 316
69 178 320
69 178 322
69 178 323
69 178 325
69 178 326
69 178 327
69 178 328
69 178 336
69 178 349
69 178 358
69 178 359
69 178 362
69 178 364
69 178 415
69 178 416
69 178 424
69 178 425
69 178 426
69 178 427
69 178 430
69 15 241
69 15 242
69 15 243
69 15 244
69 15 245
69 15 246
69 15 248
69 15 249
69 15 250
69 15 251
69 15 252
69 15 253
69 15 254
69 15 255
69 15 256
69 15 257
69 15 258
69 15 260
69 15 261
69 15 262
69 15 264
69 15 265
69 15 267
69 15 276
69 15 277
69 15 278
69 15 279
69 15 280
69 15 282
69 15 284
69 15 285
69 15 286
69 15 288
69 15 289
69 15 298
69 15 299
69 15 300
69 15 313
69 15 317
69 15 327
69 15 328
69 15 329
69 15 330
69 15 331
69 15 332
69 15 333
69 15 342
69 15 349
69 15 359
69 15 360
69 15 370
69 15 411
69 15 412
69 15 418
69 15 419
69 125 285
69 90 302
69 67 406
69 67 410
69 67 411
69 67 431
69 67 432
69 67 442
69 67 449
69 67 452
69 67 453
69 67 505
69 67 538
69 67 541
69 67 542
69 67 543
69 190 415
69 194 507
69 194 521
69 194 523
69 194 524
178 16 242
178 16 244
178 16 245
178 16 246
178 16 247
178 16 248
178 16 249
178 16 250
178 16 251
178 16 252
178 16 253
178 16 254
178 16 255
178 16 256
178 16 257
178 16 258
178 16 259
178 16 260
178 16 261
178 16 263
178 16 264
178 16 265
178 16 266
178 16 270
178 16 288
178 16 303
178 16 307
178 16 309
178 16 313
178 16 325
178 16 328
178 16 356
178 16 373
178 16 413
178 135 360
178 92 604
178 26 681
178 26 684
178 20 699
183 15 241
183 15 416
183 63 241
183 152 730
183 152 746
183 143 735
15 125 289
15 90 297
15 90 298
15 135 322
15 135 323
15 135 357
15 45 424
15 45 425
15 45 426
15 45 427
15 45 428
15 45 429
15 45 430
15 45 431
15 45 432
15 92 424
15 92 425
15 9 426
15 9 427
15 9 431
15 58 433
15 58 434
63 122 531
63 50 533
63 50 568
63 23 546
63 23 547
63 23 548
63 23 549
63 46 549
63 46 552
63 19 559
63 19 577
63 203 604
63 71 621
63 152 648
16 125 285
16 185 636
16 185 638
16 185 639
16 185 641
16 185 644
16 185 649
16 213 644
16 213 646
16 213 647
16 213 677
16 21 674
16 21 692
16 21 698
16 21 699
16 73 690
16 50 695
16 208 724
16 137 725
45 9 415
45 9 416
45 9 417
45 9 419
45 9 423
45 9 433
45 9 438
45 9 442
45 9 445
45 9 447
45 9 448
45 9 449
45 9 453
45 9 454
45 9 455
45 9 456
45 9 457
45 9 460
45 9 461
45 9 463
45 9 464
45 9 467
45 9 468
45 9 470
45 9 474
45 9 489
45 9 494
45 9 495
45 9 497
45 9 501
45 9 502
45 9 503
45 9 504
45 213 457
45 171 457
45 76 482
45 161 484
45 71 500
66 79 275
66 79 276
66 79 277
66 79 279
66 79 280
66 79 281
66 79 282
66 79 283
66 79 284
66 79 294
66 79 302
66 79 303
66 79 304
66 79 305
66 137 684
66 33 685
79 112 778
185 206 643
185 206 644
185 206 665
185 206 692
185 206 723
185 206 741
185 6 650
185 132 650
185 132 726
185 132 741
185 43 662
185 43 701
185 43 723
185 20 672
185 20 673
185 20 691
185 20 692
185 20 704
185 20 711
185 20 713
185 20 715
185 20 716
185 20 723
185 84 691
185 127 712
185 36 716
185 88 741
49 190 284
49 190 297
49 190 298
49 190 304
49 190 310
49 190 413
49 190 446
49 190 447
49 116 367
49 137 395
49 152 408
49 152 533
49 165 408
49 165 409
49 165 410
49 165 411
49 165 414
49 95 536
49 95 539
49 95 540
49 6 548
49 6 549
49 6 551
49 23 549
49 111 550
190 90 286
190 90 317
190 90 318
190 90 319
190 90 389
190 90 436
190 90 437
190 90 440
190 90 447
190 131 435
190 131 439
190 105 769
190 105 770
190 105 772
190 105 773
190 105 774
190 105 776
190 105 777
190 105 778
190 105 782
190 105 791
190 105 792
190 105 793
190 105 794
190 105 795
190 105 796
190 105 797
90 52 287
90 52 314
90 52 315
90 52 316
90 52 318
90 52 321
90 52 322
90 52 323
90 52 329
90 52 331
90 52 332
90 52 333
90 52 334
90 52 335
90 52 336
90 52 337
90 52 338
90 52 355
90 52 356
90 52 357
90 52 358
90 52 360
90 52 361
90 52 362
90 52 363
90 52 364
90 52 365
90 52 366
90 52 368
90 52 369
90 52 370
90 52 371
90 52 372
90 52 373
90 52 374
90 52 375
90 52 376
90 52 377
90 52 378
90 52 379
90 52 380
90 52 381
90 52 384
90 52 385
90 52 407
90 52 434
90 52 440
90 52 447
90 52 448
90 130 299
90 1 308
90 1 309
90 206 402
90 131 437
90 131 438
90 131 439
90 150 918
90 150 965
90 150 967
90 150 969
90 150 970
90 150 973
90 150 974
90 150 975
90 150 976
90 150 983
90 150 984
90 150 1002
90 150 1008
90 150 1017
90 150 1018
90 78 960
90 154 970
90 97 1017
90 97 1018
125 36 637
125 36 638
125 36 639
125 36 688
125 36 690
125 20 707
52 1 400
52 1 403
52 147 953
52 147 957
52 147 958
52 147 960
52 147 961
52 147 962
52 147 963
52 147 964
52 147 966
52 147 968
52 147 975
52 147 980
52 147 982
52 147 985
52 147 991
52 147 1001
52 147 1005
52 147 1007
52 147 1008
176 127 514
176 127 515
176 127 518
176 127 522
176 127 524
176 127 526
176 127 530
176 127 531
176 127 534
176 127 536
176 127 538
176 127 539
176 127 549
176 127 550
176 127 557
176 127 559
176 127 560
176 127 563
176 127 566
176 127 567
176 127 568
176 127 569
176 127 574
176 127 575
176 127 576
176 127 579
176 127 591
176 127 603
176 127 606
176 127 608
176 127 613
176 127 626
176 127 628
176 127 629
176 127 631
176 127 632
176 117 568
176 210 605
176 210 608
176 210 616
176 210 622
176 46 613
176 100 625
176 100 626
176 100 628
176 27 628
176 27 630
130 187 310
130 187 311
130 187 312
130 187 313
130 187 314
130 187 315
130 187 316
130 187 317
130 187 318
130 187 319
130 187 320
84 100 694
84 33 696
84 33 705
84 33 706
84 33 707
84 33 712
84 33 715
84 33 717
84 33 720
84 137 704
84 137 705
84 137 706
84 46 706
84 156 720
135 105 306
135 105 320
135 105 323
135 105 324
135 105 334
135 105 356
135 105 357
135 105 359
135 105 366
135 105 367
135 105 368
135 188 733
135 188 739
135 188 751
135 188 832
135 188 833
135 188 868
135 188 869
105 187 311
105 67 769
105 67 770
105 67 771
105 67 772
105 67 773
105 67 781
105 67 794
105 67 795
105 67 796
105 67 797
105 180 771
105 216 778
105 204 794
105 204 795
1 150 390
1 171 390
1 46 403
1 165 407
1 103 416
187 110 352
187 110 353
187 110 354
187 110 355
187 110 357
187 110 358
187 110 361
187 110 362
187 110 363
187 110 364
187 110 371
187 199 353
187 199 354
187 199 355
187 199 356
187 199 357
187 199 360
187 199 361
187 199 363
187 199 364
187 199 365
187 199 368
187 199 374
187 199 375
187 199 377
187 199 378
187 116 379
187 116 380
187 116 382
187 116 383
187 116 384
187 116 385
187 116 394
187 116 395
187 116 397
187 116 398
187 116 400
187 116 401
187 116 402
187 116 403
187 116 404
187 116 407
187 116 408
187 116 412
187 116 413
187 116 418
187 102 380
187 102 381
187 102 382
187 102 383
187 102 385
187 102 386
187 102 388
187 102 389
187 102 394
187 102 395
187 102 397
187 102 398
187 102 399
187 102 400
187 102 401
187 102 402
187 102 403
187 102 404
187 102 405
187 102 406
187 102 407
187 102 408
187 102 412
187 102 413
187 102 418
187 126 419
187 126 905
187 99 421
187 99 422
187 99 425
187 99 428
187 99 430
187 99 431
187 99 433
187 99 434
187 99 441
187 99 442
187 99 445
187 99 446
187 71 462
187 71 463
187 71 464
187 71 465
187 71 466
187 71 467
187 71 468
187 71 469
187 71 471
187 71 472
187 71 476
187 71 478
187 71 480
187 188 463
187 186 467
187 186 476
187 33 469
187 33 471
187 171 472
187 6 493
187 6 503
187 6 517
187 6 519
187 6 520
187 6 521
187 6 525
187 6 526
187 6 530
187 23 499
187 23 500
187 23 501
187 23 504
187 23 516
187 23 518
187 23 519
187 23 520
187 23 521
187 23 522
187 23 524
187 23 525
187 23 526
187 23 529
187 23 530
187 23 531
187 95 507
187 95 508
187 95 509
187 95 510
187 95 511
187 95 512
187 95 513
187 95 514
187 95 515
187 95 516
187 95 517
187 95 518
187 95 519
187 55 510
187 55 511
187 55 512
187 55 513
187 55 514
187 55 517
187 55 518
187 58 532
187 58 540
187 122 535
187 111 537
187 40 721
187 40 722
187 40 724
187 40 735
187 40 736
187 40 737
187 40 738
187 40 751
187 40 759
187 40 761
187 40 767
187 40 768
187 40 770
187 40 775
187 40 776
187 40 777
187 40 781
187 40 782
187 40 783
187 40 784
187 40 785
187 40 786
187 40 788
187 40 789
187 40 790
187 40 803
187 40 805
187 40 806
187 40 807
187 40 811
187 40 812
187 40 813
187 40 815
187 40 816
187 40 817
187 40 820
187 40 821
187 40 833
187 40 834
187 40 848
187 40 911
187 40 916
187 40 917
187 40 918
187 40 923
187 40 926
187 64 786
102 182 328
102 182 329
102 182 332
102 182 333
102 182 337
102 182 338
102 182 340
102 182 342
102 182 343
102 182 344
102 182 347
102 121 346
102 121 407
102 121 411
102 121 412
102 121 413
102 121 414
102 121 417
102 121 501
102 121 503
102 121 504
102 121 512
102 121 514
102 121 515
102 121 516
102 121 517
102 121 518
102 121 520
102 121 522
102 121 537
102 121 556
102 121 559
102 121 563
102 121 582
102 121 604
102 121 610
102 121 625
102 121 628
102 121 643
102 121 644
102 121 700
102 121 710
102 121 722
102 121 724
102 121 729
102 121 732
102 121 733
102 121 734
102 121 735
102 121 736
102 121 743
102 121 747
102 137 655
201 162 697
201 162 698
201 162 702
201 162 703
201 162 707
201 162 709
201 162 712
201 162 724
201 162 725
201 162 726
201 162 727
201 162 732
201 162 733
201 162 738
201 162 740
201 162 742
201 162 762
201 162 766
201 162 852
201 162 853
201 162 854
201 162 855
201 162 861
201 162 862
201 162 863
201 162 864
201 156 702
201 46 725
182 107 379
182 107 384
182 107 387
182 107 390
182 107 392
182 107 414
182 121 414
182 121 416
182 121 869
182 103 419
182 103 420
182 103 426
182 103 427
182 103 432
182 103 438
182 103 439
182 103 440
182 103 443
182 103 444
182 103 447
182 103 448
182 103 449
182 103 450
182 103 451
182 103 453
182 103 454
182 103 455
182 103 456
182 103 457
182 110 450
182 110 456
182 110 457
182 209 458
182 78 459
182 78 470
182 78 473
182 78 474
182 78 477
182 194 465
182 166 707
182 166 861
182 166 866
182 166 869
182 166 873
182 59 707
182 59 842
182 59 843
182 59 845
182 59 847
182 59 848
182 59 862
182 145 707
182 145 716
182 7 857
182 7 863
182 97 866
182 12 869
107 116 330
107 116 331
107 116 332
107 116 333
107 116 334
107 116 336
107 116 337
107 116 338
107 116 339
107 116 340
107 116 341
107 116 342
107 116 343
107 116 344
107 116 345
107 116 347
107 116 348
107 116 349
107 116 350
107 116 352
107 116 353
107 116 354
107 116 355
107 116 356
107 116 357
107 116 358
107 116 360
107 116 361
107 116 363
107 116 364
107 116 365
107 116 366
107 116 367
107 116 368
107 116 369
107 116 371
107 116 372
107 116 373
107 116 374
107 116 375
107 116 376
107 116 377
107 116 379
107 116 380
107 116 381
107 116 382
107 116 384
107 116 385
107 116 392
107 116 393
107 116 394
107 116 395
107 116 397
107 116 398
107 116 399
107 116 400
107 116 401
107 116 402
107 116 403
107 116 404
107 116 405
107 116 406
107 116 408
107 116 409
107 116 410
107 116 415
107 116 416
107 116 418
107 116 421
107 116 422
107 116 430
107 116 431
107 116 432
107 116 434
107 116 435
107 116 436
107 116 437
107 116 438
107 116 439
107 116 440
107 116 441
107 116 442
107 116 443
107 116 444
107 116 445
107 116 446
107 116 447
107 116 448
107 116 449
107 116 450
107 116 451
107 116 452
107 116 453
107 116 454
107 116 456
107 116 457
107 116 463
107 116 467
107 116 469
107 116 470
107 116 471
107 116 472
107 116 473
107 116 474
107 116 475
107 116 476
107 116 477
107 116 478
107 116 479
107 116 482
107 116 483
107 116 484
107 116 485
107 116 486
107 116 487
107 116 490
107 116 491
107 116 492
107 116 493
107 116 494
107 116 495
107 116 496
107 116 497
107 116 500
107 116 502
107 116 505
107 116 507
107 116 508
107 116 509
107 116 510
107 116 511
107 116 513
107 116 519
107 116 523
107 116 528
107 116 531
107 116 538
107 116 539
107 116 540
107 116 541
107 116 542
107 116 543
107 116 544
107 116 545
107 116 546
107 116 547
107 116 550
107 116 551
107 116 552
107 116 553
107 116 554
107 116 555
107 116 557
107 116 558
107 116 560
107 116 564
107 116 565
107 116 566
107 116 567
107 116 569
107 116 570
107 116 571
107 116 572
107 116 573
107 116 574
107 116 575
107 116 576
107 116 577
107 116 579
107 116 581
107 116 592
107 116 595
107 116 596
107 116 597
107 116 598
107 116 599
107 116 600
107 116 601
107 116 602
107 116 605
107 116 606
107 116 607
107 116 609
107 116 611
107 116 614
107 116 615
107 116 619
107 116 632
107 116 633
107 116 634
107 116 635
107 116 642
107 116 647
107 116 671
107 116 674
107 116 675
107 116 676
107 116 677
107 116 678
107 116 679
107 116 680
107 116 687
107 116 688
107 116 689
107 116 690
107 116 691
107 116 694
107 116 695
107 116 696
107 116 697
107 116 698
107 116 703
107 116 708
107 116 711
107 116 712
107 116 713
107 116 714
107 116 715
107 116 716
107 116 717
107 116 718
107 116 719
107 116 721
107 116 723
107 116 725
107 116 726
107 116 727
107 116 728
107 116 730
107 116 731
107 116 737
107 116 738
107 116 739
107 116 740
107 116 741
107 116 742
107 116 744
107 116 745
107 116 746
107 116 749
107 116 750
107 116 751
107 116 752
107 116 753
107 116 754
107 116 755
107 116 756
107 116 759
107 116 760
107 116 762
107 116 763
107 116 764
107 116 765
107 147 396
107 147 397
107 126 418
107 126 419
107 33 581
107 33 582
107 132 661
107 192 667
107 26 675
107 163 677
107 6 751
107 6 752
107 6 753
107 6 754
107 41 762
116 206 374
116 85 394
116 72 729
116 72 730
116 72 736
116 72 737
116 72 748
116 70 731
116 70 737
116 70 738
116 70 769
116 70 771
116 70 772
116 70 792
116 70 793
116 70 801
116 70 805
116 70 806
116 70 807
116 70 808
116 70 809
116 70 810
116 70 813
116 70 814
116 70 817
116 70 818
116 70 819
116 70 820
116 70 821
116 70 822
116 70 823
116 70 824
116 70 825
116 70 827
116 70 828
116 70 829
116 43 762
116 73 769
116 73 806
116 73 810
116 73 819
116 73 839
116 6 780
116 67 781
116 180 782
116 62 785
116 197 792
116 197 802
116 197 805
116 166 833
114 199 345
114 199 346
114 199 348
114 199 349
114 199 350
114 199 351
114 199 352
114 199 363
114 199 364
114 199 380
114 199 381
114 199 382
114 199 383
114 199 384
114 199 385
114 199 400
114 199 401
114 199 402
114 199 403
114 199 404
114 199 408
114 199 413
114 199 414
114 199 415
114 199 416
114 199 417
114 199 418
114 199 419
114 199 420
114 199 421
114 199 423
114 199 424
114 199 425
114 199 446
114 199 447
114 199 448
114 46 425
114 40 763
114 22 763
114 22 769
114 22 770
114 138 856
199 27 701
199 27 702
199 27 703
199 27 704
199 27 707
199 27 708
199 27 709
199 27 710
199 27 713
199 27 721
199 27 733
199 27 769
199 27 773
199 27 785
199 27 787
199 27 804
199 27 806
199 27 807
199 27 808
199 27 847
199 204 708
199 4 715
199 59 836
199 177 839
199 177 840
199 177 841
121 26 675
121 26 679
121 168 770
121 168 771
121 163 770
121 157 845
121 157 846
121 157 848
121 157 850
121 157 851
121 157 853
121 157 859
121 157 863
121 157 889
121 157 903
121 157 904
121 157 908
121 157 920
121 157 922
121 157 933
121 157 935
121 157 936
121 157 951
121 216 853
121 34 855
121 34 903
121 186 856
121 186 885
121 122 857
121 83 857
121 162 861
121 64 867
121 108 884
121 138 903
121 23 909
121 133 910
121 193 910
121 193 915
141 46 356
141 46 365
141 46 386
141 46 534
141 46 547
141 145 405
110 206 387
110 206 398
110 206 407
110 206 409
110 206 411
110 206 422
110 126 409
110 126 411
110 126 412
110 126 414
110 126 415
110 126 417
110 126 419
110 99 415
110 99 416
110 99 422
110 99 424
110 99 425
46 85 405
46 85 409
46 85 416
46 85 436
46 85 443
46 85 445
46 85 551
46 85 552
46 10 568
46 10 569
46 10 571
46 10 572
46 10 577
46 10 580
46 10 581
46 10 582
46 10 583
46 10 585
46 10 586
46 10 587
46 10 588
46 10 589
46 10 590
46 10 591
46 10 592
46 10 593
46 10 594
46 10 595
46 10 598
46 10 599
46 10 600
46 10 602
46 10 603
46 10 604
46 10 605
46 10 607
46 10 612
46 10 614
46 10 615
46 10 616
46 10 617
46 162 573
46 162 575
46 195 574
46 6 584
46 23 584
46 126 596
46 214 599
46 203 607
46 203 613
46 127 624
46 127 652
46 127 663
46 127 676
46 127 681
46 127 690
46 127 708
46 127 709
46 127 710
46 127 715
46 156 690
46 11 694
46 20 704
46 20 707
46 20 708
46 20 713
46 20 717
46 20 723
46 206 712
150 159 357
150 159 381
150 159 388
150 159 389
150 159 391
150 159 398
150 159 402
150 159 406
150 159 407
150 159 413
150 159 414
150 159 417
150 159 420
150 159 421
150 159 435
150 159 441
150 159 455
150 159 456
150 159 462
150 159 463
150 159 465
150 159 466
150 159 474
150 159 492
150 159 501
150 159 504
150 159 505
150 159 506
150 159 507
150 159 517
150 159 518
150 159 522
150 159 523
150 159 524
150 159 525
150 159 526
150 159 527
150 159 528
150 159 529
150 159 530
150 159 531
150 159 532
150 159 533
150 159 534
150 159 535
150 159 536
150 159 537
150 159 538
150 159 539
150 159 548
150 159 550
150 159 551
150 159 555
150 159 556
150 147 408
150 126 471
150 108 866
150 108 867
159 156 407
159 156 408
159 145 416
159 145 417
159 145 429
159 145 430
159 145 432
159 78 498
159 85 848
159 85 849
159 85 854
159 85 855
159 85 856
159 85 857
159 85 858
159 85 859
159 85 860
159 85 862
159 85 863
159 85 865
159 85 866
159 85 867
159 85 879
159 85 880
159 85 882
159 85 901
159 85 902
159 85 906
159 85 966
159 85 968
159 85 972
159 85 977
159 85 985
159 85 1009
159 85 1010
159 166 876
159 97 1017
159 97 1018
206 33 693
206 137 741
220 171 378
220 171 379
220 171 381
220 171 382
220 171 383
220 171 384
220 171 385
220 171 386
220 171 387
220 171 388
220 171 403
220 171 404
220 171 406
220 171 408
220 171 412
220 171 413
220 171 414
220 171 415
220 171 416
220 171 417
220 171 420
220 171 421
220 171 422
220 171 423
220 171 424
220 171 425
220 171 426
220 171 427
220 171 428
220 171 429
220 171 430
220 171 431
220 171 432
220 171 434
220 171 439
220 171 440
220 171 441
220 171 442
220 171 443
220 171 444
220 171 445
220 171 450
220 171 458
220 171 461
220 171 462
220 171 464
220 171 472
220 171 473
220 171 475
220 9 455
220 9 457
171 95 408
171 95 409
171 81 431
171 81 441
171 76 441
171 36 442
171 92 448
171 92 450
171 30 448
171 9 455
171 9 456
171 209 461
171 70 465
171 70 466
171 70 467
171 70 468
171 70 469
171 70 470
171 70 471
171 70 473
171 39 467
171 78 472
171 202 472
171 93 659
171 93 661
171 93 662
171 93 664
171 93 665
171 93 669
171 93 670
171 93 672
171 93 673
171 93 675
171 93 679
171 93 682
171 93 683
171 93 684
171 93 686
171 93 687
171 93 708
171 93 711
171 93 712
171 93 713
171 93 716
171 93 717
171 93 718
171 93 719
171 93 720
171 93 724
171 93 725
171 93 726
171 93 727
171 93 728
171 93 729
171 93 730
171 93 731
171 93 741
171 93 745
171 93 748
171 93 751
171 93 752
171 93 758
171 93 759
171 93 760
171 93 761
171 93 762
171 93 763
171 93 765
171 93 767
171 93 770
171 168 662
171 168 663
171 168 667
171 168 670
171 168 671
171 168 673
171 168 676
171 168 677
171 168 683
171 168 686
171 168 688
171 168 694
171 168 695
171 168 696
171 168 700
171 168 713
171 168 714
171 168 716
171 168 720
171 168 721
171 168 722
171 168 728
171 168 734
171 168 736
171 168 737
171 168 738
171 168 739
171 168 740
171 168 741
171 168 742
171 168 748
171 168 749
171 168 750
171 168 753
171 168 754
171 168 755
171 168 756
171 168 757
171 168 760
171 168 761
171 168 762
171 168 763
171 168 765
171 168 766
171 168 767
171 168 768
171 168 769
171 168 770
171 26 678
58 39 535
58 207 540
58 207 551
58 207 560
58 207 572
58 207 573
58 27 618
58 50 646
161 165 391
161 165 394
161 165 403
161 165 405
161 165 407
161 165 408
161 165 412
161 165 413
161 165 414
161 165 416
161 165 499
161 165 506
161 165 535
161 165 552
161 165 562
161 165 565
161 165 569
161 165 573
161 165 575
161 165 576
161 165 577
161 165 579
161 165 580
161 165 581
161 165 582
161 165 586
161 165 587
161 165 590
161 165 591
161 165 605
161 165 607
161 165 610
161 165 626
161 165 632
161 165 634
161 165 635
161 165 640
161 165 646
161 202 464
161 202 467
161 202 468
161 202 469
161 202 471
161 202 472
161 202 473
161 202 474
161 202 475
161 202 476
161 202 477
161 202 478
161 202 479
161 202 480
161 202 481
161 202 482
161 202 483
161 202 484
161 202 485
161 202 487
161 202 489
161 202 490
161 202 491
161 202 492
161 202 493
161 202 494
161 202 495
161 202 496
161 202 497
161 202 498
161 202 499
161 19 465
161 19 493
161 217 469
161 217 470
161 217 471
161 217 472
161 217 473
161 217 474
161 217 475
161 217 479
161 217 483
161 217 490
161 217 498
161 217 499
161 194 477
161 156 481
161 2 482
161 117 491
161 78 491
161 192 497
165 85 408
165 85 409
165 207 647
165 127 684
165 127 685
165 127 686
165 137 693
156 137 394
156 137 395
156 137 400
156 137 402
156 137 404
156 137 407
156 137 408
156 137 415
156 137 416
156 137 426
156 137 437
156 137 438
156 137 440
156 137 533
156 137 534
156 137 535
156 137 539
156 137 540
156 137 542
156 137 546
156 137 548
156 137 550
156 137 553
156 137 556
156 137 624
156 137 686
156 137 687
156 137 688
156 137 689
156 137 690
156 137 693
156 137 694
156 137 695
156 137 696
156 137 704
156 152 516
156 153 702
156 153 705
156 33 723
137 127 623
137 127 624
137 127 629
137 127 663
137 127 664
137 127 665
137 127 672
137 127 673
137 127 694
137 127 695
137 127 699
137 127 706
137 127 708
137 127 709
137 127 710
137 127 725
137 43 624
137 43 654
137 43 665
137 43 666
137 43 710
137 43 712
137 47 646
137 23 651
137 142 672
137 33 687
137 33 720
137 20 687
137 20 688
137 20 704
137 20 726
137 154 703
137 162 703
137 162 706
137 162 707
137 208 704
137 208 706
137 153 723
137 88 741
85 23 548
85 23 549
85 23 550
85 23 551
85 186 868
85 108 872
85 108 873
85 108 874
85 138 904
126 103 405
126 103 409
126 103 410
126 103 411
126 103 412
126 103 413
126 103 414
126 103 415
126 103 416
126 103 417
126 103 418
126 62 428
126 92 429
126 92 430
126 92 440
126 92 441
126 92 443
126 78 488
126 78 489
126 76 489
126 209 489
126 202 564
126 153 565
126 207 588
126 195 597
126 27 601
126 33 612
126 97 869
126 97 872
126 128 897
147 145 398
147 145 399
147 145 401
147 145 403
147 145 405
147 145 409
147 145 410
147 145 417
147 145 425
147 145 429
147 145 431
147 145 439
147 145 448
147 145 449
147 145 450
147 145 451
147 145 452
147 145 453
147 145 454
147 145 456
147 145 457
147 145 458
147 145 459
147 145 460
147 145 461
147 145 462
147 145 463
147 145 464
147 145 465
147 145 466
147 145 467
147 145 468
147 145 469
147 145 470
147 145 471
147 145 472
147 145 473
147 145 474
147 145 475
147 145 476
147 145 477
147 145 478
147 145 479
147 145 480
147 145 481
147 145 482
147 145 483
147 145 484
147 145 485
147 145 486
147 145 487
147 145 489
147 145 490
147 145 491
147 145 492
147 145 497
147 145 498
147 145 506
147 145 507
147 145 508
147 145 509
147 145 510
147 145 513
147 145 516
147 145 517
147 145 520
147 145 527
147 145 530
147 145 538
147 145 541
147 145 545
147 145 547
147 145 549
147 145 551
147 145 552
147 145 554
147 145 555
147 145 559
147 145 560
147 145 561
147 145 563
147 145 564
147 145 565
147 145 566
147 145 567
147 145 568
147 145 569
147 145 570
147 145 571
147 145 572
147 145 573
147 145 574
147 145 575
147 145 576
147 145 577
147 145 578
147 145 579
147 145 580
147 145 581
147 145 582
147 145 583
147 145 584
147 145 585
147 145 586
147 145 587
147 145 588
147 145 594
147 145 595
147 145 596
147 145 597
147 145 598
147 145 599
147 145 600
147 145 601
147 145 602
147 145 603
147 145 604
147 145 605
147 145 606
147 145 607
147 145 608
147 145 609
147 145 610
147 145 612
147 145 613
147 145 614
147 145 702
147 145 705
147 145 708
147 145 709
147 145 710
147 145 712
147 145 719
147 145 720
147 76 510
147 26 512
147 209 514
147 209 518
147 203 702
147 162 703
147 208 707
147 208 708
145 202 505
145 202 511
145 152 516
145 127 693
145 127 696
145 11 694
145 11 698
145 64 696
145 64 804
145 64 883
145 59 702
145 153 705
145 166 855
103 131 409
103 131 410
103 131 411
103 131 412
103 131 414
103 131 417
103 131 418
103 64 866
103 64 867
103 188 867
103 214 910
103 122 910
67 76 408
67 76 411
67 76 412
67 76 413
67 76 415
67 76 431
67 76 442
67 76 449
67 76 547
67 119 444
67 196 769
67 196 772
67 196 773
67 196 774
67 196 776
67 196 778
67 196 779
67 196 780
67 196 782
67 196 783
67 196 789
67 196 794
67 196 795
67 196 796
67 196 797
152 173 507
152 173 516
152 173 519
152 173 557
152 173 563
152 173 568
152 173 574
152 173 578
152 173 606
152 173 628
152 173 633
152 173 637
152 173 638
152 173 639
152 70 524
76 54 417
76 119 441
76 119 443
76 78 485
76 78 486
76 202 522
76 194 524
76 39 546
95 59 501
95 59 502
95 59 503
95 59 504
95 59 505
95 59 509
95 59 510
95 59 511
95 59 513
95 59 514
95 59 517
95 59 518
95 59 520
95 59 521
95 59 522
95 59 523
95 59 528
95 59 529
95 59 531
95 59 532
95 59 533
95 59 535
95 59 536
95 59 537
95 59 538
95 59 542
95 59 543
95 59 546
95 59 556
95 59 557
95 59 558
95 6 519
95 209 525
95 217 548
131 26 606
36 119 409
36 119 443
36 119 444
36 119 469
36 119 472
36 119 473
36 27 613
36 27 625
119 2 470
119 21 744
119 21 746
119 21 747
119 21 748
119 21 749
119 21 750
119 21 751
119 21 752
119 21 754
119 21 755
119 21 756
119 21 757
119 21 758
119 21 760
119 21 761
119 21 762
119 21 764
119 21 766
119 21 767
119 21 768
119 21 771
119 21 772
119 21 773
119 21 774
119 21 775
119 21 777
119 21 779
119 21 780
119 21 781
119 21 782
119 21 783
119 21 784
119 21 785
119 21 786
119 21 787
119 21 788
119 21 789
119 21 790
119 21 792
119 21 795
119 21 796
119 21 804
119 21 806
119 21 816
119 21 817
119 21 818
119 21 821
119 21 822
119 21 824
119 21 831
119 21 832
119 21 833
119 21 834
119 21 835
119 21 837
119 21 838
119 21 839
119 21 840
119 21 841
119 21 845
119 21 849
119 21 851
119 21 852
119 21 853
119 21 854
119 21 855
119 21 856
119 21 857
119 21 858
119 21 859
119 21 860
119 21 861
119 193 842
92 9 423
92 202 464
92 202 470
92 202 497
92 202 550
92 202 551
92 202 567
92 202 570
92 202 571
92 202 572
92 202 587
92 202 588
92 202 590
92 202 594
92 202 604
92 202 605
92 202 606
92 202 607
92 217 465
92 217 466
92 217 471
92 217 472
92 217 498
92 217 561
92 217 562
92 217 564
92 217 565
92 217 566
92 217 567
92 217 568
92 217 580
92 217 581
92 217 583
92 217 584
92 217 585
92 217 586
92 217 587
92 217 588
92 217 589
92 217 590
92 217 591
92 217 592
92 217 593
92 217 594
92 217 595
92 217 596
92 217 597
92 217 598
92 217 599
92 217 600
92 217 601
92 217 602
92 217 604
92 217 605
92 197 482
92 2 494
92 23 532
92 153 547
92 221 569
92 221 571
92 221 572
92 221 601
92 221 605
92 221 607
92 78 587
92 78 593
92 78 594
99 6 515
99 23 515
99 23 518
99 55 515
99 55 530
99 55 534
99 55 545
62 193 720
62 193 721
62 193 724
62 193 725
62 193 726
62 193 730
62 193 734
62 193 735
62 193 736
62 193 744
62 193 745
62 193 746
62 193 747
62 193 748
62 193 749
62 193 751
62 193 752
62 193 753
62 193 754
62 193 755
62 193 761
62 193 763
62 193 765
62 193 768
62 193 771
62 193 774
62 193 775
62 193 776
62 193 777
62 193 779
62 193 782
62 193 783
62 193 784
62 193 785
62 193 786
62 193 790
62 193 792
62 193 793
62 193 797
62 193 798
62 193 799
62 193 800
62 193 801
62 193 802
62 193 804
62 193 805
62 193 806
62 193 807
62 193 832
62 193 833
62 193 834
62 193 836
62 193 837
62 193 844
62 193 845
62 193 846
62 193 847
62 193 848
62 193 850
62 193 852
62 193 855
62 193 857
62 193 864
62 193 865
62 193 866
62 193 874
62 193 882
62 193 883
62 193 884
62 193 886
62 193 887
62 193 892
62 193 896
62 193 897
62 193 898
62 193 899
62 193 900
62 193 901
62 193 902
62 193 906
62 40 724
62 40 735
62 40 736
62 40 737
62 40 738
62 40 742
62 40 744
62 40 758
62 40 761
62 40 764
62 40 765
62 40 769
62 40 770
62 40 771
62 40 772
62 40 774
62 40 775
62 40 777
62 40 778
62 40 780
62 40 782
62 40 783
62 40 784
62 40 785
62 40 786
62 40 787
62 40 792
62 40 807
62 40 808
62 40 810
62 40 811
62 40 814
62 40 815
62 40 816
62 40 817
62 40 818
62 40 819
62 40 820
62 40 827
62 40 828
62 40 829
62 40 830
62 40 831
62 40 833
62 40 834
62 40 836
62 40 838
62 40 839
62 40 840
62 40 842
62 40 843
62 40 900
62 40 901
62 40 902
62 40 903
62 40 904
62 40 909
62 40 911
62 40 912
62 40 913
62 40 914
62 40 916
62 40 917
62 40 918
62 40 919
62 40 920
62 40 921
62 40 923
62 40 924
62 40 926
62 40 936
62 40 937
62 133 905
62 7 907
9 180 423
9 177 457
9 177 458
9 197 482
9 2 482
9 33 500
81 210 481
81 203 729
81 64 742
81 77 743
180 40 721
180 40 727
180 40 751
180 40 757
180 40 761
180 40 768
180 40 770
180 40 771
180 40 780
180 40 781
180 40 782
180 40 784
180 40 786
180 40 787
180 40 788
180 40 791
180 40 793
180 40 802
180 40 803
180 40 805
180 40 808
180 40 810
180 40 811
180 40 812
180 40 813
180 40 814
180 40 815
180 40 816
180 40 817
180 40 818
180 40 819
180 40 820
180 40 821
180 40 832
180 40 833
180 40 834
180 40 836
180 40 844
180 40 855
180 40 856
180 40 857
180 40 858
180 40 859
180 40 860
180 40 865
180 40 866
180 40 867
180 40 869
180 40 889
180 40 893
180 40 894
180 40 902
180 40 903
180 40 904
180 40 916
180 40 917
180 40 918
180 40 920
180 40 923
180 40 924
180 40 926
180 40 958
180 40 1019
180 40 1033
180 40 1047
180 40 1053
180 40 1062
180 40 1067
180 193 721
180 193 722
180 193 745
180 193 754
180 193 755
180 193 756
180 193 757
180 193 758
180 193 759
180 193 762
180 193 763
180 193 764
180 193 765
180 193 768
180 193 769
180 193 772
180 193 774
180 193 781
180 193 782
180 193 784
180 193 785
180 193 786
180 193 788
180 193 789
180 193 790
180 193 791
180 193 792
180 193 794
180 193 795
180 193 796
180 193 797
180 193 798
180 193 800
180 193 803
180 193 808
180 193 810
180 193 811
180 193 812
180 193 813
180 193 814
180 193 815
180 193 816
180 193 817
180 193 818
180 193 819
180 193 820
180 193 821
180 193 822
180 193 823
180 193 824
180 193 826
180 193 828
180 193 829
180 193 830
180 193 831
180 193 832
180 193 833
180 193 836
180 193 838
180 193 839
180 193 840
180 193 841
180 193 842
180 193 843
180 193 844
180 193 845
180 193 846
180 193 847
180 193 848
180 193 849
180 193 850
180 193 851
180 193 852
180 193 853
180 193 855
180 193 856
180 193 863
180 193 864
180 193 866
180 193 867
180 193 870
180 193 874
180 193 875
180 193 880
180 193 882
180 193 884
180 193 886
180 193 892
180 193 894
180 193 895
180 193 896
180 193 897
180 193 898
180 193 899
180 193 900
180 193 901
180 193 903
180 193 904
180 193 908
180 193 912
180 193 913
180 193 919
180 193 920
180 193 921
180 193 922
180 193 924
180 193 931
180 193 935
180 193 937
180 193 1018
180 193 1019
180 193 1021
180 193 1023
180 193 1025
180 193 1026
180 193 1038
180 193 1039
180 193 1040
180 193 1041
180 193 1044
180 193 1046
180 193 1047
180 193 1048
180 193 1049
180 193 1050
180 193 1067
180 193 1068
180 193 1076
180 22 772
180 64 787
180 204 792
180 12 802
180 23 909
54 26 679
54 3 679
54 127 679
54 100 680
19 23 466
19 221 580
177 23 469
177 128 692
177 128 708
177 128 709
177 128 711
177 128 712
177 128 717
177 128 718
177 128 725
177 128 732
177 128 733
177 128 777
177 128 778
177 128 779
177 128 780
177 128 781
177 128 784
177 128 785
177 128 786
177 128 803
177 128 804
177 128 805
177 128 809
177 128 810
177 128 818
177 128 824
177 128 825
177 128 827
177 128 829
177 128 830
177 128 833
177 128 839
177 128 840
177 128 841
177 128 846
177 128 874
177 128 882
177 64 695
177 64 698
177 64 699
177 64 708
177 64 712
177 64 773
177 64 776
177 64 779
177 64 780
177 64 781
177 64 783
177 64 784
177 64 785
177 64 841
177 64 846
177 64 882
177 64 883
177 154 695
177 154 717
177 154 718
177 154 733
177 154 761
177 154 772
177 154 796
177 142 701
177 188 861
177 188 864
177 138 869
209 7 843
209 7 847
209 7 857
209 7 871
209 7 889
209 7 891
209 7 893
209 7 911
209 7 912
209 7 913
209 7 914
209 7 915
209 7 917
209 7 918
209 7 919
209 7 920
209 7 921
209 7 922
209 7 924
209 7 946
209 7 948
209 34 869
209 193 906
209 193 907
209 23 909
194 202 444
194 202 446
194 202 447
194 202 448
194 202 449
194 202 450
194 202 451
194 202 452
194 202 453
194 202 454
194 202 455
194 202 456
194 202 457
194 202 458
194 202 459
194 202 460
194 202 461
194 202 463
194 202 464
194 202 465
194 202 466
194 202 467
194 202 468
194 202 469
194 202 470
194 202 474
194 202 475
194 202 476
194 202 477
194 202 478
194 202 479
194 202 480
194 202 481
194 202 482
194 202 490
194 202 494
194 202 495
194 202 496
194 202 503
194 202 504
194 202 509
194 202 518
194 202 519
194 202 520
194 202 524
194 202 525
194 33 487
194 195 493
194 122 526
194 215 617
202 192 466
202 210 468
202 210 470
202 210 475
202 210 479
202 210 489
202 210 490
202 210 543
202 210 545
202 210 546
202 210 547
202 210 550
202 210 567
202 210 569
202 210 575
202 210 576
202 210 577
202 210 578
202 210 579
202 210 580
202 210 581
202 210 587
202 210 590
202 210 602
202 210 604
202 213 473
202 78 487
202 26 506
202 26 511
202 26 512
202 162 545
202 162 546
202 162 548
202 162 549
202 162 550
202 162 558
202 162 561
202 162 562
202 162 563
202 162 564
202 162 565
202 162 569
202 162 570
202 162 572
202 162 575
202 162 576
202 162 577
202 162 578
202 162 579
202 162 580
202 162 583
202 162 584
202 162 587
202 162 588
202 162 589
202 162 593
202 162 594
202 162 595
202 162 597
202 162 598
202 162 600
202 162 605
202 162 606
202 162 607
202 214 569
202 214 571
202 214 572
202 214 575
202 214 594
202 214 595
202 214 599
202 214 600
202 214 601
202 214 606
202 214 607
202 88 574
202 10 576
30 20 549
30 20 550
30 20 551
30 20 552
30 20 553
30 20 554
30 20 555
30 20 556
30 20 557
30 20 558
30 20 559
30 20 560
30 20 563
30 20 564
30 20 565
30 20 566
30 20 567
30 20 568
30 20 570
30 20 571
30 20 572
30 20 573
30 20 574
30 20 576
30 20 577
30 20 578
30 20 579
30 20 580
30 20 581
30 20 582
30 20 583
30 20 584
30 20 585
30 20 586
30 20 587
30 20 588
30 20 589
30 20 590
30 20 591
30 20 592
30 20 593
30 20 594
30 20 595
30 20 596
30 20 597
30 20 598
30 20 599
30 181 553
30 207 577
192 71 453
192 71 454
192 71 455
192 71 457
192 71 466
192 71 467
192 71 468
192 71 469
192 71 470
192 71 471
192 71 472
192 71 483
192 71 491
192 71 596
192 71 609
192 71 610
192 71 611
192 71 617
192 71 623
192 71 624
192 71 625
192 71 626
192 71 627
192 71 628
192 71 629
192 71 631
192 71 632
192 71 633
192 71 634
192 71 639
192 71 640
192 71 641
192 71 642
192 71 643
192 71 644
192 71 646
192 71 647
192 71 677
192 71 678
192 71 679
192 71 680
192 33 455
192 33 466
192 33 470
192 33 594
192 33 595
192 33 597
192 33 617
192 33 618
192 33 619
192 33 678
192 33 682
192 33 684
192 33 690
192 33 708
192 33 709
192 33 710
192 188 465
192 188 487
192 188 500
192 195 497
192 20 669
192 203 674
192 26 680
192 31 705
71 72 454
71 72 456
71 72 457
71 72 460
71 72 462
71 72 476
71 72 492
71 72 500
71 72 501
71 72 582
71 72 624
71 70 479
71 70 498
71 117 493
71 39 496
71 39 498
71 191 574
71 195 574
71 195 659
71 195 660
71 195 661
71 195 663
71 195 664
71 195 665
71 221 589
71 221 595
71 217 593
71 31 617
71 173 638
71 93 663
71 204 702
71 204 708
71 204 709
71 204 712
71 204 716
71 204 724
71 204 725
71 204 729
71 204 730
71 204 731
71 204 732
71 204 736
71 204 737
71 204 742
71 204 743
71 204 745
71 204 748
71 204 750
71 204 784
71 204 792
78 33 456
78 33 458
78 33 466
78 33 488
78 33 493
78 33 495
78 33 585
78 33 586
78 33 596
78 33 608
78 33 609
78 33 618
78 33 633
78 33 637
78 33 638
78 33 639
78 33 678
78 88 574
78 88 651
78 88 658
78 88 659
78 88 661
78 88 664
78 162 586
78 162 588
78 162 589
78 162 594
78 195 594
78 214 598
78 214 860
78 210 598
78 10 599
78 10 600
78 10 602
78 10 606
78 203 606
78 23 651
78 186 850
78 186 851
78 186 852
78 186 853
78 186 854
78 186 855
78 186 857
78 186 858
78 186 859
78 186 860
78 186 861
78 186 862
78 186 863
78 186 864
78 186 865
78 186 866
78 186 868
78 186 869
78 186 872
78 186 874
78 186 876
78 186 888
78 186 895
78 186 896
78 186 899
78 186 900
78 186 901
78 186 902
78 186 907
78 186 928
78 186 930
78 186 934
78 186 937
78 186 938
78 186 940
78 186 965
78 186 966
78 186 967
78 186 968
78 186 969
78 186 971
78 186 972
78 186 973
78 186 981
78 186 982
78 122 857
78 108 884
78 40 921
78 40 922
78 193 927
78 56 973
72 33 457
72 33 458
72 33 461
72 33 492
72 33 497
72 33 498
72 33 596
72 33 597
72 33 610
72 33 611
72 33 638
72 33 639
72 10 600
72 77 729
72 77 730
72 77 736
72 77 737
72 77 740
72 112 731
72 112 733
31 203 683
31 203 685
31 203 687
31 203 690
31 203 693
31 203 695
31 203 698
31 203 707
31 203 708
31 203 709
31 203 710
31 203 713
31 203 717
31 203 719
31 203 721
31 203 722
31 203 724
31 203 725
31 203 726
31 203 727
31 203 729
31 203 730
31 203 731
31 20 685
31 222 699
31 222 708
31 222 709
31 222 720
31 222 721
31 222 725
31 222 727
31 132 736
33 2 495
33 83 581
33 83 582
33 83 583
33 83 584
33 83 585
33 83 586
33 83 587
33 83 589
33 83 590
33 83 592
33 83 593
33 83 594
33 83 596
33 83 597
33 83 599
33 83 601
33 83 602
33 83 618
33 83 622
33 83 624
33 83 631
33 83 632
33 83 636
33 83 638
33 100 592
33 203 592
33 26 614
33 88 628
33 73 690
33 11 699
33 127 702
33 127 703
33 132 702
33 132 703
33 132 704
33 132 705
33 132 706
33 132 712
33 20 704
33 20 707
33 20 716
33 38 723
39 64 457
39 64 473
39 64 474
39 64 475
39 64 481
39 64 482
39 64 483
39 64 484
39 64 485
39 64 486
39 64 488
39 64 490
39 64 491
39 64 492
39 64 493
39 64 494
39 64 495
39 64 502
39 64 506
39 64 507
39 64 510
39 64 511
39 64 513
39 64 527
39 64 528
39 64 529
39 64 533
39 64 536
39 64 537
39 64 538
39 64 548
39 64 549
39 55 873
64 166 695
64 166 696
64 166 700
64 166 705
64 166 709
64 166 713
64 166 722
64 166 731
64 166 766
64 166 767
64 166 778
64 166 779
64 166 783
64 166 799
64 166 805
64 166 831
64 166 846
64 166 855
64 166 859
64 166 875
64 166 877
64 166 878
64 166 880
64 166 881
64 166 882
64 163 740
64 21 769
64 21 771
64 21 842
64 112 786
64 112 787
64 56 788
64 197 788
64 193 839
64 193 840
64 193 841
213 6 650
213 20 671
213 20 673
213 20 677
213 20 683
213 20 684
213 20 689
213 20 691
213 20 692
213 20 693
213 20 695
213 20 696
213 20 713
213 20 714
213 20 721
213 127 723
213 88 741
41 2 461
41 2 465
41 2 467
41 2 468
41 2 476
41 2 478
41 2 497
41 2 498
41 2 499
41 2 500
41 2 504
41 2 515
41 2 516
41 191 498
41 191 499
41 191 512
41 191 515
41 191 517
41 193 755
41 193 761
41 196 785
2 197 461
2 197 465
2 197 473
2 197 474
2 197 475
2 197 480
2 197 481
2 197 483
2 197 484
2 197 485
2 197 487
2 197 490
2 197 493
2 197 494
2 197 496
2 197 497
2 197 498
2 197 499
2 197 500
2 197 504
2 197 511
2 197 514
197 50 786
197 77 799
197 77 802
197 77 805
188 117 502
188 143 724
188 143 745
188 143 748
188 143 749
188 143 750
188 143 846
188 143 863
188 143 868
188 143 869
188 143 870
188 168 736
188 59 852
188 59 855
188 59 859
188 7 861
6 23 464
6 23 465
6 23 467
6 23 469
6 23 472
6 23 473
6 23 474
6 23 475
6 23 476
6 23 477
6 23 478
6 23 479
6 23 480
6 23 481
6 23 482
6 23 483
6 23 485
6 23 486
6 23 487
6 23 488
6 23 489
6 23 490
6 23 491
6 23 492
6 23 493
6 23 494
6 23 495
6 23 497
6 23 498
6 23 499
6 23 500
6 23 501
6 23 503
6 23 504
6 23 505
6 23 507
6 23 508
6 23 509
6 23 510
6 23 511
6 23 512
6 23 513
6 23 515
6 23 516
6 23 517
6 23 518
6 23 519
6 23 520
6 23 521
6 23 522
6 23 523
6 23 525
6 23 528
6 23 529
6 23 530
6 23 531
6 23 533
6 23 534
6 23 536
6 23 537
6 23 538
6 23 539
6 23 540
6 23 541
6 23 542
6 23 543
6 23 544
6 23 546
6 23 551
6 23 554
6 23 555
6 23 556
6 23 570
6 23 575
6 23 576
6 23 578
6 23 586
6 23 589
6 23 590
6 23 594
6 23 595
6 23 617
6 23 619
6 23 620
6 23 621
6 23 622
6 23 625
6 23 626
6 23 632
6 23 635
6 23 638
6 23 640
6 23 641
6 23 644
6 23 645
6 23 647
6 23 648
6 23 649
6 23 662
6 23 671
6 23 672
6 23 674
6 23 675
6 23 684
6 23 685
6 23 686
6 23 691
6 23 693
6 23 694
6 23 697
6 23 698
6 23 700
6 23 701
6 23 703
6 23 704
6 23 707
6 23 718
6 23 720
6 23 721
6 23 722
6 23 724
6 23 725
6 23 727
6 23 728
6 23 729
6 23 730
6 23 732
6 23 735
6 23 736
6 23 737
6 23 738
6 23 739
6 23 740
6 23 742
6 23 743
6 23 744
6 23 746
6 23 748
6 23 749
6 23 750
6 23 751
6 23 752
6 23 753
6 23 756
6 23 757
6 23 758
6 23 760
6 23 761
6 23 762
6 23 763
6 23 764
6 23 765
6 23 766
6 23 767
6 23 768
6 23 769
6 23 770
6 23 771
6 23 772
6 23 773
6 23 774
6 23 777
6 23 778
6 23 779
6 23 780
6 23 781
6 23 782
6 59 517
6 3 649
6 26 649
6 127 649
6 50 735
6 50 781
6 77 780
23 207 545
23 207 547
23 207 548
23 207 549
23 207 551
23 207 579
23 207 580
23 10 583
23 10 584
23 10 588
23 10 589
23 93 587
23 93 651
23 195 625
23 210 643
23 3 649
23 132 649
23 50 735
23 154 890
23 154 891
70 112 732
70 112 733
70 112 750
70 112 751
70 112 752
70 112 753
70 112 754
70 112 758
70 112 759
70 112 761
70 112 767
70 112 768
70 112 769
70 112 793
70 193 774
70 193 793
70 40 778
217 162 545
217 162 546
217 162 547
217 162 550
217 162 552
217 162 553
217 162 554
217 162 555
217 162 556
217 162 557
217 162 558
217 162 574
217 162 575
217 162 576
217 162 577
217 162 578
217 162 579
217 162 580
217 162 581
217 162 584
217 162 589
217 162 595
217 162 596
217 162 600
217 162 601
217 214 601
217 214 602
217 214 605
186 7 896
117 210 547
117 195 563
117 214 568
117 214 852
117 214 853
117 214 865
117 214 866
117 214 871
117 214 910
117 122 568
117 83 858
117 108 909
153 195 540
153 162 544
153 162 546
153 122 568
153 208 699
153 208 700
153 208 701
153 208 704
153 208 710
153 208 734
153 208 741
153 208 747
153 208 801
153 208 802
153 208 806
153 208 807
153 208 808
153 208 811
153 208 812
153 208 813
153 208 814
153 208 815
153 208 818
153 208 820
153 208 822
153 208 823
153 208 824
153 208 839
153 208 841
153 208 850
210 26 549
210 26 631
210 26 632
210 26 633
210 122 605
210 10 606
210 10 607
210 10 608
210 10 609
210 10 610
210 10 612
210 10 613
210 77 626
210 77 627
195 88 556
195 88 562
195 88 563
195 88 570
195 88 571
195 88 574
195 88 591
195 88 597
195 88 613
195 88 619
195 88 627
195 88 628
195 88 629
195 88 636
195 88 638
195 88 640
195 88 641
195 88 658
195 88 659
195 88 661
195 88 664
195 88 667
195 88 669
195 88 674
195 88 676
195 88 680
195 88 681
195 88 682
195 88 685
195 88 687
195 88 688
195 88 692
195 88 694
195 88 695
195 88 696
195 88 697
195 88 698
195 88 699
195 88 701
195 88 702
195 88 712
195 88 713
195 88 714
195 88 721
195 10 570
195 26 648
191 88 558
191 88 566
191 88 571
191 88 572
191 88 573
191 88 574
191 88 575
191 88 576
191 88 586
191 88 605
191 88 606
191 88 607
191 88 608
191 88 617
191 88 618
191 88 623
191 88 634
191 88 681
191 88 696
191 88 697
191 88 698
191 88 705
191 88 707
191 88 712
191 88 713
191 88 723
191 88 727
191 26 565
191 10 571
191 132 727
59 154 697
59 154 700
59 154 705
59 154 706
59 154 707
59 50 793
59 55 832
59 138 875
26 3 540
26 3 545
26 3 560
26 3 566
26 3 568
26 3 578
26 3 585
26 3 586
26 3 592
26 3 595
26 3 598
26 3 599
26 3 602
26 3 603
26 3 604
26 3 606
26 3 614
26 3 627
26 3 631
26 3 649
26 3 650
26 3 651
26 3 652
26 3 653
26 3 654
26 3 657
26 3 674
26 3 675
26 3 677
26 3 679
26 3 682
26 3 684
26 3 685
26 88 624
26 100 631
26 100 632
26 132 649
173 166 841
173 166 844
173 166 845
173 166 847
173 166 849
173 166 852
173 166 855
173 166 860
173 166 861
173 38 844
55 12 741
55 12 742
55 12 743
55 12 744
55 12 745
55 12 746
55 12 747
55 12 748
55 12 749
55 12 751
55 12 752
55 12 753
55 12 754
55 12 755
55 12 756
55 12 757
55 12 758
55 12 764
55 12 766
55 12 767
55 12 768
55 12 769
55 12 770
55 12 771
55 12 775
55 12 780
55 12 781
55 12 782
55 12 783
55 12 784
55 12 785
55 12 787
55 12 788
55 12 789
55 12 790
55 12 791
55 12 792
55 12 800
55 12 806
55 12 807
55 12 808
55 12 809
55 12 810
55 12 811
55 12 812
55 12 814
55 12 815
55 12 816
55 12 817
55 12 818
55 12 820
55 12 821
55 12 823
55 12 824
55 12 826
55 12 827
55 12 828
55 12 829
55 12 830
55 12 831
55 12 832
55 12 833
55 12 834
55 12 835
55 12 836
55 12 837
55 12 838
55 12 839
55 12 840
55 12 841
55 12 843
55 12 844
55 12 846
55 12 847
55 12 850
55 12 851
55 12 852
55 12 853
55 12 854
55 12 855
55 12 856
55 12 857
55 12 858
55 12 868
55 12 869
55 12 870
55 12 871
55 12 872
55 12 873
55 12 874
55 12 875
55 21 745
55 21 789
55 21 790
55 128 780
55 112 784
55 112 786
55 157 873
181 122 513
181 122 516
181 122 519
181 122 521
181 122 523
181 122 525
181 122 527
181 122 528
181 122 529
181 122 532
181 122 533
181 122 535
181 122 537
181 122 540
181 122 544
181 122 551
181 122 552
181 122 553
181 122 558
181 122 607
181 122 609
181 122 610
181 122 611
181 122 612
181 122 617
181 122 630
181 203 609
181 203 610
181 203 614
181 83 889
181 83 893
181 83 914
181 83 915
181 83 933
181 83 935
181 83 936
181 83 939
181 83 941
181 83 943
181 83 947
181 83 949
181 83 957
181 83 959
181 83 961
181 83 964
181 83 970
122 10 594
122 207 597
122 207 879
122 27 625
122 100 625
122 3 628
127 208 724
50 211 619
50 211 623
50 211 624
50 211 637
50 211 639
50 211 652
50 211 655
50 211 657
50 211 658
50 211 659
50 211 664
50 211 665
50 211 669
50 211 706
50 211 731
50 211 738
50 211 739
50 211 740
50 211 759
50 211 771
50 211 777
50 211 784
50 211 791
50 211 799
50 211 800
50 142 624
50 56 638
50 56 641
50 56 644
50 56 645
50 56 657
50 56 684
50 56 685
50 56 686
50 56 691
50 56 692
50 56 694
50 56 695
50 56 697
50 56 707
50 56 749
50 56 750
50 56 752
50 56 765
50 56 791
50 56 793
50 56 795
50 56 796
50 56 797
50 20 689
50 128 777
50 108 782
50 108 784
50 108 785
50 108 786
50 216 798
207 83 859
3 27 541
3 27 542
3 27 543
3 27 544
3 27 546
3 27 555
3 27 556
3 27 561
3 27 562
3 27 564
3 27 573
3 27 579
3 27 580
3 27 581
3 27 582
3 27 583
3 27 584
3 27 587
3 27 588
3 27 590
3 27 596
3 27 597
3 27 600
3 27 601
3 27 605
3 27 619
3 27 630
3 93 564
3 88 595
3 73 676
27 203 550
27 203 551
27 203 552
27 203 553
27 203 556
27 203 634
27 203 635
27 203 636
27 88 562
27 88 564
27 88 565
27 83 625
27 128 841
27 22 842
203 215 683
203 215 684
203 215 689
203 215 690
203 215 693
203 215 699
203 215 704
203 215 709
203 215 710
203 215 720
203 215 726
203 215 730
203 4 722
203 11 724
162 221 573
162 221 575
162 221 594
162 221 600
162 221 604
162 221 605
162 221 606
162 221 607
162 10 576
162 10 598
162 20 720
162 20 723
162 193 732
20 132 696
20 132 714
20 132 715
20 132 723
20 11 698
20 11 699
88 143 727
93 77 745
93 77 746
93 77 747
93 77 748
93 77 759
83 7 895
100 215 615
100 77 616
100 77 619
100 77 717
100 77 718
100 77 719
100 77 720
100 77 724
100 77 728
100 77 745
100 77 746
100 132 725
142 142 600
142 142 601
142 142 602
142 142 603
142 142 604
142 142 606
142 142 607
142 142 608
142 142 609
142 142 610
142 142 611
142 142 614
142 142 619
142 142 620
142 142 621
142 142 623
142 142 625
142 142 627
142 142 628
142 142 629
142 142 631
142 142 639
142 142 640
142 142 658
142 142 659
142 142 661
142 142 672
142 142 683
142 142 684
142 142 686
142 142 690
142 142 698
142 142 706
43 34 752
43 34 753
43 34 754
43 34 756
43 34 757
43 34 758
43 34 759
43 34 760
43 34 761
43 34 762
43 34 768
43 34 771
43 34 785
43 34 786
43 34 797
43 34 799
43 34 801
43 34 804
43 34 805
43 34 806
43 34 808
43 34 818
43 34 819
43 34 820
43 34 821
43 34 822
43 34 823
43 34 824
43 34 825
43 34 826
43 34 827
43 34 828
43 34 829
43 34 830
43 34 831
43 34 832
43 34 833
43 47 766
43 112 811
43 73 838
77 73 691
77 73 806
77 73 810
77 73 832
77 73 833
77 73 838
77 73 839
77 73 840
77 108 735
77 108 749
77 108 762
77 108 829
77 211 740
77 163 744
77 163 745
77 163 746
77 163 747
77 163 748
77 163 750
77 163 751
77 163 752
77 163 754
77 163 755
77 163 756
77 163 757
77 163 758
77 168 745
77 168 747
77 168 748
77 168 749
77 168 750
77 168 754
77 168 755
77 168 756
77 168 757
77 112 770
77 112 775
77 112 776
77 112 778
77 21 790
77 128 795
211 73 691
47 218 622
47 218 636
47 218 654
47 218 660
47 218 661
47 218 662
47 218 663
47 218 666
47 218 705
47 7 862
47 7 895
47 166 872
47 133 893
47 97 896
218 56 792
56 133 779
97 168 658
97 168 659
97 168 660
97 168 666
97 168 667
97 168 669
97 168 670
97 168 675
97 168 683
97 168 686
97 168 687
97 168 690
97 168 692
97 168 693
97 168 700
97 168 713
97 168 714
97 168 720
97 168 732
97 168 733
97 168 741
97 168 749
97 168 751
97 168 754
97 168 755
97 168 758
97 168 760
97 168 761
97 168 764
97 168 765
97 168 766
97 168 767
97 168 866
97 157 856
97 157 858
97 138 860
97 138 899
97 7 864
97 7 895
97 34 869
97 34 896
97 34 898
97 163 926
168 112 756
168 22 766
168 166 854
168 166 855
168 166 866
21 4 748
21 4 749
21 112 772
21 196 791
73 193 779
163 112 757
163 196 770
163 22 877
163 22 878
163 22 879
163 22 880
163 22 881
163 22 882
163 22 883
163 22 884
163 22 885
163 22 886
163 22 887
163 22 888
163 22 889
163 22 892
163 22 893
163 22 894
163 22 895
163 22 896
163 22 897
163 22 898
163 22 902
163 22 903
163 22 904
163 22 913
163 22 914
163 22 915
163 22 916
163 22 917
163 22 923
163 22 924
163 22 926
163 22 927
163 22 928
163 128 898
163 7 906
196 112 781
196 204 794
196 204 795
128 166 693
128 166 696
128 166 698
128 166 700
128 166 704
128 166 705
128 166 707
128 166 709
128 166 713
128 166 716
128 166 780
128 166 783
128 166 784
128 166 786
128 166 792
128 166 793
128 166 794
128 166 795
128 166 799
128 166 855
128 166 857
128 166 873
128 166 874
128 166 878
128 166 882
128 223 775
128 223 777
128 223 778
128 223 781
128 223 783
128 223 791
128 223 792
128 223 793
128 223 797
128 223 798
128 223 800
128 223 801
128 223 806
128 223 808
128 223 809
128 223 810
128 223 811
128 223 813
128 223 814
128 223 815
128 223 816
128 223 817
128 223 818
128 223 819
128 223 820
128 223 821
128 223 822
128 223 833
128 223 837
128 223 895
128 223 899
128 7 909
166 154 695
166 154 700
166 154 870
166 193 777
166 34 872
166 12 872
166 12 873
166 12 874
154 157 856
154 138 856
4 193 744
204 34 794
204 112 797
193 108 736
193 108 737
193 108 798
193 34 755
193 34 756
193 112 793
193 12 813
193 12 814
193 12 816
193 40 1019
193 40 1023
193 40 1024
193 40 1025
193 40 1026
193 40 1027
193 40 1028
193 40 1029
193 40 1030
193 40 1031
193 40 1035
193 40 1049
193 40 1050
193 40 1051
193 40 1070
193 40 1076
193 40 1077
193 40 1081
193 40 1082
193 40 1083
193 40 1084
193 40 1085
193 40 1086
193 40 1087
193 40 1088
193 40 1089
193 40 1090
193 40 1092
193 40 1093
193 40 1094
193 40 1095
193 40 1096
193 40 1097
193 40 1098
193 40 1099
193 40 1100
193 40 1101
193 40 1102
193 40 1103
193 40 1107
40 12 754
40 112 784
40 112 785
40 112 786
40 112 787
40 112 788
38 12 873
38 157 873
112 112 728
112 112 731
112 112 732
112 112 770
12 34 756
12 34 787
34 133 848
34 133 849
34 133 851
34 133 857
34 133 858
34 133 859
34 133 872
34 133 879
34 133 880
34 133 881
34 133 884
34 133 885
34 133 887
34 133 888
34 133 893
34 133 894
34 133 898
34 133 899
34 133 901
34 133 903
34 133 904
34 133 905
22 133 897
22 133 898
216 7 839
216 7 840
216 7 841
216 7 842
216 7 844
216 7 846
216 7 849
216 7 850
216 7 851
216 7 852
216 7 853
216 7 854
216 7 855
216 7 856
216 7 864
216 7 870
216 7 872
216 7 873
216 7 874
216 7 877
216 7 878
216 7 894
216 7 896
216 7 897
216 7 898
216 7 899
216 7 900
216 7 901
216 133 908
216 133 909
216 133 910
216 133 915
216 133 922
216 133 923
216 133 924
216 133 928
216 133 929
216 133 930
216 133 931
216 133 932
216 133 933
216 133 934
216 133 939
216 133 940
216 133 941
216 133 943
7 157 853
7 138 856
