153 54 0
153 54 22
153 54 23
153 134 1
153 134 6
153 134 10
153 134 12
153 134 16
153 134 22
153 134 23
153 134 24
153 134 40
153 134 44
153 134 52
153 134 56
153 134 57
153 134 69
153 134 72
153 134 73
153 134 83
153 10 12
153 35 657
153 35 658
153 35 659
153 35 663
153 35 670
153 35 671
153 35 675
153 35 678
153 35 680
153 35 683
153 35 684
153 35 687
153 35 688
153 35 691
153 35 692
153 35 693
153 35 694
153 35 695
153 35 696
153 35 697
153 35 698
153 35 699
153 35 700
54 139 0
54 139 18
54 139 19
54 139 58
54 139 61
54 139 68
54 9 19
54 9 25
54 9 27
54 9 29
54 9 31
54 9 32
54 9 40
54 9 46
54 9 47
54 9 55
54 59 837
54 101 844
54 101 847
54 101 848
54 101 850
54 101 851
54 101 852
54 101 854
54 101 858
54 101 861
54 101 864
54 101 870
54 101 876
54 101 877
54 101 879
54 101 885
54 101 886
54 101 887
54 101 888
54 101 891
54 101 892
54 101 893
54 101 898
54 101 899
54 101 900
54 101 903
54 101 906
54 101 914
54 101 917
54 101 918
54 101 925
54 101 933
54 101 934
54 101 936
54 101 937
54 101 938
54 101 939
54 101 940
54 101 942
54 101 943
54 101 944
54 101 949
54 101 950
54 101 959
54 101 962
54 101 965
54 101 967
54 101 969
54 101 971
54 101 988
54 101 989
54 101 992
54 101 999
54 144 854
54 144 861
54 144 863
54 144 869
54 144 885
54 144 888
54 144 889
54 144 891
54 144 898
54 144 905
54 144 907
54 144 908
54 144 912
54 144 913
54 144 925
54 144 926
54 144 933
54 144 934
54 144 935
54 144 936
54 144 937
54 144 941
54 144 943
54 144 955
54 144 956
54 144 959
54 144 966
54 144 968
54 144 981
54 144 983
54 144 984
54 144 985
54 144 991
54 144 998
54 144 999
54 39 896
54 39 899
54 39 901
54 39 913
54 39 916
54 39 921
54 39 925
54 39 940
54 39 941
54 39 959
54 39 960
54 39 969
54 39 980
54 39 999
54 39 1000
54 39 1002
54 39 1003
54 39 1004
54 39 1006
54 39 1015
54 39 1016
54 39 1053
54 39 1063
54 39 1065
54 39 1066
54 39 1068
54 39 1069
54 39 1070
54 39 1076
54 39 1083
54 39 1089
54 39 1090
54 39 1091
54 39 1092
54 39 1094
54 39 1095
54 39 1098
54 39 1103
54 39 1105
54 39 1107
54 39 1115
54 39 1119
54 34 920
54 149 951
139 148 2
139 148 3
139 148 9
139 148 11
139 148 13
139 148 14
139 148 15
139 148 17
139 148 18
139 148 19
139 148 25
139 148 27
139 148 28
139 148 29
139 148 30
139 148 31
139 148 33
139 148 39
139 148 41
139 148 42
139 148 43
139 148 51
139 148 53
139 148 58
139 148 59
139 148 61
139 148 70
139 148 78
139 10 12
139 10 23
139 33 77
139 27 536
139 142 537
139 142 559
139 142 560
139 142 568
139 142 569
139 142 575
139 142 598
139 142 600
139 142 601
139 142 606
139 142 653
139 142 654
139 142 655
139 142 659
139 142 669
139 142 670
139 142 671
139 141 652
139 141 667
56 10 0
56 10 23
56 10 24
56 134 20
56 134 25
56 134 26
56 134 27
56 134 28
56 134 33
56 134 46
56 134 47
56 134 53
56 134 56
56 134 57
56 134 60
56 134 65
56 134 71
56 134 72
56 134 73
56 134 75
56 134 83
56 148 21
56 148 27
56 148 29
56 148 30
56 148 36
56 148 38
56 148 39
56 148 40
56 148 56
56 148 57
56 148 58
56 148 60
56 148 61
56 148 68
56 148 72
56 148 74
56 148 76
56 148 83
56 148 84
56 152 405
56 21 547
56 47 574
56 107 578
10 21 117
10 21 123
10 21 148
10 18 123
134 9 13
134 9 14
134 9 15
134 9 18
134 9 19
134 9 27
134 9 41
134 21 34
134 21 81
134 21 99
134 21 103
134 21 107
134 21 128
134 21 142
134 21 149
134 21 157
134 21 158
134 21 162
134 21 163
134 21 164
134 21 165
134 21 166
134 21 167
134 168 35
134 168 38
134 168 40
134 168 54
134 168 139
134 168 140
134 168 148
134 168 149
134 168 152
134 168 154
134 168 155
134 168 156
134 168 164
134 168 165
134 168 167
134 143 37
134 143 38
134 143 42
134 143 43
134 143 44
134 143 46
134 143 47
134 143 48
134 143 49
134 143 51
134 143 53
134 143 60
134 143 61
134 143 63
134 143 65
134 143 66
134 143 70
134 143 73
134 143 76
134 163 37
134 55 94
134 55 97
134 55 98
134 55 102
134 55 104
134 55 107
134 55 132
134 55 133
134 55 139
134 55 140
134 55 141
134 55 143
134 55 145
134 55 146
134 55 150
134 55 151
134 55 153
134 55 154
134 55 155
134 55 156
134 55 157
134 55 158
134 55 162
134 55 165
134 55 166
134 55 167
134 55 170
134 55 171
134 55 177
134 55 178
134 55 181
134 55 182
134 107 119
134 18 152
134 18 166
134 16 172
134 16 175
148 9 13
148 9 17
148 9 18
148 9 29
148 9 31
148 9 40
148 9 41
148 21 35
148 21 38
148 21 73
148 168 36
148 168 41
148 33 39
148 33 54
148 33 66
148 129 64
9 75 1133
9 48 1149
9 48 1150
9 48 1156
9 48 1157
9 48 1158
9 48 1163
9 48 1164
9 48 1173
9 48 1174
9 48 1176
9 48 1188
9 48 1196
9 48 1200
9 48 1211
9 48 1247
9 48 1264
9 48 1280
9 48 1282
9 48 1283
9 48 1285
9 137 1154
9 137 1173
9 137 1174
9 137 1175
9 137 1177
9 137 1211
9 137 1225
9 137 1226
9 137 1227
9 137 1237
9 137 1238
9 137 1252
9 137 1253
9 137 1254
9 137 1255
9 137 1257
9 137 1258
9 137 1259
9 137 1260
9 137 1263
9 137 1265
9 137 1267
9 137 1270
9 137 1278
9 137 1279
9 137 1282
9 137 1285
9 120 1157
9 120 1163
9 120 1165
9 120 1187
9 120 1188
9 120 1192
9 120 1224
9 120 1247
9 120 1252
9 120 1253
9 120 1261
9 120 1275
9 120 1278
9 120 1279
9 120 1283
9 120 1285
9 26 1165
9 132 1177
9 133 1270
98 66 25
98 66 29
98 66 33
98 66 34
98 66 35
98 66 36
98 66 37
98 66 38
98 66 39
98 66 40
98 66 41
98 66 42
98 66 55
98 66 57
98 66 64
98 66 69
98 66 70
98 66 73
98 66 75
98 66 77
98 66 94
98 66 100
98 66 102
98 66 110
98 66 111
98 66 123
98 66 124
98 66 125
98 66 129
98 66 130
98 66 154
98 66 155
98 66 156
98 66 196
98 14 25
98 14 26
98 14 27
98 14 28
98 14 29
98 14 30
98 14 37
98 14 38
98 14 39
98 14 41
98 14 42
98 14 43
98 14 44
98 14 45
98 14 46
98 14 47
98 14 48
98 14 51
98 14 52
98 14 53
98 14 64
98 14 70
98 14 75
98 14 77
98 14 81
98 14 82
98 14 87
98 14 91
98 14 108
98 14 110
98 14 112
98 14 113
98 14 114
98 14 117
98 14 118
98 14 119
98 14 121
98 14 122
98 14 123
98 14 124
98 14 125
98 14 126
98 14 127
98 14 128
98 14 129
98 14 130
98 14 134
98 14 138
98 14 139
98 14 140
98 14 143
98 14 144
98 14 153
98 14 157
98 14 184
98 14 195
98 25 29
98 25 30
98 25 36
98 25 38
98 25 39
98 25 40
98 25 41
98 25 43
98 25 47
98 25 48
98 25 54
98 25 58
98 25 59
98 25 66
98 25 72
98 25 73
98 25 77
98 25 99
98 25 101
98 25 102
98 25 110
98 25 121
98 25 122
98 25 123
98 25 124
98 25 125
98 25 127
98 25 128
98 25 129
98 25 134
98 25 140
98 25 141
98 25 142
98 25 143
98 25 144
98 25 145
98 25 183
98 25 184
98 25 198
98 21 42
98 21 75
98 168 75
98 129 91
98 129 98
98 16 192
98 68 195
98 68 198
66 14 27
66 14 28
66 14 29
66 14 30
66 14 31
66 14 32
66 14 33
66 14 36
66 14 37
66 14 38
66 14 39
66 14 41
66 14 42
66 14 43
66 14 46
66 14 59
66 14 60
66 14 61
66 14 62
66 14 63
66 14 69
66 14 76
66 14 84
66 14 97
66 14 110
66 14 117
66 14 122
66 14 124
66 14 128
66 14 184
66 24 35
66 24 36
66 24 42
66 24 43
66 24 45
66 24 46
66 24 47
66 24 48
66 24 51
66 24 52
66 24 53
66 24 54
66 24 57
66 24 60
66 24 66
66 24 74
66 24 78
66 24 86
66 24 92
66 24 93
66 24 101
66 135 50
66 173 75
66 15 577
66 15 578
14 25 26
14 25 27
14 25 28
14 25 29
14 25 30
14 25 32
14 25 33
14 25 41
14 25 43
14 25 47
14 25 50
14 25 59
14 25 73
14 25 75
14 25 76
14 25 77
14 25 78
14 25 84
14 25 88
14 25 108
14 25 109
14 25 110
14 25 120
14 25 121
14 25 122
14 25 123
14 25 125
14 25 126
14 25 127
14 25 128
14 25 129
14 25 131
14 25 134
14 25 135
14 25 136
14 25 138
14 25 139
14 25 140
14 25 143
14 25 144
14 25 146
14 25 151
14 25 152
14 25 157
14 25 184
14 25 185
14 25 186
14 25 187
14 25 188
14 25 190
14 25 191
14 25 192
14 25 196
14 33 41
14 33 42
14 33 43
14 33 70
14 24 42
14 24 48
14 24 60
14 24 193
14 15 49
14 129 58
14 129 91
14 21 72
14 21 73
14 21 74
14 21 75
14 173 76
14 68 121
14 68 123
14 68 125
14 68 129
14 93 146
14 16 192
25 68 28
25 68 29
25 68 30
25 68 37
25 68 44
25 68 49
25 68 58
25 68 67
25 68 73
25 68 75
25 68 95
25 68 96
25 68 100
25 68 102
25 68 103
25 68 110
25 68 121
25 68 122
25 68 123
25 68 125
25 68 126
25 68 127
25 68 128
25 68 130
25 68 133
25 68 147
25 68 183
25 68 184
25 173 75
25 20 75
25 15 135
25 15 192
25 135 511
25 135 525
25 135 539
25 135 672
25 135 677
25 135 681
25 7 598
25 7 642
25 7 643
25 19 610
25 8 644
25 133 653
25 133 654
25 12 657
25 12 661
68 33 55
68 129 55
68 131 756
68 131 757
68 2 760
68 2 772
68 2 782
68 2 804
68 2 813
68 2 814
68 118 767
68 118 814
68 147 768
68 147 778
68 112 795
68 112 797
68 112 803
68 112 804
68 64 804
68 80 814
21 17 34
21 17 37
21 17 38
21 17 39
21 17 43
21 17 46
21 17 56
21 17 62
21 17 67
21 17 71
21 17 78
21 17 81
21 17 82
21 17 93
21 17 99
21 17 100
21 17 105
21 17 109
21 17 110
21 17 111
21 17 114
21 17 117
21 17 119
21 17 121
21 17 132
21 17 145
21 17 148
21 17 151
21 17 170
21 17 171
21 173 34
21 173 38
21 173 41
21 173 44
21 173 46
21 173 55
21 173 61
21 173 65
21 173 68
21 173 77
21 173 81
21 173 82
21 173 85
21 173 86
21 173 87
21 173 88
21 173 89
21 173 91
21 173 92
21 173 93
21 173 95
21 173 96
21 173 108
21 173 109
21 173 111
21 173 118
21 173 142
21 173 143
21 173 144
21 173 145
21 173 159
21 173 160
21 173 161
21 173 162
21 173 166
21 173 169
21 173 170
21 173 171
21 173 172
21 168 39
21 168 42
21 168 43
21 168 47
21 168 53
21 168 63
21 168 72
21 168 74
21 33 40
21 33 55
21 24 74
21 169 83
21 169 112
21 169 125
21 169 153
21 169 162
21 169 166
21 169 168
21 169 172
21 40 100
21 40 101
21 57 101
21 57 103
21 57 107
21 57 108
21 57 127
21 57 142
21 57 157
21 57 158
21 57 160
21 57 161
21 57 162
21 57 164
21 57 165
21 57 166
21 111 117
21 111 121
21 72 405
21 72 406
21 72 561
21 72 562
17 33 37
17 33 53
17 168 41
17 168 42
17 168 48
17 168 62
17 168 81
17 168 82
17 168 97
17 168 108
17 168 111
17 168 115
17 168 119
17 168 141
17 168 170
17 168 171
17 164 110
17 69 466
17 69 469
17 69 470
17 69 471
17 69 472
17 69 474
17 69 480
17 69 496
17 69 497
17 69 499
17 69 503
17 69 512
17 69 514
17 69 515
17 69 517
17 69 521
17 69 539
17 69 541
17 69 542
17 69 543
17 69 544
17 69 548
17 69 551
17 69 562
17 69 568
17 69 569
17 69 575
17 69 578
17 69 579
17 69 580
17 95 602
17 95 603
17 95 604
17 95 607
17 95 608
17 157 603
17 1 604
17 1 607
17 1 608
173 18 43
173 18 49
173 18 53
173 18 61
173 18 66
173 18 142
173 18 169
173 33 66
173 163 68
173 143 73
173 81 121
173 128 121
173 128 134
173 128 147
173 55 142
173 55 161
173 164 164
173 164 171
173 164 683
173 164 684
173 164 694
173 164 696
173 164 708
173 164 709
173 164 713
173 164 714
173 164 730
173 164 732
173 164 733
173 164 734
173 164 737
173 164 738
173 164 740
173 164 753
173 164 756
173 164 757
173 164 758
173 164 784
173 164 785
173 164 787
173 164 789
173 164 790
173 164 795
173 164 820
173 147 683
173 147 684
173 147 685
173 147 687
173 147 691
173 147 692
173 147 696
173 147 700
173 147 708
173 147 709
173 147 713
173 147 714
173 147 726
173 147 736
173 147 737
173 147 740
173 147 741
173 147 742
173 147 743
173 147 744
173 147 745
173 147 747
173 147 749
173 147 751
173 147 752
173 147 753
173 147 758
173 147 760
173 147 769
173 147 778
173 147 781
173 147 794
173 147 799
173 147 800
173 147 804
173 147 805
173 147 813
173 147 814
173 147 825
173 129 683
173 129 685
173 129 691
173 129 692
173 129 693
173 129 694
173 129 695
173 129 700
173 129 706
173 129 710
173 129 713
173 129 728
173 129 730
173 129 731
173 129 732
173 129 733
173 129 738
173 129 756
173 129 758
173 129 761
173 129 767
173 129 768
173 129 773
173 129 775
173 129 777
173 129 778
173 129 787
173 129 788
173 129 790
173 129 793
173 129 794
173 129 795
173 129 796
173 129 797
173 129 798
173 129 799
173 129 802
173 129 803
173 129 804
173 129 805
173 129 807
173 129 817
173 129 827
173 44 739
173 64 777
173 112 783
173 167 797
168 15 48
168 33 54
168 33 67
168 18 66
168 20 90
168 20 94
168 20 116
168 40 101
168 57 112
168 57 118
168 57 119
168 57 139
168 57 140
168 57 141
168 57 147
168 57 149
168 57 150
168 57 155
168 57 156
168 57 158
168 57 160
168 111 121
168 169 168
168 169 172
33 18 35
33 18 39
33 18 44
33 18 64
33 20 51
33 20 54
33 20 63
33 20 84
33 163 56
33 129 69
33 15 83
18 20 42
18 20 44
18 20 55
18 20 58
18 20 60
18 20 61
18 20 77
18 20 98
18 20 124
18 20 131
18 20 134
18 20 135
18 20 136
18 20 140
18 20 144
18 20 146
18 20 149
18 20 169
18 57 107
18 57 123
18 57 142
18 57 166
18 57 167
18 111 121
18 169 169
18 26 597
18 135 652
18 135 653
18 135 654
18 135 655
18 70 658
24 162 1096
24 162 1098
24 162 1115
24 162 1116
24 162 1133
24 162 1136
24 162 1142
24 162 1151
24 162 1153
24 162 1154
24 162 1166
24 162 1170
24 162 1171
24 162 1195
24 162 1198
24 162 1209
24 162 1210
24 162 1211
24 162 1212
24 162 1213
24 162 1214
24 162 1219
24 162 1222
24 162 1227
143 83 967
143 83 968
143 83 969
143 126 967
143 126 969
143 52 979
143 36 1182
143 27 1245
143 40 1312
143 146 1342
143 146 1343
143 47 1342
163 20 46
163 20 48
163 20 59
163 20 62
163 84 364
163 84 378
163 84 392
163 84 403
163 84 406
163 84 444
163 84 447
163 84 523
163 116 366
163 116 524
163 116 526
163 4 367
163 4 373
163 4 527
163 4 533
163 63 372
163 63 373
163 63 374
163 63 433
163 63 434
163 63 458
163 88 376
163 88 397
163 88 425
163 88 483
163 88 484
163 119 386
163 119 387
163 119 388
163 119 389
163 119 400
163 119 423
163 119 462
163 119 483
163 119 510
163 119 515
163 170 392
163 170 398
163 170 399
163 170 400
163 170 406
163 170 419
163 170 423
163 170 448
163 170 451
163 170 453
163 170 469
163 170 470
163 170 483
163 160 397
163 160 483
163 160 507
163 48 399
163 48 422
163 48 468
163 48 481
163 48 518
163 48 526
163 141 399
163 133 423
163 133 424
163 133 425
163 133 436
163 133 437
163 133 461
163 76 467
163 67 476
163 72 476
163 172 481
163 172 488
163 172 493
163 172 525
163 122 509
163 122 515
163 122 532
163 61 515
163 29 520
163 111 525
163 111 529
163 111 530
163 111 531
163 111 533
163 111 534
20 164 165
20 164 167
20 164 171
20 5 1150
20 5 1151
20 5 1153
20 5 1160
20 5 1164
20 5 1165
20 5 1167
20 5 1168
20 5 1182
20 5 1200
20 5 1204
20 5 1239
20 5 1251
20 5 1269
20 5 1270
20 5 1272
20 5 1273
20 5 1293
20 5 1344
20 5 1439
20 5 1440
20 45 1156
20 45 1167
20 45 1168
20 45 1175
20 45 1176
20 45 1183
20 45 1190
20 45 1192
20 45 1231
20 45 1261
20 45 1272
20 45 1273
20 45 1278
20 45 1292
20 45 1296
20 45 1335
20 45 1405
20 45 1406
20 45 1440
20 45 1441
20 133 1284
20 73 1341
20 73 1342
20 73 1346
20 73 1348
20 73 1352
20 73 1355
20 73 1356
20 73 1357
20 73 1358
20 73 1359
20 73 1360
20 73 1362
20 73 1397
20 73 1399
20 73 1440
20 73 1441
15 129 46
15 129 58
15 129 59
15 87 46
15 87 48
15 87 49
15 87 50
15 87 53
15 87 54
15 87 58
15 87 59
15 87 61
15 87 62
15 87 63
15 87 65
15 87 70
15 87 72
15 87 73
15 87 74
15 87 76
15 87 83
15 87 87
15 87 90
15 87 91
15 87 93
15 87 94
15 87 95
15 87 96
15 87 97
15 87 98
15 87 99
15 87 100
15 87 101
15 87 102
15 87 103
15 87 104
15 87 105
15 87 112
15 87 113
15 87 114
15 87 115
15 87 120
15 87 132
15 87 133
15 87 137
15 87 140
15 87 143
15 87 145
15 87 148
15 87 157
15 87 158
15 87 159
15 87 160
15 87 161
15 87 162
15 87 165
15 87 166
15 87 167
15 87 168
15 87 170
15 87 171
15 87 172
15 87 179
15 87 212
15 87 213
15 87 214
15 87 215
15 87 216
15 87 217
15 87 218
15 87 219
15 87 220
15 87 223
15 87 224
15 29 570
15 29 578
15 29 579
15 29 580
15 29 673
15 29 683
15 29 684
15 29 685
15 29 689
15 29 690
15 29 710
15 29 715
15 47 574
15 47 575
15 110 576
15 110 578
15 138 615
15 12 634
15 12 636
15 31 647
15 107 708
15 159 748
129 76 77
129 142 682
129 142 686
129 142 695
129 142 715
129 142 746
129 142 747
129 142 750
129 142 751
129 142 764
129 142 765
129 135 706
129 135 715
129 62 777
129 89 777
87 171 1305
87 171 1306
87 171 1308
87 171 1319
87 171 1323
87 171 1337
87 171 1368
87 171 1369
87 171 1372
87 171 1373
87 171 1375
87 171 1376
87 171 1387
87 171 1405
135 3 651
135 3 655
135 72 654
135 142 657
135 142 658
135 142 663
135 141 658
135 107 658
135 144 661
135 144 662
135 144 663
135 110 662
135 117 669
135 117 670
135 124 672
135 124 673
135 35 691
135 35 692
135 35 693
135 35 694
135 35 695
135 35 696
135 35 697
135 35 698
135 35 699
135 35 700
135 158 691
135 158 692
135 158 693
135 158 694
135 158 697
135 158 698
135 158 699
135 158 700
135 178 703
135 178 713
135 178 714
135 178 715
135 147 706
135 147 713
135 147 714
135 90 706
135 164 713
135 164 714
135 164 715
40 75 58
40 75 86
40 75 100
40 75 101
40 75 105
40 75 119
40 75 159
40 151 1344
75 115 1121
75 115 1123
75 115 1137
75 115 1139
75 115 1140
75 115 1141
75 115 1142
75 115 1144
75 115 1147
75 115 1148
75 115 1241
75 115 1242
75 115 1243
75 27 1123
75 27 1130
75 27 1133
75 27 1135
75 27 1137
75 27 1139
75 27 1140
75 27 1141
75 27 1142
75 27 1144
75 27 1147
75 46 1130
75 46 1131
75 46 1133
75 46 1135
75 46 1142
75 46 1144
75 46 1148
75 46 1230
75 46 1237
76 38 75
76 38 138
76 79 310
76 79 313
76 79 314
76 79 315
76 79 316
76 79 318
76 79 319
76 79 322
76 79 323
76 79 330
76 79 336
76 79 346
76 79 347
76 79 348
76 79 349
76 79 351
76 79 352
76 79 353
76 79 354
76 79 356
76 79 382
76 79 441
76 79 442
76 79 497
76 79 566
76 79 567
76 79 570
76 79 572
76 79 573
76 79 574
76 79 577
76 79 578
76 79 579
76 79 581
76 39 459
76 39 462
76 63 488
76 166 561
38 157 1138
38 157 1143
38 157 1197
169 55 160
169 107 562
169 107 787
169 107 788
169 107 833
169 31 565
169 31 705
169 31 706
169 31 721
169 31 725
169 31 729
169 31 821
169 141 634
169 141 645
169 114 669
169 142 710
169 52 835
82 107 89
82 107 90
82 107 91
82 107 93
82 107 94
82 107 95
82 107 96
82 107 97
82 107 98
82 107 99
82 107 100
82 107 101
82 107 102
82 107 112
82 107 113
82 107 114
82 107 115
82 107 116
82 107 117
82 107 132
82 107 133
82 107 137
82 107 139
82 107 142
82 107 149
82 107 150
82 107 151
82 107 152
82 107 153
82 107 154
82 107 155
82 107 156
82 107 157
82 107 158
82 107 159
82 107 160
82 107 161
82 107 164
82 107 165
82 107 166
82 107 167
82 107 168
82 58 150
82 154 823
107 60 90
107 60 91
107 60 92
107 60 93
107 60 95
107 60 96
107 60 97
107 60 99
107 60 100
107 60 101
107 60 102
107 60 103
107 60 112
107 60 114
107 60 115
107 60 117
107 60 118
107 60 137
107 60 140
107 60 145
107 60 146
107 60 155
107 60 166
107 60 167
107 60 168
107 109 520
107 109 522
107 109 558
107 109 606
107 109 687
107 109 689
107 109 691
107 109 692
107 109 715
107 109 716
107 109 723
107 109 725
107 109 726
107 109 742
107 109 745
107 109 759
107 109 774
107 109 785
107 109 809
107 109 824
107 109 833
107 109 836
107 19 543
107 19 544
107 19 553
107 19 589
107 19 590
107 19 591
107 19 592
107 19 593
107 19 594
107 19 595
107 19 597
107 19 625
107 19 626
107 19 657
107 19 661
107 19 663
107 19 664
107 19 677
107 19 689
107 19 691
107 3 544
107 3 545
107 3 583
107 3 584
107 3 651
107 3 676
107 3 683
107 3 687
107 3 704
107 3 705
107 3 707
107 3 708
107 3 709
107 3 710
107 106 556
107 106 557
107 106 608
107 106 660
107 49 570
107 49 571
107 49 572
107 49 573
107 49 574
107 49 612
107 49 619
107 70 573
107 70 621
107 45 578
107 45 705
107 8 581
107 8 595
107 8 603
107 8 604
107 8 605
107 8 644
107 7 597
107 7 601
107 7 606
107 7 618
107 7 623
107 7 660
107 7 673
107 7 674
107 7 675
107 7 676
107 118 601
107 118 603
107 118 624
107 77 641
107 77 642
107 77 645
107 77 677
107 77 683
107 26 643
107 112 666
107 131 666
107 42 720
107 42 725
107 42 726
60 81 90
60 81 91
60 81 93
60 81 94
60 81 95
60 81 96
60 81 97
60 81 98
60 81 103
60 81 112
60 81 113
60 81 114
60 81 115
60 81 122
60 81 123
60 81 124
60 81 132
60 81 133
60 81 134
60 81 135
60 81 136
60 81 137
60 81 138
60 81 151
60 81 152
60 81 153
60 81 154
60 81 155
60 81 156
60 81 157
60 81 158
60 81 159
60 81 160
60 81 165
60 81 166
60 81 167
60 81 168
60 81 1156
60 81 1157
60 81 1158
60 81 1159
60 81 1160
60 81 1161
60 81 1162
60 81 1163
60 81 1164
60 81 1165
60 81 1166
60 81 1174
60 81 1178
60 81 1190
60 81 1193
60 81 1205
60 81 1206
60 81 1209
60 81 1218
60 81 1219
60 81 1220
60 81 1222
60 155 1193
60 155 1199
60 155 1209
60 155 1220
60 155 1222
81 111 121
81 111 122
81 111 125
81 111 126
81 111 134
81 111 135
81 111 136
81 111 138
81 150 1078
81 150 1079
81 150 1084
81 150 1085
81 150 1087
81 150 1088
81 150 1091
81 150 1117
81 150 1129
81 150 1130
81 150 1131
55 39 1142
55 39 1144
55 39 1149
55 39 1233
55 39 1234
55 39 1235
55 39 1236
55 39 1237
55 39 1238
57 128 121
57 128 123
57 128 124
57 128 126
57 128 129
57 128 131
57 128 134
57 128 135
57 128 136
57 128 144
57 128 147
57 164 159
57 165 361
57 165 370
57 165 379
57 165 427
57 165 430
57 165 431
57 165 439
57 165 440
57 165 445
57 165 446
57 165 448
57 165 449
57 165 468
57 165 486
57 165 489
57 165 493
57 165 494
57 165 516
57 165 517
57 165 528
57 165 530
57 77 392
57 77 481
57 77 535
57 77 539
57 77 548
57 91 414
57 91 465
57 43 473
57 43 474
57 43 475
57 43 537
57 146 482
57 146 483
57 146 484
57 146 523
57 146 525
57 146 526
57 146 527
57 146 528
57 146 530
57 156 489
57 156 503
57 50 502
57 50 521
57 39 505
57 63 533
57 63 534
57 63 540
57 63 548
57 63 549
57 125 534
57 125 548
57 116 536
57 116 537
57 116 550
57 89 540
57 175 540
164 123 681
164 123 682
164 123 684
164 123 685
164 123 694
164 123 705
164 123 711
164 123 713
164 123 715
164 123 732
164 123 733
164 123 736
164 123 738
164 123 740
164 123 741
164 123 747
164 123 756
164 123 758
164 123 760
164 123 785
164 123 786
164 123 787
164 123 789
164 123 790
164 123 791
164 123 792
164 123 796
164 123 799
164 123 804
164 123 805
164 142 682
164 142 683
164 142 684
164 142 685
164 142 692
164 142 693
164 142 709
164 142 710
164 142 729
164 142 731
164 142 736
164 142 740
164 142 742
164 142 747
164 142 750
164 142 785
164 26 687
164 62 689
164 62 702
164 62 707
164 89 706
164 19 710
164 95 765
164 95 792
164 95 821
164 108 781
164 23 791
164 23 792
164 23 793
111 58 122
111 58 123
111 58 124
111 58 131
111 58 134
111 58 139
111 58 143
111 58 148
111 43 527
111 43 538
111 146 533
111 166 550
128 88 362
128 88 364
128 88 497
128 172 370
128 172 380
128 172 398
128 172 399
128 172 413
128 172 415
128 172 416
128 172 430
128 172 431
128 172 432
128 172 437
128 172 441
128 172 474
128 172 493
128 172 507
128 172 526
128 0 371
128 0 372
128 0 384
128 0 388
128 0 392
128 0 403
128 0 404
128 0 413
128 0 414
128 0 415
128 0 440
128 0 441
128 0 464
128 0 465
128 0 527
128 160 374
128 160 384
128 160 435
128 160 476
128 124 374
128 124 376
128 124 377
128 124 382
128 124 383
128 124 387
128 124 389
128 124 390
128 124 393
128 124 394
128 124 396
128 124 397
128 124 421
128 124 450
128 124 451
128 124 452
128 124 453
128 124 469
128 124 477
128 124 496
128 124 497
128 124 499
128 124 501
128 61 375
128 61 376
128 61 377
128 61 385
128 61 398
128 61 414
128 61 415
128 61 416
128 61 423
128 61 426
128 61 428
128 61 436
128 61 469
128 61 504
128 90 380
128 90 386
128 90 390
128 90 441
128 90 464
128 44 392
128 22 451
128 84 480
128 84 481
128 84 486
128 84 488
128 84 489
128 84 491
128 84 507
128 84 508
128 84 510
128 84 534
128 63 492
128 63 520
128 133 497
128 133 499
128 133 501
128 133 502
128 133 507
128 4 538
128 4 540
128 4 541
128 4 542
128 4 543
128 4 544
128 4 545
123 93 121
123 147 683
123 147 684
123 147 685
123 147 693
123 147 694
123 147 699
123 147 708
123 147 710
123 147 711
123 147 713
123 147 714
123 147 718
123 147 731
123 147 733
123 147 735
123 147 736
123 147 737
123 147 738
123 147 739
123 147 740
123 147 745
123 147 748
123 147 749
123 147 753
123 147 758
123 147 759
123 147 762
123 147 763
123 147 768
123 147 769
123 147 778
123 147 780
123 147 784
123 147 787
123 147 788
123 147 794
123 147 799
123 147 803
123 147 804
123 147 808
123 147 822
123 147 827
123 118 766
93 95 743
93 95 774
93 95 813
93 95 815
93 95 820
93 95 821
93 95 822
93 162 747
93 162 761
93 162 768
93 162 769
93 162 778
93 162 784
93 162 805
93 162 822
93 23 771
93 23 773
93 23 778
88 16 121
88 16 123
88 16 126
88 16 130
88 16 131
88 16 136
88 16 141
88 175 364
88 175 365
88 175 366
88 175 371
88 175 372
88 175 391
88 175 394
88 175 396
88 175 399
88 175 426
88 175 427
88 175 428
88 175 429
88 175 430
88 175 434
88 175 441
88 175 444
88 175 453
88 175 454
88 175 466
88 175 490
88 175 505
88 175 526
88 175 542
88 59 368
88 59 397
88 59 487
88 59 488
88 59 489
88 59 490
88 59 503
88 59 510
88 59 511
88 59 528
88 59 531
88 59 547
88 65 368
88 65 376
88 65 377
88 65 378
88 65 382
88 65 389
88 65 402
88 65 403
88 65 453
88 65 458
88 65 468
88 65 469
88 65 470
88 65 471
88 65 473
88 65 476
88 65 527
88 65 545
88 39 376
88 39 378
88 39 389
88 39 391
88 39 392
88 39 393
88 39 394
88 39 395
88 39 396
88 39 397
88 39 399
88 39 401
88 39 403
88 39 407
88 39 408
88 39 409
88 39 410
88 39 411
88 39 412
88 39 413
88 39 414
88 39 415
88 39 416
88 39 418
88 39 419
88 39 421
88 39 422
88 39 423
88 39 424
88 39 433
88 156 378
88 156 420
88 156 432
88 156 441
88 156 442
88 156 446
88 156 449
88 156 465
88 156 505
88 156 511
88 85 378
88 85 389
88 85 393
88 85 394
88 85 395
88 85 422
88 85 423
88 85 425
88 85 432
88 85 433
88 85 434
88 85 461
88 85 462
88 85 466
88 85 515
88 85 516
88 146 382
88 146 383
88 146 405
88 146 425
88 146 428
88 146 444
88 146 450
88 146 453
88 146 454
88 146 455
88 146 456
88 146 458
88 146 462
88 146 463
88 146 468
88 146 469
88 146 472
88 146 474
88 146 527
88 146 547
88 50 382
88 50 405
88 50 437
88 50 512
88 50 514
88 50 527
88 125 383
88 125 391
88 125 392
88 125 401
88 125 402
88 125 419
88 125 454
88 125 456
88 125 457
88 125 465
88 125 482
88 125 489
88 125 502
88 125 505
88 125 518
88 125 550
88 43 396
88 43 399
88 43 458
88 43 460
88 43 461
88 43 462
88 43 463
88 43 464
88 43 471
88 177 481
88 165 482
88 165 486
88 165 504
88 130 485
88 130 495
88 130 496
88 130 497
88 130 498
88 130 499
88 130 501
88 130 502
88 130 503
88 130 506
88 130 510
88 0 487
88 0 488
88 0 495
88 63 501
88 63 502
88 63 505
88 63 525
88 63 531
88 63 550
88 116 535
88 116 536
88 116 542
16 94 153
16 67 468
16 67 473
16 67 476
16 67 479
16 67 481
16 67 483
16 67 485
16 67 494
16 67 495
16 67 498
16 67 500
16 67 519
16 67 534
16 67 535
16 67 538
16 67 540
16 67 554
16 67 556
16 67 557
16 67 571
16 67 572
16 67 576
16 67 577
16 67 583
16 67 587
16 67 588
16 67 589
16 67 594
16 67 595
16 67 616
16 67 618
16 67 622
16 67 623
16 67 624
16 67 625
16 67 626
16 19 583
58 22 372
58 22 382
58 22 385
58 22 386
58 22 387
58 22 391
58 22 393
58 22 395
58 22 396
58 22 421
58 22 426
58 22 427
58 22 429
58 22 436
58 22 440
58 22 444
58 22 445
58 22 460
58 22 464
58 22 465
58 22 467
58 22 468
58 22 481
58 22 482
58 22 483
58 22 493
58 22 503
58 22 551
58 22 561
58 22 581
58 63 542
58 72 560
58 72 561
58 72 571
58 72 572
58 72 573
58 72 577
58 72 579
58 94 567
58 94 568
58 94 573
94 34 477
94 34 478
94 34 479
94 34 497
94 34 509
94 34 510
94 34 511
94 34 524
94 34 554
94 34 593
94 34 594
94 34 596
94 34 597
94 34 642
94 34 644
94 34 645
94 34 646
94 171 477
94 171 494
94 171 550
94 171 576
94 171 578
94 171 617
94 171 618
94 171 629
94 171 641
94 171 644
94 171 645
94 171 646
94 110 579
94 157 602
94 3 625
94 3 626
94 78 625
94 78 626
94 92 644
77 78 302
77 78 308
77 78 309
77 78 381
77 78 393
77 78 394
77 78 397
77 78 561
77 78 562
77 78 563
77 78 564
77 78 571
77 78 580
77 78 584
77 78 585
77 78 586
77 78 587
77 78 588
77 78 589
77 78 590
77 78 594
77 78 595
77 78 604
77 160 400
77 160 479
77 72 411
77 72 488
77 72 595
77 72 603
77 170 451
77 170 454
77 158 451
77 63 453
77 119 466
77 133 476
77 61 486
77 61 487
77 141 535
77 141 540
77 141 542
77 141 651
77 141 655
77 141 656
77 141 704
77 141 706
77 141 707
77 141 708
77 141 710
77 141 711
77 141 712
77 141 715
77 141 716
77 141 717
77 141 718
77 141 719
77 141 720
77 141 721
77 141 722
77 141 723
77 141 729
77 141 730
77 141 731
77 141 733
77 141 736
77 141 823
77 114 555
77 114 666
77 114 675
77 114 684
77 3 567
77 3 624
77 3 625
77 3 626
77 3 627
77 3 628
77 3 629
77 3 656
77 3 678
77 3 685
77 3 694
77 3 833
77 3 834
77 3 835
77 3 836
77 31 580
77 31 598
77 31 599
77 31 600
77 31 700
77 144 589
77 144 604
77 1 598
77 27 599
77 27 604
77 174 646
77 47 652
77 47 668
77 47 669
77 142 680
77 142 681
77 142 683
77 142 699
77 142 700
77 142 704
77 44 735
78 46 362
78 30 370
78 59 392
78 3 530
78 3 537
78 3 538
78 3 566
78 3 679
78 3 680
78 3 683
78 3 684
78 3 696
78 3 706
78 7 537
78 7 542
78 7 547
78 7 551
78 7 589
78 7 591
78 7 605
78 7 606
78 7 607
78 7 608
78 7 719
78 7 721
78 7 722
78 7 723
78 7 724
78 7 734
78 7 736
78 7 737
78 7 741
78 7 754
78 7 834
78 8 548
78 8 550
78 8 551
78 8 563
78 8 564
78 8 565
78 8 566
78 8 604
78 8 643
78 8 715
78 19 590
78 19 677
78 70 597
78 70 599
78 106 642
78 26 651
78 118 651
78 109 667
78 109 671
78 109 672
78 109 673
78 109 674
78 109 676
78 109 683
78 109 842
78 136 807
78 104 842
79 44 361
79 1 559
79 72 560
79 72 561
79 74 829
79 74 831
79 74 845
79 74 846
79 74 847
79 74 848
79 154 835
79 96 842
149 30 311
149 30 314
149 30 316
149 30 317
149 30 318
149 30 319
149 30 320
149 30 321
149 30 322
149 30 326
149 30 327
149 30 328
149 30 335
149 30 336
149 30 337
149 30 342
149 30 343
149 30 344
149 30 345
149 30 346
149 30 347
149 30 349
149 30 357
149 30 358
149 30 359
149 30 360
149 30 361
149 30 363
149 30 364
149 30 365
149 30 366
149 30 367
149 30 368
149 30 369
149 30 370
149 30 371
149 30 372
149 30 374
149 30 378
149 30 379
149 30 380
149 30 381
149 30 382
149 30 385
149 30 391
149 30 392
149 30 393
149 30 394
149 30 395
149 30 396
149 30 397
149 30 401
149 30 402
149 30 403
149 30 407
149 30 409
149 30 410
149 30 411
149 30 412
149 30 415
149 30 416
149 30 419
149 30 420
149 30 422
149 30 423
149 30 424
149 30 426
149 30 427
149 30 428
149 30 429
149 30 430
149 30 431
149 30 432
149 30 433
149 30 434
149 30 435
149 30 437
149 30 442
149 30 443
149 30 444
149 30 445
149 30 446
149 30 447
149 30 448
149 30 449
149 30 450
149 30 451
149 30 452
149 30 453
149 30 454
149 30 455
149 30 456
149 30 457
149 30 458
149 30 459
149 30 460
149 30 461
149 30 462
149 30 463
149 30 464
149 30 465
149 30 466
149 30 468
149 30 469
149 30 470
149 30 473
149 30 475
149 30 476
149 30 477
149 30 478
149 30 479
149 44 364
149 84 439
149 100 939
149 100 940
149 100 941
149 100 942
149 100 943
149 100 945
149 100 946
149 100 947
149 100 948
149 100 949
149 100 950
149 100 951
149 100 954
149 100 956
149 100 957
149 100 958
149 100 959
149 100 961
149 100 971
149 100 973
149 100 974
149 100 975
149 100 977
149 100 980
149 100 981
149 100 982
149 100 983
149 100 985
149 100 989
149 100 990
149 100 991
149 100 993
149 100 994
149 100 995
149 100 996
149 100 997
149 100 998
149 100 999
149 100 1002
149 100 1003
149 100 1004
149 100 1005
149 100 1006
149 160 940
149 150 950
149 150 951
149 161 1005
30 44 365
30 172 428
53 103 350
53 103 351
53 44 350
53 44 366
53 44 375
53 44 383
53 69 362
53 41 1145
53 41 1146
53 41 1154
53 41 1156
53 41 1160
53 41 1162
53 41 1164
53 41 1165
53 41 1166
53 41 1167
53 41 1168
53 41 1169
53 41 1170
53 41 1171
53 41 1172
53 41 1173
53 41 1174
53 41 1175
53 41 1176
53 41 1177
53 41 1178
53 41 1179
53 41 1181
53 41 1182
53 41 1183
53 41 1184
53 41 1185
53 41 1186
53 41 1187
53 41 1188
53 41 1189
53 41 1190
53 41 1191
53 41 1193
53 41 1194
53 41 1195
53 41 1196
53 41 1197
53 41 1198
53 41 1199
53 41 1200
53 41 1201
53 41 1202
53 41 1203
53 41 1204
53 41 1205
53 41 1207
53 41 1209
53 41 1210
53 41 1211
53 41 1212
53 41 1214
53 41 1219
53 41 1220
53 41 1221
53 41 1223
53 41 1224
53 41 1226
53 41 1227
53 41 1239
103 46 358
103 144 837
103 144 852
103 144 853
103 144 860
103 144 861
103 144 862
103 144 864
103 144 866
103 144 869
103 144 870
103 144 874
103 144 876
103 144 883
103 144 884
103 144 885
103 144 887
103 144 888
103 144 889
103 144 890
103 144 892
103 144 893
103 144 898
103 144 899
103 144 904
103 144 905
103 144 906
103 144 912
103 144 913
103 144 916
103 144 933
103 144 934
103 144 935
103 144 936
103 144 938
103 144 939
103 144 943
103 144 944
103 144 955
103 144 959
103 144 967
103 144 968
103 144 969
103 144 973
103 144 978
103 144 981
103 144 983
103 144 986
103 144 998
103 144 999
103 59 837
103 52 837
103 52 839
103 52 840
103 39 838
103 39 842
103 39 909
103 39 910
103 39 913
103 39 916
103 39 934
103 39 935
103 39 943
103 39 944
103 39 963
103 39 999
103 126 983
44 106 350
44 106 361
44 106 367
44 106 369
44 106 379
44 106 381
44 106 382
44 106 383
44 106 388
44 106 394
44 106 402
44 106 403
44 106 404
44 165 391
44 165 392
44 0 392
44 5 667
44 5 668
44 5 669
44 5 670
44 5 671
44 5 672
44 5 673
44 5 674
44 5 675
44 5 676
44 5 677
44 5 678
44 5 679
44 5 680
44 5 681
44 5 682
44 5 686
44 5 687
44 5 688
44 5 689
44 5 690
44 5 691
44 5 692
44 5 704
44 5 711
44 5 731
44 5 737
44 5 738
44 5 739
44 5 740
44 5 741
44 5 742
44 5 743
44 5 744
44 5 745
44 5 746
44 5 747
44 5 748
44 5 749
44 5 750
44 5 751
44 5 752
44 5 753
106 51 366
106 51 367
106 51 382
106 51 383
106 51 391
106 51 402
106 51 404
106 51 587
106 51 673
106 51 674
106 51 675
106 51 677
106 172 392
106 122 392
106 47 536
106 47 598
106 114 536
106 114 564
106 114 567
106 114 586
106 114 646
106 114 677
106 114 707
106 27 537
106 27 548
106 27 610
106 27 611
106 27 644
106 27 646
106 27 651
106 27 652
106 27 660
106 27 661
106 27 664
106 27 665
106 27 683
106 27 684
106 27 703
106 27 713
106 32 550
106 32 584
106 144 557
106 144 560
106 144 561
106 144 562
106 144 563
106 144 653
106 144 654
106 144 656
106 144 672
106 72 562
106 72 643
106 72 652
106 72 654
106 72 662
106 3 568
106 3 584
106 3 586
106 3 598
106 3 607
106 3 646
106 3 652
106 3 677
106 3 678
106 31 586
106 31 644
106 31 663
106 31 665
106 142 623
106 142 624
106 142 639
106 142 652
106 142 653
106 142 654
106 142 655
106 142 656
106 142 657
106 142 661
106 142 662
106 142 664
106 141 647
106 141 648
106 141 668
106 65 678
106 138 678
106 36 715
106 159 715
115 69 355
115 69 361
115 69 363
115 69 364
115 69 365
115 69 368
115 69 369
115 69 370
115 69 371
115 69 372
115 69 373
115 69 374
115 69 375
115 69 379
115 69 380
115 69 385
115 69 389
115 69 396
115 69 397
115 69 398
115 69 399
115 69 404
115 69 413
115 69 417
115 69 418
115 69 419
115 69 426
115 69 427
115 69 434
115 69 435
115 69 438
115 69 444
115 69 445
115 133 390
115 133 442
115 137 1122
115 137 1123
115 137 1124
115 137 1129
115 137 1130
115 137 1131
115 137 1132
115 137 1133
115 137 1134
115 137 1135
115 137 1136
115 137 1137
115 137 1142
115 137 1148
115 137 1230
115 137 1233
115 137 1238
115 137 1240
115 137 1241
115 137 1242
115 137 1265
115 48 1128
115 48 1132
115 48 1134
115 48 1142
115 48 1147
115 48 1149
115 48 1151
115 48 1152
115 48 1153
115 48 1154
115 48 1156
115 48 1157
115 48 1159
115 48 1162
115 48 1165
115 48 1168
115 48 1171
115 48 1172
115 48 1180
115 48 1181
115 48 1182
115 48 1183
115 48 1185
115 48 1186
115 48 1187
115 48 1188
115 48 1191
115 48 1193
115 48 1197
115 48 1200
115 48 1202
115 48 1205
115 48 1207
115 48 1213
115 48 1224
115 48 1240
115 48 1249
115 48 1254
115 48 1256
115 48 1265
115 48 1266
115 48 1272
115 48 1273
115 48 1274
115 48 1276
115 48 1278
115 48 1279
115 48 1285
115 8 1265
69 46 362
69 146 443
69 63 477
46 51 362
46 51 367
46 51 374
46 51 380
46 51 381
46 51 382
46 51 384
46 51 385
46 51 386
46 51 387
46 51 388
46 51 390
46 51 394
46 51 395
46 51 403
46 51 404
46 137 1123
46 137 1131
46 137 1133
46 137 1135
46 137 1141
46 137 1147
46 137 1148
46 137 1240
46 137 1241
46 137 1242
46 137 1268
46 8 1123
46 8 1124
46 8 1125
46 8 1126
46 8 1127
46 8 1128
46 8 1129
46 8 1130
46 8 1131
46 8 1288
46 26 1123
46 26 1124
46 26 1131
46 120 1133
46 120 1135
46 120 1136
46 120 1148
46 45 1260
165 170 361
165 170 508
165 170 510
165 170 511
165 170 516
165 170 517
165 170 520
165 4 361
165 4 534
165 122 364
165 122 368
165 122 375
165 122 377
165 122 380
165 122 390
165 122 399
165 122 400
165 122 416
165 122 426
165 122 428
165 122 434
165 122 443
165 122 464
165 122 477
165 61 364
165 61 369
165 61 371
165 61 372
165 61 373
165 61 376
165 61 377
165 61 379
165 61 398
165 61 399
165 61 400
165 61 404
165 61 410
165 61 416
165 61 423
165 61 426
165 61 427
165 61 428
165 61 439
165 61 446
165 61 451
165 61 481
165 29 369
165 29 489
165 0 371
165 0 385
165 0 404
165 0 438
165 0 466
165 0 534
165 172 377
165 172 378
165 172 380
165 172 414
165 172 511
165 124 377
165 124 379
165 124 380
165 124 385
165 124 414
165 124 416
165 124 450
165 124 456
165 124 466
165 124 467
165 124 471
165 124 472
165 124 473
165 124 474
165 124 477
165 124 503
165 124 504
165 124 534
165 90 385
165 90 389
165 90 413
165 90 414
165 90 467
165 90 478
165 22 450
165 34 476
165 84 478
165 84 495
165 84 497
165 84 509
165 133 480
165 133 481
165 133 482
165 133 483
165 133 484
165 133 487
165 133 488
165 133 490
165 133 492
165 133 493
165 133 494
165 119 482
165 119 506
165 141 518
165 141 525
165 141 526
165 141 528
165 63 520
165 63 528
165 63 530
170 59 361
170 59 364
170 59 474
170 59 475
170 59 497
170 59 500
170 59 503
170 59 512
170 59 515
170 59 516
170 59 517
170 59 518
170 59 519
170 59 521
170 59 522
170 59 523
170 22 366
170 39 371
170 39 372
170 39 373
170 39 389
170 39 391
170 39 392
170 39 398
170 39 448
170 39 451
170 39 452
170 39 454
170 39 455
170 39 457
170 39 458
170 39 459
170 39 472
170 39 509
170 146 372
170 146 374
170 146 376
170 146 426
170 146 428
170 146 429
170 146 430
170 146 436
170 146 437
170 146 439
170 146 443
170 146 444
170 146 453
170 146 454
170 146 504
170 146 510
170 146 511
170 146 512
170 146 514
170 146 516
170 146 543
170 43 379
170 43 382
170 43 390
170 43 402
170 43 403
170 43 405
170 43 407
170 43 408
170 43 409
170 43 410
170 43 411
170 43 412
170 43 415
170 43 416
170 43 417
170 43 437
170 43 440
170 43 441
170 43 448
170 43 449
170 43 470
170 43 477
170 43 478
170 43 479
170 43 480
170 43 482
170 43 484
170 43 485
170 43 487
170 43 488
170 43 489
170 43 532
170 156 390
170 156 394
170 156 407
170 156 408
170 156 409
170 156 410
170 156 411
170 156 412
170 156 413
170 156 414
170 156 415
170 156 416
170 156 417
170 156 418
170 156 424
170 156 436
170 156 437
170 156 439
170 156 440
170 156 444
170 156 445
170 156 449
170 4 408
170 4 410
170 4 411
170 4 418
170 4 448
170 4 511
170 50 424
170 50 427
170 50 465
170 50 470
170 50 487
170 50 488
170 50 490
170 91 499
170 89 541
170 89 544
170 116 542
4 59 361
4 59 533
4 175 361
4 175 374
4 175 405
4 175 409
4 175 412
4 175 433
4 156 362
4 156 371
4 156 398
4 156 399
4 156 402
4 156 406
4 156 420
4 156 421
4 156 427
4 156 429
4 156 443
4 156 460
4 156 461
4 48 366
4 48 525
4 48 526
4 85 371
4 85 402
4 85 430
4 85 543
4 63 372
4 63 375
4 63 406
4 63 418
4 63 442
4 63 456
4 65 374
4 65 389
4 65 416
4 65 417
4 65 421
4 65 424
4 65 455
4 65 457
4 65 458
4 65 513
4 65 523
4 39 376
4 39 378
4 39 451
4 39 465
4 39 466
4 39 469
4 39 473
4 39 534
4 39 538
4 39 539
4 39 540
4 39 541
4 39 542
4 39 543
4 39 544
4 39 545
4 39 546
4 50 378
4 50 425
4 133 378
4 133 379
4 133 393
4 133 395
4 133 396
4 133 399
4 133 402
4 133 453
4 133 457
4 133 458
4 133 461
4 133 502
4 133 507
4 133 508
4 133 512
4 133 513
4 133 514
4 133 515
4 133 517
4 133 521
4 133 522
4 133 523
4 133 525
4 146 389
4 146 391
4 146 397
4 146 419
4 146 420
4 146 421
4 146 432
4 146 440
4 146 461
4 146 479
4 146 486
4 146 487
4 146 491
4 43 389
4 43 417
4 43 419
4 43 420
4 43 446
4 43 456
4 89 404
4 89 533
4 141 422
4 141 441
4 141 448
4 125 426
4 125 430
4 125 460
4 119 427
4 119 431
4 119 527
4 84 429
4 0 473
4 0 474
4 0 534
4 0 538
4 124 480
4 124 527
4 124 534
4 130 482
4 130 485
4 130 518
4 172 486
4 172 494
4 172 522
4 177 488
4 138 510
4 138 516
4 138 518
4 138 526
4 160 515
4 116 522
4 116 523
4 28 538
4 28 540
4 28 541
4 28 542
4 28 543
4 28 544
4 28 545
4 28 546
4 29 539
4 122 539
4 122 546
4 11 545
59 63 363
59 63 366
59 63 367
59 63 497
59 63 498
59 63 499
59 63 527
59 63 528
59 63 529
59 63 530
59 63 533
59 172 364
59 172 365
59 172 375
59 172 376
59 172 380
59 172 385
59 172 387
59 172 398
59 172 403
59 172 414
59 172 417
59 172 421
59 172 426
59 172 436
59 172 437
59 172 441
59 172 450
59 172 451
59 172 455
59 172 469
59 172 497
59 172 498
59 172 499
59 172 500
59 172 502
59 172 509
59 172 510
59 172 511
59 172 512
59 172 513
59 172 514
59 172 515
59 122 364
59 122 371
59 122 372
59 122 380
59 122 382
59 122 383
59 122 384
59 122 386
59 122 396
59 122 423
59 122 426
59 122 428
59 122 430
59 122 437
59 122 438
59 122 440
59 122 441
59 122 443
59 122 444
59 122 445
59 122 446
59 122 447
59 122 448
59 122 464
59 122 502
59 122 503
59 124 368
59 124 376
59 124 383
59 124 385
59 124 386
59 124 399
59 124 401
59 124 414
59 124 415
59 124 417
59 124 449
59 124 468
59 124 481
59 124 484
59 61 370
59 61 371
59 61 372
59 61 375
59 61 376
59 61 377
59 61 379
59 61 380
59 61 381
59 61 382
59 61 383
59 61 391
59 61 393
59 61 398
59 61 400
59 61 413
59 61 415
59 61 417
59 61 421
59 61 423
59 61 424
59 61 426
59 61 427
59 61 428
59 61 439
59 61 443
59 61 450
59 61 467
59 61 468
59 61 477
59 61 481
59 61 482
59 61 497
59 61 499
59 61 500
59 61 505
59 61 508
59 61 509
59 61 510
59 61 514
59 61 515
59 61 516
59 61 517
59 61 521
59 61 522
59 61 523
59 61 535
59 61 536
59 61 539
59 90 372
59 90 373
59 90 377
59 90 449
59 90 464
59 160 415
59 160 424
59 160 425
59 160 435
59 160 465
59 160 484
59 160 485
59 160 487
59 160 488
59 160 490
59 160 491
59 160 492
59 160 515
59 160 521
59 160 522
59 160 523
59 160 531
59 0 435
59 0 439
59 0 440
59 0 441
59 0 459
59 0 460
59 0 464
59 0 465
59 0 471
59 0 488
59 22 451
59 48 471
59 48 473
59 48 474
59 48 475
59 48 496
59 48 537
59 119 474
59 119 479
59 119 496
59 119 510
59 119 541
59 119 543
59 119 544
59 133 480
59 133 484
59 133 485
59 133 486
59 133 487
59 133 488
59 133 490
59 133 491
59 133 492
59 133 493
59 133 494
59 133 534
59 133 539
59 133 540
59 133 541
59 133 543
59 84 513
59 84 516
59 141 532
59 72 549
59 49 550
59 130 576
59 150 836
59 150 837
59 150 838
59 150 842
59 41 836
59 41 837
175 122 364
175 122 505
175 63 365
175 63 399
175 63 406
175 63 407
175 63 413
175 63 419
175 63 423
175 63 424
175 63 432
175 63 446
175 63 453
175 63 459
175 63 474
175 63 475
175 63 497
175 63 504
175 63 507
175 63 508
175 63 509
175 63 516
175 63 519
175 63 520
175 63 523
175 63 545
175 63 546
175 63 547
175 90 366
175 90 480
175 90 481
175 90 490
175 90 500
175 133 376
175 133 382
175 133 405
175 133 412
175 133 418
175 133 428
175 133 430
175 133 444
175 133 445
175 133 470
175 133 474
175 133 475
175 133 480
175 133 481
175 133 490
175 133 501
175 133 503
175 133 506
175 133 507
175 133 508
175 133 509
175 133 529
175 133 531
175 133 534
175 133 536
175 133 537
175 133 539
175 133 540
175 133 541
175 48 376
175 48 399
175 48 422
175 48 426
175 48 428
175 48 429
175 48 430
175 48 468
175 48 469
175 48 471
175 48 473
175 48 481
175 48 486
175 48 489
175 48 508
175 119 377
175 119 378
175 119 402
175 119 423
175 119 424
175 119 439
175 119 477
175 119 478
175 119 479
175 119 481
175 119 501
175 119 512
175 119 534
175 119 538
175 84 392
175 84 396
175 84 398
175 84 402
175 84 405
175 84 406
175 84 433
175 84 451
175 84 458
175 0 471
175 172 477
175 172 482
175 172 483
175 172 485
175 172 486
175 172 487
175 172 494
175 172 495
175 172 503
175 172 510
175 172 511
175 172 512
175 172 513
175 172 514
175 172 524
175 124 479
175 124 480
175 124 482
175 124 505
175 160 484
175 160 515
175 61 514
175 61 519
175 61 525
175 61 526
175 61 576
175 141 544
175 141 546
175 141 547
175 130 576
156 84 364
156 84 366
156 84 367
156 84 429
156 84 432
156 84 460
156 84 461
156 84 462
156 84 534
156 158 365
156 158 386
156 158 436
156 158 437
156 158 450
156 158 459
156 158 503
156 158 527
156 158 532
156 119 377
156 119 386
156 119 387
156 119 390
156 119 422
156 119 424
156 119 425
156 119 507
156 119 523
156 119 986
156 119 987
156 119 988
156 119 990
156 119 991
156 119 998
156 119 999
156 119 1006
156 119 1051
156 63 377
156 63 378
156 63 403
156 63 404
156 63 427
156 63 430
156 63 451
156 133 382
156 133 393
156 133 394
156 133 395
156 133 396
156 133 398
156 133 399
156 133 402
156 133 418
156 133 420
156 133 421
156 133 425
156 133 436
156 133 437
156 133 444
156 133 445
156 133 446
156 133 448
156 133 449
156 133 454
156 133 460
156 133 462
156 133 471
156 133 472
156 133 477
156 133 490
156 133 503
156 48 393
156 48 402
156 48 418
156 48 422
156 48 423
156 48 425
156 48 446
156 48 519
156 141 399
156 141 424
156 110 442
156 61 487
156 61 492
156 61 493
156 160 488
156 160 489
156 160 490
156 160 492
156 160 497
156 124 488
156 124 496
156 124 507
156 90 496
156 37 497
156 122 520
156 122 523
156 122 530
156 122 531
156 122 532
156 122 533
156 122 534
51 65 520
51 65 539
51 65 593
51 45 520
51 45 596
51 45 599
51 45 710
51 70 520
51 70 540
51 70 543
51 70 557
51 130 542
51 141 549
51 109 553
51 109 554
51 109 587
51 7 560
51 7 561
51 19 607
51 8 623
51 8 711
51 3 623
51 3 665
51 3 666
51 3 678
51 133 678
51 31 749
51 31 750
51 95 769
51 125 769
63 177 367
63 177 501
63 177 506
63 177 507
63 177 515
63 0 369
63 0 370
63 0 374
63 0 413
63 0 422
63 0 451
63 0 468
63 39 371
63 39 372
63 39 383
63 39 427
63 39 459
63 90 373
63 90 468
63 172 375
63 172 383
63 172 417
63 172 426
63 172 428
63 172 450
63 172 461
63 172 462
63 172 463
63 172 467
63 172 502
63 172 509
63 172 510
63 146 376
63 146 383
63 146 393
63 146 394
63 146 402
63 146 403
63 146 404
63 146 405
63 146 419
63 146 420
63 146 421
63 146 422
63 146 423
63 146 425
63 146 432
63 146 433
63 146 434
63 146 435
63 146 436
63 146 437
63 146 453
63 146 455
63 146 456
63 146 457
63 146 461
63 146 462
63 146 463
63 146 464
63 146 468
63 146 473
63 146 474
63 146 475
63 146 477
63 146 478
63 146 490
63 146 491
63 146 497
63 146 498
63 146 499
63 146 500
63 146 501
63 146 502
63 146 503
63 146 523
63 146 524
63 146 527
63 146 528
63 146 529
63 146 530
63 146 533
63 146 534
63 146 535
63 146 536
63 146 537
63 146 539
63 146 540
63 146 541
63 146 542
63 146 544
63 146 545
63 146 546
63 50 383
63 50 424
63 50 461
63 160 384
63 160 415
63 160 424
63 160 435
63 160 531
63 85 390
63 85 405
63 85 459
63 85 460
63 85 468
63 43 391
63 43 394
63 43 395
63 43 396
63 43 404
63 43 426
63 43 427
63 43 428
63 43 429
63 43 430
63 43 442
63 43 461
63 43 462
63 43 463
63 43 475
63 43 548
63 125 398
63 125 406
63 125 449
63 125 450
63 125 459
63 130 481
63 130 489
63 130 490
63 130 491
63 130 576
63 91 491
63 91 504
63 84 495
63 84 515
63 84 516
63 37 502
63 48 508
63 133 510
63 133 527
63 133 530
63 133 531
63 89 529
63 89 544
63 116 545
63 116 548
63 166 624
89 90 363
89 90 522
89 133 389
89 133 405
89 133 419
89 133 420
89 133 421
89 133 426
89 133 428
89 133 429
89 133 430
89 133 431
89 133 444
89 133 445
89 133 446
89 133 448
89 133 451
89 133 452
89 133 453
89 133 469
89 133 470
89 133 471
89 133 477
89 133 487
89 133 488
89 133 499
89 133 501
89 133 502
89 133 508
89 133 509
89 133 517
89 133 518
89 133 522
89 133 529
89 133 530
89 133 531
89 133 540
89 133 541
89 133 545
89 133 546
89 133 547
89 48 392
89 48 426
89 48 428
89 48 508
89 48 510
89 48 532
89 48 533
89 48 537
89 48 538
89 160 483
89 160 484
89 160 487
89 160 531
89 72 544
89 64 669
89 64 670
89 64 671
89 64 681
89 64 682
89 64 691
89 64 695
89 64 696
89 64 697
89 64 700
89 64 701
89 64 709
89 64 711
89 64 712
89 64 723
89 64 731
89 64 754
89 64 755
89 64 762
89 64 764
89 64 770
89 64 777
89 64 778
89 64 779
89 64 780
89 64 781
89 64 783
89 64 794
89 64 795
89 64 802
89 64 804
89 64 806
89 64 807
89 122 709
89 122 711
89 122 731
89 122 741
89 122 807
89 178 777
89 70 805
90 177 365
90 177 372
90 177 378
90 177 379
90 177 380
90 177 382
90 177 383
90 177 392
90 177 406
90 177 431
90 177 439
90 177 441
90 177 470
90 177 474
90 177 489
90 177 503
90 177 527
90 177 534
90 177 536
90 177 537
90 177 539
90 0 373
90 0 512
90 130 382
90 130 383
90 130 390
90 130 437
90 130 439
90 130 440
90 130 449
90 130 474
90 130 477
90 130 480
90 130 500
90 125 481
90 50 484
90 146 485
90 43 488
90 121 496
90 65 503
90 65 507
90 116 520
90 5 666
90 5 667
90 62 666
90 62 694
90 62 717
90 62 718
90 62 722
90 62 732
90 62 735
90 62 737
90 62 761
90 62 800
90 62 801
90 62 808
90 97 806
90 97 807
90 117 808
39 61 364
39 61 503
39 61 504
39 61 851
39 61 933
39 61 989
39 61 991
39 61 992
39 61 995
39 61 997
39 61 999
39 133 367
39 133 371
39 133 379
39 133 389
39 133 424
39 133 437
39 133 524
39 84 367
39 84 378
39 84 381
39 84 389
39 84 390
39 84 393
39 84 404
39 84 407
39 84 422
39 84 423
39 84 424
39 84 425
39 84 428
39 84 429
39 84 430
39 84 435
39 84 458
39 84 468
39 84 477
39 84 479
39 84 480
39 84 481
39 84 484
39 84 491
39 84 523
39 84 525
39 84 531
39 84 532
39 84 533
39 84 538
39 84 541
39 84 542
39 158 368
39 158 402
39 158 403
39 158 404
39 158 427
39 158 453
39 158 519
39 158 522
39 158 523
39 48 371
39 48 378
39 48 392
39 48 426
39 48 465
39 141 372
39 141 433
39 122 397
39 122 479
39 122 480
39 122 481
39 122 490
39 122 513
39 122 514
39 122 528
39 122 533
39 122 538
39 122 539
39 122 540
39 122 541
39 122 542
39 122 543
39 122 544
39 122 545
39 122 546
39 122 548
39 122 550
39 41 399
39 41 400
39 41 401
39 41 450
39 119 400
39 119 401
39 119 506
39 151 421
39 151 422
39 151 450
39 151 495
39 151 499
39 151 504
39 151 523
39 151 532
39 160 478
39 160 503
39 160 510
39 160 534
39 124 493
39 124 494
39 124 495
39 124 503
39 124 505
39 124 508
39 124 534
39 0 529
39 0 530
39 0 532
39 0 533
39 0 534
39 29 538
39 29 539
39 29 540
39 29 541
39 29 542
39 29 543
39 29 544
39 29 550
39 11 548
39 150 836
39 150 837
39 150 851
39 150 852
39 150 856
39 150 898
39 150 910
39 150 911
39 150 912
39 150 916
39 150 921
39 150 924
39 150 933
39 150 938
39 150 944
39 150 959
39 150 989
39 150 996
39 150 998
39 150 999
39 150 1000
39 99 852
39 99 913
39 161 1066
39 104 1192
61 146 365
61 146 482
61 146 504
61 146 510
61 146 523
61 130 368
61 130 371
61 130 376
61 130 377
61 130 382
61 130 385
61 130 389
61 130 415
61 130 416
61 130 418
61 130 467
61 130 469
61 130 507
61 130 509
61 91 381
61 91 385
61 125 503
61 157 550
61 116 576
61 144 845
61 144 858
61 144 863
61 144 865
61 144 866
61 144 868
61 144 880
61 144 888
61 144 892
61 144 893
61 144 900
61 144 901
61 144 906
61 144 910
61 144 912
61 144 913
61 144 922
61 144 923
61 144 925
61 144 959
61 144 968
61 144 969
61 144 974
61 144 978
61 144 988
61 144 989
61 144 991
61 144 992
61 144 993
61 144 999
61 101 847
61 101 848
61 101 876
61 101 905
61 101 933
61 101 940
61 101 941
61 101 954
61 101 955
61 101 963
61 101 999
61 52 876
61 52 954
61 52 955
61 52 968
61 52 969
61 52 999
61 83 986
43 119 364
43 119 386
43 119 387
43 119 400
43 0 364
43 0 526
43 133 366
43 133 382
43 133 389
43 133 436
43 133 437
43 133 438
43 133 439
43 133 440
43 133 454
43 133 456
43 133 457
43 133 459
43 133 462
43 151 377
43 151 383
43 151 393
43 151 395
43 151 415
43 151 416
43 151 420
43 151 427
43 151 430
43 151 439
43 151 440
43 151 459
43 48 392
43 48 393
43 48 458
43 48 466
43 48 467
43 48 472
43 48 473
43 48 474
43 48 475
43 84 401
43 84 403
43 84 428
43 84 429
43 84 430
43 158 436
43 158 448
43 158 457
43 158 458
43 158 521
43 158 532
43 110 443
43 124 479
43 124 481
43 172 485
43 19 1230
43 19 1291
43 19 1295
43 5 1251
43 5 1297
43 5 1413
43 5 1440
43 5 1441
43 73 1440
43 73 1441
119 146 367
119 146 377
119 146 398
119 146 437
119 146 439
119 146 440
119 146 442
119 146 454
119 146 455
119 146 456
119 146 493
119 50 393
119 50 544
119 91 482
119 116 545
119 116 548
0 130 368
0 130 369
0 130 380
0 130 392
0 130 399
0 130 414
0 130 526
0 130 527
0 130 534
0 130 538
0 64 369
0 28 370
0 28 371
0 28 372
0 91 384
0 91 385
0 91 396
0 91 467
0 91 526
0 177 418
0 177 421
0 160 424
0 125 495
0 125 496
0 85 496
0 85 531
0 85 532
0 85 538
84 146 369
84 146 466
84 125 371
84 125 403
84 125 405
84 125 526
84 130 496
84 130 526
84 126 967
84 126 969
84 126 972
84 126 975
84 126 976
84 126 977
84 126 978
84 126 979
84 126 980
84 126 982
84 126 986
84 126 987
84 126 988
84 126 990
84 126 992
84 126 996
84 126 998
84 126 1006
84 126 1007
84 126 1011
84 126 1012
84 126 1013
84 126 1014
84 126 1015
84 126 1016
84 126 1017
84 126 1019
84 126 1021
84 126 1022
84 126 1023
84 52 981
84 144 983
84 101 983
84 101 986
122 91 368
122 91 369
122 91 374
122 91 385
122 91 445
122 28 370
122 28 371
122 28 387
122 28 397
122 28 405
122 28 406
122 28 517
122 28 538
122 28 539
122 28 540
122 28 541
122 28 542
122 28 543
122 28 544
122 28 545
122 28 546
122 28 547
122 28 548
122 28 549
122 28 550
122 121 397
122 146 502
122 125 510
122 125 517
122 125 518
122 125 519
122 125 520
122 125 525
122 125 526
122 125 527
122 62 683
122 62 684
122 62 686
122 62 704
122 62 711
122 62 712
122 62 750
122 62 751
122 62 807
122 62 808
122 62 809
122 97 807
91 172 364
91 172 371
91 172 376
91 172 387
91 172 391
91 172 398
91 172 399
91 172 400
91 172 401
91 172 416
91 172 417
91 172 432
91 172 433
91 172 484
91 172 529
91 172 530
91 172 531
91 172 532
91 172 533
91 172 535
91 172 538
91 124 381
91 124 398
91 124 399
91 124 400
91 124 450
91 124 466
91 124 467
91 160 384
91 160 465
91 64 386
91 64 420
91 133 479
91 133 487
91 48 481
91 157 547
91 157 550
91 157 552
91 157 557
91 157 563
91 157 567
91 157 568
91 157 573
91 157 574
91 157 575
91 157 578
91 157 585
91 157 589
91 157 591
91 157 592
91 157 596
91 157 602
91 157 605
91 157 606
91 157 609
91 157 617
91 157 618
91 157 619
91 157 620
91 157 621
91 157 628
91 157 632
91 157 639
91 157 641
91 157 642
91 157 646
91 157 649
91 166 550
91 166 563
91 166 564
91 166 604
91 166 625
91 166 626
91 1 553
91 1 556
91 1 563
91 1 565
91 1 567
91 1 568
91 1 569
91 1 575
91 1 578
91 1 583
91 1 584
91 1 609
91 1 610
91 1 612
91 1 617
91 1 618
91 1 619
91 1 620
91 1 621
91 1 627
91 1 628
91 1 641
91 1 642
91 1 646
91 1 649
172 85 364
172 121 384
172 121 404
172 130 388
172 130 403
172 130 406
172 130 408
172 130 409
172 130 412
172 130 414
172 130 417
172 130 450
172 130 474
172 130 475
172 130 482
172 130 483
172 130 484
172 130 485
172 28 468
172 146 477
172 146 486
172 146 508
172 146 515
172 50 488
172 50 502
172 125 501
172 125 502
172 92 745
172 92 825
172 92 826
85 133 370
85 133 371
85 133 462
85 133 463
85 133 464
85 133 468
85 133 473
85 133 474
85 133 475
85 37 529
85 130 543
85 130 544
85 130 545
85 130 546
85 130 547
85 130 548
85 130 549
85 11 543
85 11 544
85 11 545
85 11 546
85 11 547
85 11 548
85 11 549
85 117 648
85 117 652
85 117 653
85 117 659
85 117 660
85 117 673
85 117 674
85 117 675
85 117 676
85 117 677
85 117 678
85 117 679
85 117 680
85 117 681
85 117 682
85 117 683
85 117 684
85 117 685
85 126 652
85 126 656
85 126 657
85 126 658
85 126 673
85 126 674
85 126 675
85 126 676
85 126 677
85 126 678
85 126 679
85 126 680
85 126 681
85 126 682
85 126 683
85 126 684
85 126 685
146 133 365
146 133 367
146 133 377
146 133 378
146 133 379
146 133 380
146 133 381
146 133 382
146 133 390
146 133 391
146 133 392
146 133 393
146 133 394
146 133 395
146 133 396
146 133 399
146 133 402
146 133 405
146 133 406
146 133 436
146 133 439
146 133 441
146 133 442
146 133 445
146 133 446
146 133 456
146 133 457
146 133 458
146 133 460
146 133 464
146 133 475
146 133 486
146 133 497
146 133 503
146 37 365
146 37 366
146 37 367
146 37 376
146 37 383
146 37 428
146 48 366
146 48 367
146 48 372
146 48 376
146 48 377
146 48 379
146 48 381
146 48 382
146 48 402
146 48 403
146 48 406
146 48 423
146 48 426
146 48 429
146 48 460
146 48 472
146 48 549
146 151 369
146 151 403
146 151 404
146 151 406
146 151 423
146 151 488
146 158 369
146 158 389
146 158 459
146 158 484
146 41 388
146 41 420
146 41 458
146 41 461
146 41 463
146 41 466
146 41 468
146 160 479
146 160 516
146 124 479
146 124 484
146 124 485
146 124 486
146 124 487
146 124 488
146 124 489
146 124 490
146 124 491
146 124 495
146 124 520
146 105 1218
146 105 1219
146 105 1220
146 105 1221
146 105 1222
146 105 1223
146 105 1224
146 105 1225
146 105 1226
146 105 1232
146 105 1248
146 105 1249
146 105 1250
146 105 1251
146 105 1261
146 105 1262
146 105 1272
146 105 1273
146 105 1274
146 105 1275
146 105 1276
146 105 1277
146 105 1278
146 105 1279
146 105 1281
146 105 1285
146 105 1286
146 105 1287
146 105 1310
146 105 1321
146 105 1337
146 105 1343
146 105 1346
146 105 1347
146 105 1389
146 49 1399
133 125 366
133 125 377
133 125 419
133 125 420
133 125 421
133 125 439
133 125 440
133 125 460
133 125 461
133 125 464
133 125 465
133 125 479
133 125 482
133 125 493
133 125 504
133 125 506
133 125 533
133 125 534
133 125 536
133 125 537
133 125 538
133 125 540
133 125 542
133 65 385
133 65 386
133 65 387
133 65 393
133 65 402
133 65 452
133 65 455
133 65 470
133 65 474
133 65 475
133 65 477
133 65 506
133 65 509
133 65 510
133 65 511
133 65 512
133 65 546
133 65 591
133 65 599
133 65 615
133 65 616
133 65 617
133 65 620
133 65 638
133 65 649
133 65 650
133 65 671
133 65 672
133 65 677
133 65 683
133 65 749
133 65 753
133 50 405
133 50 406
133 50 413
133 50 418
133 50 419
133 50 427
133 50 442
133 50 448
133 50 453
133 50 458
133 50 460
133 50 485
133 50 505
133 50 508
133 50 524
133 50 525
133 177 477
133 177 516
133 177 525
133 130 479
133 130 480
133 130 482
133 130 483
133 130 497
133 130 499
133 130 500
133 130 501
133 130 502
133 130 516
133 130 517
133 130 518
133 130 519
133 28 485
133 28 486
133 116 523
133 116 534
133 116 536
133 116 538
133 174 550
133 12 599
133 12 618
133 12 619
133 12 620
133 12 621
133 12 638
133 12 639
133 12 643
133 12 657
133 12 736
133 12 742
133 12 749
133 12 750
133 124 654
133 31 684
133 178 751
133 13 1199
133 13 1200
133 13 1201
133 13 1202
133 13 1203
133 13 1204
133 13 1205
133 13 1206
133 13 1207
133 13 1208
133 13 1209
133 13 1231
133 13 1247
133 13 1262
133 13 1270
133 13 1272
133 140 1236
133 140 1240
133 140 1241
133 140 1326
133 140 1337
133 140 1342
133 140 1346
133 140 1354
133 140 1355
133 140 1369
133 140 1371
133 121 1240
133 121 1241
133 121 1311
133 121 1369
37 28 545
37 28 546
37 28 548
37 155 832
37 155 833
37 155 834
37 155 835
37 155 836
37 155 837
37 155 839
37 155 840
37 155 841
158 144 536
177 160 381
177 160 470
177 160 501
177 64 387
177 72 492
177 48 497
48 130 367
48 125 390
48 125 392
48 125 464
48 125 466
48 125 467
48 125 475
48 125 477
48 125 496
48 125 520
48 125 532
48 138 526
48 138 530
48 138 537
48 138 550
48 138 566
48 157 550
48 65 566
48 11 566
48 27 1125
48 27 1126
48 27 1144
48 27 1157
48 27 1158
48 27 1160
48 27 1165
48 27 1166
48 27 1167
48 27 1169
48 27 1170
48 27 1173
48 27 1174
48 27 1181
48 27 1182
48 27 1192
48 27 1198
48 27 1204
48 27 1208
48 27 1209
48 27 1224
48 27 1242
48 27 1244
48 27 1252
48 27 1253
48 27 1256
48 27 1259
48 27 1261
48 27 1272
48 27 1283
48 27 1284
48 27 1285
48 74 1126
48 74 1127
48 74 1129
48 74 1137
48 74 1138
48 74 1143
48 74 1145
48 74 1146
48 74 1147
48 74 1149
48 74 1150
48 74 1151
48 74 1152
48 74 1153
48 74 1156
48 74 1158
48 74 1159
48 74 1160
48 74 1161
48 74 1165
48 74 1167
48 74 1168
48 74 1175
48 74 1176
48 74 1185
48 74 1186
48 74 1187
48 74 1188
48 74 1199
48 74 1226
48 74 1228
48 74 1231
48 74 1232
48 74 1233
48 74 1234
48 74 1235
48 74 1236
48 74 1241
48 74 1242
48 74 1244
48 74 1245
48 74 1247
48 74 1252
48 74 1253
48 74 1275
48 74 1276
48 74 1277
48 74 1278
48 74 1280
48 74 1281
48 74 1282
48 132 1145
48 132 1149
48 132 1150
48 132 1151
48 132 1152
48 132 1154
48 132 1156
48 132 1157
48 132 1158
48 132 1163
48 132 1164
48 132 1168
48 132 1171
48 132 1172
48 132 1175
48 132 1177
48 132 1179
48 132 1180
48 132 1181
48 132 1182
48 132 1185
48 132 1186
48 132 1187
48 132 1190
48 132 1194
48 132 1198
48 132 1220
48 132 1226
48 132 1227
48 132 1228
48 132 1243
48 132 1249
48 132 1250
48 132 1269
48 132 1271
48 132 1277
48 132 1278
48 132 1279
48 132 1280
48 132 1281
48 132 1282
48 132 1283
48 132 1285
48 71 1165
48 71 1166
48 71 1260
48 171 1260
48 6 1260
48 13 1270
116 130 516
116 130 519
116 130 576
116 11 519
22 73 751
22 73 812
22 73 821
22 73 822
22 73 823
22 73 824
22 73 825
22 73 826
22 73 827
22 73 828
22 73 832
22 73 833
22 73 838
22 95 770
22 95 774
22 95 788
22 95 846
22 95 847
22 95 848
22 92 772
22 92 774
22 92 775
125 124 506
125 124 509
125 124 527
125 26 525
125 31 778
130 160 415
130 160 454
130 160 455
130 160 502
130 32 542
124 121 399
124 121 440
124 26 505
124 26 509
124 26 510
124 26 511
124 26 512
124 26 513
124 26 514
124 26 515
124 26 516
124 26 517
124 26 545
124 26 555
124 26 556
124 26 559
124 26 581
124 26 590
124 26 597
124 26 598
124 26 601
124 26 602
124 26 607
124 26 608
124 26 609
124 26 623
124 26 640
124 26 645
124 26 648
124 26 649
124 26 650
124 26 651
124 26 653
124 26 655
124 26 663
124 26 667
124 26 668
124 26 669
124 26 670
124 26 672
124 26 673
124 26 674
124 26 675
124 26 678
124 26 682
124 26 684
124 26 685
124 26 686
124 26 689
124 26 690
124 26 691
124 26 692
124 26 693
124 26 694
124 26 695
124 26 698
124 26 706
124 26 707
124 26 708
124 26 710
124 26 711
124 26 713
124 26 715
124 70 523
124 45 523
124 7 599
124 8 640
124 12 653
124 12 656
124 12 659
65 31 531
65 110 542
65 110 557
65 110 578
65 32 543
65 32 546
65 114 559
65 114 578
65 11 566
65 12 572
65 12 581
65 12 584
65 12 585
65 12 586
65 12 587
65 12 588
65 12 591
65 12 610
65 12 615
65 12 616
65 12 617
65 12 618
65 12 619
65 12 628
65 12 648
65 12 655
65 12 656
65 12 660
65 12 666
65 12 753
65 142 639
65 26 660
65 72 662
65 7 669
65 7 678
65 7 711
65 47 679
65 47 723
65 144 717
65 144 718
65 144 722
65 144 723
151 86 1248
151 86 1249
151 86 1250
151 74 1272
151 74 1273
151 102 1312
151 102 1322
151 102 1335
151 102 1396
151 102 1398
151 102 1405
151 102 1410
151 102 1416
151 102 1417
151 102 1418
29 104 693
64 73 786
64 23 788
64 95 788
64 97 806
64 97 807
28 31 599
28 31 663
28 144 659
28 142 661
28 142 705
28 142 707
141 50 378
141 50 424
141 50 425
141 3 538
141 3 541
141 3 542
141 3 549
141 3 550
141 3 551
141 3 553
141 3 556
141 3 557
141 3 558
141 3 559
141 3 560
141 3 561
141 3 603
141 3 653
141 3 655
141 3 659
141 3 660
141 3 662
141 3 663
141 3 664
141 3 669
141 3 694
141 3 696
141 3 701
141 3 703
141 3 704
141 3 705
141 3 706
141 3 800
141 70 539
141 7 552
141 7 579
141 7 607
141 7 608
141 7 632
141 7 643
141 7 656
141 7 657
141 7 662
141 7 665
141 7 719
141 7 722
141 7 736
141 7 743
141 7 746
141 7 747
141 7 748
141 7 749
141 7 750
141 7 751
141 7 761
141 7 762
141 7 763
141 7 764
141 7 765
141 7 768
141 7 769
141 7 770
141 7 776
141 7 785
141 7 790
141 7 791
141 7 792
141 7 794
141 7 797
141 7 798
141 7 801
141 7 802
141 7 803
141 7 805
141 7 815
141 7 816
141 7 819
141 7 820
141 7 821
141 7 822
141 7 823
141 7 824
141 7 825
141 7 826
141 7 833
141 104 553
141 104 658
141 104 705
141 31 557
141 31 558
141 31 559
141 31 560
141 31 561
141 31 562
141 31 571
141 31 572
141 31 602
141 31 640
141 19 557
141 19 558
141 19 559
141 19 561
141 19 568
141 19 658
141 19 681
141 19 683
141 19 684
141 19 685
141 19 687
141 19 702
141 32 572
141 32 597
141 49 578
141 49 599
141 49 674
141 137 579
141 137 642
141 137 658
141 137 681
141 137 682
141 137 700
141 137 707
141 45 580
141 45 585
141 45 586
141 45 587
141 45 588
141 45 589
141 45 592
141 45 595
141 45 640
141 45 652
141 8 606
141 8 660
141 8 661
141 8 708
141 8 713
141 109 609
141 109 659
141 26 642
141 26 651
141 118 651
160 34 842
160 34 843
160 34 845
160 34 847
160 34 848
160 34 849
160 34 850
160 34 851
160 34 853
160 34 854
160 34 855
160 34 857
160 34 858
160 34 859
160 34 860
160 34 861
160 34 863
160 34 864
160 34 865
160 34 866
160 34 869
160 34 870
160 34 871
160 34 872
160 34 873
160 34 874
160 34 880
160 34 881
160 34 882
160 34 885
160 34 887
160 34 895
160 34 904
160 34 907
160 34 908
160 34 909
160 34 911
160 34 913
160 34 914
160 34 915
160 34 916
160 34 917
160 34 918
160 34 919
160 34 920
160 34 921
160 34 922
160 34 933
160 34 934
160 34 935
160 34 937
160 34 938
160 34 941
160 34 942
160 113 844
160 99 873
160 99 874
160 99 876
160 99 877
160 99 878
160 99 879
160 99 880
50 112 804
50 114 809
50 31 816
50 154 835
50 174 837
121 72 549
121 145 1191
121 145 1200
121 145 1208
121 145 1209
121 145 1245
121 145 1246
121 145 1372
121 13 1238
121 13 1301
121 13 1309
121 13 1348
121 13 1365
121 13 1366
121 13 1368
121 13 1369
41 52 837
41 52 838
41 144 927
102 147 394
102 147 395
102 147 396
102 147 402
102 147 407
102 147 443
102 105 394
102 105 395
102 105 443
102 105 444
102 72 394
102 72 395
102 72 396
102 72 398
102 72 399
102 72 405
102 72 406
102 72 407
102 72 408
102 72 443
102 72 444
147 159 708
147 159 711
147 159 713
147 159 714
147 159 730
147 159 733
147 159 741
147 159 748
147 159 753
147 159 800
147 159 803
147 159 804
147 95 765
105 152 394
105 152 395
105 152 396
105 152 405
105 152 421
105 152 441
105 152 442
105 152 443
105 152 444
72 152 394
72 152 396
72 152 397
72 152 398
72 152 399
72 152 400
72 152 401
72 152 420
72 152 421
72 152 430
72 152 432
72 152 433
72 152 437
72 152 438
72 152 442
72 152 443
72 152 444
72 108 401
72 108 407
72 108 435
72 108 442
72 108 443
72 108 444
72 71 440
72 109 450
72 109 459
72 109 467
72 109 478
72 109 485
72 109 486
72 109 487
72 109 489
72 109 494
72 109 495
72 109 497
72 109 518
72 109 521
72 109 555
72 109 568
72 109 569
72 109 579
72 109 581
72 109 582
72 3 536
72 3 537
72 3 564
72 3 576
72 3 591
72 3 652
72 49 539
72 49 541
72 49 542
72 49 549
72 8 563
72 8 565
72 8 567
72 8 614
72 8 620
72 95 567
72 95 574
72 12 580
72 26 605
72 104 622
72 104 623
72 45 624
72 45 635
72 45 640
72 45 641
72 118 641
72 19 651
72 19 652
72 19 653
72 19 654
152 166 553
152 166 610
152 166 625
71 5 1145
71 5 1146
71 5 1175
71 5 1182
71 5 1188
71 5 1190
71 5 1191
71 5 1193
71 5 1197
71 5 1222
71 5 1223
71 5 1261
71 5 1344
71 5 1381
71 5 1386
71 5 1389
71 5 1401
71 5 1435
71 5 1437
71 5 1440
71 19 1147
71 19 1148
71 19 1151
71 19 1156
71 19 1158
71 19 1182
71 19 1185
71 19 1186
71 19 1189
71 19 1200
71 19 1201
71 19 1203
71 19 1230
71 19 1231
71 19 1261
71 19 1274
71 19 1278
71 19 1338
71 19 1340
71 19 1344
71 19 1345
71 19 1347
71 19 1349
71 19 1350
71 19 1351
71 19 1371
71 19 1395
71 19 1396
71 19 1398
71 19 1423
71 45 1148
71 45 1159
71 45 1182
71 45 1208
71 45 1231
71 45 1278
71 45 1439
71 8 1164
71 8 1165
71 8 1166
71 137 1165
71 26 1260
71 145 1283
71 145 1284
71 127 1283
110 8 526
110 8 560
110 8 561
110 8 676
110 45 526
110 45 534
110 45 535
110 45 710
110 70 531
110 70 612
110 49 544
110 49 588
110 49 679
110 49 680
110 7 560
110 7 568
110 7 570
110 7 576
110 109 560
110 109 708
110 3 572
110 3 608
110 3 653
110 3 690
110 19 607
110 19 653
110 19 654
110 19 655
110 19 656
110 19 658
110 19 661
110 19 664
110 19 665
110 19 704
110 19 708
110 26 640
109 31 520
109 31 526
109 31 567
109 31 578
109 31 581
109 31 814
109 31 815
109 144 531
109 142 538
109 142 623
109 142 642
109 142 654
109 142 655
109 142 677
109 142 693
109 142 694
109 32 554
109 47 609
109 47 667
109 3 626
109 3 630
109 3 686
109 3 688
109 3 689
109 3 690
109 3 692
109 27 629
109 27 647
109 174 827
109 83 835
67 70 579
67 70 663
67 70 665
34 166 477
34 166 497
34 166 503
34 166 645
34 166 646
34 99 873
34 99 874
166 1 552
166 1 553
166 1 554
166 1 558
166 1 563
166 1 564
166 1 567
166 1 571
166 1 574
166 1 594
166 1 604
166 1 626
166 1 627
166 1 628
166 1 629
166 1 631
166 1 633
166 1 638
166 1 649
26 113 510
26 142 601
26 142 603
26 142 604
26 142 606
26 142 607
26 142 622
26 144 603
26 32 606
26 32 607
26 114 610
26 114 624
26 114 631
26 114 638
26 114 639
26 7 640
26 47 649
26 138 655
26 138 656
26 12 656
26 74 1126
26 74 1134
26 74 1138
26 74 1145
26 74 1146
26 74 1167
26 74 1176
26 74 1178
26 74 1185
26 74 1194
26 74 1198
26 74 1202
26 74 1211
26 74 1213
26 74 1215
26 74 1220
26 74 1239
26 74 1244
26 74 1249
26 74 1276
26 132 1162
113 80 745
113 80 751
113 80 754
113 80 766
113 80 775
113 80 776
113 80 789
113 80 808
113 80 821
113 80 824
113 80 825
113 80 826
113 80 827
113 80 828
113 80 829
113 80 830
113 80 831
113 80 832
113 80 833
113 80 837
113 80 838
113 80 842
113 80 843
113 80 845
113 80 847
113 80 848
113 167 756
113 167 771
113 74 829
113 74 831
113 74 845
113 74 847
113 74 848
113 96 842
138 11 566
138 12 586
138 12 590
138 12 591
138 12 594
138 12 596
138 12 615
138 12 637
138 12 658
138 12 659
138 12 673
138 12 675
138 12 683
138 12 706
138 150 995
136 11 516
136 11 518
136 11 520
136 11 521
136 11 522
136 11 541
136 11 543
136 11 544
136 11 545
136 11 546
136 11 547
136 11 548
136 11 549
136 27 565
136 144 565
136 144 643
136 32 568
136 142 569
136 142 683
136 142 701
136 142 702
136 31 584
136 31 601
136 6 831
31 104 519
31 104 520
31 104 536
31 104 562
31 104 564
31 104 668
31 45 525
31 45 526
31 45 527
31 45 530
31 45 531
31 45 607
31 45 636
31 45 637
31 45 638
31 45 639
31 45 658
31 45 706
31 144 529
31 144 530
31 144 533
31 144 535
31 144 537
31 144 540
31 144 541
31 144 542
31 144 543
31 144 544
31 144 545
31 144 546
31 144 547
31 144 548
31 144 549
31 144 550
31 144 551
31 144 552
31 144 553
31 144 554
31 144 640
31 144 663
31 144 673
31 144 692
31 144 693
31 144 694
31 144 696
31 144 700
31 144 701
31 144 702
31 144 705
31 142 537
31 142 586
31 142 587
31 142 588
31 142 589
31 142 590
31 142 591
31 142 593
31 142 594
31 142 631
31 142 663
31 142 664
31 142 665
31 142 671
31 142 709
31 142 710
31 19 537
31 19 538
31 19 540
31 19 541
31 19 543
31 19 549
31 19 550
31 19 551
31 19 552
31 19 553
31 19 555
31 19 556
31 19 558
31 19 559
31 19 560
31 19 561
31 19 660
31 19 661
31 19 666
31 49 545
31 49 554
31 49 603
31 49 604
31 49 606
31 49 657
31 49 748
31 49 751
31 49 752
31 49 753
31 49 754
31 49 755
31 49 763
31 49 764
31 49 765
31 49 767
31 70 554
31 70 589
31 70 598
31 70 599
31 3 556
31 3 557
31 3 558
31 3 559
31 3 560
31 3 561
31 3 564
31 3 585
31 3 601
31 3 602
31 3 624
31 3 625
31 3 646
31 3 704
31 3 711
31 114 586
31 114 646
31 8 586
31 8 612
31 8 666
31 8 708
31 7 640
31 7 660
31 32 642
31 159 823
31 159 824
104 142 540
104 142 567
104 142 568
104 142 569
104 142 570
104 142 573
104 142 585
104 142 648
104 142 651
104 142 658
104 142 663
104 142 668
104 142 673
104 142 676
104 142 687
104 144 557
104 144 558
104 144 566
104 144 661
104 27 569
104 27 675
104 32 580
104 174 831
104 114 842
104 145 1040
104 145 1041
104 145 1042
104 145 1043
104 145 1044
104 145 1045
104 145 1046
104 145 1047
104 145 1050
104 145 1051
104 145 1052
104 145 1053
104 145 1054
104 145 1056
104 145 1057
104 145 1058
104 145 1059
104 145 1060
104 145 1061
104 145 1064
104 145 1067
104 145 1073
104 145 1074
104 145 1075
104 145 1076
104 145 1078
104 145 1079
104 145 1080
104 145 1088
104 145 1092
104 145 1093
104 145 1094
104 145 1095
104 145 1098
104 145 1099
104 145 1101
104 145 1102
104 145 1103
104 145 1105
104 145 1107
104 145 1110
104 145 1111
104 145 1112
104 145 1113
104 145 1114
104 145 1115
104 145 1116
104 145 1117
104 145 1118
104 145 1119
104 145 1120
104 145 1121
104 145 1122
104 145 1123
104 145 1124
104 145 1127
104 145 1135
104 145 1136
104 145 1137
104 145 1138
104 145 1141
104 145 1142
104 145 1143
104 145 1144
104 145 1145
104 145 1146
104 145 1147
104 145 1148
104 145 1149
104 145 1150
104 145 1152
104 145 1153
104 145 1155
104 145 1158
104 145 1172
104 145 1173
104 145 1174
104 145 1176
104 145 1179
104 145 1184
104 145 1185
104 145 1186
104 145 1187
104 145 1188
104 145 1189
104 145 1190
104 145 1191
104 145 1192
104 145 1193
104 145 1194
104 145 1195
45 144 525
45 144 530
45 144 610
45 144 623
45 144 640
45 144 644
45 144 645
45 144 647
45 144 648
45 144 650
45 144 652
45 144 657
45 144 666
45 144 705
45 144 706
45 144 708
45 144 711
45 144 712
45 144 713
45 144 714
45 144 715
45 144 718
45 144 719
45 144 720
45 144 722
45 144 723
45 144 724
45 144 725
45 144 726
45 27 530
45 27 531
45 27 577
45 27 1260
45 142 535
45 142 563
45 142 564
45 142 565
45 142 566
45 142 577
45 142 582
45 32 538
45 32 539
45 32 540
45 32 541
45 32 546
45 32 550
45 32 555
45 32 556
45 32 560
45 32 561
45 32 562
45 32 563
45 32 564
45 32 565
45 32 566
45 32 572
45 32 596
45 32 609
45 114 554
45 114 710
45 3 556
45 3 708
45 140 587
45 140 650
45 6 1153
45 6 1167
45 6 1168
45 6 1231
45 6 1255
45 6 1256
45 6 1257
45 6 1259
45 6 1260
45 6 1335
45 6 1439
70 47 520
70 47 625
70 47 642
70 3 538
70 3 573
70 3 590
70 6 538
70 6 600
70 144 560
70 144 610
70 144 613
70 144 642
70 144 657
70 144 658
70 142 565
70 142 585
70 142 586
70 142 587
70 142 588
70 142 589
70 142 644
70 142 645
70 142 648
70 142 659
70 142 660
70 142 661
70 7 566
70 7 613
70 114 610
70 2 755
70 2 762
70 2 764
70 2 778
70 2 786
70 2 790
70 2 793
70 73 762
70 73 800
70 73 814
70 95 768
70 97 796
70 97 797
47 49 558
47 49 600
47 49 604
47 49 659
47 7 559
47 7 580
47 7 582
47 7 651
47 19 566
47 19 582
47 19 608
47 3 600
47 8 718
47 8 719
47 8 723
27 3 524
27 3 564
27 3 566
27 3 567
27 3 597
27 3 668
27 3 678
27 19 537
27 19 686
27 19 704
27 19 713
27 19 1260
27 49 558
27 7 565
27 7 566
27 7 567
27 7 608
27 7 609
27 7 672
27 8 637
27 8 640
27 8 641
27 8 642
27 8 1124
27 8 1125
27 8 1126
27 8 1127
27 8 1128
27 8 1131
27 8 1132
27 8 1137
27 8 1157
27 8 1160
27 8 1166
27 8 1169
27 8 1170
27 8 1171
27 8 1179
27 8 1180
27 8 1189
27 8 1191
27 8 1211
27 8 1224
27 8 1267
27 8 1276
27 8 1283
27 8 1285
27 120 667
27 120 1123
27 120 1124
27 120 1128
27 120 1129
27 120 1141
27 120 1142
27 120 1143
27 120 1145
27 120 1146
27 120 1157
27 120 1160
27 120 1167
27 120 1178
27 120 1181
27 120 1182
27 120 1186
27 120 1188
27 120 1193
27 120 1195
27 120 1196
27 120 1199
27 120 1200
27 120 1203
27 120 1205
27 120 1207
27 120 1209
27 120 1210
27 120 1221
27 120 1223
27 120 1224
27 120 1225
27 120 1230
27 120 1231
27 120 1233
27 120 1237
27 120 1242
27 120 1244
27 120 1245
27 120 1246
27 120 1247
27 120 1249
27 120 1254
27 120 1255
27 120 1256
27 120 1257
27 120 1258
27 120 1259
27 120 1263
27 120 1272
27 120 1273
27 120 1274
27 120 1275
27 120 1276
27 120 1277
27 120 1280
27 120 1281
27 120 1282
27 120 1283
27 154 713
27 137 1124
27 137 1166
27 137 1167
27 137 1169
27 137 1170
27 137 1171
27 137 1172
27 137 1173
27 137 1174
27 137 1179
27 137 1180
27 137 1181
27 137 1182
27 137 1183
27 137 1188
27 137 1189
27 137 1197
27 137 1199
27 137 1200
27 137 1210
27 137 1212
27 137 1217
27 137 1218
27 137 1231
27 137 1232
27 137 1233
27 137 1237
27 137 1239
27 137 1242
27 137 1244
27 137 1246
27 137 1247
27 137 1270
27 137 1272
27 137 1273
27 137 1274
27 137 1277
27 137 1281
27 137 1283
3 8 533
3 8 567
3 8 570
3 8 571
3 8 578
3 8 579
3 8 580
3 8 581
3 8 630
3 8 668
3 8 669
3 8 674
3 8 688
3 7 538
3 7 539
3 7 543
3 7 544
3 7 547
3 7 548
3 7 549
3 7 611
3 7 612
3 7 618
3 7 653
3 7 654
3 7 655
3 7 656
3 7 658
3 7 659
3 7 665
3 7 687
3 7 705
3 7 707
3 7 801
3 7 812
3 7 813
3 7 833
3 7 834
3 7 835
3 142 540
3 142 652
3 142 675
3 142 676
3 142 683
3 142 691
3 142 692
3 142 693
3 142 694
3 142 696
3 142 701
3 142 703
3 142 704
3 142 710
3 19 541
3 19 556
3 19 558
3 19 559
3 19 560
3 19 561
3 19 577
3 19 606
3 19 618
3 19 619
3 19 620
3 19 652
3 19 656
3 19 680
3 19 683
3 19 684
3 19 685
3 19 686
3 19 687
3 19 689
3 19 691
3 19 692
3 19 693
3 19 694
3 19 701
3 19 703
3 140 587
3 174 605
3 174 710
3 174 725
3 114 627
3 36 759
3 36 760
3 36 761
3 36 762
3 36 763
3 36 764
3 36 765
3 36 766
3 36 767
3 36 768
3 36 769
142 7 525
142 7 530
142 7 531
142 7 579
142 7 580
142 7 653
142 7 671
142 7 674
142 49 530
142 49 531
142 49 532
142 49 646
142 49 679
142 19 537
142 19 538
142 19 540
142 19 583
142 19 584
142 19 585
142 19 586
142 19 587
142 19 588
142 19 589
142 19 590
142 19 591
142 19 592
142 19 593
142 19 594
142 19 595
142 19 599
142 19 611
142 19 614
142 19 615
142 19 616
142 19 617
142 19 619
142 19 620
142 19 621
142 19 622
142 19 640
142 19 651
142 19 655
142 19 658
142 19 665
142 19 666
142 19 676
142 19 677
142 19 680
142 19 683
142 19 687
142 19 691
142 19 692
142 19 693
142 19 694
142 19 695
142 19 696
142 19 697
142 19 698
142 19 699
142 19 700
142 19 701
142 19 702
142 19 703
142 19 704
142 8 559
142 8 560
142 8 586
142 8 589
142 8 590
142 8 591
142 8 592
142 8 594
142 8 595
142 32 563
142 32 564
142 32 565
142 32 606
142 32 607
142 118 610
142 118 624
142 118 640
142 118 765
142 118 766
142 118 767
142 62 719
7 1 557
7 114 557
7 114 577
7 114 608
7 32 560
7 144 588
7 144 589
7 144 591
7 144 599
7 144 601
7 144 643
7 144 666
7 144 672
7 144 702
7 144 706
7 144 708
7 144 709
7 174 634
144 8 560
144 8 561
144 8 599
144 8 600
144 8 603
144 8 604
144 8 677
144 8 678
144 8 681
144 8 708
144 8 711
144 8 716
144 8 718
144 8 721
144 8 723
144 19 582
144 19 611
144 19 661
144 19 664
144 118 603
144 118 647
144 32 604
144 49 642
144 49 668
144 49 711
144 99 847
144 99 882
144 99 887
144 99 913
144 99 914
144 100 949
144 100 950
144 100 953
144 161 996
8 6 526
8 6 599
8 6 601
8 6 612
8 6 645
8 6 648
8 6 649
8 6 708
8 6 715
8 32 604
8 32 611
8 114 636
8 174 679
8 74 1123
8 74 1132
8 74 1160
8 74 1165
8 74 1176
8 74 1182
8 74 1183
8 74 1188
8 74 1207
8 74 1208
8 74 1209
8 74 1211
8 74 1238
8 74 1239
8 74 1256
8 74 1257
8 74 1258
8 74 1260
8 74 1274
8 74 1277
8 74 1279
8 74 1280
8 74 1281
8 74 1282
8 96 1269
8 13 1270
6 19 585
6 19 586
6 19 587
6 19 591
6 19 654
6 19 655
6 19 1268
6 19 1335
6 19 1400
6 19 1420
6 73 1147
6 73 1335
6 73 1357
6 73 1358
6 73 1366
6 73 1372
6 73 1383
6 73 1384
6 73 1385
6 73 1402
6 73 1404
6 73 1438
6 73 1439
6 176 1260
49 174 548
49 32 591
49 32 641
49 159 758
49 100 1364
114 19 599
114 73 835
114 161 984
114 161 985
114 161 989
114 161 992
114 161 993
114 161 995
114 161 1005
114 161 1009
114 161 1013
114 161 1014
114 161 1017
114 161 1018
114 161 1019
114 161 1027
114 161 1029
114 161 1031
114 161 1050
114 161 1064
114 161 1065
114 161 1069
19 32 565
19 32 566
19 32 568
19 32 569
19 95 578
19 140 656
19 36 714
19 36 715
19 159 714
19 159 715
157 161 547
157 161 548
157 161 552
157 161 555
157 161 563
157 161 565
157 161 585
157 161 596
157 161 606
157 161 607
157 161 608
157 161 609
157 161 617
157 161 618
157 161 619
157 161 620
157 161 621
157 161 628
157 1 549
157 1 552
157 1 553
157 1 554
157 1 556
157 1 557
157 1 561
157 1 562
157 1 563
157 1 565
157 1 566
157 1 567
157 1 568
157 1 569
157 1 571
157 1 572
157 1 575
157 1 576
157 1 577
157 1 579
157 1 580
157 1 582
157 1 584
157 1 586
157 1 595
157 1 609
157 1 613
157 1 617
157 1 621
157 1 622
157 1 625
157 1 639
157 1 640
157 1 641
157 1 642
157 1 643
157 1 644
157 1 645
157 1 646
157 1 649
157 12 604
157 23 1097
157 23 1099
157 101 1102
157 101 1117
157 101 1143
157 101 1209
157 97 1140
157 97 1148
161 92 565
161 92 584
161 92 617
161 92 618
161 92 619
161 92 620
161 92 621
161 92 636
161 92 642
161 1 572
161 1 573
161 1 609
161 1 617
161 1 634
161 1 642
161 1 646
92 12 631
92 167 743
92 167 746
92 167 751
92 167 757
92 167 758
92 167 771
92 167 772
92 167 779
92 167 786
92 167 787
92 167 789
92 167 793
92 167 794
92 167 820
92 167 821
92 167 825
92 118 774
92 118 776
92 118 777
92 118 778
92 118 820
92 2 799
92 80 813
95 118 745
95 118 746
95 118 747
95 118 750
95 118 751
95 118 752
95 118 753
95 118 765
95 118 769
95 118 770
95 118 771
95 118 778
95 118 779
95 118 781
95 118 782
95 118 783
95 118 784
95 118 786
95 118 787
95 118 788
95 118 810
95 118 812
95 118 813
95 118 814
95 118 821
95 118 824
95 118 833
95 118 834
95 118 836
95 118 841
95 118 843
95 118 847
95 118 848
95 80 752
95 80 754
95 80 763
95 80 769
95 80 778
95 80 787
95 80 816
95 80 843
95 80 845
95 80 846
95 80 847
95 80 848
95 167 771
95 167 820
95 112 805
95 52 808
95 74 845
95 74 846
95 74 847
95 74 848
12 86 653
137 74 1122
137 74 1132
137 74 1133
137 74 1134
137 74 1135
137 74 1137
137 74 1138
137 74 1139
137 74 1140
137 74 1141
137 74 1142
137 74 1155
137 74 1156
137 74 1158
137 74 1159
137 74 1160
137 74 1161
137 74 1162
137 74 1166
137 74 1167
137 74 1168
137 74 1169
137 74 1170
137 74 1171
137 74 1172
137 74 1174
137 74 1175
137 74 1185
137 74 1186
137 74 1187
137 74 1188
137 74 1191
137 74 1192
137 74 1193
137 74 1194
137 74 1195
137 74 1197
137 74 1222
137 74 1225
137 74 1226
137 74 1241
137 74 1242
137 74 1243
137 74 1244
137 74 1258
137 74 1259
137 74 1260
137 74 1261
137 74 1262
137 74 1266
137 74 1274
137 74 1275
137 74 1278
137 74 1279
137 74 1281
137 74 1282
137 74 1283
140 13 1251
140 13 1266
140 13 1340
140 13 1369
140 13 1371
140 127 1304
140 127 1343
140 127 1361
140 127 1369
140 127 1371
118 117 670
118 23 745
118 23 746
118 23 770
118 23 774
118 23 775
118 23 778
118 23 779
118 23 781
118 23 782
118 23 788
118 23 819
118 23 820
118 23 821
118 23 822
118 23 825
118 23 826
118 23 827
118 23 828
118 23 829
118 23 830
118 23 832
118 23 833
118 23 834
118 23 838
118 23 845
118 23 847
118 23 848
118 73 745
118 73 751
118 73 756
118 73 769
118 73 770
118 73 794
118 73 795
118 73 796
118 73 797
118 73 798
118 73 800
118 73 801
118 73 808
118 73 809
118 73 815
118 73 820
118 73 822
118 73 824
118 73 825
118 73 826
118 73 827
118 73 828
118 73 832
118 73 833
118 73 836
118 73 837
118 73 838
118 162 754
118 162 755
118 62 788
118 62 795
117 131 647
117 131 648
117 131 653
117 131 661
117 131 663
117 131 664
117 131 665
117 131 666
117 131 671
117 131 673
117 131 674
117 131 675
117 131 676
117 131 677
117 131 678
117 131 679
117 131 680
117 131 681
117 131 682
117 131 683
117 131 684
117 131 685
117 120 658
117 120 659
117 120 660
117 120 663
117 120 664
117 120 673
117 120 674
117 120 675
117 120 676
117 120 677
117 120 678
117 120 679
117 120 680
117 120 681
117 120 682
117 120 683
117 120 684
117 120 685
131 86 647
131 86 648
131 86 650
131 86 651
131 86 652
131 86 654
131 86 655
131 86 656
131 86 660
131 86 673
131 86 674
131 86 675
131 86 676
131 86 677
131 86 678
131 86 679
131 86 680
131 86 681
131 86 682
131 86 683
131 86 684
131 86 685
131 86 686
131 126 649
131 126 655
131 126 663
131 126 673
131 126 674
131 126 675
131 126 676
131 126 677
131 126 678
131 126 679
131 126 680
131 126 681
131 126 682
131 126 683
131 126 684
131 126 685
131 2 756
86 176 1246
86 176 1250
86 176 1253
86 176 1256
86 176 1260
86 176 1261
86 176 1444
126 150 993
35 101 1059
35 101 1114
120 74 1122
120 74 1138
120 74 1143
120 74 1145
120 74 1146
120 74 1149
120 74 1150
120 74 1151
120 74 1152
120 74 1153
120 74 1154
120 74 1159
120 74 1160
120 74 1161
120 74 1162
120 74 1165
120 74 1166
120 74 1167
120 74 1168
120 74 1171
120 74 1172
120 74 1173
120 74 1174
120 74 1175
120 74 1178
120 74 1185
120 74 1186
120 74 1187
120 74 1190
120 74 1191
120 74 1192
120 74 1193
120 74 1194
120 74 1195
120 74 1196
120 74 1199
120 74 1200
120 74 1213
120 74 1225
120 74 1228
120 74 1244
120 74 1245
120 74 1247
120 74 1267
120 74 1276
120 74 1277
120 74 1278
120 74 1279
120 74 1280
120 132 1145
120 132 1149
120 132 1150
120 132 1151
120 132 1152
120 132 1154
120 132 1155
120 132 1156
120 132 1157
120 132 1158
120 132 1159
120 132 1160
120 132 1162
120 132 1164
120 132 1167
120 132 1170
120 132 1171
120 132 1172
120 132 1173
120 132 1174
120 132 1175
120 132 1180
120 132 1181
120 132 1182
120 132 1183
120 132 1184
120 132 1185
120 132 1186
120 132 1187
120 132 1188
120 132 1190
120 132 1191
120 132 1192
120 132 1193
120 132 1194
120 132 1195
120 132 1198
120 132 1220
120 132 1232
120 132 1239
120 132 1245
120 132 1249
120 132 1252
120 132 1253
120 132 1262
120 132 1263
120 132 1275
120 132 1278
120 132 1280
120 132 1284
120 132 1285
5 132 1263
62 112 779
62 80 788
62 80 1074
62 80 1075
62 80 1076
62 80 1077
62 80 1078
62 80 1083
62 80 1086
62 80 1088
62 80 1098
62 80 1099
62 80 1117
62 80 1120
62 80 1121
62 52 805
62 150 1076
62 150 1082
62 150 1083
62 150 1085
62 150 1088
62 150 1090
62 150 1091
62 150 1116
62 150 1130
112 97 771
112 97 779
112 97 797
112 97 798
112 97 800
112 97 801
112 97 803
112 97 805
112 97 806
112 23 776
112 2 799
178 162 768
154 36 713
154 36 714
154 36 715
154 36 716
154 36 718
154 36 720
154 36 721
154 36 722
154 36 723
154 36 726
154 36 727
154 36 728
154 36 729
154 36 730
154 36 731
154 36 732
154 36 733
154 36 734
154 36 747
154 36 798
154 36 799
154 36 809
154 99 833
36 101 1132
36 101 1143
36 101 1160
36 101 1182
36 101 1183
36 101 1185
36 101 1196
36 101 1208
36 101 1209
36 101 1210
36 101 1227
36 101 1251
36 101 1252
36 101 1255
36 101 1258
36 101 1260
36 101 1261
36 101 1262
36 101 1263
36 101 1264
36 101 1265
36 101 1266
36 101 1267
36 101 1272
36 101 1273
36 101 1275
36 101 1276
36 101 1283
36 101 1284
36 101 1287
36 101 1289
36 101 1290
36 101 1291
36 101 1292
36 101 1293
36 101 1295
36 101 1296
36 101 1297
36 101 1298
36 101 1299
36 101 1300
36 101 1301
36 101 1302
36 101 1303
36 101 1304
36 101 1305
36 101 1306
36 101 1307
36 101 1308
36 101 1309
36 101 1310
36 101 1311
36 101 1312
36 101 1313
36 101 1315
36 101 1321
36 101 1322
36 101 1323
36 101 1327
36 101 1336
36 101 1337
36 101 1342
36 101 1344
36 101 1345
36 101 1346
36 101 1347
36 101 1348
36 101 1349
36 101 1350
36 101 1351
36 101 1352
36 101 1353
36 101 1354
36 101 1355
36 101 1356
36 101 1357
36 101 1358
36 101 1359
36 101 1360
36 101 1362
36 101 1363
36 101 1364
36 101 1365
36 101 1366
36 101 1367
36 101 1368
36 101 1369
36 101 1370
36 101 1371
36 101 1372
36 101 1373
36 101 1374
36 101 1376
36 101 1377
36 101 1378
36 101 1379
36 101 1380
36 101 1381
36 101 1382
36 101 1383
36 101 1386
36 101 1387
36 101 1388
36 101 1389
36 101 1390
36 101 1391
36 101 1392
36 101 1393
36 101 1394
36 101 1395
36 101 1405
36 101 1406
36 101 1407
36 101 1408
36 101 1409
36 101 1410
36 101 1412
36 101 1413
36 101 1415
36 101 1416
36 101 1418
36 101 1419
36 101 1422
36 101 1423
36 101 1424
36 101 1425
36 101 1427
36 101 1428
36 101 1429
36 101 1431
36 101 1433
36 101 1434
36 101 1435
36 23 1136
42 96 1278
42 132 1283
167 23 769
167 23 770
167 23 771
167 23 772
80 73 764
80 73 788
80 73 809
80 73 821
80 73 823
80 73 824
80 73 825
80 73 826
80 73 827
80 73 828
80 73 832
80 73 833
80 73 836
80 73 837
80 73 838
80 23 774
80 23 820
80 23 826
80 23 837
80 23 841
80 23 845
80 23 846
80 23 847
80 23 848
80 155 1208
80 155 1220
80 155 1221
80 155 1222
80 155 1223
23 96 745
23 96 746
23 96 752
23 96 756
23 96 768
23 96 771
23 96 778
23 96 787
23 96 793
23 96 816
23 96 823
23 96 833
23 96 834
23 96 838
23 96 1095
23 74 829
23 74 831
23 74 845
23 74 846
23 74 847
23 74 848
23 99 838
73 96 749
73 96 750
73 96 752
73 96 753
73 96 758
73 96 765
73 96 766
73 96 769
73 96 770
73 96 811
73 96 815
73 96 833
73 96 834
73 96 835
73 96 836
73 96 837
73 96 838
73 96 842
73 74 1165
96 97 794
96 162 1095
96 162 1146
96 162 1174
96 162 1175
96 162 1176
96 162 1180
52 150 837
52 150 927
52 100 951
52 100 952
99 101 892
99 101 913
101 100 949
101 100 951
101 100 952
101 100 953
101 127 1354
100 13 1353
145 127 1191
145 127 1193
145 127 1195
145 127 1208
145 127 1210
145 127 1211
145 127 1219
145 127 1221
145 127 1242
145 127 1244
145 127 1253
145 127 1256
145 127 1257
145 127 1258
145 127 1271
145 127 1277
145 127 1302
145 127 1306
145 127 1312
145 127 1348
145 127 1367
145 13 1205
145 13 1247
145 13 1267
145 13 1307
145 13 1308
145 13 1309
127 13 1205
127 13 1238
127 13 1241
127 13 1268
127 13 1269
127 13 1270
127 13 1271
127 13 1309
127 13 1311
127 13 1316
127 13 1347
127 13 1348
127 13 1366
127 13 1369
127 13 1371
127 13 1371
