104 68 0
104 48 0
104 48 2
104 48 12
104 48 52
104 48 186
104 48 191
104 48 192
104 48 193
104 48 199
104 48 200
104 48 210
104 48 214
104 48 215
104 48 216
104 48 217
104 48 218
104 48 219
104 48 220
104 48 221
104 48 229
104 48 233
104 48 240
104 48 247
104 48 248
104 48 250
104 48 251
104 48 252
104 48 254
104 48 258
104 48 259
104 48 260
104 48 261
104 48 263
104 48 264
104 48 269
104 48 271
104 48 274
104 48 275
104 48 276
104 48 277
104 48 280
104 48 281
104 48 283
104 48 284
104 48 285
104 48 286
104 48 287
104 48 288
104 48 295
104 48 299
104 48 300
104 48 313
104 48 317
104 48 318
104 48 325
104 48 326
104 48 333
104 48 335
104 48 339
104 48 342
104 48 343
104 48 347
104 48 348
104 48 349
104 48 363
104 48 404
104 48 405
104 48 406
104 48 407
104 70 1
104 51 1
104 51 6
104 51 37
104 51 38
104 51 39
104 51 40
104 51 41
104 51 63
104 51 64
68 51 0
68 51 2
68 103 433
68 103 435
68 103 436
68 103 459
68 103 470
68 103 471
68 103 472
68 103 481
68 103 492
68 103 494
68 103 495
68 103 515
68 103 516
68 103 517
68 103 526
68 103 528
68 103 533
68 103 549
68 7 434
68 7 435
68 7 436
68 7 437
68 7 438
68 7 440
68 7 441
68 7 442
68 7 444
68 7 445
68 7 446
68 7 447
68 7 450
68 7 451
68 7 452
68 7 457
68 7 458
68 7 459
68 7 461
68 7 462
68 7 463
68 7 472
68 7 473
68 7 480
68 7 483
68 7 487
68 7 494
68 7 495
68 7 499
68 7 500
68 7 510
68 7 511
68 7 517
68 7 519
68 7 520
68 7 522
68 7 523
68 7 524
68 7 525
68 7 526
68 7 530
68 7 531
68 7 537
68 7 547
68 7 549
68 86 473
68 27 473
68 74 522
68 74 523
68 74 525
68 74 526
68 74 527
68 74 528
68 74 530
68 74 531
68 74 532
68 74 533
68 74 537
68 74 539
68 74 545
68 74 547
68 74 549
68 74 550
48 70 1
48 89 489
48 63 490
48 63 533
48 63 545
48 63 557
48 63 560
48 63 610
48 63 617
48 11 511
48 11 512
48 11 514
48 11 541
48 11 542
48 11 543
48 11 560
48 11 571
48 11 598
48 11 615
48 54 536
51 69 627
51 69 643
51 69 684
51 59 663
70 85 1242
70 85 1246
70 85 1251
70 90 1345
16 16 10
16 16 11
16 16 12
16 16 14
16 16 15
16 16 16
16 16 18
16 16 20
16 16 21
16 16 22
16 16 31
16 16 32
16 16 40
16 16 41
16 16 42
16 16 45
16 16 46
16 16 49
16 16 50
16 16 54
16 16 75
16 16 78
16 16 80
16 16 82
16 16 86
16 16 87
16 16 102
16 16 104
16 16 107
16 16 108
16 16 110
16 45 89
16 71 89
73 53 27
73 18 27
73 28 45
73 28 50
73 28 65
73 28 91
73 28 92
73 28 93
73 8 50
73 8 64
73 8 65
73 8 69
73 8 74
73 8 87
73 8 106
73 58 52
73 58 63
73 58 71
73 52 54
73 52 440
73 93 66
73 12 404
73 12 405
73 12 406
73 12 407
73 12 440
73 89 489
53 20 27
53 20 53
53 20 54
53 20 111
53 33 32
53 33 33
53 33 35
53 33 36
53 33 48
53 33 56
53 39 51
53 57 84
53 26 107
53 3 486
53 3 511
53 3 512
53 3 515
53 3 525
53 3 527
53 3 528
53 3 529
53 3 531
53 3 532
53 3 534
53 3 537
53 3 547
53 3 553
53 3 557
53 3 559
53 3 571
53 3 572
53 3 573
18 14 30
18 14 74
18 14 76
18 14 77
18 14 79
18 14 81
18 14 85
18 14 92
18 14 99
18 14 101
18 14 103
18 14 106
18 14 111
18 86 34
18 39 52
18 57 53
20 69 32
20 69 67
20 42 32
20 42 67
20 42 108
20 40 33
20 93 34
20 8 38
20 58 38
20 28 62
20 88 62
20 88 65
20 91 63
20 91 67
20 36 66
20 36 75
20 67 72
20 94 78
20 0 93
20 45 94
20 45 95
20 45 116
20 24 110
20 24 111
20 49 114
35 31 28
35 28 28
35 28 32
35 28 37
35 28 44
35 28 81
35 28 82
35 28 83
35 28 84
35 28 107
35 28 108
35 28 109
35 58 29
35 58 35
35 58 36
35 58 38
35 58 39
35 58 62
35 58 107
35 58 108
35 24 34
35 24 35
35 24 36
35 24 37
35 24 40
35 40 40
35 40 42
35 40 57
35 40 58
35 40 75
35 40 76
35 40 77
35 40 83
35 40 84
35 69 54
35 69 76
35 69 77
35 69 87
35 88 63
35 0 64
35 0 67
35 0 68
35 45 72
35 39 80
35 42 80
35 52 93
35 91 96
35 91 100
35 8 111
31 86 33
31 86 34
31 86 49
31 86 57
31 86 58
31 86 69
31 58 54
31 25 1052
31 25 1053
31 25 1054
31 25 1057
31 25 1064
31 25 1066
31 25 1091
31 25 1093
31 25 1095
31 25 1097
31 25 1098
31 25 1099
31 25 1102
31 25 1103
31 25 1105
31 25 1109
31 25 1118
31 25 1120
31 25 1121
31 25 1124
31 25 1125
31 25 1128
31 25 1129
31 25 1131
31 25 1132
31 25 1134
31 25 1135
31 25 1136
31 25 1137
31 57 1054
31 57 1079
31 57 1080
31 57 1081
31 57 1095
31 57 1096
31 57 1097
31 57 1106
31 57 1123
31 57 1125
31 57 1130
31 57 1131
31 57 1137
28 33 28
28 33 75
28 33 77
28 33 79
28 61 34
28 61 38
28 61 39
28 61 50
28 61 56
28 61 59
28 61 87
28 39 35
28 39 53
28 58 38
28 58 110
28 58 118
28 86 39
28 86 41
28 86 45
28 86 46
28 86 65
28 86 85
28 57 57
28 57 76
28 57 83
28 85 62
28 85 67
28 64 62
28 64 63
28 64 99
28 6 68
28 6 70
28 6 98
28 26 69
28 26 78
28 17 78
28 17 109
28 94 78
28 41 78
28 41 82
28 41 84
28 71 80
28 71 81
28 4 93
28 4 94
28 4 98
28 4 100
28 4 101
28 4 102
28 4 103
28 4 106
28 4 107
28 43 118
28 102 153
33 41 31
33 8 32
33 8 65
33 86 35
33 86 39
33 40 47
33 42 57
33 42 70
33 42 78
33 57 64
33 57 81
33 57 82
33 57 83
33 57 84
33 52 65
33 52 88
33 52 93
33 52 105
33 0 65
33 0 70
33 0 88
33 0 103
33 0 105
33 69 66
33 69 67
33 69 74
33 39 78
33 39 80
33 58 87
33 58 104
33 58 109
33 58 111
33 26 110
58 8 32
58 8 33
58 8 55
58 26 33
58 26 34
58 26 36
58 42 34
58 42 118
58 42 119
58 86 38
58 86 41
58 86 42
58 86 44
58 86 45
58 86 65
58 86 75
58 86 76
58 86 77
58 86 81
58 86 83
58 86 106
58 86 107
58 86 108
58 93 44
58 57 46
58 57 51
58 57 57
58 57 58
58 57 59
58 57 67
58 57 72
58 57 73
58 57 89
58 57 91
58 57 92
58 57 111
58 41 54
58 41 75
58 43 65
58 43 67
58 30 65
58 39 67
58 39 82
58 39 83
58 39 84
58 0 72
58 0 75
58 0 78
58 0 86
58 75 81
58 40 86
58 15 109
14 67 976
14 67 977
14 67 978
14 67 979
14 67 983
14 67 984
14 67 988
14 67 989
14 67 990
14 67 991
14 67 992
14 67 993
14 67 1005
14 67 1007
14 67 1021
14 67 1045
14 67 1058
14 67 1059
14 67 1064
14 67 1123
14 67 1136
14 67 1143
14 67 1145
14 67 1147
14 67 1148
14 67 1151
14 67 1153
14 67 1154
14 67 1155
14 67 1156
14 67 1157
14 67 1158
14 67 1159
14 67 1160
14 67 1161
14 67 1162
14 67 1163
14 67 1164
14 67 1165
14 67 1170
14 67 1172
14 67 1176
14 67 1179
14 67 1180
14 67 1182
14 67 1183
41 42 32
41 42 33
41 42 35
41 8 36
41 69 47
41 69 49
41 69 77
41 52 51
41 52 54
41 79 1284
41 79 1286
41 79 1293
41 79 1294
41 79 1296
41 79 1297
41 79 1298
41 79 1299
41 79 1300
41 79 1301
41 79 1302
41 79 1329
41 79 1331
41 34 1327
41 90 1327
8 57 37
8 30 38
8 30 40
8 30 110
8 61 40
8 61 41
8 61 42
8 61 43
8 61 44
8 86 45
8 86 47
8 86 49
8 86 69
8 43 87
8 43 102
8 71 92
8 0 102
69 93 32
69 39 32
69 39 39
69 39 40
69 39 43
69 39 44
69 39 49
69 39 86
69 39 88
69 39 93
69 39 94
69 39 97
69 39 106
69 39 111
69 43 34
69 43 35
69 43 70
69 43 71
69 43 72
69 43 73
69 43 74
69 43 111
69 86 38
69 86 42
69 86 44
69 86 48
69 86 64
69 86 65
69 86 66
69 86 67
69 86 68
69 86 70
69 86 71
69 86 72
69 86 73
69 86 74
69 86 79
69 86 88
69 86 111
69 61 40
69 61 41
69 61 43
69 61 44
69 61 45
69 61 49
69 61 56
69 61 70
69 61 73
69 61 86
69 61 97
69 61 106
69 61 110
69 26 47
69 26 48
69 26 65
69 26 69
69 26 100
69 57 51
69 57 55
69 57 111
69 55 615
69 55 625
69 55 629
69 55 682
69 55 683
69 55 684
42 93 33
42 93 34
42 57 34
42 57 35
42 57 103
42 57 104
42 57 105
42 57 106
42 61 39
42 61 45
42 61 46
42 61 49
42 61 64
42 61 111
42 26 63
42 26 108
42 86 72
42 86 111
42 0 89
42 0 91
42 0 104
42 77 1261
42 77 1263
42 77 1264
42 77 1265
42 77 1266
42 77 1267
42 77 1268
42 77 1269
42 77 1270
42 77 1272
42 77 1273
42 77 1274
42 77 1275
42 77 1276
42 77 1277
42 77 1278
42 77 1279
42 77 1280
42 77 1281
42 77 1282
42 77 1285
42 77 1287
42 77 1290
42 77 1291
42 77 1292
42 77 1295
42 77 1304
42 77 1305
42 77 1306
42 77 1327
42 77 1328
42 77 1330
42 77 1332
42 77 1333
93 86 41
93 86 42
93 86 44
93 86 47
93 57 47
61 39 32
61 39 33
61 39 34
61 39 36
61 39 45
61 39 64
61 39 74
61 39 101
61 39 111
61 52 68
61 52 90
61 0 76
61 0 89
61 0 90
61 0 105
61 40 89
61 40 91
61 99 916
61 99 918
61 99 923
61 99 930
61 99 931
61 99 932
61 99 959
61 99 960
61 99 963
61 99 964
61 99 971
61 99 988
61 99 994
61 99 996
61 99 997
61 99 998
61 99 999
61 99 1000
61 99 1001
61 99 1002
61 99 1011
61 99 1013
61 99 1014
61 99 1015
61 99 1016
61 60 919
39 26 34
39 26 49
39 26 66
39 26 75
39 57 40
39 57 41
39 57 42
39 57 43
39 57 47
39 57 49
39 57 67
39 57 68
39 57 69
39 57 101
39 57 102
39 40 41
39 86 42
39 86 48
39 86 111
39 30 54
39 0 102
86 52 47
86 52 49
86 52 111
86 40 48
86 40 49
86 40 76
86 78 58
86 0 75
86 0 76
86 0 85
86 50 454
86 50 461
86 50 462
86 50 463
86 50 464
86 50 465
86 29 460
86 29 461
86 29 465
86 29 473
86 29 479
86 29 484
86 29 486
86 29 488
86 29 490
86 29 491
86 29 494
86 29 525
86 29 528
86 3 461
86 3 462
86 3 463
86 3 464
86 3 465
86 5 473
40 57 37
40 57 41
40 57 42
40 57 92
40 26 40
40 26 45
40 26 48
40 26 69
40 26 74
40 26 76
40 26 83
40 26 86
40 15 64
40 0 86
40 99 943
26 88 60
26 88 91
26 45 62
26 45 64
26 45 65
26 45 74
26 45 80
26 45 89
26 102 65
26 19 79
26 91 93
26 91 98
26 52 94
26 0 94
26 36 96
26 36 97
26 49 97
24 57 39
24 57 40
24 57 46
24 57 50
24 57 76
24 57 77
24 57 92
24 57 95
24 1 240
24 1 244
24 1 250
24 96 240
24 96 241
24 96 243
24 96 244
24 96 245
24 96 246
24 96 248
24 96 249
57 0 64
57 0 65
57 0 70
57 0 71
57 0 72
57 0 73
57 0 81
57 0 88
57 0 91
57 0 102
57 0 103
57 0 105
57 21 1053
57 21 1054
57 21 1079
57 21 1098
57 21 1099
57 21 1121
57 21 1127
57 21 1131
57 21 1137
57 27 1053
57 27 1054
57 27 1080
57 27 1094
57 27 1096
57 27 1108
57 27 1118
57 27 1120
57 27 1130
57 27 1131
57 27 1137
43 87 1369
43 87 1370
15 78 36
15 78 37
15 78 39
15 78 40
15 78 42
15 78 45
15 78 46
15 78 47
15 78 48
15 78 49
15 78 50
15 78 55
15 78 56
15 78 58
15 78 59
15 78 61
15 78 62
15 78 63
15 78 64
15 78 69
15 78 70
15 78 71
15 78 72
15 78 73
15 78 74
15 78 77
15 78 78
15 78 79
15 78 84
15 78 85
15 78 86
15 78 87
15 78 88
15 78 90
15 78 92
15 78 93
15 78 94
15 78 95
15 78 96
15 78 97
15 78 98
15 78 99
15 78 100
15 78 101
15 78 102
15 78 103
15 78 104
15 78 105
15 78 106
15 78 107
15 78 108
15 78 109
15 78 110
15 78 111
15 78 112
15 78 113
15 78 114
15 78 115
15 78 116
15 78 117
15 78 118
15 78 119
15 78 120
15 78 121
15 52 63
15 90 1353
15 90 1358
78 30 93
78 30 1340
78 30 1354
30 92 1400
30 92 1414
30 87 1426
30 101 1426
52 2 419
52 2 420
52 2 421
52 2 422
52 2 423
52 2 425
52 2 426
52 2 427
52 2 429
52 2 431
52 2 432
52 2 434
52 2 435
52 2 436
52 2 437
52 2 443
52 2 444
52 2 445
52 2 453
52 2 455
52 2 459
52 2 460
80 13 51
80 13 54
80 83 676
80 83 679
80 83 684
80 83 688
80 83 695
80 54 679
80 55 719
13 54 557
88 46 61
88 46 64
88 46 65
88 46 68
88 46 70
88 46 74
88 46 81
88 46 82
88 46 83
88 46 84
88 46 85
88 46 86
88 46 88
88 46 89
88 46 91
88 46 98
88 46 99
88 46 100
88 46 101
88 46 104
88 46 112
88 46 114
88 46 116
88 46 117
88 64 62
88 64 67
88 64 87
88 4 68
88 17 70
88 45 74
88 45 75
88 45 76
88 45 77
88 45 80
88 45 109
88 19 76
88 19 111
88 36 79
88 36 83
88 36 85
88 36 87
88 36 95
88 71 87
88 71 88
88 71 90
88 71 92
88 71 99
88 71 100
88 71 101
88 71 103
88 71 105
88 71 107
88 71 108
88 71 109
88 71 111
88 71 115
88 71 116
88 71 117
88 71 118
88 71 119
88 71 120
88 94 90
88 94 110
88 94 115
88 94 116
88 94 119
88 94 120
88 6 117
88 6 118
88 102 121
46 45 61
46 45 65
46 45 104
46 45 106
46 45 107
46 67 63
46 67 64
46 67 68
46 67 70
46 67 87
46 36 66
46 36 67
46 36 98
46 36 114
46 22 70
46 22 119
46 19 78
46 19 87
46 91 92
46 91 96
46 91 97
46 91 98
46 91 107
46 94 104
46 5 534
46 5 539
46 59 578
45 102 65
45 102 74
45 102 75
45 102 76
45 102 77
45 102 78
45 102 79
45 102 95
45 102 106
45 102 109
45 102 110
45 102 120
45 71 67
45 71 98
45 71 116
45 64 69
45 64 72
45 64 74
45 64 75
45 64 77
45 64 78
45 64 79
45 64 80
45 64 92
45 64 111
45 64 114
45 64 116
45 17 69
45 17 93
45 17 94
45 17 112
45 17 114
45 17 115
45 94 69
45 94 71
45 94 103
45 94 104
45 94 107
45 94 108
45 4 77
45 4 92
45 4 94
45 4 95
45 4 112
45 6 115
45 3 444
45 3 445
45 3 446
45 3 447
45 3 458
45 3 459
45 3 461
45 3 466
45 3 471
45 3 472
45 3 478
45 3 480
45 3 481
45 3 484
45 3 485
45 3 487
45 3 488
45 3 489
45 3 493
45 3 495
45 3 499
45 3 503
45 3 504
45 3 507
45 3 510
45 3 517
45 3 518
45 3 519
45 3 521
45 3 526
45 3 529
45 3 535
45 3 536
45 3 541
45 3 543
45 3 547
45 3 552
45 3 553
45 3 558
45 3 563
45 3 593
45 3 600
45 3 601
45 3 602
45 3 605
45 3 608
45 3 609
45 3 615
45 3 625
45 3 635
45 3 636
45 50 444
45 50 445
45 50 446
45 50 448
45 50 449
45 50 454
45 50 457
45 50 458
45 50 461
45 50 462
45 50 463
45 50 464
45 50 471
45 50 479
45 50 480
45 50 481
45 50 483
45 50 485
45 50 486
45 50 490
45 50 491
45 50 492
45 50 494
45 50 495
45 50 498
45 50 499
45 50 503
45 50 504
45 50 511
45 50 517
45 50 519
45 50 520
45 50 533
45 50 534
45 50 535
45 50 536
45 50 552
45 50 553
45 50 555
45 50 558
45 50 563
45 50 567
45 50 569
45 50 572
45 50 577
45 50 579
45 50 580
45 50 581
45 50 584
45 50 585
45 50 586
45 50 587
45 50 592
45 50 604
45 50 607
45 50 608
45 50 609
45 50 618
45 50 635
45 50 636
45 29 461
45 29 463
45 89 463
45 89 464
45 9 571
45 97 576
49 85 62
49 85 67
49 85 73
49 85 113
49 85 118
49 64 62
49 64 67
49 64 88
49 71 64
49 71 70
49 71 71
49 71 99
49 71 109
49 17 79
49 6 118
49 105 419
49 105 420
49 105 421
49 105 422
49 105 426
49 105 435
49 105 436
49 105 441
49 105 451
49 105 456
49 105 457
49 105 458
49 105 459
49 105 460
85 91 64
85 91 92
85 94 102
85 94 113
85 94 121
85 102 111
64 102 70
64 102 74
64 102 76
64 102 77
64 102 78
64 102 79
64 102 80
64 102 82
64 102 83
64 91 71
64 91 75
64 91 76
64 91 78
64 91 79
64 91 80
64 91 83
64 94 71
64 19 72
64 19 111
64 19 114
64 36 83
64 36 89
64 99 917
64 99 979
64 99 980
64 99 981
64 99 982
64 99 983
64 99 989
64 99 991
64 99 992
64 99 993
64 99 995
64 99 1012
36 4 62
36 4 63
36 4 77
36 4 83
36 4 85
36 4 87
36 4 90
36 4 91
36 4 92
36 4 95
36 4 98
36 44 63
36 44 79
36 71 66
36 71 74
36 102 67
36 102 68
36 94 68
36 94 75
36 6 73
36 6 97
36 6 98
36 6 110
36 6 111
36 6 112
36 6 113
36 6 114
36 6 115
36 6 116
36 17 77
36 17 91
36 19 160
36 19 162
4 67 67
4 67 68
4 67 73
4 67 74
4 67 75
4 67 77
4 67 83
4 67 90
4 67 91
4 67 94
4 67 96
4 67 98
4 67 106
4 67 107
4 67 108
4 67 109
4 67 110
4 67 153
4 91 75
4 91 80
4 91 83
4 91 87
4 91 100
4 91 101
4 91 118
4 19 75
4 19 90
4 19 100
4 19 101
4 19 102
4 19 115
4 19 117
4 102 80
4 102 83
4 102 87
4 71 87
4 71 117
4 94 89
4 22 94
44 19 92
44 94 153
44 76 1322
91 102 67
91 102 72
91 102 73
91 102 74
91 102 76
91 102 79
91 102 83
91 102 88
91 102 90
91 102 100
91 102 101
91 102 108
91 102 109
91 102 117
91 102 118
91 71 67
91 71 68
91 71 69
91 71 70
91 71 88
91 71 89
91 71 1003
91 71 1004
91 94 67
91 94 68
91 94 71
91 94 72
91 94 88
91 17 75
91 17 77
91 17 87
91 17 109
91 17 110
91 17 112
91 6 110
91 6 1003
91 6 1004
91 6 1006
91 6 1010
91 6 1011
91 6 1012
91 6 1013
91 6 1014
91 6 1015
91 6 1016
91 6 1017
91 6 1018
91 6 1019
91 6 1020
91 6 1021
91 6 1022
91 6 1023
91 6 1024
91 6 1025
91 6 1029
91 6 1038
91 6 1039
91 6 1040
91 6 1041
91 6 1044
91 6 1052
91 6 1053
91 6 1054
91 6 1055
91 6 1062
91 6 1063
91 6 1065
91 6 1068
91 6 1069
91 27 1057
91 27 1061
22 94 63
22 94 65
22 94 73
22 94 74
22 94 75
22 94 77
22 94 87
22 94 94
22 94 95
22 94 98
22 71 65
22 71 74
22 71 78
22 71 79
22 71 85
22 71 94
22 71 97
22 71 112
22 96 242
94 71 64
94 71 65
94 71 66
94 71 68
94 71 69
94 71 74
94 71 77
94 71 78
94 71 81
94 71 83
94 71 84
94 71 87
94 71 90
94 71 92
94 71 93
94 71 94
94 71 97
94 71 98
94 71 102
94 71 103
94 71 105
94 71 110
94 71 111
94 71 112
94 71 113
94 71 114
94 71 115
94 71 116
94 71 117
94 71 118
94 71 119
94 71 120
94 47 66
94 6 70
94 6 117
94 75 121
94 19 162
94 37 162
67 71 66
67 71 71
67 71 74
67 17 87
67 17 91
67 17 109
67 17 110
67 17 113
67 6 97
67 6 107
67 10 109
0 10 67
0 10 82
0 10 85
0 10 96
0 10 106
0 10 114
0 10 155
0 10 156
0 10 157
0 10 158
0 10 159
0 10 167
0 10 168
0 10 170
0 10 171
0 10 191
0 10 192
0 10 193
0 10 194
0 10 199
0 10 206
0 10 209
71 2 67
71 2 70
71 2 71
71 47 78
71 102 90
102 19 92
102 19 116
102 19 117
102 19 118
102 6 115
47 6 117
47 3 444
47 3 447
47 3 453
47 3 456
47 3 465
47 3 467
47 3 468
47 3 469
47 3 470
47 3 471
47 3 472
47 3 473
47 3 474
47 3 475
47 3 478
47 3 483
47 3 484
47 3 485
47 3 487
47 3 489
47 3 491
47 3 492
47 3 493
47 3 494
47 3 498
47 3 499
47 3 500
47 3 503
47 3 509
47 3 510
47 3 511
47 3 512
47 3 518
47 3 519
47 3 520
47 3 523
47 3 524
47 3 526
47 3 527
47 3 529
47 3 533
47 3 536
47 3 552
47 3 553
47 3 557
47 3 558
47 3 561
47 3 562
47 3 563
47 3 564
47 3 565
47 3 567
47 3 572
47 3 573
47 3 593
47 3 602
47 3 605
47 3 608
47 3 609
47 3 616
47 3 618
47 3 619
47 3 620
47 3 621
47 3 622
47 3 625
47 3 626
47 3 636
10 37 209
10 37 210
2 6 98
2 6 100
2 6 101
2 6 102
2 6 103
2 6 112
2 6 113
2 105 419
2 105 420
2 105 421
2 105 422
2 105 425
2 105 426
2 105 459
2 105 460
2 50 459
6 19 70
6 19 110
6 19 111
6 19 113
17 100 1302
17 62 1302
17 87 1323
17 87 1328
17 87 1330
17 87 1331
17 87 1332
17 87 1333
17 87 1343
17 87 1345
17 87 1351
17 87 1354
17 87 1357
19 27 1087
19 27 1114
19 27 1133
23 95 204
23 95 205
23 95 213
23 95 214
23 95 215
23 95 216
23 38 318
23 38 319
23 38 320
23 38 321
23 38 334
23 38 351
23 38 355
23 38 377
23 38 387
23 38 456
23 38 457
23 38 464
23 38 467
23 38 497
23 38 499
23 38 523
23 38 533
23 38 534
23 38 540
23 38 541
23 29 499
23 29 540
23 29 541
23 50 535
95 21 212
95 21 217
95 21 218
21 29 1053
21 29 1054
21 29 1079
21 29 1091
21 29 1095
21 29 1104
21 29 1117
21 29 1128
21 29 1131
21 29 1132
21 29 1137
21 25 1053
21 25 1054
21 25 1076
21 25 1077
21 25 1079
21 25 1080
21 25 1082
21 25 1086
21 25 1095
21 25 1097
21 25 1098
21 25 1104
21 25 1110
21 25 1118
21 25 1119
21 25 1121
21 25 1122
21 25 1128
21 25 1129
21 25 1130
21 25 1131
21 25 1132
21 25 1134
21 25 1135
21 25 1136
21 25 1137
1 96 232
1 96 233
1 96 234
1 96 236
1 96 247
1 96 248
1 96 249
1 96 251
1 96 252
1 96 253
1 96 254
1 96 255
1 96 257
1 96 259
1 96 260
1 96 264
1 96 266
1 96 268
1 96 269
1 96 270
1 96 271
1 96 274
1 96 279
1 96 286
1 96 305
1 96 306
1 96 307
1 96 310
1 96 311
1 96 312
1 96 313
1 96 318
1 96 319
1 96 336
1 96 337
11 72 302
11 72 306
11 72 331
11 72 339
11 72 351
11 72 366
11 66 491
11 66 499
11 66 500
11 66 502
11 66 542
11 66 545
11 66 560
11 66 561
11 66 573
11 66 603
11 66 613
11 50 609
11 54 616
72 100 1190
72 100 1191
72 100 1196
72 100 1197
72 100 1198
72 100 1210
72 100 1211
72 100 1215
72 100 1216
72 100 1236
72 100 1237
72 100 1239
72 100 1241
72 100 1242
72 100 1243
72 100 1246
72 100 1257
72 100 1276
72 100 1277
72 100 1284
72 100 1285
72 100 1286
72 100 1287
72 100 1290
72 100 1291
72 100 1303
72 100 1305
72 100 1317
72 62 1191
72 62 1195
72 62 1196
72 62 1197
72 62 1206
72 62 1207
72 62 1210
72 62 1212
72 62 1236
72 62 1238
72 62 1239
72 62 1240
72 62 1241
72 62 1242
72 62 1243
72 62 1244
72 62 1245
72 62 1246
72 62 1247
72 62 1248
72 62 1249
72 62 1253
72 62 1262
72 62 1271
72 62 1274
72 62 1276
72 62 1277
72 62 1278
72 62 1281
72 62 1282
72 62 1283
72 62 1284
72 62 1285
72 62 1290
72 62 1298
72 62 1299
72 62 1300
72 62 1301
72 87 1312
38 27 498
38 27 540
38 25 528
38 50 535
12 76 462
12 76 496
105 89 460
103 5 434
103 5 435
103 5 462
103 5 495
103 5 526
103 5 527
103 5 528
103 5 549
103 89 473
103 89 511
103 65 493
103 77 527
103 77 530
103 77 533
103 77 540
103 77 542
103 74 539
7 50 451
7 92 1396
5 50 445
5 50 517
5 50 525
5 50 528
5 50 530
5 65 453
5 65 455
5 65 456
5 65 460
5 65 488
5 65 489
5 65 538
5 65 548
5 27 459
5 74 523
5 74 524
5 74 526
5 74 527
5 74 528
5 74 529
5 74 537
5 74 538
5 74 539
5 74 540
5 74 541
5 74 542
5 74 543
5 74 545
5 74 547
5 74 548
5 74 549
3 89 444
3 27 460
3 27 461
3 27 462
3 27 463
3 27 465
3 27 489
3 81 486
3 81 487
3 81 523
3 81 525
3 81 526
3 81 527
3 81 554
3 106 487
3 106 488
3 106 504
3 106 505
3 106 513
3 106 514
3 106 515
3 106 517
3 106 523
3 106 526
3 106 531
3 106 534
3 106 547
3 106 569
3 106 572
3 76 492
3 34 554
3 97 620
3 97 621
3 55 625
89 27 454
89 27 455
89 27 456
89 27 457
89 27 458
89 27 459
89 27 462
89 27 474
89 27 477
89 27 478
89 27 482
89 27 483
89 27 489
89 27 493
89 27 495
89 27 497
89 27 500
89 27 501
89 27 504
89 27 505
89 27 506
89 27 507
89 27 508
89 27 509
89 27 510
89 27 511
89 27 512
89 27 513
89 27 514
89 27 516
89 27 526
89 27 529
89 27 531
89 27 533
89 65 477
89 65 511
50 27 461
50 27 462
50 27 465
50 106 487
50 106 494
50 106 512
50 106 527
50 106 529
50 106 531
50 106 532
50 106 533
50 106 534
50 106 548
50 81 487
50 81 525
50 34 554
50 34 555
50 97 575
50 97 619
50 97 620
50 97 621
50 97 622
65 77 529
65 77 538
65 77 544
65 77 546
65 77 548
65 100 1241
65 100 1243
65 100 1244
65 100 1245
65 100 1250
65 100 1275
65 100 1277
65 100 1279
65 100 1280
65 100 1282
65 100 1284
65 100 1285
65 100 1287
65 100 1296
65 100 1299
65 100 1300
65 100 1302
27 76 489
27 25 498
27 62 548
29 59 539
29 59 540
29 59 543
29 59 545
29 59 547
29 59 557
29 59 558
29 59 561
29 59 567
29 59 571
29 59 573
29 59 574
29 59 577
29 59 582
29 59 583
29 59 602
29 59 603
29 59 609
29 59 611
29 59 613
29 59 614
29 59 615
29 59 619
29 59 622
29 59 625
29 59 626
29 59 635
29 59 636
29 59 653
29 59 655
29 59 666
29 59 668
29 59 670
29 59 673
29 59 678
29 59 679
29 59 682
29 59 683
29 59 688
29 59 689
29 59 690
29 59 694
29 59 697
29 59 698
29 59 699
29 59 700
29 59 701
29 97 586
29 97 587
29 97 589
29 97 590
29 97 591
29 97 655
29 55 651
29 55 666
29 55 667
76 101 1382
76 101 1390
76 101 1401
76 87 1388
76 87 1390
76 87 1391
76 87 1392
76 87 1395
106 79 486
106 79 511
106 79 532
106 79 533
106 79 534
106 79 547
106 79 557
106 79 562
106 79 563
106 79 564
106 79 565
106 79 571
106 79 572
79 100 1294
79 62 1294
81 82 673
81 82 674
81 82 687
81 82 696
81 82 700
81 82 701
81 82 702
81 82 703
81 82 704
81 82 705
81 82 708
81 82 710
81 82 711
81 82 712
81 82 716
81 82 719
81 82 720
81 82 721
81 55 719
81 55 720
63 82 733
63 82 737
63 82 746
63 82 748
63 82 749
63 82 752
63 82 753
63 82 760
63 82 765
63 82 769
63 82 795
63 82 799
63 82 802
63 82 807
63 82 810
63 82 813
63 82 816
63 82 818
63 82 822
63 82 823
63 82 824
63 82 825
63 82 833
63 82 834
63 82 835
63 82 837
63 82 845
63 82 846
63 82 848
63 82 852
63 82 853
63 82 854
63 82 857
63 82 858
63 82 862
63 82 863
63 82 864
63 82 866
63 82 867
63 82 873
63 82 882
63 82 886
63 82 887
63 82 889
63 82 905
63 98 791
63 98 792
63 98 793
63 98 794
63 98 795
63 98 796
63 98 797
63 98 799
63 98 806
63 98 810
63 98 813
63 98 817
63 98 818
63 98 819
63 98 828
63 98 843
63 98 845
63 98 853
63 98 857
63 98 858
63 98 861
63 98 862
63 98 882
63 98 887
63 98 896
66 54 613
66 54 634
66 54 683
66 59 633
25 59 540
74 83 1244
74 83 1261
74 83 1262
74 83 1265
74 83 1267
74 83 1277
74 83 1282
74 83 1287
74 83 1296
74 83 1317
74 83 1336
74 83 1343
74 83 1347
74 83 1348
77 34 1327
77 90 1327
54 55 609
54 55 610
54 55 611
54 55 612
54 55 613
54 55 614
54 55 615
54 55 616
54 55 617
54 55 619
54 55 620
54 55 624
54 55 626
54 55 627
54 55 631
54 55 632
54 55 633
54 55 639
54 55 651
54 55 662
54 55 667
54 55 674
54 55 679
54 55 683
54 55 684
54 59 652
59 97 586
59 97 655
62 100 1191
62 100 1195
62 100 1196
62 100 1197
62 100 1198
62 100 1199
62 100 1200
62 100 1202
62 100 1203
62 100 1204
62 100 1205
62 100 1208
62 100 1209
62 100 1210
62 100 1211
62 100 1212
62 100 1216
62 100 1218
62 100 1236
62 100 1239
62 100 1242
62 100 1246
62 100 1249
62 100 1253
62 100 1254
62 100 1255
62 100 1269
62 100 1276
62 100 1278
62 100 1281
62 100 1286
62 100 1295
62 100 1301
34 87 1301
34 87 1303
34 87 1304
34 87 1327
34 87 1328
9 92 1285
9 92 1286
9 92 1287
9 92 1289
9 92 1290
9 92 1291
9 92 1292
9 92 1293
9 92 1294
9 92 1295
9 92 1296
9 92 1297
9 92 1298
9 92 1299
9 92 1301
9 92 1303
9 92 1304
9 92 1305
9 92 1308
9 92 1309
9 92 1310
9 92 1311
9 92 1316
9 92 1317
9 92 1318
9 92 1321
9 92 1322
9 92 1323
9 92 1324
9 92 1336
9 92 1337
9 92 1338
9 92 1339
9 92 1340
9 92 1341
9 92 1342
9 92 1343
9 92 1344
9 92 1347
9 92 1348
9 92 1349
9 92 1350
9 92 1351
9 92 1352
9 92 1353
9 92 1354
9 92 1355
9 92 1356
9 92 1357
9 92 1358
9 92 1359
9 92 1360
9 92 1361
9 92 1362
9 92 1363
9 92 1365
9 92 1366
9 92 1367
9 92 1368
9 92 1369
9 92 1370
9 92 1371
9 92 1372
9 92 1373
9 92 1374
9 92 1375
9 92 1376
9 92 1380
9 92 1381
9 92 1387
9 92 1388
9 92 1389
9 92 1390
9 92 1391
9 92 1393
9 92 1394
9 92 1395
9 92 1397
9 92 1400
9 92 1401
9 92 1402
9 92 1403
9 92 1404
9 92 1405
9 92 1406
9 92 1407
9 92 1410
9 92 1411
9 92 1413
9 92 1414
9 92 1415
9 92 1416
82 98 727
82 98 728
82 98 730
82 98 732
82 98 733
82 98 741
82 98 749
82 98 753
82 98 756
82 98 758
82 98 759
82 98 760
82 98 773
82 98 774
82 98 780
82 98 781
82 98 786
82 98 788
82 98 791
82 98 802
82 98 803
82 98 804
82 98 806
82 98 807
82 98 808
82 98 810
82 98 811
82 98 812
82 98 813
82 98 814
82 98 815
82 98 817
82 98 821
82 98 828
82 98 829
82 98 830
82 98 831
82 98 833
82 98 836
82 98 837
82 98 842
82 98 845
82 98 846
82 98 848
82 98 849
82 98 850
82 98 851
82 98 852
82 98 854
82 98 855
82 98 856
82 98 857
82 98 858
82 98 859
82 98 860
82 98 861
82 98 862
82 98 863
82 98 864
82 98 865
82 98 866
82 98 867
82 98 868
82 98 869
82 98 870
82 98 871
82 98 872
82 98 873
82 98 874
82 98 878
82 98 879
82 98 880
82 98 881
82 98 885
82 98 886
82 98 887
82 98 888
82 98 891
82 98 899
82 98 904
82 98 905
98 60 728
98 60 735
98 60 737
98 60 741
98 60 742
98 60 746
98 60 749
98 60 756
98 60 757
98 60 758
98 60 766
98 60 767
98 60 768
98 60 772
98 60 773
98 60 775
98 60 800
98 60 802
98 60 803
98 60 804
98 60 805
98 60 811
98 60 812
98 60 814
98 60 815
98 60 816
98 60 820
98 60 821
98 60 822
98 60 823
98 60 824
98 60 826
98 60 827
98 60 830
98 60 831
98 60 832
98 60 835
98 60 836
98 60 844
98 60 849
98 60 850
98 60 851
98 60 852
98 60 854
98 60 855
98 60 856
98 60 860
98 60 863
98 60 864
98 60 866
98 60 867
98 60 868
98 60 869
98 60 870
98 60 871
98 60 872
98 60 873
98 60 874
98 60 875
98 60 876
98 60 877
98 60 878
98 60 879
98 60 880
98 60 881
98 60 883
98 60 884
98 60 885
98 60 888
98 60 889
98 60 890
98 60 891
98 60 892
98 60 893
98 60 898
98 60 899
98 56 744
98 84 790
98 84 792
98 84 793
98 84 794
98 84 795
98 84 796
98 84 797
98 84 801
60 84 728
60 84 732
60 84 744
60 84 755
60 84 758
60 84 759
60 84 766
60 84 767
60 84 768
60 84 772
60 84 775
60 84 778
60 84 786
60 84 787
60 84 788
60 84 789
60 84 792
60 84 793
60 84 798
60 84 800
60 84 803
60 84 804
60 84 811
60 84 812
60 84 814
60 84 815
60 84 820
60 84 821
60 84 826
60 84 830
60 84 831
60 84 832
60 84 836
60 84 839
60 84 849
60 84 850
60 84 851
60 84 855
60 84 856
60 84 859
60 84 860
60 84 870
60 84 872
60 84 874
60 84 876
60 84 888
60 84 899
60 56 858
84 32 1325
84 32 1334
84 101 1327
84 101 1328
84 101 1331
84 101 1332
84 101 1333
84 101 1334
84 101 1336
84 101 1342
84 101 1346
84 101 1347
84 101 1348
84 101 1357
56 90 807
56 90 808
56 90 809
56 90 811
56 90 813
56 90 819
56 90 820
56 90 828
56 90 830
56 90 831
56 90 835
56 90 836
56 90 838
56 90 867
56 90 868
56 90 869
56 90 870
90 100 1310
90 100 1311
90 100 1312
92 32 1289
32 101 1330
32 101 1333
87 101 1329
87 101 1337
87 101 1343
87 101 1356
87 101 1358
87 101 1365
87 101 1366
87 101 1367
87 101 1368
87 101 1369
87 101 1370
87 101 1371
87 101 1372
87 101 1373
87 101 1374
87 101 1375
87 101 1376
87 101 1377
87 101 1388
87 101 1390
87 101 1391
87 101 1401
87 101 1402
87 101 1413
87 101 1414
87 101 1415
87 101 1424
87 101 1425
87 101 1426
87 101 1427
101 107 1366
