78 85 0
78 85 10
78 85 11
78 85 14
78 85 25
78 85 26
78 85 35
78 85 37
78 85 59
78 85 69
78 85 73
78 85 74
78 85 82
78 85 120
78 85 127
78 85 129
78 51 1
78 51 2
78 51 71
78 51 74
78 51 76
78 51 129
78 51 130
78 0 2
78 0 76
78 0 81
78 0 82
78 0 83
78 0 84
78 0 85
78 0 86
78 0 107
78 0 129
78 0 130
78 24 39
78 24 40
78 24 41
78 24 47
78 24 49
78 24 50
78 24 51
78 24 53
78 24 68
78 24 69
78 24 70
78 24 71
78 24 72
78 24 73
78 24 74
78 24 75
78 24 77
78 24 78
78 24 79
78 24 80
78 24 83
78 24 85
78 24 86
78 24 87
78 24 94
78 24 95
78 24 98
78 24 108
78 24 111
78 24 114
78 24 115
78 24 122
78 24 123
78 24 124
78 24 125
78 24 126
78 24 129
78 24 130
78 24 131
78 24 132
78 24 136
78 24 137
78 24 138
78 24 139
78 24 140
78 24 141
78 24 142
78 24 143
78 24 144
78 24 145
78 24 146
78 24 147
78 24 154
78 24 155
78 24 156
78 24 157
78 24 158
78 24 160
78 58 99
78 30 99
78 8 132
78 79 148
78 79 158
85 0 9
85 0 11
85 0 21
85 0 23
85 0 24
85 0 25
85 0 26
85 0 30
85 0 35
85 0 48
85 0 52
85 0 54
85 0 59
85 0 60
85 0 62
85 0 63
85 0 93
85 0 116
85 0 117
85 58 11
85 58 14
85 58 15
85 58 21
85 58 23
85 58 24
85 58 25
85 58 26
85 58 30
85 58 37
85 58 45
85 58 46
85 58 59
85 58 65
85 58 103
85 58 127
85 58 1261
85 30 11
85 30 14
85 30 15
85 30 18
85 30 19
85 30 21
85 30 23
85 30 25
85 30 30
85 30 35
85 30 46
85 30 48
85 30 54
85 30 83
85 30 87
85 36 48
85 36 50
85 57 1168
85 84 1211
85 67 1214
85 67 1236
85 67 1334
85 12 1254
85 12 1256
85 12 1257
85 12 1259
85 12 1262
85 12 1264
85 12 1269
88 75 1
88 75 3
88 75 4
88 75 12
88 75 16
88 75 20
88 75 22
88 75 28
88 75 34
88 75 36
88 75 38
88 75 43
88 75 44
88 75 61
88 75 62
88 75 64
88 75 66
88 75 70
88 75 71
88 75 72
88 75 81
88 75 85
88 75 103
88 75 108
88 75 113
88 75 121
88 75 130
88 75 131
88 51 1
88 51 4
88 51 6
88 51 8
88 51 12
88 51 13
88 51 16
88 51 20
88 51 22
88 51 27
88 51 28
88 51 33
88 51 34
88 51 38
88 51 40
88 51 41
88 51 42
88 51 43
88 51 44
88 51 51
88 51 55
88 51 56
88 51 57
88 51 58
88 51 61
88 51 62
88 51 66
88 51 67
88 51 68
88 51 71
88 51 72
88 51 73
88 51 74
88 51 81
88 51 104
88 51 108
88 51 113
88 51 114
88 51 125
88 51 130
88 0 2
88 0 5
88 0 6
88 0 12
88 0 13
88 0 17
88 0 20
88 0 22
88 0 27
88 0 28
88 0 31
88 0 32
88 0 33
88 0 38
88 0 44
88 0 51
88 0 55
88 0 56
88 0 57
88 0 58
88 0 61
88 0 67
88 0 70
88 0 72
88 0 81
88 0 82
88 0 83
88 0 84
88 0 85
88 0 90
88 0 92
88 0 113
88 0 114
88 0 115
88 0 124
88 0 125
88 0 129
88 0 130
88 26 2
88 26 4
88 26 5
88 26 6
88 26 7
88 26 12
88 26 13
88 26 17
88 26 22
88 26 27
88 26 33
88 26 34
88 26 38
88 26 39
88 26 40
88 26 44
88 26 47
88 26 55
88 26 62
88 26 63
88 26 66
88 26 67
88 26 71
88 26 85
88 26 86
88 26 88
88 26 89
88 26 122
88 26 124
88 26 130
88 17 47
88 31 47
88 31 49
75 0 1
75 0 10
75 0 11
75 0 13
75 0 15
75 0 16
75 0 17
75 0 18
75 0 20
75 0 25
75 0 26
75 0 28
75 0 29
75 0 34
75 0 35
75 0 36
75 0 37
75 0 39
75 0 40
75 0 42
75 0 43
75 0 44
75 0 45
75 0 49
75 0 50
75 0 51
75 0 52
75 0 54
75 0 55
75 0 57
75 0 58
75 0 61
75 0 62
75 0 64
75 0 70
75 0 90
75 0 106
75 0 108
75 0 115
75 0 131
75 58 6
75 58 7
75 58 11
75 58 16
75 58 17
75 58 18
75 58 19
75 58 24
75 58 25
75 58 26
75 58 29
75 58 37
75 58 39
75 58 48
75 58 51
75 58 54
75 58 55
75 58 61
75 58 62
75 58 103
75 58 108
75 58 109
75 58 116
75 58 127
75 58 131
75 30 8
75 30 14
75 30 39
75 30 40
75 30 41
75 30 42
75 30 43
75 30 54
75 30 62
75 30 85
75 30 129
75 30 130
75 36 48
75 83 447
51 0 1
51 0 2
51 0 3
51 0 4
51 0 7
51 0 17
51 0 18
51 0 19
51 0 20
51 0 21
51 0 24
51 0 25
51 0 26
51 0 27
51 0 29
51 0 30
51 0 33
51 0 34
51 0 36
51 0 38
51 0 40
51 0 42
51 0 49
51 0 51
51 0 52
51 0 54
51 0 55
51 0 56
51 0 57
51 0 61
51 0 62
51 0 67
51 0 69
51 0 70
51 0 72
51 0 76
51 0 85
51 0 88
51 0 89
51 0 102
51 0 108
51 0 109
51 0 110
51 0 113
51 0 114
51 0 115
51 0 116
51 0 117
51 0 118
51 0 120
51 0 122
51 0 124
51 0 126
51 0 129
51 0 130
51 0 131
51 36 68
51 71 111
51 30 114
51 30 129
51 30 130
51 30 543
51 73 622
51 6 623
51 35 656
51 35 668
51 35 669
51 35 679
51 56 755
51 56 756
51 56 757
51 56 762
0 26 8
0 26 14
0 26 15
0 26 16
0 26 17
0 26 38
0 26 54
0 26 55
0 26 56
0 26 59
0 26 62
0 26 63
0 26 65
0 36 48
0 31 49
0 30 73
0 30 83
0 30 85
0 30 129
0 30 130
0 82 100
26 58 13
26 58 14
26 58 15
26 58 26
26 58 27
26 58 29
26 58 34
26 58 37
26 58 38
26 58 39
26 58 40
26 58 41
26 58 42
26 58 43
26 58 44
26 58 45
26 58 46
26 58 51
26 58 52
26 58 62
26 58 63
26 58 66
26 58 116
26 36 29
26 36 48
26 36 49
26 36 50
26 82 70
26 82 71
26 82 104
26 82 139
26 82 140
26 82 265
26 82 266
26 82 287
26 82 291
26 33 86
26 33 87
26 33 88
26 33 91
26 33 92
26 33 97
26 33 157
26 47 93
26 4 96
26 4 97
26 4 118
26 4 119
26 4 146
26 4 147
26 4 166
26 4 183
26 4 191
26 24 101
58 31 49
58 14 1207
58 23 1208
58 23 1210
58 23 1215
58 23 1216
58 23 1219
58 23 1222
58 23 1226
58 23 1227
58 23 1232
58 23 1235
58 23 1236
58 23 1237
58 23 1238
58 23 1239
58 23 1241
58 23 1242
58 23 1243
58 23 1244
58 23 1245
58 23 1246
58 23 1247
58 23 1249
58 23 1251
58 23 1252
58 23 1254
58 23 1255
58 23 1256
58 23 1260
58 23 1261
58 23 1262
58 23 1263
58 23 1264
58 23 1272
58 23 1273
58 23 1274
58 23 1275
58 23 1276
58 23 1277
58 23 1278
58 23 1280
58 23 1281
58 23 1282
58 23 1283
58 23 1284
58 23 1285
58 23 1286
58 23 1287
58 23 1288
58 23 1289
58 23 1290
58 23 1291
58 23 1299
58 23 1300
58 23 1305
58 23 1306
58 23 1308
58 23 1309
58 23 1311
58 23 1313
58 23 1314
58 23 1315
58 23 1316
58 23 1317
58 23 1318
58 23 1319
58 23 1320
58 23 1321
58 23 1324
58 23 1326
58 23 1327
58 23 1328
58 23 1340
58 23 1346
58 23 1347
58 23 1353
58 23 1354
58 23 1355
58 23 1360
58 23 1362
58 23 1363
58 23 1372
58 23 1373
58 23 1374
58 40 1224
58 57 1261
58 57 1340
30 21 510
30 21 515
30 21 516
30 21 517
30 21 519
30 21 524
30 21 525
30 21 533
30 21 536
30 21 537
30 21 544
30 21 545
30 21 546
30 21 556
30 21 557
30 21 558
30 21 561
30 21 562
30 21 563
30 21 564
30 21 565
30 21 569
30 21 570
30 21 573
30 21 576
30 21 578
30 21 588
30 21 592
30 21 593
30 21 602
30 21 603
30 21 608
30 21 609
30 21 610
30 21 613
30 21 614
30 21 616
30 21 621
30 21 623
30 21 626
30 21 627
30 21 628
30 21 630
30 21 631
30 21 633
30 21 634
30 21 635
30 21 636
30 21 640
30 21 644
30 21 645
30 21 646
30 21 648
30 21 649
30 21 656
30 21 657
30 21 661
30 21 667
30 21 668
30 21 686
30 21 690
30 21 729
30 21 734
30 21 738
30 21 755
30 21 765
30 21 767
30 21 773
30 21 780
30 21 789
30 21 790
30 21 802
30 21 806
30 21 814
30 21 815
30 21 846
30 21 857
30 21 858
30 81 615
30 9 626
30 33 650
36 17 9
36 17 18
36 17 19
36 17 21
36 17 25
36 17 26
36 17 59
36 17 60
36 17 73
36 17 78
36 17 79
36 17 98
36 17 101
36 17 108
36 17 117
36 17 127
36 17 135
36 17 175
36 17 178
36 17 183
36 17 184
36 62 134
36 52 137
36 52 170
36 82 173
36 13 174
36 42 174
36 39 1024
36 39 1025
36 39 1026
36 39 1027
36 39 1028
36 39 1029
36 39 1030
36 39 1031
36 39 1032
36 39 1033
36 39 1034
36 39 1035
36 39 1036
36 39 1039
36 39 1040
36 39 1041
36 39 1042
36 39 1043
36 39 1044
36 39 1045
36 39 1049
36 39 1051
36 39 1052
36 39 1053
36 39 1055
36 39 1057
36 39 1058
36 39 1059
36 39 1060
36 39 1061
36 39 1062
36 39 1063
36 39 1064
36 39 1065
36 39 1066
36 39 1067
36 39 1068
36 39 1069
36 39 1070
36 39 1071
36 39 1072
36 39 1073
36 39 1074
36 39 1077
36 39 1080
36 39 1081
36 39 1126
36 39 1127
36 39 1129
36 39 1130
36 39 1131
17 24 664
17 24 665
17 24 671
17 24 674
17 24 676
17 24 677
17 24 679
17 24 680
17 24 681
17 24 682
17 24 683
17 24 684
17 24 686
17 24 687
17 24 688
17 24 690
17 24 692
17 24 694
17 24 695
17 24 706
17 24 709
17 24 710
17 24 714
17 24 715
17 24 716
17 24 725
17 24 729
17 24 734
17 24 736
17 24 738
17 24 741
17 24 746
17 24 754
17 24 772
17 24 777
17 24 779
17 65 724
17 44 778
19 31 20
19 31 22
19 31 28
19 31 31
19 31 58
19 31 92
19 31 124
19 82 37
19 82 48
19 82 52
19 82 54
19 82 117
31 55 397
31 55 398
31 55 399
31 55 400
31 55 401
31 55 402
31 55 403
31 55 404
31 55 405
31 55 407
31 55 408
31 55 409
31 55 410
31 55 411
31 55 416
31 55 417
31 55 418
31 55 420
31 55 425
31 55 426
31 55 427
31 55 431
31 55 433
31 55 434
31 55 436
31 55 437
31 55 438
31 55 441
31 55 442
31 55 444
31 55 445
31 14 398
31 76 403
31 76 404
82 41 66
82 41 113
82 41 208
82 41 212
82 41 214
82 41 215
82 41 216
82 41 219
82 41 220
82 41 221
82 41 223
82 41 224
82 41 225
82 41 228
82 41 229
82 41 268
82 41 272
82 41 273
82 41 277
82 41 278
82 41 291
82 41 292
82 47 86
82 47 87
82 6 113
82 6 247
82 6 253
82 6 254
82 6 260
82 6 262
82 6 263
82 6 266
82 6 267
82 6 268
82 6 277
82 6 278
82 6 279
82 6 280
82 6 283
82 6 286
82 6 291
82 49 171
82 15 174
82 15 175
82 15 176
82 15 194
82 2 292
24 74 710
41 4 67
41 4 121
41 4 146
41 4 166
41 4 169
41 4 174
41 4 191
41 13 94
41 21 120
41 21 149
41 21 150
41 21 151
41 21 152
41 21 153
41 21 154
41 21 155
41 21 156
41 21 159
41 21 162
41 21 268
41 21 291
41 79 268
41 7 366
53 40 67
53 40 225
53 40 226
53 40 227
53 54 70
53 54 183
53 54 225
53 54 226
53 54 227
53 42 90
53 42 153
53 42 161
53 42 168
53 42 169
53 42 170
53 42 182
53 42 184
53 42 214
53 42 225
53 42 226
53 33 99
53 33 100
53 13 141
53 13 147
53 13 157
53 37 173
53 37 225
53 37 226
53 37 227
53 7 315
53 7 325
53 7 326
53 7 333
53 7 335
53 7 348
53 7 356
53 7 358
53 7 359
53 7 362
53 7 363
53 7 364
53 7 367
53 7 378
53 7 385
53 7 389
53 7 399
53 7 405
53 7 410
53 7 412
53 7 424
53 7 429
53 1 347
53 1 364
53 1 365
53 50 358
53 50 390
53 50 412
53 27 383
53 27 390
53 27 400
53 27 401
53 27 404
53 27 407
53 27 409
53 27 427
40 15 97
40 49 100
40 23 1158
40 57 1172
40 57 1173
40 57 1174
40 84 1172
40 84 1173
40 84 1174
40 84 1179
40 84 1180
40 84 1181
40 84 1182
40 84 1183
40 84 1184
40 84 1185
40 84 1188
40 84 1189
40 84 1190
40 84 1191
40 84 1196
40 84 1197
40 84 1198
40 84 1199
40 84 1200
40 84 1201
40 84 1202
40 84 1203
40 84 1204
40 84 1205
40 84 1206
40 84 1207
40 84 1208
40 84 1209
40 84 1210
40 84 1211
40 84 1212
40 84 1213
40 84 1214
40 84 1215
40 84 1216
40 84 1217
40 84 1218
40 84 1219
40 84 1220
40 84 1221
40 84 1222
40 84 1223
40 84 1224
40 84 1225
40 84 1226
40 84 1227
40 16 1211
4 45 82
4 45 83
4 45 121
4 86 89
4 86 92
4 86 96
4 86 114
4 49 118
4 15 130
4 15 661
4 44 519
4 44 522
4 44 524
4 44 525
4 44 526
4 44 527
4 44 528
4 44 529
4 44 530
4 44 531
4 44 532
4 44 533
4 44 535
4 44 536
4 44 537
4 44 539
4 44 540
4 44 542
4 44 543
4 44 544
4 44 545
4 44 547
4 44 548
4 44 550
4 44 552
4 44 553
4 44 564
4 44 565
4 44 569
4 44 573
4 44 574
4 44 580
4 44 581
4 44 582
4 44 587
4 44 588
4 44 589
4 44 590
4 44 591
4 44 592
4 44 593
4 44 594
4 44 595
4 44 604
4 44 611
4 44 612
4 44 613
4 44 614
4 44 615
4 44 616
4 44 617
4 44 618
4 44 619
4 44 620
4 44 621
4 44 622
4 44 638
4 44 639
4 44 640
4 44 641
4 44 642
4 44 643
4 44 644
4 44 645
4 44 646
4 44 647
4 44 648
4 44 649
4 44 650
4 44 652
4 44 653
4 44 654
4 44 655
4 44 656
4 44 667
4 44 674
4 44 677
4 44 678
4 44 679
4 44 680
4 44 689
4 44 692
4 44 695
4 44 740
4 44 743
4 44 748
4 44 758
4 44 759
4 44 760
4 44 761
4 44 763
4 73 622
4 73 623
4 39 652
4 39 653
4 39 764
4 56 652
4 56 762
4 29 652
4 65 653
4 65 760
4 65 762
4 65 763
4 65 764
4 35 660
4 35 661
4 35 663
4 35 664
4 35 665
4 35 666
4 35 667
4 35 668
4 35 669
4 35 670
4 35 671
4 35 672
4 35 673
4 35 674
4 35 678
4 35 679
4 35 680
4 35 681
4 35 682
4 35 684
4 35 685
4 35 686
4 35 687
4 35 688
4 35 705
4 35 706
4 35 707
4 35 708
4 35 709
4 35 710
4 35 711
4 35 712
4 35 713
4 35 717
4 35 718
4 35 720
4 35 721
4 35 724
4 35 725
4 35 726
4 35 727
4 35 728
4 35 729
4 35 730
4 35 732
4 35 733
4 35 734
4 35 738
4 35 743
4 35 750
4 35 751
4 35 752
4 35 753
4 35 754
4 35 755
4 35 756
4 35 757
4 35 761
4 35 762
4 35 763
4 35 770
4 35 771
4 35 772
6 21 67
6 21 115
6 21 121
6 21 145
6 21 149
6 21 155
6 21 156
6 21 182
6 21 184
6 21 186
6 21 214
6 21 220
6 21 229
6 21 240
6 21 245
6 21 250
6 21 252
6 21 280
6 21 287
6 21 291
6 42 70
6 33 86
6 33 120
6 33 130
6 33 142
6 33 143
6 33 144
6 33 156
6 33 170
6 33 172
6 33 173
6 33 182
6 33 195
6 33 196
6 33 211
6 33 240
6 33 241
6 33 243
6 33 244
6 33 250
6 33 275
6 33 277
6 33 286
6 33 291
6 13 120
6 37 122
21 15 91
21 15 92
21 49 94
21 80 509
21 28 509
47 54 69
47 54 174
47 54 225
47 54 226
47 54 227
47 86 69
47 86 87
47 49 92
47 52 103
47 68 104
47 15 192
47 42 225
47 42 226
47 37 226
47 37 227
54 15 192
54 49 220
54 49 222
54 49 225
54 49 226
54 49 227
54 38 531
54 14 543
54 14 545
71 52 70
71 52 72
71 52 75
71 52 76
71 52 77
71 52 78
71 52 79
71 52 80
71 52 81
71 52 82
71 52 83
71 52 86
71 52 87
71 52 90
71 52 91
71 52 92
71 52 95
71 52 103
71 52 104
71 52 106
71 52 142
71 52 153
71 52 154
71 52 156
71 52 167
71 52 168
71 52 169
71 52 172
71 52 202
71 52 205
71 52 206
71 13 103
71 37 104
71 68 705
71 68 708
71 68 722
71 68 734
71 68 742
71 68 747
71 68 748
71 68 755
71 68 759
71 68 762
71 68 782
71 68 873
71 66 870
71 66 873
71 66 874
71 66 885
52 67 1200
52 81 1232
52 81 1241
52 81 1242
42 37 225
42 83 355
42 83 357
42 83 361
42 83 362
42 83 364
42 83 365
42 83 366
42 83 367
42 83 368
42 83 369
42 83 373
42 83 374
42 83 378
42 83 379
42 83 380
42 83 392
45 5 1022
45 5 1027
45 5 1028
45 5 1031
45 5 1033
45 5 1034
45 5 1035
45 5 1036
45 5 1037
45 5 1038
45 5 1039
45 5 1041
45 5 1044
45 5 1045
45 5 1047
45 5 1048
45 5 1058
45 5 1066
45 5 1067
45 5 1071
45 5 1072
45 5 1073
45 5 1074
45 5 1075
45 5 1076
45 5 1078
45 5 1079
45 5 1081
45 5 1087
45 5 1089
45 5 1091
45 5 1092
45 39 1031
15 33 85
15 33 86
15 33 87
15 33 88
15 33 92
15 33 93
15 33 95
15 33 96
15 33 107
15 33 113
15 33 129
15 28 662
15 28 663
15 28 673
15 28 675
15 28 685
15 28 689
15 28 691
15 28 693
15 28 705
15 28 707
15 28 708
15 28 711
15 28 712
15 28 713
15 28 717
15 28 719
15 28 721
15 28 722
15 28 726
15 28 728
15 28 730
15 28 731
15 28 733
15 28 735
15 28 737
15 28 739
15 28 742
15 28 748
15 28 749
15 28 770
15 28 773
15 28 774
15 28 775
15 28 776
15 28 778
15 38 669
15 43 778
33 2 292
33 39 624
33 39 630
33 39 631
33 39 646
33 39 653
33 39 659
33 39 660
33 39 663
33 39 682
33 39 684
33 39 757
33 39 758
33 39 759
33 39 760
33 39 763
33 39 764
33 39 788
33 39 791
33 65 624
33 65 630
33 65 638
33 65 640
33 65 641
33 65 644
33 65 650
33 65 653
33 65 663
33 65 664
33 65 673
33 65 682
33 65 684
33 65 685
33 65 686
33 65 696
33 65 700
33 65 701
33 65 703
33 65 705
33 65 716
33 65 718
33 65 726
33 65 743
33 65 744
33 65 756
33 65 757
33 65 758
33 65 763
33 65 777
33 65 778
33 65 789
33 65 790
33 65 791
33 56 630
33 56 636
33 56 652
33 56 653
33 56 675
33 56 684
33 56 685
33 56 704
33 56 705
33 56 710
33 56 715
33 56 728
33 56 741
33 56 742
33 56 743
33 56 744
33 56 745
33 56 746
33 56 755
33 56 756
33 56 758
33 56 760
33 56 761
33 56 762
33 44 653
33 35 763
49 37 174
49 37 197
49 37 226
49 37 227
49 13 1074
49 13 1080
49 13 1097
49 13 1102
49 13 1105
49 13 1108
49 13 1111
49 13 1114
49 13 1119
49 13 1125
49 13 1126
49 13 1128
49 13 1131
49 13 1144
49 13 1146
49 13 1158
49 13 1159
49 13 1165
49 13 1178
49 13 1180
49 64 1164
49 29 1165
13 84 1180
68 59 136
68 59 704
68 59 705
68 59 706
68 59 707
68 59 708
68 59 711
68 59 715
68 59 716
68 59 717
68 59 718
68 59 719
68 59 720
68 59 721
68 59 722
68 59 724
68 59 725
68 59 728
68 59 732
68 59 733
68 59 734
68 59 735
68 59 739
68 59 741
68 59 742
68 59 743
68 59 744
68 59 745
68 59 746
68 59 747
68 59 748
68 59 749
68 59 751
68 59 752
68 59 753
68 59 754
68 59 755
68 59 756
68 59 757
68 59 758
68 59 759
68 59 760
68 59 761
68 59 762
68 59 763
68 59 764
68 59 765
68 59 766
68 59 767
68 59 768
68 59 769
68 59 770
68 59 771
68 59 772
68 59 773
68 59 774
68 59 775
68 59 776
68 59 777
68 59 778
68 59 779
68 59 780
68 59 781
68 59 782
68 59 790
68 59 791
68 59 792
68 59 793
68 59 794
68 59 795
68 59 796
68 59 797
68 59 798
68 59 799
68 59 801
68 59 838
68 59 844
68 59 850
68 59 853
68 59 854
68 59 855
68 59 857
68 59 858
68 59 859
68 59 860
68 59 862
68 59 863
68 59 873
68 59 875
68 59 887
68 59 890
68 59 891
68 59 892
37 63 224
37 63 231
37 63 237
37 63 247
37 63 248
37 63 253
37 63 254
37 63 259
37 63 263
37 63 268
37 63 269
37 63 270
37 63 271
37 63 272
37 63 273
37 63 274
37 63 275
37 63 299
37 63 301
37 61 226
37 61 227
37 9 237
37 9 245
37 9 259
37 69 247
37 69 249
37 69 250
37 69 251
37 69 253
37 69 254
37 69 263
37 69 269
37 69 270
37 69 271
37 69 297
8 34 463
8 34 464
8 34 465
8 34 466
8 34 467
8 34 468
8 34 469
8 34 470
8 34 471
8 34 472
8 34 473
8 34 475
8 34 476
8 34 478
8 34 479
8 34 480
8 34 481
8 34 482
8 34 483
8 34 484
8 34 486
8 34 487
8 34 489
8 34 493
8 34 494
8 34 495
8 34 542
62 27 440
59 79 205
59 74 705
59 74 706
59 74 707
59 74 708
59 74 709
59 74 715
59 74 716
59 74 717
59 74 718
59 74 722
59 74 723
59 74 724
59 74 725
59 74 726
59 74 727
59 74 728
59 74 729
59 74 730
59 74 731
59 74 732
59 74 733
59 74 734
59 74 735
59 74 736
59 74 737
59 74 738
59 74 739
59 74 740
59 74 741
59 74 742
59 74 743
59 74 744
59 74 762
59 74 763
59 74 764
59 74 769
59 74 772
59 74 776
59 74 780
59 74 838
59 74 850
59 74 869
59 74 872
59 74 876
59 74 878
59 74 880
59 74 882
59 74 890
59 74 891
59 35 815
79 20 207
79 20 209
79 20 224
79 20 236
79 20 255
79 20 284
79 20 286
79 20 291
79 20 292
79 20 293
79 20 296
79 20 297
79 20 334
79 20 335
79 20 336
79 20 337
79 20 434
79 20 435
79 20 436
79 20 437
79 20 443
79 14 309
79 14 310
79 14 313
79 72 361
79 1 375
79 25 378
79 27 382
79 3 395
20 3 337
20 3 351
20 3 352
20 3 364
20 3 407
20 3 414
20 3 416
20 3 418
20 3 427
20 3 429
72 9 223
72 9 224
72 9 225
72 9 245
72 9 249
72 9 258
72 9 267
72 9 305
72 9 306
72 9 316
72 9 332
72 9 334
72 9 345
72 9 347
72 9 349
72 9 350
72 9 359
72 9 361
72 9 366
72 9 367
72 9 368
72 9 369
72 9 370
72 9 371
72 9 372
72 9 374
72 9 376
72 9 377
72 9 378
72 9 379
72 9 381
72 9 382
72 9 383
72 9 384
72 9 386
72 9 387
72 9 388
72 9 389
72 9 390
72 9 393
72 9 394
72 9 396
72 9 397
72 9 400
72 9 405
72 9 406
72 9 407
72 9 408
72 9 409
72 9 410
72 9 411
72 9 412
72 9 413
72 9 414
72 9 415
72 9 416
72 9 417
72 9 443
72 9 444
72 9 445
72 9 446
72 9 447
72 9 448
72 9 449
72 9 450
72 9 451
72 9 452
72 9 453
72 9 454
72 9 455
72 9 456
72 9 457
72 9 458
72 9 459
72 9 460
72 9 461
72 9 462
72 9 463
72 9 464
72 9 465
72 9 466
72 9 467
72 9 468
72 9 469
72 9 470
72 9 471
72 9 472
72 9 473
72 9 474
72 9 484
72 9 485
72 9 486
72 9 487
72 9 488
72 9 489
72 9 490
72 9 493
72 9 494
72 9 495
72 9 496
72 9 497
72 9 498
72 9 500
72 9 502
72 9 503
72 9 504
72 9 505
72 9 506
72 9 508
72 9 509
72 9 511
72 9 512
72 9 513
72 9 514
72 9 515
72 9 516
72 9 517
72 9 518
72 9 519
72 9 520
72 9 521
72 9 522
72 9 523
72 9 524
72 9 526
72 9 527
72 9 537
72 9 538
72 9 541
72 9 545
72 9 546
72 63 237
72 63 243
72 63 244
72 63 249
72 63 252
72 63 265
72 63 266
72 63 269
72 63 270
72 63 271
72 63 275
72 63 296
72 63 311
72 63 317
72 63 341
72 63 347
72 63 348
72 63 349
72 63 356
72 63 362
72 63 365
72 63 366
72 63 367
72 63 368
72 63 370
72 63 371
72 63 374
72 63 376
72 63 377
72 63 380
72 63 381
72 63 382
72 63 383
72 63 395
72 63 396
72 63 423
72 63 433
72 63 441
72 63 443
72 63 445
72 63 446
72 63 447
72 63 448
72 63 449
72 63 450
72 63 452
72 63 453
72 63 463
72 25 437
72 3 437
72 50 454
72 14 554
9 73 606
9 73 608
9 73 609
9 73 611
9 73 612
9 73 613
9 73 614
9 73 615
9 73 616
9 73 617
9 73 618
9 73 619
9 73 620
9 73 622
9 73 623
9 73 624
9 73 625
9 73 626
9 73 627
9 73 628
9 73 629
9 73 630
9 73 631
9 73 632
9 73 633
9 44 622
9 2 622
9 2 624
63 11 225
63 11 237
63 11 244
63 11 270
63 11 275
63 11 304
63 11 364
63 11 365
63 11 366
63 11 367
63 11 368
63 11 369
63 11 370
63 11 371
63 11 372
63 11 373
63 11 374
63 11 375
63 11 376
63 11 377
63 11 378
63 11 379
63 11 380
63 11 381
63 11 382
63 11 383
63 11 384
63 11 385
63 11 386
63 11 387
63 11 388
63 11 389
63 11 390
63 11 392
63 11 393
63 11 394
63 11 396
63 11 397
63 11 398
63 11 399
63 11 400
63 11 401
63 11 402
63 11 404
63 11 411
63 11 421
63 11 422
63 11 423
63 11 424
63 11 426
63 11 430
63 11 431
63 11 432
63 11 434
63 11 439
63 11 444
63 11 447
63 11 452
63 11 453
63 11 454
63 11 463
63 11 464
63 11 465
63 11 466
63 11 467
63 65 627
63 65 630
63 65 631
63 65 632
63 65 634
63 65 638
63 65 652
63 65 653
63 65 654
63 65 655
63 65 656
63 65 657
63 65 658
63 65 659
63 65 660
63 65 662
63 65 671
63 65 674
63 65 679
63 65 680
63 65 684
63 65 700
63 65 701
63 65 702
63 65 703
63 65 743
63 65 745
63 65 746
63 65 747
63 65 754
63 65 757
63 65 761
63 39 663
63 39 671
63 39 679
63 39 683
63 39 702
63 39 703
63 39 704
63 39 706
63 39 715
63 39 742
63 39 745
63 39 746
63 39 755
63 39 756
63 39 757
63 39 758
63 39 759
63 39 761
63 29 700
63 29 757
63 35 743
63 48 750
11 56 1075
11 56 1078
11 56 1098
11 56 1099
11 56 1100
11 56 1104
11 56 1106
11 56 1107
11 56 1110
11 56 1112
11 56 1113
11 56 1116
11 56 1121
11 56 1132
11 56 1133
11 56 1134
11 56 1135
11 56 1137
11 56 1138
11 56 1139
11 56 1142
11 56 1145
11 56 1147
11 56 1153
11 56 1156
11 56 1161
11 56 1162
11 56 1163
11 56 1175
11 56 1177
61 74 706
61 74 707
61 74 716
61 74 718
61 74 721
61 74 725
61 74 728
61 74 735
61 74 736
61 74 741
61 74 743
61 74 744
61 74 745
61 74 746
61 74 749
61 74 753
61 74 757
61 74 761
61 74 771
61 74 841
61 74 858
61 74 859
61 74 865
61 74 886
61 66 861
61 66 872
61 66 881
61 66 882
61 66 886
69 73 486
69 73 487
69 73 489
69 73 490
69 73 491
69 73 494
69 73 495
69 73 496
69 73 498
69 73 499
69 73 501
69 73 503
69 73 504
69 73 505
69 73 506
69 73 507
69 73 508
69 73 510
69 73 511
69 73 513
69 73 514
69 73 515
69 73 517
69 73 521
69 73 530
2 14 278
2 14 279
2 14 280
2 14 282
2 14 283
2 14 284
2 14 285
2 14 286
2 14 287
2 14 289
2 14 290
2 14 291
2 38 671
2 38 672
2 38 673
2 38 674
2 38 675
2 38 676
2 38 677
2 38 686
2 38 707
2 38 711
2 38 722
2 38 777
2 38 781
2 10 737
14 48 398
14 48 537
14 60 417
14 50 1199
14 50 1201
14 50 1202
14 50 1204
14 50 1205
14 50 1206
14 50 1207
14 50 1208
14 50 1209
14 50 1211
14 50 1212
14 50 1214
14 50 1215
14 50 1216
14 50 1219
14 50 1220
14 50 1222
14 50 1223
14 50 1224
14 50 1225
14 50 1227
14 50 1365
14 50 1366
50 5 303
50 5 306
50 5 312
50 5 314
50 5 316
50 5 318
50 5 319
50 5 320
50 5 321
50 5 322
50 5 328
50 5 334
50 5 338
50 5 340
50 5 345
50 5 347
50 5 349
50 5 351
50 5 355
50 5 357
50 5 361
50 5 367
50 5 368
50 5 369
50 5 370
50 5 377
50 5 379
50 5 381
50 5 382
50 5 384
50 5 388
50 5 390
50 5 391
50 5 402
50 5 410
50 5 412
50 5 425
50 22 313
50 22 314
50 22 324
50 22 344
50 22 353
50 22 356
50 22 364
50 22 366
50 22 377
50 22 378
50 22 389
50 22 403
50 22 410
50 22 411
50 22 429
5 60 308
5 60 314
5 60 318
5 60 320
5 60 324
5 60 332
5 60 334
5 60 338
5 60 345
5 60 346
5 60 347
5 60 349
5 60 355
5 60 361
5 60 365
5 60 368
5 60 369
5 60 370
5 60 379
5 60 383
5 60 384
5 60 388
5 60 392
5 60 395
5 60 396
5 60 397
5 60 400
5 60 401
5 60 402
5 60 403
5 60 406
5 60 407
5 60 408
5 60 409
5 60 411
5 60 413
5 60 414
5 60 417
5 60 418
5 60 425
5 60 426
5 60 427
5 60 428
5 1 350
5 1 351
5 1 352
5 1 358
5 1 363
5 1 364
5 1 365
5 1 366
5 1 367
5 1 368
5 1 369
5 1 370
5 27 379
5 27 383
5 27 390
5 27 400
5 27 401
5 27 404
5 27 407
5 27 409
5 27 412
5 27 415
5 27 420
5 27 427
5 16 417
5 16 418
5 16 423
5 16 425
5 16 426
7 22 303
7 22 304
7 22 305
7 22 306
7 22 312
7 22 313
7 22 314
7 22 317
7 22 318
7 22 319
7 22 320
7 22 322
7 22 324
7 22 325
7 22 326
7 22 327
7 22 328
7 22 329
7 22 330
7 22 331
7 22 341
7 22 347
7 22 348
7 22 350
7 22 355
7 22 356
7 22 357
7 22 358
7 22 361
7 22 362
7 22 363
7 22 364
7 22 365
7 22 367
7 22 377
7 22 378
7 22 387
7 22 388
7 22 389
7 22 402
7 22 403
7 22 406
7 22 410
7 22 417
7 22 429
7 43 311
7 43 313
7 43 315
7 43 317
7 43 323
7 43 325
7 43 333
7 43 348
7 43 350
7 43 352
7 43 353
7 43 356
7 43 362
7 43 363
7 43 364
7 43 378
7 43 387
7 43 389
7 43 396
7 43 397
7 43 399
7 43 403
7 43 404
7 43 405
7 43 406
7 43 408
7 43 409
7 43 411
7 43 413
7 43 414
7 43 415
7 43 418
7 43 419
7 43 420
7 43 426
7 43 427
7 43 428
7 43 429
7 43 430
7 38 423
7 55 647
7 55 648
7 55 649
7 55 650
7 55 651
7 55 652
7 55 653
7 55 654
7 55 655
7 55 656
7 55 657
7 55 658
7 55 659
7 55 660
7 55 661
7 55 667
7 55 676
7 55 677
7 55 678
7 55 681
7 55 682
7 55 683
7 55 684
7 55 685
7 55 686
7 55 688
7 55 691
7 55 710
7 55 714
7 55 717
7 55 721
7 55 723
7 55 742
7 55 745
7 55 753
7 55 755
7 55 758
7 55 761
7 77 662
7 77 666
7 77 670
7 77 672
7 77 673
7 77 675
7 77 687
7 77 693
7 77 694
7 77 695
7 77 697
7 77 701
7 77 705
7 77 708
7 77 712
7 77 729
7 77 734
7 77 736
7 77 739
7 77 746
7 77 747
7 77 748
7 77 751
7 77 752
7 77 754
7 77 759
7 77 773
22 60 304
22 60 314
22 60 325
22 60 332
22 60 333
22 60 346
22 60 356
22 60 362
22 60 386
22 60 387
22 60 389
22 60 397
22 60 408
22 60 410
22 60 411
22 60 428
22 60 429
22 60 970
22 60 1057
22 60 1058
22 60 1061
22 60 1084
22 60 1086
22 60 1087
22 60 1088
22 60 1104
22 60 1105
22 60 1109
22 60 1111
22 60 1112
22 60 1114
22 60 1117
22 60 1118
22 60 1145
22 60 1146
22 60 1150
22 60 1156
22 60 1166
22 60 1167
22 60 1170
22 60 1171
22 1 349
22 1 365
22 10 1034
22 10 1040
22 10 1055
60 43 314
60 43 321
60 43 325
60 43 332
60 43 335
60 43 347
60 43 353
60 43 354
60 43 355
60 43 356
60 43 360
60 43 361
60 43 363
60 43 364
60 43 365
60 43 377
60 43 384
60 43 385
60 43 387
60 43 389
60 43 391
60 43 392
60 43 393
60 43 394
60 43 395
60 43 396
60 43 397
60 43 401
60 43 402
60 43 403
60 43 404
60 43 406
60 43 408
60 43 409
60 43 411
60 43 413
60 43 414
60 43 417
60 43 418
60 43 425
60 43 426
60 43 427
60 43 428
60 43 429
60 12 1020
60 12 1021
60 12 1025
60 12 1026
60 12 1027
60 12 1029
60 12 1033
60 12 1034
60 12 1036
60 12 1037
60 12 1038
60 12 1039
60 12 1040
60 12 1041
60 12 1042
60 12 1043
60 12 1044
60 12 1045
60 12 1046
60 12 1047
60 12 1048
60 12 1049
60 12 1050
60 12 1051
60 12 1052
60 12 1053
60 12 1054
60 12 1055
60 12 1056
60 39 1051
60 39 1077
60 39 1080
60 39 1081
60 44 1079
60 64 1165
60 64 1166
43 1 350
43 1 364
43 1 365
43 1 366
43 1 367
43 27 401
43 27 409
43 27 413
43 27 414
43 27 420
43 27 424
43 27 427
43 27 428
43 3 436
43 44 661
43 44 665
43 44 667
43 44 673
43 44 674
43 44 677
43 44 678
43 44 680
43 44 686
43 44 778
43 48 736
43 29 742
43 56 745
43 56 761
43 74 753
3 27 416
3 55 420
3 39 1033
3 29 1043
25 1 338
25 1 339
25 1 342
25 1 343
25 1 344
25 1 345
25 1 346
25 1 347
25 1 350
25 1 354
25 1 357
25 1 358
25 1 360
25 1 361
25 1 362
25 1 378
25 1 384
25 1 392
25 1 394
25 1 396
25 1 400
25 1 403
25 1 404
25 1 405
25 1 406
25 1 408
25 1 410
25 1 417
25 1 424
25 1 428
25 1 434
25 1 435
25 1 436
25 1 437
25 1 438
25 1 439
25 83 364
25 83 365
25 18 1169
25 56 1179
1 38 380
83 18 421
83 18 422
83 48 432
83 48 433
83 80 432
27 48 403
27 48 405
38 48 509
38 48 510
38 48 511
38 48 664
38 74 665
38 35 671
38 35 672
38 35 673
38 35 693
38 35 694
38 35 696
38 35 698
38 35 699
38 35 709
38 35 710
38 35 711
38 35 714
38 35 715
38 35 716
38 35 718
38 35 719
38 35 721
38 35 722
38 35 723
38 35 736
38 35 737
38 35 765
38 35 766
38 35 767
38 35 770
38 44 676
38 44 678
38 44 679
38 44 680
38 44 687
38 44 689
38 44 690
38 44 766
48 76 387
48 76 392
48 76 393
48 76 399
48 76 400
48 76 401
48 76 403
48 76 404
48 76 405
48 76 406
48 76 407
48 76 408
48 76 409
48 76 410
48 76 415
48 76 417
48 76 424
48 76 430
48 76 432
48 76 433
48 76 440
48 76 448
48 76 449
48 76 450
48 76 451
48 76 452
48 76 453
48 76 454
48 76 455
48 76 456
48 76 457
48 76 459
48 76 460
48 76 461
48 76 462
48 76 463
48 76 480
48 76 481
48 76 482
48 76 486
48 76 487
48 76 488
48 76 489
48 76 490
48 76 492
48 76 493
48 76 494
48 76 495
48 76 496
48 76 504
48 76 505
48 76 506
48 76 507
48 76 514
48 76 515
48 76 516
48 76 517
48 76 518
48 76 519
48 76 524
48 76 527
48 76 539
48 76 540
48 76 541
48 76 542
48 76 549
48 76 550
48 55 402
48 55 403
48 55 404
48 77 662
48 77 663
48 77 664
48 77 665
48 77 666
48 77 668
48 77 669
48 77 670
48 77 693
48 77 694
48 77 696
48 77 701
48 77 705
48 77 727
48 77 762
48 77 763
48 77 764
48 77 772
48 77 773
48 10 662
48 10 663
48 10 664
48 10 665
48 10 666
48 10 668
48 10 669
48 10 679
48 10 687
48 10 689
48 10 690
48 10 692
48 10 693
48 10 694
48 10 695
48 10 697
48 10 698
48 10 699
48 10 700
48 10 701
48 10 702
48 10 703
48 10 705
48 10 706
48 10 707
48 10 708
48 10 709
48 10 711
48 10 712
48 10 713
48 10 715
48 10 716
48 10 718
48 10 719
48 10 720
48 10 722
48 10 724
48 10 725
48 10 726
48 10 727
48 10 728
48 10 729
48 10 730
48 10 731
48 10 732
48 10 733
48 10 734
48 10 735
48 10 736
48 10 737
48 10 739
48 10 741
48 10 743
48 10 744
48 10 746
48 10 747
48 10 748
48 10 749
48 10 750
48 10 751
48 10 752
48 10 754
48 10 756
48 10 757
48 10 759
48 10 763
48 10 765
48 10 766
48 10 772
48 10 773
48 70 771
76 64 518
76 64 519
76 64 520
76 64 529
76 64 531
76 64 533
76 64 534
76 64 537
76 64 538
55 80 404
55 74 647
55 74 648
55 74 649
55 74 650
55 74 651
55 74 661
55 74 667
55 74 677
55 74 761
80 32 509
80 32 510
80 32 516
80 32 517
80 32 522
80 32 525
80 32 529
80 32 531
80 32 533
18 81 1124
18 81 1125
18 81 1126
18 81 1127
18 81 1128
18 81 1129
18 81 1130
18 81 1131
18 81 1132
18 81 1133
18 81 1134
18 81 1135
18 81 1137
18 81 1140
18 81 1141
18 81 1142
18 81 1143
18 81 1144
18 81 1145
18 81 1146
18 81 1147
18 81 1148
18 81 1149
18 81 1150
18 81 1151
18 81 1152
18 81 1153
18 81 1154
18 81 1155
18 81 1156
18 81 1157
18 81 1158
18 81 1159
18 81 1160
18 81 1161
18 81 1162
18 81 1163
18 81 1164
18 81 1165
18 81 1166
18 81 1167
18 81 1168
18 81 1169
18 81 1170
18 81 1171
18 81 1172
18 81 1173
18 81 1174
18 81 1175
18 81 1176
18 81 1177
18 81 1178
18 81 1179
18 81 1180
18 81 1181
18 81 1182
18 81 1183
18 81 1184
18 81 1185
18 81 1186
18 81 1187
18 81 1188
18 81 1189
18 81 1190
18 81 1191
18 81 1192
18 81 1193
18 81 1194
18 81 1195
18 81 1196
18 81 1197
18 81 1198
18 81 1199
18 81 1200
18 81 1202
18 81 1203
18 81 1205
18 81 1206
18 81 1207
18 81 1209
18 81 1210
18 81 1211
18 81 1212
18 81 1213
18 81 1214
18 81 1215
18 81 1216
18 81 1217
18 81 1218
18 81 1219
18 81 1220
18 81 1221
18 81 1222
18 81 1223
18 81 1224
18 81 1225
18 81 1226
18 81 1227
18 81 1228
18 81 1229
18 81 1230
18 81 1231
18 81 1233
18 81 1234
18 81 1235
18 81 1236
18 81 1237
18 57 1127
18 84 1211
18 67 1236
18 67 1237
34 66 988
34 66 992
34 66 993
34 66 996
34 66 1000
34 66 1001
34 66 1002
34 66 1003
34 66 1004
34 66 1008
34 66 1021
34 66 1027
34 66 1028
34 66 1029
34 66 1030
34 66 1036
34 66 1037
34 66 1049
34 66 1050
34 66 1054
34 66 1055
34 66 1056
34 66 1057
34 66 1058
34 66 1059
73 77 576
73 77 577
73 77 578
73 77 582
73 77 583
73 77 584
73 77 585
73 77 587
73 77 592
73 77 597
73 77 606
73 77 607
73 77 609
73 77 618
73 77 619
73 77 621
73 77 624
73 77 631
73 77 648
73 77 649
73 77 650
73 44 614
28 84 521
28 84 523
28 84 530
28 35 778
28 44 778
32 44 1075
32 44 1078
32 44 1079
32 44 1082
32 44 1083
32 44 1113
32 67 1078
32 67 1079
32 67 1082
32 67 1083
64 66 1009
64 84 1115
64 84 1116
64 84 1117
64 84 1118
64 84 1119
64 84 1120
64 84 1121
64 84 1122
64 84 1123
64 84 1124
64 84 1125
64 84 1126
64 84 1127
64 84 1129
64 84 1130
64 84 1131
64 84 1132
64 84 1136
64 84 1137
64 84 1138
64 84 1141
64 84 1142
64 84 1143
64 84 1144
64 84 1147
64 84 1164
64 84 1167
64 67 1169
77 10 660
81 70 610
81 70 617
81 70 623
81 70 663
81 29 1229
81 29 1231
81 29 1244
81 57 1269
70 39 646
70 39 657
70 39 663
70 39 687
70 39 694
70 39 696
70 39 701
70 39 702
70 39 703
70 39 704
70 39 707
70 39 708
70 39 709
70 39 710
70 39 711
70 39 712
70 39 713
70 39 714
70 39 715
70 39 726
70 39 756
70 39 757
70 39 758
70 39 760
70 39 761
70 39 762
70 39 763
70 39 764
70 39 766
70 39 791
70 56 663
70 56 685
70 56 704
70 56 716
70 56 717
70 56 718
70 56 719
70 56 720
70 56 742
70 56 744
70 56 748
70 56 749
70 56 755
70 56 756
70 56 758
70 56 760
70 56 762
70 29 742
39 35 676
39 10 1055
65 46 624
65 46 627
65 46 632
65 46 640
65 46 644
65 46 645
65 46 647
65 46 658
65 46 659
65 46 660
65 46 674
65 46 675
65 46 684
65 46 700
65 35 645
65 35 646
65 67 1261
46 56 627
46 56 685
46 56 700
46 29 643
46 29 673
46 29 700
46 29 1169
46 29 1172
46 29 1173
46 29 1174
46 29 1175
46 29 1177
46 29 1180
46 29 1181
46 29 1187
46 29 1188
46 29 1189
46 29 1190
46 29 1191
46 29 1192
46 29 1195
46 29 1204
46 29 1205
46 29 1207
46 29 1208
46 29 1210
46 29 1216
46 29 1217
46 29 1218
46 29 1219
46 29 1229
46 29 1231
46 29 1235
46 29 1236
46 29 1245
46 29 1247
46 29 1248
56 35 649
56 12 679
29 67 1174
29 67 1204
10 74 645
10 74 646
10 74 647
10 74 648
10 74 649
10 74 650
10 74 651
10 74 664
10 74 667
10 74 668
10 74 669
10 74 671
10 74 674
10 74 676
10 74 677
10 74 678
10 74 680
10 74 681
10 74 682
10 74 686
10 74 689
10 74 702
10 74 703
10 74 706
10 74 707
10 74 709
10 74 713
10 74 721
10 74 722
10 74 723
10 74 724
10 74 725
10 74 726
10 74 727
10 74 728
10 74 730
10 74 731
10 74 732
10 74 733
10 74 735
10 74 737
10 74 740
10 74 741
10 74 742
10 74 743
10 74 744
10 74 745
10 74 749
10 74 750
10 74 753
10 74 755
10 74 756
10 74 757
10 74 758
10 74 760
10 74 761
10 74 772
10 35 663
12 57 1200
12 57 1203
12 57 1210
12 57 1213
12 57 1217
12 57 1218
12 57 1221
12 57 1226
12 57 1228
12 57 1229
12 57 1230
12 57 1231
12 57 1232
12 57 1233
12 57 1247
12 57 1248
12 57 1249
12 57 1251
12 57 1252
12 57 1253
12 57 1254
12 57 1255
12 57 1256
12 57 1258
12 57 1259
12 57 1260
12 57 1261
12 57 1262
12 57 1269
12 57 1270
12 57 1271
12 57 1273
12 57 1274
12 57 1284
12 57 1285
12 57 1286
12 57 1287
12 57 1288
12 57 1290
12 57 1291
12 57 1292
12 57 1293
12 57 1294
12 57 1295
12 57 1296
12 57 1299
12 57 1300
12 57 1302
12 57 1303
12 57 1304
12 57 1305
12 57 1306
12 57 1307
12 57 1313
12 57 1314
12 57 1315
12 57 1362
12 57 1363
12 57 1364
12 57 1367
67 23 1129
57 87 1171
57 87 1172
57 87 1173
57 87 1174
