132 98 0
132 98 1
132 24 15
132 24 17
132 24 20
132 24 21
132 96 37
132 96 51
132 96 62
132 96 94
132 139 97
132 139 98
132 139 99
132 139 100
132 139 101
132 139 102
132 139 103
132 139 104
132 139 105
132 139 106
132 139 108
132 139 109
132 139 110
132 139 112
132 139 115
132 139 121
132 139 123
132 139 124
132 139 125
132 139 126
132 139 127
132 139 128
132 139 131
132 139 132
132 139 134
132 139 136
132 139 137
132 139 138
132 139 141
132 139 147
132 139 148
132 139 282
132 139 283
132 139 288
132 139 289
132 139 291
132 41 107
132 138 107
132 138 113
132 138 118
132 138 119
132 138 120
132 138 122
132 138 133
132 138 140
132 138 146
132 138 149
132 138 150
132 138 151
132 138 152
132 138 153
132 138 154
132 138 155
132 138 156
132 138 157
132 138 158
132 138 159
132 138 160
132 138 161
132 138 162
132 138 163
132 138 164
132 138 166
132 138 168
132 138 169
132 138 170
132 138 171
132 138 172
132 138 173
132 138 174
132 138 175
132 138 176
132 138 177
132 138 178
132 138 179
132 138 180
132 138 183
132 138 184
132 138 185
132 138 186
132 138 187
132 138 191
132 138 192
132 138 195
132 138 196
132 138 197
132 138 198
132 138 199
132 138 200
132 138 203
132 138 204
132 138 205
132 138 208
132 138 209
132 138 277
132 138 278
132 138 284
132 138 285
132 138 286
132 138 290
132 138 292
132 92 165
132 123 179
132 123 181
132 123 182
132 103 179
132 111 182
132 87 182
132 87 183
132 69 283
132 60 383
98 24 16
98 106 40
98 136 457
98 136 458
98 136 465
98 136 466
98 136 467
98 136 468
98 136 472
98 136 475
98 136 476
98 136 478
98 136 479
98 136 480
98 136 481
98 136 482
98 136 483
98 136 486
98 136 487
98 136 488
98 136 489
98 136 490
98 136 502
98 136 504
98 136 505
98 136 510
98 136 512
98 136 515
98 136 518
98 136 519
98 136 523
98 136 549
98 136 550
98 136 552
98 136 561
98 136 564
98 136 566
98 136 568
98 136 569
98 136 570
98 136 572
98 136 573
98 136 575
98 136 576
98 136 577
98 136 579
98 136 582
98 136 583
98 136 588
98 136 589
98 136 601
98 136 602
98 136 603
98 136 604
98 136 605
98 136 607
98 136 609
98 136 610
98 136 611
98 136 612
98 136 613
98 136 614
98 136 628
98 136 645
98 136 672
98 136 677
98 136 680
98 136 681
98 136 682
98 136 685
98 136 688
98 136 698
98 136 699
98 136 701
98 136 707
98 136 708
98 136 709
98 136 710
98 136 711
98 136 712
98 136 713
98 136 714
98 136 719
98 136 721
98 136 722
98 136 725
98 136 745
98 136 755
98 136 756
98 136 757
98 136 758
98 136 759
98 136 819
98 136 823
98 136 824
98 136 825
98 136 836
98 136 837
98 136 839
98 136 840
98 136 841
98 136 842
98 122 840
24 27 482
24 27 533
24 93 522
24 93 527
24 93 546
24 93 606
24 93 607
24 93 609
24 93 615
24 93 617
24 93 622
24 93 623
24 128 584
31 133 36
31 133 39
31 133 47
31 133 49
31 133 50
31 133 52
31 133 55
31 133 60
31 133 69
31 133 72
31 133 75
31 133 77
31 133 84
31 133 86
31 133 101
31 133 105
31 133 110
31 133 116
31 133 118
31 59 36
31 59 43
31 59 71
31 59 72
31 59 73
31 59 91
31 59 92
31 59 102
31 59 112
31 59 118
31 59 156
31 59 157
31 59 161
31 59 173
31 59 174
31 59 175
31 59 176
31 59 178
31 59 182
31 59 183
31 59 192
31 59 195
31 59 196
31 75 45
31 75 52
31 75 60
31 75 69
31 75 182
31 75 189
31 75 192
31 42 172
31 125 194
31 21 897
31 57 1011
31 57 1012
31 57 1013
31 57 1014
31 57 1015
31 57 1016
31 57 1017
31 57 1025
133 58 36
133 58 37
133 58 43
133 58 82
133 58 84
133 58 89
133 58 94
133 75 36
133 75 60
133 75 69
133 75 72
133 75 75
133 75 77
133 75 84
133 75 101
133 75 105
133 75 129
133 75 139
133 75 151
133 75 152
133 75 159
133 75 167
133 75 168
133 75 169
133 75 170
133 75 171
133 75 172
133 75 173
133 75 181
133 75 190
133 75 195
133 75 196
133 73 37
133 73 38
133 73 40
133 73 62
133 73 63
133 73 64
133 73 65
133 73 66
133 73 67
133 73 70
133 73 76
133 73 78
133 73 79
133 73 80
133 73 81
133 73 83
133 73 94
133 73 95
133 73 102
133 73 103
133 73 104
133 73 112
133 73 113
133 73 136
133 73 137
133 73 141
133 73 148
133 33 37
133 33 38
133 33 40
133 33 48
133 33 51
133 33 53
133 33 54
133 33 56
133 33 57
133 33 58
133 33 59
133 33 61
133 33 62
133 33 63
133 33 64
133 33 65
133 33 66
133 33 67
133 33 68
133 33 71
133 33 73
133 33 76
133 33 78
133 33 79
133 33 81
133 33 82
133 33 83
133 33 85
133 33 95
133 33 96
133 33 97
133 33 98
133 33 99
133 33 100
133 33 102
133 33 103
133 33 104
133 33 111
133 33 112
133 33 113
133 33 114
133 33 117
133 33 173
133 33 174
133 33 175
133 33 177
133 33 178
133 33 179
133 33 180
133 33 181
133 33 182
133 33 183
133 33 184
133 33 185
133 33 186
133 33 187
133 33 188
133 33 189
133 33 191
133 33 192
133 33 193
133 33 196
133 59 67
133 59 72
133 59 73
133 59 77
133 59 87
133 59 88
133 59 102
133 59 112
133 59 150
133 59 154
133 59 178
133 59 182
133 59 183
133 59 193
133 59 196
133 56 172
59 73 66
59 73 72
59 73 94
59 73 113
59 73 143
59 73 144
59 73 150
59 73 179
59 73 190
59 73 196
59 32 283
59 32 315
59 32 316
59 32 330
59 32 334
59 32 335
59 38 310
58 33 81
58 33 83
58 33 103
58 29 792
58 29 794
58 29 798
58 29 800
58 29 811
58 29 821
58 29 822
58 29 824
58 29 825
58 29 832
58 29 837
58 29 839
58 29 846
58 29 855
58 29 856
58 29 905
58 29 906
58 29 911
58 29 952
58 29 954
58 29 959
58 29 960
58 29 962
58 29 963
58 29 971
58 29 972
58 29 973
58 29 974
58 29 975
58 29 976
58 29 978
58 29 980
58 29 981
58 29 982
58 29 983
58 29 989
58 29 991
58 29 993
58 29 994
58 29 997
58 29 998
58 29 1000
58 29 1001
58 29 1002
58 29 1003
58 29 1004
58 29 1006
58 29 1007
58 29 1008
58 29 1010
58 116 851
58 21 897
58 109 939
58 120 939
75 140 680
75 140 681
75 140 683
75 140 685
75 140 686
75 140 687
75 140 688
75 140 691
75 140 692
75 140 694
75 140 695
75 140 696
75 140 698
75 140 699
75 140 702
75 140 703
75 140 707
75 140 711
75 140 712
75 140 713
75 140 714
75 140 718
75 140 719
75 140 722
75 140 723
75 140 730
75 140 731
75 140 733
75 140 747
75 140 754
75 140 761
75 140 762
75 140 763
75 140 764
75 140 765
75 140 766
75 140 770
75 140 773
75 140 774
75 81 680
75 81 681
75 81 682
75 81 683
75 81 686
75 81 687
75 81 691
75 81 696
75 81 697
75 81 698
75 116 699
75 143 774
73 33 37
73 33 51
73 33 74
73 33 80
73 33 81
73 33 94
73 33 96
73 33 98
73 33 112
73 33 115
73 33 196
73 3 355
73 3 356
73 3 357
73 3 362
73 3 364
73 3 374
73 3 389
73 3 390
73 3 392
73 3 396
73 3 397
73 3 398
73 3 401
73 3 402
73 3 416
73 3 422
73 3 428
73 3 429
73 3 430
73 3 431
73 3 441
73 3 442
73 3 443
73 3 446
73 3 447
73 3 449
73 3 450
73 3 482
73 3 485
73 3 504
73 3 556
73 3 563
73 3 567
73 88 436
73 88 439
73 47 529
73 22 551
73 22 552
73 131 563
73 27 565
33 44 551
33 44 552
33 44 553
33 44 554
33 44 555
33 44 556
33 44 557
33 44 558
33 44 559
33 44 560
33 44 561
33 44 562
33 44 563
33 44 564
33 44 565
33 44 566
33 44 567
33 44 568
33 44 574
33 44 575
33 44 576
33 44 577
33 44 578
33 44 579
33 44 580
33 44 581
33 44 583
33 44 584
33 44 585
33 44 586
33 44 587
33 44 588
33 44 589
33 44 590
33 44 591
33 44 596
33 44 599
33 44 601
33 44 602
33 44 609
33 44 613
33 44 615
33 44 616
33 44 621
33 44 622
33 44 624
33 44 625
33 44 626
33 44 627
33 44 628
33 44 632
33 44 633
33 44 634
33 44 635
33 44 636
33 44 637
33 44 638
33 44 639
33 44 640
33 44 641
33 44 642
33 44 643
33 44 644
33 44 645
33 44 646
33 44 647
33 44 650
33 44 651
33 44 652
33 44 653
33 44 654
33 44 655
33 44 656
33 44 657
33 44 658
33 44 659
33 44 660
33 44 661
33 44 662
33 44 664
33 44 665
33 44 667
33 44 668
33 44 669
33 44 670
33 44 671
33 44 673
33 44 675
33 44 676
33 44 678
33 44 679
33 44 684
33 44 685
33 44 686
33 44 689
33 44 690
33 44 691
33 44 692
33 44 694
33 44 695
33 44 696
33 44 697
33 44 698
33 44 699
33 44 701
33 44 704
33 44 705
33 44 706
33 44 708
33 44 709
33 44 710
33 44 711
33 44 712
33 44 714
33 44 715
33 44 716
33 44 718
33 44 722
33 44 723
33 44 724
33 74 555
33 74 568
33 74 597
33 74 598
33 74 601
33 74 613
33 104 561
33 104 563
33 104 564
33 104 565
33 104 566
33 104 567
33 104 568
33 104 569
33 104 570
33 104 571
33 104 572
33 104 573
33 104 574
33 104 575
33 104 576
33 104 577
33 104 578
33 104 601
33 104 616
33 115 561
33 115 562
33 115 565
33 115 566
33 115 568
33 115 570
33 115 602
33 115 603
33 115 604
33 115 609
33 115 611
33 84 583
33 84 613
33 118 636
33 48 643
33 7 713
33 116 716
96 27 39
96 116 690
96 79 696
27 139 440
27 95 482
27 134 503
27 80 503
27 79 544
27 91 545
27 91 548
27 115 559
27 104 560
27 104 633
27 32 573
27 121 584
27 6 586
27 48 604
27 48 621
27 48 622
27 48 623
27 48 624
27 48 625
27 48 626
27 105 606
27 20 633
106 97 155
101 114 49
101 114 65
101 114 66
101 114 67
101 114 107
101 114 108
101 114 109
101 114 110
101 114 135
101 114 136
101 114 159
101 114 180
101 114 183
101 114 187
101 114 191
101 114 203
101 114 261
101 130 694
101 130 697
101 28 744
101 28 745
101 28 748
101 28 749
101 28 752
114 123 174
55 68 80
55 68 279
55 42 80
55 42 82
55 42 89
55 42 91
55 42 92
55 42 105
55 42 221
55 10 80
55 10 86
55 10 91
55 10 92
55 10 105
55 10 125
55 10 126
55 10 127
55 10 128
55 10 130
55 10 132
55 10 139
55 10 140
55 10 143
55 10 151
55 10 152
55 10 153
55 10 155
55 10 156
55 10 157
55 10 158
55 10 159
55 10 160
55 10 161
55 10 163
55 10 164
55 10 165
55 10 166
55 10 168
55 10 169
55 10 170
55 10 171
55 10 172
55 10 173
55 10 174
55 10 191
55 10 192
55 10 193
55 10 194
55 10 195
55 10 196
55 10 197
55 10 199
55 10 200
55 10 202
55 10 203
55 10 204
55 10 206
55 10 207
55 10 208
55 10 209
55 10 210
55 10 211
55 10 212
55 10 213
55 10 214
55 10 215
55 10 216
55 10 217
55 10 218
55 10 219
55 10 220
55 10 221
55 10 222
55 10 251
55 10 260
55 10 261
55 10 264
55 10 265
55 10 276
55 10 277
55 10 279
55 85 246
55 119 756
55 119 757
55 119 760
55 119 765
55 119 766
55 119 767
55 119 797
55 119 798
55 119 810
55 119 821
55 119 825
55 116 807
55 39 823
68 41 80
68 41 193
68 41 279
68 9 84
68 125 170
68 125 171
68 125 172
68 125 173
68 125 174
68 125 176
68 125 177
68 125 180
68 125 187
68 125 193
68 125 198
68 125 201
68 125 212
68 125 239
68 125 278
68 125 281
68 125 286
68 125 294
68 125 296
68 125 297
68 17 176
68 17 178
68 103 281
68 103 287
68 103 296
68 107 282
68 107 288
42 9 116
42 36 365
42 36 366
42 36 367
42 36 368
42 36 369
42 36 370
42 36 371
42 36 372
42 36 373
42 36 380
42 36 381
42 36 382
42 36 385
42 36 386
42 36 387
42 36 392
42 36 405
42 36 406
42 36 407
42 36 408
42 36 411
42 36 511
42 126 500
10 41 82
10 41 85
10 41 86
10 41 117
10 41 148
10 41 165
10 41 279
10 103 228
10 111 246
10 83 248
10 25 249
10 63 251
10 66 279
10 29 297
10 29 308
10 29 310
10 29 311
10 29 312
10 20 472
10 20 473
10 20 478
10 20 491
10 20 501
10 20 503
10 20 529
10 20 531
10 20 533
10 20 534
10 20 536
10 20 540
10 20 546
10 20 548
10 20 549
10 20 564
10 20 577
10 20 580
10 20 586
10 20 594
10 20 602
10 20 623
10 20 629
10 20 631
10 20 635
41 111 156
41 56 165
41 56 174
41 56 175
41 56 185
41 56 190
41 56 191
41 56 192
41 56 194
41 56 199
41 56 200
41 56 203
41 56 204
41 56 209
41 56 210
41 56 211
41 56 212
41 56 213
41 56 216
41 56 220
41 56 279
41 103 192
41 103 198
41 83 244
9 142 795
9 142 796
9 142 797
9 142 798
9 142 799
9 142 800
9 142 801
9 142 805
9 142 806
9 142 807
9 142 808
9 142 809
9 142 810
9 142 811
9 142 812
9 142 813
9 142 814
9 142 817
9 142 819
9 142 820
9 142 823
9 142 824
9 142 825
9 142 826
9 142 827
9 142 828
9 142 829
9 142 831
9 142 833
9 142 841
9 142 842
9 142 843
9 142 844
9 142 845
9 142 846
9 142 847
9 142 848
9 142 849
9 142 850
9 142 851
9 142 852
9 142 853
9 142 854
9 142 855
9 142 858
9 142 859
9 142 860
9 142 861
9 142 873
9 142 874
9 142 875
9 142 876
9 142 877
9 142 880
9 142 882
9 142 883
9 142 884
9 142 885
9 142 886
9 142 890
9 142 891
9 142 892
9 142 893
9 142 894
9 142 895
9 65 868
9 109 894
9 113 895
9 21 1020
137 110 89
137 110 96
137 110 229
137 92 234
137 23 802
137 23 803
137 23 804
137 23 805
137 23 808
137 23 809
137 23 823
137 23 830
137 23 871
137 23 873
137 23 877
137 23 942
137 23 947
137 23 949
137 23 953
137 23 954
137 23 965
137 23 966
137 23 967
137 23 968
137 23 969
137 23 970
137 23 975
137 23 990
137 23 996
137 23 998
137 23 1000
137 23 1001
137 23 1002
137 23 1003
137 23 1004
137 23 1005
137 23 1006
137 23 1007
137 23 1008
137 76 802
137 76 803
137 76 805
137 76 839
137 76 841
137 76 940
137 76 942
137 76 943
137 76 945
137 76 946
137 76 954
137 76 972
137 76 975
137 76 996
137 76 998
137 76 1000
137 76 1001
137 76 1002
137 76 1003
137 76 1004
137 76 1005
137 76 1006
137 76 1007
137 76 1008
110 74 557
110 74 630
110 74 631
110 74 633
110 74 788
110 115 560
110 115 630
110 115 631
139 123 180
139 123 209
139 125 192
139 125 296
139 107 279
139 107 296
139 103 280
139 103 296
139 69 296
139 69 553
139 47 425
139 47 435
139 47 437
139 47 558
139 47 559
139 47 565
139 47 636
139 104 553
139 104 639
139 89 558
139 77 565
139 105 624
139 82 640
139 51 644
138 123 179
138 103 183
138 117 916
138 84 922
138 84 923
138 78 997
138 78 999
138 26 997
138 26 999
25 123 133
25 123 134
25 123 142
25 123 143
25 123 145
25 123 151
25 123 159
25 123 160
25 123 174
25 123 178
25 123 182
25 123 183
25 123 184
25 123 186
25 123 187
25 123 193
25 123 199
25 123 247
25 123 248
25 123 249
25 123 256
25 123 257
25 111 134
25 111 142
25 111 143
25 111 144
25 111 148
25 111 149
25 111 153
25 111 159
25 111 173
25 111 174
25 111 175
25 111 176
25 111 182
25 111 185
25 111 187
25 111 189
25 111 193
25 111 194
25 111 202
25 111 203
25 111 207
25 111 208
25 111 238
25 111 239
25 111 240
25 111 242
25 111 244
25 111 245
25 111 256
25 111 257
25 87 135
25 87 144
25 87 145
25 87 150
25 87 151
25 87 155
25 87 173
25 87 183
25 87 184
25 87 190
25 87 198
25 87 207
25 87 209
25 87 210
25 87 211
25 87 212
25 87 229
25 87 230
25 87 232
25 87 256
25 87 257
25 47 208
25 122 999
25 122 1013
25 122 1019
25 122 1020
25 6 999
123 85 135
123 85 145
123 85 155
123 85 165
123 85 175
123 85 176
123 85 177
123 85 178
123 85 179
123 85 180
123 85 181
123 85 182
123 85 184
123 85 256
123 85 257
123 111 137
123 111 148
123 111 152
123 111 154
123 111 155
123 111 162
123 111 171
123 111 174
123 111 175
123 111 176
123 111 177
123 111 178
123 111 180
123 111 181
123 111 182
123 111 184
123 111 187
123 111 193
123 111 200
123 111 256
123 111 257
123 103 179
111 97 163
111 49 164
111 87 171
111 87 184
111 87 197
111 87 198
111 87 199
111 87 201
111 87 203
111 87 255
111 87 256
87 105 426
87 105 428
87 105 430
87 105 434
87 105 439
87 86 433
87 126 436
87 11 496
85 92 168
85 92 183
85 92 245
85 92 246
85 92 276
85 92 277
85 19 183
85 19 189
85 19 190
85 19 193
85 19 224
85 19 225
85 19 236
85 19 238
85 19 239
85 19 241
85 19 245
85 19 246
85 19 253
85 19 264
85 19 266
85 19 270
85 19 275
85 19 276
85 40 247
90 99 136
90 147 246
90 147 247
90 147 248
90 147 250
90 147 251
90 147 252
90 147 253
90 147 254
90 147 255
90 147 257
90 147 258
90 147 259
90 147 260
90 147 261
90 147 262
90 147 265
90 147 266
90 147 267
90 147 268
90 147 412
90 147 414
90 147 416
90 147 421
90 147 424
90 147 428
90 147 429
90 147 430
90 147 435
90 147 436
90 147 449
90 147 452
90 147 453
90 147 456
90 147 458
90 147 465
90 147 466
90 147 467
90 147 468
90 147 470
90 147 474
90 147 475
90 147 476
90 147 477
90 147 478
90 30 279
90 30 280
90 36 286
90 36 298
90 34 410
90 60 414
90 60 415
90 60 417
90 15 476
90 118 478
99 80 461
99 80 462
99 80 465
99 80 468
99 80 469
99 80 470
99 80 473
99 80 474
99 80 475
99 80 476
99 80 477
99 80 479
99 80 480
99 80 481
99 80 482
99 80 483
99 80 486
99 80 487
99 80 488
99 80 489
99 80 496
99 80 506
99 80 528
99 80 529
99 80 530
99 80 533
99 80 534
99 80 538
99 80 539
99 80 581
99 80 582
99 80 583
99 80 586
99 80 607
99 80 608
99 80 609
99 80 610
99 80 635
99 135 466
99 131 501
99 93 506
99 20 633
46 50 139
46 50 141
46 50 144
46 50 149
46 50 150
46 50 157
46 50 158
46 50 192
46 50 217
46 50 237
46 50 238
46 50 241
46 50 245
46 56 173
46 104 421
46 104 427
46 104 429
46 104 438
46 104 455
46 104 462
46 104 464
46 104 468
46 104 471
46 104 497
46 104 524
46 104 525
46 104 526
46 104 527
46 104 529
46 104 535
46 104 536
46 104 538
46 104 543
46 104 563
46 104 582
46 104 616
46 104 620
46 104 621
46 104 624
46 104 642
46 104 643
46 104 646
46 104 653
46 104 654
46 104 656
46 104 685
46 104 688
46 104 691
46 104 693
46 104 694
46 104 701
46 104 707
46 104 711
46 104 714
46 43 563
46 43 564
50 97 154
50 97 155
50 121 469
50 121 471
50 121 479
50 121 480
50 121 488
50 121 489
50 121 492
50 121 505
50 121 516
50 121 550
50 121 574
50 121 581
50 121 587
50 124 494
50 61 580
97 47 157
97 47 162
97 125 277
97 107 277
97 52 898
97 52 911
47 146 424
47 126 424
47 126 425
47 66 424
47 66 425
47 118 544
47 91 558
47 105 610
47 80 628
47 44 636
49 100 656
49 100 658
49 100 660
49 100 661
49 100 664
49 100 669
49 100 670
49 100 672
49 100 678
49 100 679
49 100 680
49 100 681
49 100 705
49 100 715
49 100 717
49 100 744
49 100 745
49 100 747
49 100 748
49 100 750
49 100 751
49 100 753
49 100 756
49 100 757
49 100 759
49 100 772
49 100 773
49 100 777
49 100 793
49 100 796
49 100 797
49 100 815
49 100 821
49 100 829
49 100 843
49 100 845
49 100 846
49 100 848
49 100 849
49 100 852
49 100 856
49 100 857
49 100 861
49 100 862
49 100 863
49 100 869
49 100 870
49 100 871
49 100 872
49 100 873
49 100 874
49 100 875
49 100 876
49 100 877
49 100 878
49 100 879
49 100 881
49 100 882
49 100 884
49 100 885
49 100 887
49 100 894
49 100 895
49 100 902
49 100 917
49 100 918
49 100 920
49 100 928
49 100 929
49 100 931
49 100 932
49 100 937
49 100 938
49 100 946
49 100 948
49 51 683
49 102 688
49 102 745
49 102 948
49 130 689
49 141 710
49 141 747
49 28 732
49 28 740
49 28 752
49 28 756
49 79 751
49 142 892
92 65 168
92 65 169
92 65 177
92 65 189
92 65 200
92 65 204
92 65 205
92 65 206
92 65 210
92 65 223
92 65 247
92 65 250
92 65 267
92 65 268
92 65 272
92 65 276
92 17 170
92 17 174
92 17 175
92 17 176
92 17 188
92 17 189
92 17 190
92 17 196
92 17 202
92 17 204
92 17 222
92 17 223
92 17 241
92 17 246
92 17 269
92 17 273
92 17 276
92 32 241
92 28 245
92 56 246
56 103 228
56 6 593
83 17 167
83 17 174
83 17 202
83 17 204
83 17 205
83 17 209
83 17 212
83 17 213
83 17 214
83 17 215
83 17 216
83 17 217
83 17 219
83 17 220
83 17 225
83 17 238
83 17 239
83 17 241
83 17 242
83 17 266
83 17 276
83 65 168
83 65 169
83 65 171
83 65 204
83 65 205
83 65 206
83 65 207
83 65 208
83 65 211
83 65 212
83 65 213
83 65 217
83 65 218
83 65 224
83 65 236
83 65 239
83 65 243
83 65 244
83 65 276
83 32 235
83 32 241
83 32 242
83 32 247
83 32 248
83 32 249
83 32 250
83 32 254
83 32 255
83 32 256
83 32 260
83 32 262
83 32 267
83 32 268
83 32 271
83 32 273
83 32 274
83 32 275
83 32 276
83 32 277
83 32 280
83 32 288
83 32 304
83 44 235
83 44 254
83 44 260
83 44 280
83 148 235
83 148 239
83 148 241
83 148 246
83 148 247
83 148 249
83 148 250
83 148 251
83 148 256
83 148 260
83 148 261
83 148 263
83 148 273
83 148 275
83 148 276
83 148 277
83 148 279
83 148 284
83 71 282
17 63 168
17 63 170
17 63 171
17 63 173
17 63 176
17 63 180
17 63 181
17 63 182
17 63 183
17 63 184
17 63 185
17 63 202
17 63 204
17 63 205
17 63 206
17 63 207
17 63 208
17 63 209
17 63 213
17 63 218
17 63 219
17 63 220
17 63 221
17 63 224
17 63 225
17 63 226
17 63 227
17 63 228
17 63 229
17 63 230
17 63 231
17 63 232
17 63 234
17 63 238
17 63 239
17 63 242
17 63 251
17 63 268
17 63 269
17 63 271
17 63 273
17 63 275
17 63 276
17 19 174
17 19 178
17 19 184
17 19 188
17 19 193
17 19 194
17 19 195
17 19 197
17 19 198
17 19 199
17 19 200
17 19 207
17 19 208
17 19 223
17 19 225
17 19 226
17 19 229
17 19 236
17 19 239
17 19 241
17 19 242
17 19 263
17 19 264
17 19 265
17 19 266
17 19 267
17 19 268
17 19 271
17 19 272
17 19 273
17 19 276
17 103 174
17 103 178
17 148 269
17 53 916
19 65 168
19 65 171
19 65 189
19 65 190
19 65 191
19 65 192
19 65 204
19 65 224
19 65 227
19 65 229
19 65 230
19 65 233
19 65 235
19 65 236
19 65 240
19 65 246
19 65 247
19 65 256
19 65 271
19 65 276
19 65 816
19 65 817
19 65 818
19 65 820
19 65 822
19 65 823
19 65 824
19 65 826
19 65 827
19 65 831
19 65 837
19 65 838
19 65 840
19 65 843
19 65 844
19 65 846
19 65 847
19 65 848
19 65 850
19 65 861
19 65 864
19 65 865
19 65 866
19 65 871
19 65 873
19 65 878
19 65 879
19 65 885
19 65 886
19 65 890
19 65 891
19 65 900
19 65 901
19 94 206
19 94 207
19 94 223
19 94 241
19 94 243
19 94 246
19 94 247
19 94 276
19 12 815
19 12 816
19 12 821
19 12 823
19 12 824
19 12 829
19 12 831
19 12 832
19 12 840
19 12 842
19 12 843
19 12 848
19 12 850
19 12 851
19 12 853
19 12 855
19 12 883
19 12 884
19 12 886
19 12 888
19 12 889
19 12 891
19 12 897
19 12 898
19 12 899
19 12 900
19 12 901
19 142 816
19 142 860
19 142 861
19 142 862
19 142 865
19 142 867
19 142 870
19 54 824
19 126 828
19 116 840
19 8 860
19 8 894
19 62 879
19 62 891
19 120 897
65 44 269
65 44 270
65 148 271
65 16 815
65 16 816
65 16 818
65 16 824
65 16 831
65 16 840
65 16 843
65 16 845
65 16 850
65 16 851
65 16 883
65 16 884
65 16 886
65 16 887
65 16 888
65 16 889
65 16 891
65 16 892
65 16 897
65 16 898
65 16 899
65 16 901
65 7 827
65 21 832
63 72 267
63 3 268
63 3 271
63 119 781
103 125 170
103 125 171
103 125 172
103 125 173
103 125 174
103 125 175
103 125 176
103 125 177
103 125 178
103 125 180
103 125 187
103 125 196
103 125 198
103 125 201
103 125 203
103 125 204
103 125 205
103 125 206
103 125 212
103 125 213
103 125 218
103 125 219
103 125 220
103 125 221
103 125 222
103 125 223
103 125 224
103 125 225
103 125 228
103 125 229
103 125 231
103 125 237
103 125 238
103 125 239
103 125 240
103 125 241
103 125 242
103 125 253
103 125 254
103 125 281
103 125 282
103 125 285
103 125 286
103 125 287
103 125 288
103 125 290
103 125 291
103 125 292
103 125 296
103 125 297
103 107 170
103 107 171
103 107 173
103 107 174
103 107 176
103 107 177
103 107 178
103 107 186
103 107 195
103 107 197
103 107 198
103 107 199
103 107 201
103 107 209
103 107 210
103 107 212
103 107 213
103 107 222
103 107 229
103 107 230
103 107 280
103 107 296
103 69 171
103 69 173
103 69 174
103 69 176
103 69 177
103 69 178
103 69 179
103 69 180
103 69 181
103 69 182
103 69 184
103 69 185
103 69 186
103 69 187
103 69 188
103 69 194
103 69 195
103 69 196
103 69 197
103 69 198
103 69 199
103 69 200
103 69 201
103 69 203
103 69 211
103 69 215
103 69 216
103 69 217
103 69 218
103 69 230
103 69 231
103 69 233
103 69 235
103 69 236
103 69 239
103 69 277
103 69 285
103 69 286
103 69 297
125 107 170
125 107 171
125 107 172
125 107 173
125 107 177
125 107 179
125 107 186
125 107 190
125 107 191
125 107 192
125 107 207
125 107 211
125 107 212
125 107 213
125 107 214
125 107 217
125 107 218
125 107 219
125 107 222
125 107 296
125 13 176
125 40 183
125 40 193
125 40 198
125 44 292
107 69 173
107 69 174
107 69 175
107 69 176
107 69 177
107 69 178
107 69 186
107 69 195
107 69 198
107 69 224
107 69 241
107 69 276
107 69 278
107 69 293
107 69 294
107 69 296
69 40 198
13 37 255
13 37 256
13 37 270
13 37 277
13 72 269
40 79 812
40 80 813
40 80 815
40 80 816
40 80 818
40 80 819
40 80 820
40 80 827
40 80 829
40 80 830
40 80 836
40 80 842
40 80 843
40 80 850
40 80 851
40 80 856
40 80 857
40 80 865
40 80 867
40 80 880
40 80 881
40 80 882
40 80 883
40 80 884
40 80 886
40 80 887
40 80 889
40 80 890
40 80 891
40 80 893
40 80 897
40 80 898
40 80 899
40 80 900
40 80 902
40 80 904
40 80 915
40 80 917
40 80 925
40 80 927
40 80 928
40 80 931
40 80 938
40 80 939
40 80 942
40 80 947
40 80 948
40 29 816
40 29 871
40 21 902
94 21 690
94 21 691
94 21 692
94 21 706
94 21 707
94 21 708
94 21 709
94 21 711
94 21 712
94 21 713
94 21 714
94 21 715
94 21 716
94 21 717
94 21 718
94 21 719
94 21 720
94 21 721
94 21 723
94 21 725
94 21 729
94 21 734
94 21 735
94 21 736
94 21 753
94 21 761
94 21 763
94 21 764
94 21 770
94 21 771
94 21 779
94 21 781
94 21 783
94 21 793
94 21 794
94 21 795
94 21 796
94 21 797
94 21 798
94 21 800
94 21 801
94 21 802
94 21 803
94 21 804
94 21 805
94 21 806
94 21 809
94 21 810
94 21 817
94 21 818
94 21 828
94 21 830
94 21 831
94 21 834
94 21 836
94 21 838
94 21 839
94 21 840
94 21 841
94 21 843
94 21 845
94 21 846
94 21 848
94 21 849
94 21 850
94 21 852
94 21 853
94 21 860
94 21 861
94 21 862
94 21 863
94 116 693
94 116 806
94 116 811
94 116 812
94 71 756
94 112 805
94 112 806
94 112 811
30 38 228
30 38 229
30 38 230
30 38 231
30 38 232
30 38 233
30 38 234
30 38 235
30 38 236
30 38 237
30 38 238
30 38 239
30 38 241
30 38 242
30 38 243
30 38 244
30 38 245
30 38 246
30 38 248
30 38 249
30 38 270
30 38 271
30 38 272
30 38 278
30 60 252
30 145 344
30 61 420
30 61 422
30 61 425
30 61 426
30 61 428
30 61 429
30 61 443
30 61 444
30 61 462
30 61 464
30 61 468
30 61 471
30 61 480
30 61 491
30 61 513
30 61 518
30 61 519
30 61 520
30 61 525
30 61 535
30 61 539
30 61 541
30 61 542
30 61 544
30 61 545
30 61 546
30 61 547
30 61 548
30 61 550
30 61 551
30 61 554
30 61 555
30 61 556
30 61 558
30 61 559
30 61 561
30 61 562
30 61 563
30 61 564
30 61 571
30 61 573
30 61 574
30 61 575
30 61 576
30 61 577
30 61 584
30 61 585
30 61 587
30 61 588
30 61 589
30 35 544
30 146 552
30 146 553
30 146 558
30 146 578
30 66 552
30 66 554
30 126 578
30 86 578
30 54 579
30 15 594
30 15 595
30 15 596
30 15 597
30 15 598
30 15 599
30 15 600
30 15 601
30 15 604
30 15 605
30 15 606
30 15 607
30 15 608
30 15 609
30 15 610
30 15 611
30 15 613
30 15 614
30 15 620
30 15 621
30 15 622
30 15 628
30 15 629
30 15 630
30 15 639
30 15 643
30 15 644
30 15 646
30 15 648
30 15 649
30 15 650
30 15 651
30 15 652
30 15 654
30 15 687
30 15 688
30 39 602
30 84 653
30 104 655
38 88 303
38 88 304
38 88 305
38 88 309
38 88 314
38 88 316
38 147 309
38 147 316
38 18 412
38 18 414
38 18 415
38 18 416
38 18 419
38 18 420
38 18 422
38 18 431
38 18 432
38 18 433
38 18 434
38 18 441
38 18 442
38 18 443
38 18 444
38 18 445
38 18 448
38 18 449
38 18 450
38 18 451
38 18 452
38 18 453
38 18 454
38 18 455
38 18 456
38 18 462
38 18 477
38 18 482
38 18 502
38 18 504
38 18 510
38 18 511
38 18 512
38 18 513
38 18 516
38 18 525
38 18 532
38 18 533
38 18 534
38 18 538
38 18 540
38 18 541
38 18 543
38 18 545
38 18 548
38 18 549
38 18 550
38 18 551
38 18 552
38 18 557
38 18 558
38 18 559
38 18 560
38 18 561
38 18 562
38 18 563
38 18 564
38 18 565
38 18 569
38 18 580
38 18 582
38 18 587
38 18 589
38 18 590
38 18 600
38 18 604
38 18 605
38 18 607
38 126 414
38 86 414
38 86 441
38 66 465
38 146 484
38 105 522
38 22 555
38 22 556
38 131 567
32 145 234
32 145 240
32 145 242
32 145 245
32 145 246
32 145 247
32 145 248
32 145 249
32 145 252
32 145 253
32 145 260
32 145 263
32 145 266
32 145 270
32 145 273
32 145 274
32 145 275
32 145 276
32 145 277
32 145 280
32 145 285
32 145 287
32 145 288
32 145 289
32 145 290
32 145 291
32 145 294
32 145 295
32 145 296
32 145 297
32 145 307
32 145 308
32 145 310
32 145 334
32 145 335
32 145 339
32 145 342
32 145 343
32 72 235
32 72 251
32 72 252
32 72 267
32 72 271
32 72 272
32 72 273
32 72 274
32 72 275
32 72 279
32 72 280
32 72 281
32 72 287
32 72 288
32 72 296
32 72 297
32 72 313
32 72 334
32 72 335
32 72 339
32 72 342
32 72 347
32 45 235
32 45 239
32 45 241
32 45 242
32 45 243
32 45 245
32 45 246
32 45 247
32 45 249
32 45 253
32 45 258
32 45 260
32 45 264
32 45 265
32 45 278
32 45 279
32 45 281
32 45 284
32 45 285
32 45 292
32 45 296
32 45 297
32 3 242
32 3 243
32 3 244
32 3 245
32 3 246
32 3 247
32 3 249
32 3 251
32 3 253
32 3 254
32 3 268
32 3 270
32 3 271
32 3 273
32 3 274
32 3 275
32 3 276
32 3 278
32 3 279
32 3 280
32 3 281
32 3 285
32 3 286
32 3 287
32 3 294
32 3 295
32 3 306
32 3 307
32 3 310
32 3 311
32 3 335
32 3 336
32 3 338
32 3 339
32 3 342
32 3 343
32 3 347
32 88 305
32 88 306
32 88 307
32 60 341
32 60 342
32 60 344
32 60 345
32 60 346
32 60 347
32 60 348
32 60 349
32 60 354
32 60 357
32 60 358
32 60 359
32 60 360
32 60 363
32 60 364
32 60 366
32 60 369
32 60 370
32 60 376
32 60 386
32 60 387
32 60 406
32 22 565
32 22 566
32 22 589
32 22 594
32 22 595
32 22 596
32 22 597
32 22 599
32 22 600
32 22 602
32 22 603
32 22 604
32 22 605
32 22 606
32 22 608
32 22 609
32 22 611
32 22 617
32 22 621
32 22 638
32 22 639
32 22 642
32 22 643
32 22 646
32 22 647
32 22 648
32 22 649
32 22 650
32 22 651
32 22 653
32 22 654
32 22 655
32 22 658
32 22 659
32 22 687
145 44 235
145 44 239
145 44 241
145 44 263
145 44 280
145 44 334
145 44 345
145 44 346
145 71 282
145 71 337
145 71 338
145 71 340
145 71 341
145 71 345
145 71 346
145 81 282
145 81 283
145 81 289
145 81 298
145 81 300
145 81 303
145 81 304
145 2 290
145 2 300
145 2 307
145 2 308
145 2 334
145 2 335
145 2 337
145 2 340
145 2 343
145 2 346
145 105 592
145 105 600
145 105 603
145 105 609
145 105 610
145 105 611
145 105 613
72 44 235
72 44 245
72 44 250
72 44 252
72 44 255
72 44 263
72 44 277
72 44 278
72 44 280
72 44 284
72 44 289
72 44 292
72 44 296
72 44 297
72 148 235
72 148 249
72 148 250
72 148 253
72 148 256
72 148 257
72 148 269
72 148 272
72 148 273
72 148 275
72 148 276
72 148 277
72 148 281
72 148 284
72 148 285
72 148 287
72 148 291
72 148 296
72 148 297
72 148 298
72 148 299
72 148 339
72 148 342
72 81 235
72 81 238
72 81 252
72 81 256
72 81 262
72 81 267
72 81 268
72 81 273
72 81 275
72 81 276
72 88 256
72 2 257
72 2 270
72 2 278
72 2 279
72 2 280
72 2 335
72 4 354
72 4 361
72 4 363
72 4 366
72 4 372
72 4 383
72 4 387
72 4 395
72 4 399
72 4 405
72 4 406
72 4 408
72 4 409
72 4 484
72 4 491
72 4 493
72 4 495
72 4 514
72 4 519
72 4 520
72 4 528
72 4 530
72 4 532
72 4 543
72 4 546
72 4 547
72 4 549
72 4 552
72 4 553
72 4 554
72 4 555
72 4 558
72 4 566
72 18 552
45 71 300
45 71 345
45 71 346
45 81 305
45 81 307
45 84 416
45 84 417
45 84 423
45 84 426
45 84 427
45 84 428
45 84 436
45 84 437
45 84 438
45 84 439
45 84 458
45 84 459
45 84 460
45 84 461
45 84 462
45 84 466
45 84 488
45 84 500
45 84 514
45 84 526
45 84 534
45 84 535
45 84 536
45 84 537
45 84 538
45 84 543
45 84 544
45 84 546
45 84 554
45 84 559
45 84 563
45 84 569
45 84 576
45 84 577
45 84 578
45 84 579
45 84 580
45 84 582
45 84 584
45 84 585
45 84 586
45 84 603
45 84 610
45 84 617
45 84 618
45 84 620
45 84 621
45 84 622
45 84 623
45 84 624
45 84 625
45 84 642
45 84 652
45 84 657
45 84 658
45 84 675
45 84 701
45 84 712
45 84 714
45 104 428
45 104 437
45 104 463
45 104 465
45 104 466
45 104 495
45 104 530
45 104 534
45 104 537
45 104 545
45 104 564
45 104 583
45 44 565
45 44 566
45 44 575
45 115 565
45 115 566
45 115 570
45 115 572
45 115 573
45 54 639
44 3 242
44 3 243
44 3 249
44 3 252
44 3 253
44 3 254
44 3 256
44 3 281
44 3 346
44 34 291
44 34 312
44 34 331
44 34 345
44 34 346
44 104 561
44 104 563
44 104 568
44 104 576
44 104 577
44 104 578
44 104 582
44 104 606
44 104 608
44 104 609
44 104 617
44 104 687
44 115 561
44 115 565
44 115 566
44 115 568
44 115 604
44 115 606
44 115 616
44 115 617
44 86 621
44 78 631
44 118 631
44 118 632
44 118 635
44 82 635
44 112 713
44 116 716
44 116 717
148 3 244
148 3 245
148 3 246
148 3 247
148 3 249
148 3 250
148 3 263
148 3 266
148 3 275
148 3 276
148 3 277
148 3 280
148 3 281
148 3 283
148 3 284
148 3 285
148 3 286
148 3 287
148 3 289
148 3 291
148 3 294
148 3 306
148 3 311
148 3 336
148 3 338
148 3 339
148 3 341
148 3 342
148 34 282
148 34 283
148 34 300
148 34 303
148 34 309
148 34 311
148 34 336
148 34 337
148 34 338
148 34 340
148 34 341
148 34 344
148 34 345
148 34 346
148 109 831
148 109 850
148 109 859
148 109 880
148 109 882
148 109 883
148 109 884
148 109 885
148 109 886
148 109 896
148 109 897
148 109 898
148 109 908
148 109 910
148 109 911
148 109 913
148 109 914
148 109 915
148 109 916
148 109 917
148 109 918
148 109 919
148 109 920
148 109 921
148 109 922
148 109 923
148 109 925
148 109 928
148 109 929
148 109 930
148 109 931
148 109 932
148 109 933
148 109 934
148 109 935
148 109 936
148 109 937
148 109 938
148 109 939
148 109 945
148 109 1010
148 62 832
148 62 838
148 62 850
148 62 851
148 62 862
148 62 885
148 62 886
148 62 891
148 62 892
148 62 912
148 62 921
148 62 936
148 62 940
148 62 987
148 62 1012
148 62 1014
148 62 1019
148 62 1025
148 120 847
148 120 848
148 120 851
148 120 859
148 120 891
148 120 901
148 120 909
148 120 917
148 120 918
148 120 931
148 120 938
148 120 946
148 120 968
148 120 978
148 120 998
148 120 1003
148 120 1005
148 120 1006
148 120 1008
81 3 249
81 3 251
81 3 267
81 3 268
81 3 270
81 3 273
81 3 275
81 3 276
81 3 289
81 3 302
81 34 282
81 34 300
81 34 303
81 34 312
81 34 313
81 28 681
81 28 687
81 28 688
81 28 691
81 28 692
81 28 694
81 28 697
81 28 698
81 28 699
81 28 700
81 28 705
81 28 714
81 28 720
81 28 725
81 28 727
81 28 729
81 28 730
81 28 732
81 28 733
81 28 748
81 28 749
81 28 750
81 28 761
81 28 771
81 28 774
81 28 775
81 141 681
81 141 683
81 141 687
81 141 690
81 141 695
81 141 718
81 141 775
81 100 749
3 36 245
3 36 396
3 71 281
3 71 287
3 71 288
3 71 299
3 71 325
3 71 326
3 71 330
3 71 336
3 71 337
3 71 338
3 71 339
3 71 340
3 71 346
3 71 347
28 140 680
28 140 681
28 140 682
28 140 684
28 140 686
28 140 687
28 140 688
28 140 689
28 140 691
28 140 692
28 140 693
28 140 696
28 140 697
28 140 698
28 140 699
28 140 703
28 140 704
28 140 707
28 140 710
28 140 712
28 140 718
28 140 745
28 140 747
28 140 748
28 140 762
28 140 766
28 140 770
28 140 771
28 140 772
28 140 774
28 140 775
28 77 680
28 77 681
28 77 684
28 77 685
28 77 686
28 77 687
28 77 688
28 77 691
28 77 699
28 77 703
28 77 708
28 77 710
28 77 720
28 77 728
28 77 730
28 77 742
28 77 743
28 77 748
28 77 758
28 77 766
28 77 774
28 116 695
28 116 696
28 116 697
28 116 698
28 116 699
28 116 703
28 116 704
28 116 705
28 116 706
28 116 707
28 116 708
28 116 709
28 116 710
28 116 720
28 116 722
28 116 723
28 116 724
28 52 732
28 74 745
28 23 749
28 143 774
36 60 267
36 60 286
36 88 408
36 66 481
36 112 498
36 112 499
36 112 500
36 112 518
36 112 521
36 112 524
36 112 533
36 112 534
36 112 535
36 112 568
36 112 570
36 112 571
36 112 587
36 112 614
36 112 615
36 112 616
36 112 617
36 112 626
36 112 637
36 112 638
36 112 639
36 112 640
36 112 641
36 112 642
36 112 643
36 112 644
36 112 645
36 112 646
36 112 647
36 112 648
36 112 649
36 112 650
36 112 651
36 112 652
36 112 653
36 112 654
36 112 655
36 112 657
36 112 658
36 112 659
36 112 660
36 112 661
36 112 662
36 112 663
36 112 664
36 112 665
36 112 666
36 112 667
36 112 668
36 112 669
36 112 670
36 112 671
36 112 672
36 112 673
36 112 674
36 112 675
36 112 676
36 112 677
36 112 678
36 112 679
36 112 680
36 112 681
36 112 682
36 112 683
36 112 684
36 112 685
36 112 686
36 112 687
36 112 688
36 112 689
36 112 690
36 112 691
36 112 693
36 112 694
36 112 699
36 112 704
36 112 705
36 141 499
36 105 503
36 105 504
36 105 505
36 105 515
36 105 521
36 105 524
36 105 534
36 105 568
36 105 605
36 105 614
36 105 628
36 105 629
36 105 630
36 105 632
36 105 633
36 105 634
36 105 637
36 105 638
36 105 639
36 105 640
36 105 641
36 105 642
36 105 650
36 105 653
36 105 675
36 105 676
36 105 684
36 105 704
36 105 705
36 121 583
36 143 631
36 143 632
36 143 704
36 143 705
147 84 481
147 105 490
60 88 313
60 29 404
60 29 405
60 66 559
60 66 560
60 86 559
60 126 567
60 126 568
60 126 569
60 126 570
60 126 572
60 126 573
60 126 575
60 105 581
37 77 538
37 77 545
37 77 641
37 77 650
37 77 677
37 77 707
37 77 768
88 144 309
88 144 312
88 144 313
88 144 314
88 144 315
88 144 316
88 144 317
88 144 318
88 144 321
88 144 322
88 144 324
88 144 325
88 144 326
88 144 327
88 144 328
88 144 329
88 144 330
88 144 331
88 144 338
88 144 339
88 144 340
88 144 341
88 144 342
88 144 343
88 144 344
88 144 345
88 144 346
88 144 347
88 144 348
88 144 349
88 144 350
88 144 354
88 144 355
88 144 357
88 144 358
88 144 366
88 144 367
88 144 368
88 144 370
88 144 371
88 144 373
88 144 374
88 144 382
88 144 383
88 144 392
88 144 405
88 144 407
88 134 458
88 134 459
88 134 463
88 134 468
88 134 479
88 134 480
88 134 481
88 134 482
88 134 486
88 134 489
88 134 491
88 134 492
88 134 494
88 134 517
88 134 530
88 134 532
88 134 645
88 134 646
88 134 652
88 134 661
88 134 662
88 134 667
88 134 668
88 134 673
88 134 674
88 134 675
88 134 677
88 134 680
88 134 681
88 134 682
88 134 686
88 134 699
88 134 705
88 134 718
88 135 459
88 135 462
88 135 466
88 135 467
88 135 468
88 135 472
88 135 473
88 135 474
88 135 479
88 135 488
88 135 494
88 135 511
88 135 517
88 135 557
88 135 559
88 135 574
88 135 583
88 135 595
88 135 642
88 135 718
88 135 722
88 135 732
88 20 502
88 141 723
88 116 723
88 116 727
88 82 723
88 82 724
88 48 757
88 54 779
2 34 337
2 34 340
2 34 346
2 15 613
2 118 625
2 112 710
2 48 713
66 149 410
66 149 411
66 149 412
66 149 413
66 149 414
66 149 415
66 149 416
66 149 423
66 149 425
66 149 426
66 149 429
66 149 436
66 149 437
66 149 438
66 149 442
66 149 443
66 149 444
66 149 447
66 149 451
66 149 454
66 149 459
66 149 460
66 149 461
66 149 464
66 149 465
66 149 466
66 149 467
66 149 472
66 149 473
66 149 475
66 149 476
66 149 478
66 149 485
66 149 489
66 149 490
66 149 491
66 149 492
66 149 493
66 149 495
66 149 502
66 149 503
66 149 506
66 149 512
66 149 513
66 149 514
66 149 515
66 149 516
66 149 527
66 149 529
66 149 555
66 149 562
66 149 563
66 149 564
66 149 567
66 149 568
66 149 570
66 149 573
66 149 575
66 149 576
66 149 577
66 149 579
66 149 581
66 84 412
66 84 413
66 84 414
66 84 423
66 84 425
66 84 426
66 84 428
66 84 429
66 84 430
66 84 431
66 84 432
66 84 433
66 84 434
66 84 437
66 84 438
66 84 439
66 84 441
66 84 442
66 84 443
66 84 444
66 84 445
66 84 446
66 84 451
66 84 453
66 84 457
66 84 458
66 84 459
66 84 460
66 84 464
66 84 471
66 84 472
66 84 483
66 84 484
66 84 489
66 84 490
66 84 491
66 84 496
66 84 497
66 84 502
66 84 503
66 84 504
66 84 519
66 84 523
66 84 525
66 84 526
66 84 529
66 84 531
66 84 532
66 84 533
66 84 560
66 84 561
66 84 564
66 84 576
66 84 577
66 84 579
66 84 580
66 84 582
66 84 583
66 20 429
66 20 574
66 151 451
66 151 454
66 136 459
66 121 578
66 43 583
71 34 283
71 34 301
71 34 336
71 34 337
71 34 338
71 34 340
71 34 345
71 34 346
71 115 630
71 115 631
71 74 656
71 112 710
71 112 711
71 6 711
71 61 712
71 51 743
34 43 409
34 43 416
34 43 418
34 43 419
34 43 423
34 43 429
34 43 432
34 43 433
34 43 440
34 43 452
34 43 459
34 43 471
34 43 497
34 43 516
34 43 518
34 126 500
29 7 828
29 7 938
29 7 939
29 21 851
29 128 918
26 11 298
26 11 314
26 61 406
26 39 421
11 70 313
11 70 314
11 70 323
11 70 324
11 70 325
11 70 330
11 70 331
11 70 350
11 70 357
11 70 372
11 70 379
11 70 382
11 70 383
11 70 386
11 70 387
11 70 495
11 70 501
11 70 504
11 70 517
11 70 518
11 70 521
11 70 525
11 70 532
11 70 541
11 70 550
11 70 552
11 70 553
11 70 558
11 70 563
11 70 565
11 70 567
11 70 569
11 70 570
11 70 571
11 70 572
11 7 472
11 7 473
11 7 474
11 7 475
11 7 480
11 7 481
11 7 482
11 7 483
11 7 489
11 7 491
11 7 516
11 7 528
11 7 529
11 7 530
11 7 534
11 7 538
11 7 541
11 7 542
11 7 543
11 7 547
11 7 548
11 7 549
11 7 550
11 7 551
11 7 553
11 7 565
11 7 574
11 7 576
11 7 577
11 7 578
11 7 579
11 7 581
11 7 591
11 7 592
11 7 593
11 7 594
11 7 600
11 7 601
11 7 606
11 7 608
11 7 609
11 7 610
11 7 611
11 7 612
11 7 613
11 7 617
11 7 618
11 7 620
11 7 628
11 7 639
11 15 483
11 15 487
11 15 488
11 15 489
11 15 492
11 15 500
11 15 505
11 15 506
11 15 513
11 15 516
11 15 528
11 15 535
11 15 538
11 15 539
11 15 541
11 15 553
11 15 565
11 15 578
11 15 582
11 15 592
11 15 593
11 15 612
11 15 613
11 15 614
11 15 632
11 15 633
11 15 634
11 15 636
11 15 637
11 15 638
11 15 639
11 118 527
11 118 528
11 20 531
11 112 569
11 1 613
11 1 618
11 86 621
144 112 510
144 112 522
144 112 553
144 105 512
144 105 519
144 105 525
144 105 526
144 105 527
144 105 531
144 105 534
144 105 537
144 105 541
144 105 549
144 105 555
144 105 561
144 105 562
144 105 563
144 105 564
144 105 567
70 74 630
70 74 631
70 74 635
70 74 637
70 74 649
70 74 650
70 74 651
70 74 652
70 74 653
70 74 654
70 74 660
70 74 669
70 74 698
70 74 705
70 74 711
70 74 712
70 74 718
70 74 719
70 74 722
70 74 746
70 74 747
70 74 749
70 74 757
70 74 778
70 74 786
70 74 804
70 74 922
70 74 930
70 74 935
70 74 936
70 23 746
70 21 756
4 6 607
4 74 627
61 22 532
61 22 567
61 149 546
61 149 548
61 149 554
61 149 558
61 149 559
61 149 568
61 149 571
61 53 579
61 121 580
61 121 582
61 121 583
61 52 602
61 52 643
61 52 647
61 52 666
61 52 671
61 52 672
61 52 674
61 52 675
61 52 695
61 7 626
61 7 627
61 7 628
61 7 634
61 7 635
61 7 637
61 7 638
61 7 642
61 7 646
61 7 658
61 7 662
61 7 665
61 7 669
61 7 688
61 23 627
61 23 628
43 115 562
43 115 569
43 115 600
43 115 602
43 115 603
43 115 607
43 115 613
43 115 615
43 104 564
43 104 565
43 104 566
43 104 567
43 104 569
43 104 574
43 104 575
43 104 579
43 104 580
43 104 581
43 104 600
43 104 602
43 104 603
43 104 604
43 104 605
43 104 607
43 74 567
43 74 568
43 74 569
43 74 574
43 74 576
43 74 593
43 74 601
43 74 602
43 74 603
43 74 613
43 74 615
43 84 581
43 86 583
43 52 619
43 54 619
43 54 620
43 35 666
43 35 674
43 23 671
43 91 716
149 126 410
149 126 411
149 126 412
149 126 413
149 126 420
149 126 421
149 126 424
149 126 425
149 126 427
149 126 430
149 126 434
149 126 436
149 126 438
149 126 441
149 126 445
149 126 448
149 126 449
149 126 450
149 126 451
149 126 479
149 126 512
149 126 513
149 126 515
149 126 522
149 126 552
149 126 563
149 126 566
149 126 567
149 126 570
149 126 576
149 126 578
149 86 411
149 86 412
149 86 413
149 86 415
149 86 416
149 86 418
149 86 419
149 86 420
149 86 421
149 86 422
149 86 423
149 86 425
149 86 426
149 86 429
149 86 432
149 86 433
149 86 434
149 86 436
149 86 439
149 86 441
149 86 443
149 86 444
149 86 445
149 86 446
149 86 447
149 86 448
149 86 449
149 86 450
149 86 451
149 86 453
149 86 455
149 86 459
149 86 460
149 86 464
149 86 474
149 86 481
149 86 485
149 86 489
149 86 490
149 86 494
149 86 500
149 86 501
149 86 502
149 86 503
149 86 551
149 86 559
149 86 577
149 86 578
149 86 580
149 86 585
149 86 586
149 0 454
149 8 561
126 84 410
126 84 411
126 84 413
126 84 417
126 84 420
126 84 421
126 84 423
126 84 425
126 84 426
126 84 427
126 84 428
126 84 429
126 84 430
126 84 431
126 84 432
126 84 435
126 84 436
126 84 437
126 84 438
126 84 439
126 84 441
126 84 442
126 84 443
126 84 444
126 84 445
126 84 446
126 84 447
126 84 449
126 84 450
126 84 451
126 84 453
126 84 454
126 84 503
126 84 524
126 84 525
126 84 550
126 84 556
126 84 559
126 84 563
126 84 564
126 84 565
126 84 566
126 84 577
126 84 578
126 84 580
126 84 581
126 84 582
126 84 583
126 64 410
126 64 411
126 64 425
126 64 426
126 64 429
126 64 430
126 64 431
126 64 432
126 64 434
126 64 435
126 64 438
126 64 439
126 64 440
126 64 441
126 64 442
126 64 443
126 64 444
126 64 445
126 64 446
126 64 448
126 64 502
126 64 503
126 64 504
126 64 509
126 64 512
126 64 513
126 64 515
126 64 516
126 64 523
126 64 525
126 64 570
126 64 571
126 64 576
126 64 581
126 64 582
126 64 584
126 64 585
126 140 424
126 20 430
126 22 567
126 129 574
126 7 826
126 16 829
126 82 833
84 18 413
84 104 420
84 104 421
84 104 427
84 104 429
84 104 434
84 104 435
84 104 436
84 104 438
84 104 448
84 104 449
84 104 452
84 104 455
84 104 457
84 104 458
84 104 459
84 104 460
84 104 461
84 104 462
84 104 464
84 104 467
84 104 468
84 104 469
84 104 471
84 104 473
84 104 474
84 104 475
84 104 476
84 104 478
84 104 481
84 104 482
84 104 483
84 104 485
84 104 487
84 104 491
84 104 492
84 104 493
84 104 494
84 104 496
84 104 497
84 104 499
84 104 502
84 104 503
84 104 504
84 104 508
84 104 510
84 104 513
84 104 515
84 104 516
84 104 517
84 104 519
84 104 521
84 104 522
84 104 523
84 104 525
84 104 526
84 104 529
84 104 533
84 104 535
84 104 538
84 104 543
84 104 544
84 104 553
84 104 557
84 104 558
84 104 559
84 104 612
84 104 614
84 104 619
84 104 620
84 104 621
84 104 622
84 104 623
84 104 624
84 104 625
84 104 629
84 104 630
84 104 632
84 104 637
84 104 639
84 104 641
84 104 642
84 104 643
84 104 645
84 104 646
84 104 647
84 104 649
84 104 650
84 104 652
84 104 653
84 104 655
84 104 656
84 104 657
84 104 659
84 104 663
84 104 665
84 104 666
84 104 667
84 104 669
84 104 670
84 104 671
84 104 672
84 104 673
84 104 674
84 104 675
84 104 676
84 104 677
84 104 678
84 104 679
84 104 680
84 104 681
84 104 682
84 104 684
84 104 685
84 104 686
84 104 687
84 104 689
84 104 693
84 104 694
84 104 695
84 104 696
84 104 697
84 104 698
84 104 700
84 104 701
84 104 702
84 104 703
84 104 704
84 104 705
84 104 706
84 104 707
84 104 710
84 104 711
84 104 712
84 104 714
84 89 437
84 89 440
84 105 440
84 129 505
84 129 525
84 8 561
84 48 580
84 115 613
84 115 614
84 115 615
84 115 617
84 115 618
84 115 619
84 53 639
84 53 641
84 22 653
84 51 702
84 141 722
84 141 724
84 118 727
84 116 728
84 113 912
84 76 914
84 76 915
84 95 929
64 39 515
64 39 920
64 124 536
64 8 562
64 48 580
64 109 833
64 109 834
64 109 837
64 109 848
64 109 850
64 109 851
64 109 858
64 109 859
64 109 860
64 109 863
64 109 864
64 109 865
64 109 866
64 109 867
64 109 868
64 109 869
64 109 870
64 109 871
64 109 872
64 109 873
64 109 874
64 109 875
64 109 876
64 109 877
64 109 883
64 109 885
64 109 909
64 109 910
64 109 920
64 109 922
64 109 928
64 109 939
64 109 940
64 109 946
64 109 1009
64 120 833
64 120 834
64 120 835
64 120 837
64 120 838
64 120 839
64 120 842
64 120 850
64 120 851
64 120 858
64 120 859
64 120 860
64 120 861
64 120 862
64 120 880
64 120 885
64 120 886
64 120 891
64 120 892
64 120 893
64 120 894
64 120 909
64 120 910
64 120 911
64 120 912
64 120 913
64 120 914
64 120 916
64 120 919
64 120 920
64 120 921
64 120 922
64 120 923
64 120 926
64 120 927
64 120 928
64 120 929
64 120 930
64 120 932
64 120 933
64 120 934
64 120 935
64 120 936
64 120 938
64 120 939
64 120 945
64 120 950
64 120 1009
64 120 1010
64 122 879
64 52 937
64 21 950
64 21 951
86 20 415
86 20 418
86 20 419
86 20 420
86 20 425
86 20 428
86 20 429
86 20 430
86 20 431
86 20 550
86 93 417
86 93 431
86 93 460
86 93 463
86 93 465
86 93 498
86 93 499
86 93 507
86 93 508
86 93 511
86 93 513
86 93 514
86 93 518
86 93 522
86 93 523
86 93 531
86 93 533
86 93 552
86 93 553
86 93 556
86 93 557
86 93 558
86 93 559
86 93 560
86 93 561
86 93 562
86 93 565
86 93 570
86 93 571
86 93 572
86 93 573
86 93 574
86 93 575
86 93 576
86 93 579
86 93 580
86 93 581
86 93 582
86 93 583
86 93 584
86 93 585
86 93 586
86 93 589
86 93 590
86 93 591
86 93 592
86 93 593
86 93 594
86 93 595
86 93 597
86 93 598
86 93 599
86 93 600
86 93 611
86 93 612
86 93 622
86 93 623
86 93 632
86 93 633
86 93 644
86 93 645
86 93 646
86 93 649
86 93 652
86 93 653
86 93 654
86 93 655
86 93 672
86 93 673
86 93 685
86 93 686
86 93 691
86 93 698
86 93 702
86 93 703
86 93 710
86 93 715
86 93 723
86 93 724
86 93 728
86 105 432
86 105 433
86 124 460
86 124 461
86 124 463
86 124 464
86 124 468
86 124 469
86 124 470
86 124 471
86 124 472
86 124 473
86 124 474
86 124 475
86 124 478
86 124 479
86 124 482
86 124 483
86 124 496
86 124 498
86 124 499
86 124 501
86 124 502
86 124 503
86 124 506
86 124 507
86 124 508
86 124 509
86 124 510
86 124 511
86 124 518
86 124 531
86 124 532
86 124 533
86 124 534
86 124 536
86 124 539
86 124 543
86 124 544
86 124 547
86 124 550
86 124 554
86 124 556
86 124 557
86 124 558
86 124 559
86 124 560
86 124 561
86 124 562
86 124 566
86 124 568
86 124 569
86 124 570
86 124 572
86 124 574
86 124 575
86 124 577
86 124 579
86 124 582
86 124 591
86 124 593
86 124 595
86 124 599
86 124 601
86 124 608
86 124 610
86 124 611
86 124 612
86 124 625
86 124 629
86 124 638
86 124 639
86 124 641
86 124 642
86 124 643
86 124 644
86 124 647
86 124 648
86 124 705
86 124 706
86 124 709
86 124 710
86 124 711
86 124 714
86 124 716
86 124 719
86 124 722
86 124 724
86 124 728
86 124 729
86 124 730
86 124 732
86 124 779
86 124 783
86 134 547
86 134 550
86 134 550
86 134 669
86 134 684
86 134 685
86 134 687
86 134 692
86 134 700
86 134 703
86 134 712
86 134 714
86 135 575
86 135 576
86 135 580
86 135 582
86 135 584
86 135 585
86 135 733
86 112 579
86 53 579
86 22 585
86 23 620
86 74 742
86 7 777
18 7 579
18 74 661
18 74 746
18 74 750
20 95 413
20 95 414
20 95 415
20 95 433
20 95 444
20 95 447
20 95 448
20 95 495
20 95 502
20 95 508
20 95 509
20 95 510
20 95 512
20 95 515
20 95 516
20 95 517
20 95 518
20 95 523
20 95 524
20 95 525
20 95 528
20 95 537
20 95 538
20 95 539
20 95 541
20 95 542
20 95 543
20 95 544
20 95 545
20 95 547
20 95 548
20 95 549
20 95 551
20 95 562
20 95 564
20 95 565
20 95 567
20 95 581
20 95 582
20 95 594
20 95 608
20 95 610
20 95 612
20 95 613
20 95 614
20 95 616
20 95 620
20 95 621
20 95 624
20 95 625
20 95 628
20 95 632
20 95 640
20 95 642
20 95 644
20 95 645
20 95 646
20 95 647
20 95 655
20 95 656
20 95 657
20 95 659
20 95 660
20 95 661
20 95 662
20 95 663
20 95 666
20 95 667
20 95 668
20 95 670
20 95 671
20 95 672
20 95 673
20 95 674
20 95 675
20 95 676
20 95 682
20 95 683
20 146 428
20 146 429
20 146 430
20 39 433
20 39 595
20 7 472
20 7 473
20 7 493
20 7 497
20 7 507
20 7 519
20 7 529
20 7 530
20 7 532
20 7 534
20 7 540
20 7 546
20 7 548
20 7 549
20 7 561
20 7 575
20 7 577
20 7 580
20 7 581
20 7 586
20 7 591
20 7 611
20 7 618
20 7 623
20 7 627
20 7 629
20 124 502
20 105 508
20 118 508
20 118 509
20 118 517
20 118 518
20 118 527
20 118 528
20 118 537
20 118 565
20 118 585
20 54 524
20 108 524
20 108 525
20 108 526
20 51 568
20 6 581
20 134 587
20 134 591
20 134 592
20 134 593
20 134 594
20 79 589
20 130 590
95 112 523
95 112 583
95 108 524
95 118 534
95 118 537
95 129 582
95 22 604
95 22 895
95 22 896
95 22 897
95 22 911
95 22 912
95 22 915
95 22 943
95 53 892
95 53 895
95 53 897
95 53 899
95 53 901
95 53 903
95 53 904
95 53 905
95 53 907
95 53 910
95 53 915
95 53 918
95 53 943
95 53 946
95 109 942
82 104 416
82 104 417
82 104 418
82 104 419
82 104 425
82 104 428
82 104 432
82 104 433
82 104 437
82 104 439
82 104 441
82 104 442
82 104 445
82 104 446
82 104 447
82 104 450
82 104 451
82 104 453
82 104 454
82 104 463
82 104 465
82 104 466
82 104 470
82 104 472
82 104 477
82 104 479
82 104 480
82 104 484
82 104 488
82 104 489
82 104 490
82 104 500
82 104 507
82 104 509
82 104 512
82 104 518
82 104 520
82 104 528
82 104 532
82 104 534
82 104 537
82 104 539
82 104 545
82 104 546
82 104 547
82 104 548
82 104 549
82 104 550
82 104 551
82 104 552
82 104 560
82 104 585
82 104 586
82 14 553
82 74 572
82 74 573
82 74 576
82 74 578
82 74 579
82 74 586
82 74 587
82 74 602
82 74 603
82 74 612
82 74 613
82 74 614
82 74 615
82 74 619
82 15 653
82 39 833
82 39 835
82 39 844
82 39 848
82 39 849
82 39 885
82 39 913
82 39 916
82 39 932
82 39 957
82 39 960
82 39 966
82 39 971
82 39 972
82 116 844
82 21 902
104 14 553
104 115 561
104 115 562
104 115 568
104 115 569
104 115 572
104 115 581
104 115 587
104 115 597
104 115 598
104 115 600
104 115 603
104 115 608
104 115 609
104 115 612
104 115 614
104 115 616
104 115 617
104 115 618
104 115 619
104 74 572
104 74 585
104 74 586
104 74 587
104 74 588
104 74 589
104 74 590
104 74 591
104 74 592
104 74 593
104 74 594
104 74 595
104 74 596
104 74 597
104 74 598
104 74 599
104 74 603
104 74 604
104 74 605
104 74 606
104 74 607
104 74 608
104 74 609
104 74 612
104 74 614
104 74 619
104 118 625
104 118 639
104 118 691
104 128 631
104 54 631
104 54 639
104 54 641
104 80 631
104 48 644
104 15 653
104 15 654
104 15 659
104 22 654
104 52 702
104 52 703
93 146 438
93 124 459
93 124 469
93 124 472
93 124 474
93 124 475
93 124 484
93 124 485
93 124 487
93 124 488
93 124 489
93 124 493
93 124 494
93 124 502
93 124 509
93 124 510
93 124 518
93 124 519
93 124 520
93 124 521
93 124 522
93 124 529
93 124 531
93 124 532
93 124 533
93 124 535
93 124 556
93 124 558
93 124 559
93 124 560
93 124 561
93 124 562
93 124 563
93 124 564
93 124 565
93 124 566
93 124 567
93 124 568
93 124 569
93 124 570
93 124 571
93 124 572
93 124 582
93 124 586
93 124 588
93 124 591
93 124 592
93 124 593
93 124 600
93 124 613
93 124 635
93 124 705
93 124 706
93 124 711
93 124 712
93 124 713
93 124 714
93 124 728
93 134 460
93 134 461
93 134 462
93 134 465
93 134 474
93 134 475
93 134 500
93 134 503
93 134 504
93 134 532
93 134 533
93 134 645
93 134 646
93 134 647
93 134 652
93 134 655
93 134 656
93 134 684
93 134 685
93 134 686
93 134 687
93 134 691
93 134 692
93 134 693
93 134 696
93 134 697
93 134 698
93 134 700
93 134 701
93 134 702
93 134 703
93 134 704
93 134 705
93 134 706
93 134 707
93 134 710
93 134 713
93 134 714
93 134 715
93 134 747
93 134 748
93 134 752
93 135 462
93 135 465
93 135 473
93 135 478
93 135 479
93 135 498
93 135 511
93 135 516
93 135 522
93 135 523
93 135 524
93 135 557
93 135 559
93 135 570
93 135 572
93 135 575
93 135 576
93 135 579
93 135 580
93 135 589
93 135 590
93 135 591
93 135 599
93 135 705
93 135 719
93 108 525
93 108 526
93 112 553
93 118 565
93 15 604
93 141 722
93 141 724
93 116 724
140 48 418
140 48 419
140 48 420
140 48 421
140 48 426
140 48 427
140 48 430
140 48 434
140 48 570
140 48 574
140 48 576
140 48 577
140 74 639
140 54 643
140 116 694
140 116 697
140 79 696
140 79 697
140 79 704
140 79 733
140 79 763
140 79 764
140 79 765
140 79 769
140 79 774
48 78 585
48 78 586
48 105 605
48 105 607
48 100 655
48 102 655
48 52 681
48 52 688
48 7 688
48 7 720
48 74 701
48 74 705
48 91 701
48 91 702
48 112 702
48 62 722
48 54 722
48 21 776
48 119 781
48 122 889
48 122 890
39 105 435
39 22 603
39 0 606
39 127 812
39 127 813
39 127 818
39 127 819
39 127 820
39 127 822
39 127 823
39 127 824
39 127 825
39 127 826
39 127 827
39 127 830
39 127 831
39 127 832
39 127 833
39 127 835
39 127 838
39 127 843
39 127 845
39 127 848
39 127 853
39 127 867
39 127 871
39 127 872
39 127 874
39 127 875
39 127 880
39 127 881
39 127 882
39 127 884
39 127 886
39 127 887
39 127 891
39 127 892
39 127 893
39 127 900
39 127 903
39 127 910
39 127 913
39 127 914
39 127 915
39 127 916
39 119 823
39 7 827
39 7 897
39 67 828
39 67 848
39 116 842
39 116 844
39 128 917
39 128 918
39 128 919
39 128 924
39 128 928
39 128 929
39 128 931
39 128 932
39 128 933
39 128 936
39 128 938
39 128 940
39 128 941
39 128 944
39 128 947
39 128 948
39 128 951
39 128 954
39 128 955
39 128 957
39 128 958
39 128 962
39 128 965
39 128 971
39 128 972
151 0 422
151 0 427
151 0 428
151 0 429
151 0 430
151 0 431
151 0 432
151 0 433
151 0 439
151 0 454
151 0 456
151 0 458
151 0 463
151 0 464
151 0 473
151 0 474
151 0 475
151 0 484
151 0 485
151 0 493
151 0 494
151 0 500
151 0 501
151 0 510
151 0 512
151 0 513
151 0 514
151 0 515
151 0 516
151 0 517
151 0 518
151 0 519
151 0 520
151 0 521
151 0 522
151 0 523
151 0 525
151 0 526
151 0 577
0 5 606
0 5 760
0 5 762
0 5 765
0 5 767
146 22 585
146 105 614
146 105 617
146 105 619
146 105 620
146 105 626
146 105 629
146 105 630
146 105 632
146 105 635
146 105 637
146 105 638
146 105 641
146 105 642
146 105 643
146 105 684
146 105 687
146 105 690
146 105 691
146 105 698
146 105 699
146 112 704
146 112 705
105 89 425
105 89 433
105 89 435
105 89 436
105 89 437
105 89 476
105 89 480
105 89 481
105 89 484
105 89 485
105 89 486
105 89 489
105 89 495
105 89 496
105 89 497
105 112 497
105 112 503
105 112 504
105 112 505
105 112 510
105 112 511
105 112 515
105 112 516
105 112 520
105 112 521
105 112 522
105 112 524
105 112 553
105 112 566
105 112 581
105 112 582
105 112 594
105 112 595
105 112 601
105 112 602
105 112 620
105 112 627
105 112 629
105 112 631
105 112 633
105 112 634
105 112 635
105 112 636
105 112 639
105 112 640
105 112 675
105 112 676
105 112 704
105 112 705
105 141 503
105 141 504
105 141 505
105 141 508
105 141 509
105 141 510
105 141 511
105 141 513
105 141 515
105 141 516
105 141 517
105 141 518
105 141 520
105 141 521
105 141 522
105 141 523
105 141 524
105 141 528
105 141 532
105 141 535
105 141 536
105 141 538
105 141 539
105 141 540
105 141 542
105 141 543
105 141 544
105 141 545
105 141 546
105 141 547
105 141 548
105 141 550
105 141 551
105 141 552
105 141 553
105 141 554
105 141 556
105 141 557
105 141 558
105 141 559
105 141 560
105 141 565
105 141 566
105 141 568
105 51 520
105 22 556
105 91 563
105 80 566
105 118 582
105 121 582
105 142 591
105 142 593
105 142 594
105 142 595
105 142 596
105 142 597
105 142 601
105 142 602
105 142 604
105 142 605
105 142 606
105 142 607
105 142 608
105 142 612
105 143 615
105 143 616
105 143 621
105 143 624
105 143 625
105 143 627
105 143 628
105 143 631
105 143 633
105 143 634
105 143 636
105 143 639
105 143 640
105 143 644
105 143 645
105 143 646
105 143 647
105 143 648
105 143 649
105 143 650
105 143 651
105 143 653
105 143 654
105 143 655
105 143 656
105 143 657
105 143 658
105 143 659
105 143 660
105 143 675
105 143 676
105 143 677
105 143 678
105 143 688
105 143 689
105 143 696
105 143 697
105 143 702
105 143 703
105 143 704
105 115 621
89 112 497
89 129 566
89 129 574
89 129 584
89 129 587
89 129 590
89 129 591
89 129 596
89 129 603
89 129 604
89 129 610
89 129 653
89 129 680
89 74 590
89 74 591
89 74 680
89 8 610
89 15 687
136 14 548
134 135 458
134 135 459
134 135 462
134 135 464
134 135 465
134 135 468
134 135 473
134 135 474
134 135 481
134 135 511
134 135 514
134 135 518
134 135 674
134 135 680
134 135 681
134 135 685
134 135 697
134 135 698
134 135 700
134 135 704
134 135 705
134 124 459
134 124 463
134 124 468
134 124 472
134 124 473
134 124 474
134 124 479
134 124 499
134 124 512
134 124 514
134 124 530
134 124 531
134 124 532
134 124 533
134 124 640
134 124 644
134 124 645
134 124 646
134 124 650
134 124 652
134 124 653
134 124 654
134 124 655
134 124 656
134 124 657
134 124 658
134 124 659
134 124 660
134 124 661
134 124 662
134 124 663
134 124 666
134 124 667
134 124 673
134 124 677
134 124 681
134 124 682
134 124 683
134 124 684
134 124 685
134 124 686
134 124 687
134 124 688
134 124 691
134 124 694
134 124 699
134 124 704
134 124 706
134 124 707
134 124 714
134 124 716
134 124 717
134 124 718
134 22 495
134 129 517
134 129 563
134 6 536
134 6 537
134 6 550
134 6 561
134 118 563
134 128 578
134 79 588
134 8 591
134 8 594
134 7 623
135 124 459
135 124 462
135 124 466
135 124 467
135 124 468
135 124 471
135 124 473
135 124 474
135 124 478
135 124 479
135 124 480
135 124 512
135 124 514
135 124 559
135 124 570
135 124 571
135 124 572
135 124 573
135 124 575
135 124 576
135 124 577
135 124 579
135 124 580
135 124 581
135 124 582
135 124 583
135 124 585
135 124 588
135 124 596
135 124 600
135 124 602
135 124 611
135 124 627
135 124 628
135 124 629
135 124 630
135 124 631
135 124 632
135 124 633
135 124 634
135 124 650
135 124 725
135 124 729
135 124 732
135 124 733
135 22 494
124 15 481
124 128 486
124 78 487
124 22 495
124 129 500
124 129 506
124 127 522
124 118 551
124 6 551
124 112 552
124 121 553
124 1 614
124 35 708
124 116 723
124 116 727
124 116 741
124 21 726
128 100 460
128 100 461
128 100 462
128 100 466
128 100 467
128 100 487
128 100 618
128 100 619
128 100 627
128 100 634
128 100 635
128 80 461
128 80 462
128 80 464
128 80 467
128 80 471
128 80 477
128 80 478
128 80 480
128 80 484
128 80 487
128 80 489
128 80 490
128 80 491
128 80 496
128 80 497
128 80 499
128 80 502
128 80 575
128 80 576
128 80 579
128 80 580
128 80 581
128 80 582
128 80 583
128 80 586
128 80 624
128 80 635
128 80 917
128 80 919
128 80 925
128 80 929
128 80 932
128 80 933
128 80 936
128 80 942
128 80 951
128 80 953
128 80 954
128 80 955
128 80 956
128 80 960
128 80 970
128 80 971
128 80 972
128 129 491
128 129 495
128 6 495
128 109 919
100 22 517
100 102 655
100 102 656
100 102 682
100 102 772
100 102 773
100 102 774
100 102 894
100 102 948
100 52 682
100 7 689
100 131 721
100 116 743
100 74 745
100 23 834
80 129 499
80 129 500
80 127 813
80 127 814
80 127 818
80 127 819
80 127 822
80 127 823
80 127 824
80 127 827
80 127 829
80 127 830
80 127 840
80 127 842
80 127 845
80 127 865
80 127 869
80 127 887
80 127 906
80 127 907
80 127 908
80 127 913
80 127 914
80 127 916
80 119 823
80 67 828
22 51 467
22 51 468
22 51 469
22 51 470
22 51 471
22 51 472
22 51 473
22 51 477
22 51 505
22 51 523
22 51 537
22 51 549
22 51 563
22 51 584
22 121 468
22 121 470
22 121 471
22 121 472
22 121 483
22 121 484
22 121 489
22 121 504
22 121 505
22 121 506
22 121 509
22 121 510
22 121 511
22 121 512
22 121 526
22 121 529
22 121 530
22 121 531
22 121 532
22 121 538
22 121 543
22 121 544
22 121 550
22 121 552
22 121 553
22 121 554
22 121 568
22 121 572
22 121 573
22 121 576
22 121 577
22 6 492
22 6 604
22 112 556
22 112 557
22 118 562
22 54 577
22 54 578
22 15 594
22 15 595
22 15 596
22 15 599
22 15 600
22 15 602
22 15 604
22 15 606
22 15 607
22 15 610
22 15 611
22 15 612
22 15 613
22 15 616
22 15 639
22 15 642
22 15 643
22 15 644
22 15 645
22 15 646
22 15 649
22 15 650
22 15 651
22 15 652
22 15 653
22 15 654
22 15 656
22 15 687
22 129 603
22 79 672
22 52 891
22 52 892
22 52 911
22 52 912
22 52 917
22 52 939
22 52 953
22 52 972
22 52 990
22 52 1008
22 52 1012
22 52 1014
22 52 1027
22 52 1028
51 121 468
51 121 485
51 74 584
51 74 616
51 62 601
51 62 607
51 62 613
51 62 614
51 62 617
51 62 618
51 62 620
51 62 621
51 62 622
51 62 623
51 62 624
51 62 626
51 62 627
51 62 628
51 62 632
51 62 638
51 62 642
51 62 644
51 62 648
51 62 649
51 62 650
51 62 651
51 62 662
51 62 663
51 62 664
51 62 665
51 62 667
51 62 668
51 62 669
51 62 670
51 62 673
51 62 676
51 62 677
51 62 678
51 62 679
51 62 680
51 62 681
51 62 682
51 62 688
51 62 689
51 62 690
51 62 692
51 62 693
51 62 694
51 62 697
51 62 699
51 62 703
51 62 708
51 62 709
51 62 710
51 62 713
51 62 714
51 62 718
51 62 719
51 62 720
51 62 723
51 5 617
51 23 625
51 23 627
51 23 628
51 23 629
51 23 630
51 23 631
51 23 632
51 23 633
51 23 634
51 23 635
51 23 636
51 23 641
51 7 627
51 7 630
51 7 631
51 7 632
51 7 634
51 7 636
51 7 637
51 7 642
51 7 643
51 7 651
51 7 655
51 7 658
51 7 659
51 7 660
51 7 661
51 7 662
51 7 666
51 7 667
51 7 668
51 7 669
51 7 688
51 116 741
51 116 742
121 8 475
121 8 476
121 112 557
121 129 569
121 54 576
121 118 580
7 130 622
7 130 623
7 130 624
7 130 625
7 130 626
7 130 627
7 130 628
7 130 629
7 130 630
7 130 631
7 130 632
7 130 633
7 130 634
7 130 635
7 130 636
7 130 637
7 130 638
7 130 639
7 130 645
7 130 646
7 130 647
7 130 648
7 130 649
7 130 650
7 130 651
7 130 652
7 130 653
7 130 654
7 130 655
7 130 656
7 130 657
7 130 658
7 130 659
7 130 670
7 130 671
7 130 672
7 130 673
7 130 674
7 130 675
7 130 676
7 130 677
7 130 678
7 130 679
7 130 680
7 130 681
7 130 682
7 130 683
7 130 685
7 130 686
7 130 687
7 130 688
7 130 689
7 130 690
7 130 691
7 130 697
7 130 698
7 130 699
7 115 630
7 74 670
7 102 687
7 112 711
7 112 712
7 112 713
7 112 715
7 112 719
7 112 720
7 112 721
7 112 722
7 112 723
7 112 724
7 112 725
7 112 728
7 112 732
7 112 733
7 112 734
7 112 735
7 112 736
7 112 737
7 112 739
7 112 740
7 112 741
7 112 743
7 112 744
7 112 745
7 112 746
7 112 747
7 112 748
7 112 749
7 112 752
7 112 754
7 112 757
7 112 760
7 112 761
7 112 762
7 112 763
7 112 764
7 112 765
7 112 769
7 112 798
7 112 799
7 112 800
7 112 801
7 112 804
7 112 807
7 112 808
7 112 809
7 112 810
7 112 822
7 112 823
7 112 824
7 112 825
7 112 826
7 112 827
7 112 828
7 112 829
7 112 830
7 112 831
7 112 832
7 116 805
7 109 831
7 109 951
7 21 836
7 21 837
7 21 839
7 21 840
7 21 843
7 21 845
7 21 846
7 21 847
7 21 850
7 21 851
7 21 852
7 21 855
7 21 856
7 21 857
7 21 859
7 21 866
7 21 867
7 21 869
7 21 876
7 21 886
7 21 887
7 21 889
7 21 896
7 21 897
7 21 911
7 21 915
7 21 917
7 21 920
7 21 921
7 21 928
7 21 934
7 21 935
7 21 937
7 21 938
7 21 939
7 21 940
7 21 944
7 21 945
7 21 946
7 21 948
7 21 968
7 21 969
7 21 970
7 21 971
7 21 985
7 21 994
7 21 998
7 21 1000
7 21 1001
7 21 1002
7 21 1003
7 21 1008
7 122 837
7 122 839
7 122 841
7 122 842
7 122 843
7 122 844
7 122 845
7 122 846
7 122 849
7 122 857
7 122 859
7 122 864
7 122 865
7 122 866
7 122 867
7 122 868
7 122 870
7 122 871
7 122 873
7 122 877
7 122 878
7 122 882
7 122 884
7 122 885
7 122 886
7 122 887
7 122 888
7 122 890
7 122 897
7 122 911
7 122 914
7 122 917
7 122 920
7 122 921
7 122 928
7 122 932
7 122 933
7 122 934
7 122 936
7 122 938
7 122 940
7 122 941
7 122 942
7 122 944
7 122 945
7 122 947
7 122 948
7 122 970
7 122 971
7 122 972
7 122 973
7 122 978
7 122 984
7 122 986
7 122 988
7 122 989
7 122 998
7 122 1000
7 122 1004
15 8 474
15 8 482
15 8 483
15 8 487
15 8 489
15 8 492
15 8 494
15 8 496
15 8 498
15 8 499
15 8 502
15 8 505
15 8 506
15 8 508
15 8 509
15 8 511
15 8 512
15 8 513
15 8 516
15 8 517
15 8 518
15 8 520
15 8 522
15 8 523
15 8 524
15 8 525
15 8 526
15 8 527
15 8 535
15 8 538
15 8 539
15 8 541
15 8 542
15 8 543
15 8 544
15 8 545
15 8 550
15 8 553
15 8 557
15 8 560
15 8 562
15 8 565
15 8 576
15 8 583
15 8 592
15 8 612
15 8 613
15 8 628
15 8 639
15 129 604
8 118 509
8 118 511
8 118 518
129 6 475
129 6 476
129 6 477
129 6 478
129 6 479
129 6 481
129 6 482
129 6 485
129 6 486
129 6 487
129 6 488
129 6 490
129 6 491
129 6 497
129 6 505
129 6 507
129 6 509
129 6 512
129 6 527
129 6 537
129 6 549
129 6 558
129 6 561
129 6 562
129 6 564
129 6 565
129 6 566
129 6 567
129 6 568
129 6 569
129 6 579
129 6 581
129 6 582
129 6 583
129 6 584
129 6 585
129 6 587
129 6 588
129 6 589
129 6 594
129 6 598
129 6 599
129 6 606
129 6 608
129 6 698
129 143 481
129 1 541
129 1 542
129 1 549
129 1 597
129 1 685
129 1 687
129 1 688
129 1 696
129 1 711
129 57 593
129 74 597
129 74 605
6 150 607
6 23 625
6 23 646
6 74 629
6 74 630
6 91 685
6 16 828
118 108 532
118 108 603
118 14 533
118 54 608
118 54 611
118 54 614
118 54 619
118 54 620
118 54 626
118 54 640
118 54 641
118 54 642
118 54 644
118 54 646
118 54 647
118 54 648
118 54 649
118 54 650
118 54 651
118 54 654
118 54 655
118 54 656
118 54 672
118 54 675
118 54 676
118 54 677
118 54 687
118 54 688
118 54 689
118 54 691
118 54 706
118 54 708
118 54 713
118 54 715
118 54 716
118 54 717
118 54 718
118 54 719
118 54 725
118 54 727
118 54 728
118 54 729
118 5 617
118 23 665
118 116 726
143 79 774
143 141 774
78 23 802
78 23 803
78 23 804
78 23 805
78 23 807
78 23 808
78 23 816
78 23 828
78 23 847
78 23 866
78 23 870
78 23 871
78 23 872
78 23 875
78 23 877
78 23 880
78 23 887
78 23 891
78 23 892
78 23 893
78 23 910
78 23 911
78 23 912
78 23 913
78 23 941
78 23 945
78 23 946
78 23 949
78 23 971
78 23 972
78 23 974
78 23 977
78 23 980
78 23 981
78 23 992
78 23 993
78 23 994
78 23 996
78 23 997
78 23 998
78 23 999
78 23 1000
78 23 1001
78 23 1002
78 23 1003
78 23 1004
78 23 1005
78 23 1006
78 23 1007
78 23 1008
112 54 523
112 54 524
112 21 811
141 116 695
141 116 698
141 116 699
141 116 700
141 116 707
141 116 708
141 116 719
141 116 723
141 21 709
141 52 733
108 54 506
108 54 507
108 54 508
108 54 510
108 54 511
108 54 513
108 54 516
108 54 517
108 54 518
108 54 519
108 54 520
108 54 524
108 54 525
108 54 526
108 54 527
108 54 528
108 54 529
108 54 530
108 54 531
108 54 532
108 54 533
108 54 534
108 54 535
108 54 536
108 54 538
108 54 545
108 54 559
108 54 564
108 54 566
108 54 569
108 54 574
108 54 575
108 54 587
108 54 603
108 14 548
108 62 602
54 115 616
54 115 617
54 35 642
54 35 648
54 116 726
54 127 823
127 74 672
127 74 673
127 74 676
127 74 677
127 74 679
127 74 680
127 57 816
127 57 887
127 57 893
127 14 830
14 53 547
14 53 548
14 5 567
35 79 536
35 79 540
35 79 581
35 79 592
35 79 593
35 79 609
35 79 632
35 79 633
35 79 638
35 79 639
35 79 640
35 79 642
35 79 669
35 79 678
35 79 679
35 79 684
35 79 687
35 79 695
35 79 697
35 79 705
35 79 706
35 79 712
35 79 713
35 79 714
35 79 720
35 79 745
35 79 746
35 52 671
35 52 672
79 53 643
79 53 648
79 116 696
79 116 697
79 116 698
79 116 702
79 116 703
79 116 705
79 52 732
79 77 733
79 77 748
79 77 750
79 77 765
79 77 766
79 77 767
79 77 768
79 77 769
79 77 774
77 91 630
77 23 648
77 52 671
77 74 762
1 91 543
1 91 549
1 91 571
1 91 586
1 91 587
1 91 604
1 91 629
1 91 674
1 91 675
1 91 677
1 91 678
1 91 713
1 91 717
1 150 605
1 150 606
1 150 617
1 150 621
1 150 622
1 150 631
1 150 639
1 150 644
1 150 690
1 150 761
1 150 762
1 150 763
1 150 766
1 150 767
1 74 676
91 130 685
91 130 699
91 16 694
53 23 648
53 23 658
53 23 659
53 23 664
53 109 943
53 21 949
53 122 949
74 115 556
74 115 557
74 115 560
74 115 562
74 115 565
74 115 566
74 115 568
74 115 569
74 115 570
74 115 572
74 115 573
74 115 574
74 115 584
74 115 585
74 115 593
74 115 599
74 115 602
74 115 603
74 115 604
74 115 609
74 115 614
74 115 615
74 115 619
74 115 621
74 115 622
74 115 623
74 115 624
74 115 625
74 115 626
74 115 630
74 115 631
74 102 651
74 102 652
5 150 606
5 150 610
5 150 641
5 150 642
5 150 643
5 150 644
5 150 649
5 150 650
5 150 651
5 150 660
5 150 661
5 150 691
5 150 699
5 150 713
5 150 714
5 150 715
5 150 719
5 150 725
5 150 732
5 150 736
5 150 745
5 150 746
5 150 747
5 150 758
5 150 759
5 150 766
5 150 767
130 62 627
130 62 632
130 62 634
130 62 638
130 62 658
130 62 663
130 52 629
130 52 630
130 52 639
130 52 657
130 52 658
130 52 659
130 52 660
130 52 661
130 52 662
130 52 688
130 76 657
130 76 658
142 67 860
142 67 866
142 67 867
142 67 868
142 67 869
142 67 870
142 67 871
142 67 872
142 120 894
142 113 895
142 117 895
57 21 846
57 21 850
62 12 850
62 67 894
62 120 1011
62 120 1013
62 120 1017
62 120 1018
62 120 1019
62 120 1020
62 120 1022
62 120 1025
62 109 1012
62 109 1013
62 109 1014
62 109 1016
62 109 1017
62 109 1025
52 113 897
102 76 607
102 76 612
102 76 613
102 76 634
102 76 635
102 76 639
102 76 645
76 16 855
23 67 745
23 67 846
23 21 843
23 16 855
116 21 690
116 21 693
116 21 697
116 21 805
116 21 806
116 21 811
116 21 813
116 21 816
116 21 851
116 21 863
21 122 837
21 122 845
21 122 847
21 122 849
21 122 850
21 122 857
21 122 858
21 122 859
21 122 860
21 122 861
21 122 862
21 122 863
21 122 865
21 122 866
21 122 867
21 122 868
21 122 870
21 122 871
21 122 872
21 122 876
21 122 878
21 122 879
21 122 883
21 122 885
21 122 886
21 122 887
21 122 891
21 122 892
21 122 893
21 122 894
21 122 895
21 122 896
21 122 911
21 122 913
21 122 917
21 122 918
21 122 919
21 122 920
21 122 921
21 122 924
21 122 925
21 122 927
21 122 930
21 122 931
21 122 934
21 122 935
21 122 936
21 122 937
21 122 938
21 122 939
21 122 940
21 122 943
21 122 944
21 122 945
21 122 947
21 122 948
21 122 949
21 122 952
21 122 955
21 122 959
21 122 968
21 122 969
21 122 970
21 122 971
21 122 986
21 122 987
21 122 988
21 122 995
21 122 996
21 122 1000
21 122 1001
21 122 1002
21 122 1003
21 122 1004
21 122 1008
21 120 881
21 120 950
21 16 884
21 109 951
16 120 883
16 120 894
16 113 899
67 119 824
67 122 873
67 122 875
67 122 876
67 152 879
67 120 881
67 120 886
109 120 833
109 120 835
109 120 836
109 120 837
109 120 838
109 120 839
109 120 840
109 120 841
109 120 842
109 120 843
109 120 844
109 120 845
109 120 846
109 120 847
109 120 848
109 120 849
109 120 851
109 120 860
109 120 861
109 120 878
109 120 882
109 120 901
109 120 902
109 120 903
109 120 905
109 120 910
109 120 917
109 120 918
109 120 919
109 120 920
109 120 921
109 120 926
109 120 927
109 120 928
109 120 929
109 120 930
109 120 932
109 120 934
109 120 935
109 120 937
109 120 938
109 120 945
109 120 947
109 120 1017
109 120 1018
109 120 1020
109 120 1025
109 122 880
109 117 898
109 117 901
109 117 905
109 113 901
109 113 905
109 152 1011
109 152 1013
109 152 1017
109 152 1020
109 152 1021
109 152 1025
120 117 902
120 117 903
120 122 950
120 152 1015
120 152 1016
120 152 1017
120 152 1022
120 152 1025
113 117 894
113 117 895
113 117 896
113 117 897
113 117 899
113 117 903
113 117 904
113 117 905
113 117 906
113 117 907
113 117 910
113 117 911
113 117 913
113 117 914
113 117 915
113 117 916
113 117 917
113 117 918
