46 137 0
46 137 1
46 137 2
46 137 3
46 137 4
46 137 5
46 137 7
46 137 9
46 137 10
46 137 11
46 137 12
46 137 13
46 137 14
46 137 15
46 137 16
46 137 17
46 137 18
46 137 19
46 137 20
46 137 21
46 137 24
46 137 25
46 137 26
46 137 27
46 137 40
46 137 41
46 137 42
46 137 43
46 137 44
46 137 45
46 137 46
46 137 47
46 137 48
46 137 58
46 137 59
46 137 60
46 137 61
46 137 62
46 137 63
46 137 64
46 137 65
46 137 66
46 137 74
46 137 75
46 137 76
46 137 79
46 137 80
46 137 81
46 137 83
46 137 84
46 137 85
46 137 86
46 137 87
46 137 89
46 137 91
46 137 93
46 137 97
46 107 75
46 107 82
46 6 82
137 98 72
137 6 82
27 75 14
27 75 36
27 123 14
27 123 17
27 123 20
27 123 49
27 123 57
27 123 59
27 123 60
27 123 61
27 123 65
27 123 72
27 123 73
27 123 78
27 123 88
27 123 91
27 123 117
27 123 118
27 123 121
27 123 135
27 123 142
27 123 143
27 123 144
27 123 145
27 123 147
27 123 148
27 123 149
27 123 150
27 123 151
27 123 152
27 123 153
27 123 154
27 123 155
27 123 159
27 123 162
27 143 14
27 143 15
27 143 27
27 143 28
27 143 32
27 143 33
27 143 48
27 143 49
27 143 51
27 0 32
27 0 36
27 0 46
27 0 71
27 0 73
27 0 74
27 0 79
27 0 81
27 0 158
27 112 44
27 112 45
27 112 60
27 112 68
27 112 70
27 112 71
27 112 72
27 112 73
27 112 74
27 112 135
27 112 148
27 112 149
27 112 152
27 112 155
27 83 45
27 83 46
27 83 57
27 83 66
27 83 67
27 83 68
27 83 73
27 83 79
27 83 81
27 56 88
27 56 89
27 2 320
27 48 320
27 140 322
27 140 339
27 140 340
27 140 341
27 140 342
27 140 343
27 140 344
27 140 347
27 140 349
27 140 351
27 140 352
27 140 353
27 140 354
27 140 355
27 140 356
27 140 357
27 140 358
27 140 359
27 140 360
27 140 361
27 140 372
27 111 332
27 111 343
27 111 372
27 145 334
75 58 17
75 58 33
75 58 50
75 139 31
75 139 38
75 139 52
75 139 53
75 139 54
75 139 55
75 139 64
75 139 74
75 139 75
75 139 76
75 139 78
75 139 79
75 139 96
75 139 113
75 139 114
75 139 115
75 139 116
75 139 124
75 139 128
75 139 129
75 139 130
75 139 131
75 139 132
75 139 146
75 139 148
75 139 150
75 139 151
75 139 154
75 139 159
75 139 160
75 139 164
75 139 172
75 85 32
75 85 33
75 85 34
75 85 35
75 114 36
75 114 39
75 114 104
75 72 45
75 72 46
75 126 60
75 24 163
75 136 756
75 136 758
75 136 762
75 136 764
75 136 766
75 136 768
75 136 770
75 136 771
75 136 772
75 136 773
75 136 774
75 136 775
75 136 776
75 136 777
75 136 778
75 136 779
75 136 780
75 136 781
75 136 782
75 136 783
75 136 784
75 136 785
75 136 786
75 136 787
75 136 788
75 136 789
75 136 790
75 136 791
75 136 792
75 136 793
75 136 794
75 136 795
75 136 800
75 136 806
75 136 807
75 136 808
75 136 809
75 136 810
75 136 811
75 136 812
75 136 813
75 136 814
75 136 815
75 136 816
75 136 817
75 136 818
75 136 819
75 136 820
75 136 821
75 136 822
75 136 823
75 136 824
75 136 825
75 136 826
75 136 827
75 136 828
75 136 829
75 136 830
75 136 831
75 136 832
75 136 833
75 136 834
75 136 835
75 136 836
75 136 837
75 136 838
75 136 839
75 136 840
75 136 841
75 136 842
75 136 843
75 136 844
75 136 845
75 136 846
75 136 847
75 136 848
75 136 849
75 136 850
75 136 851
75 136 852
75 136 853
75 136 854
75 136 855
75 136 856
75 136 857
75 136 858
75 136 859
75 136 860
75 136 861
75 136 862
75 136 863
75 136 864
75 136 865
75 136 866
75 136 867
75 136 868
75 136 869
75 136 870
75 136 871
75 136 872
75 136 873
75 136 874
75 136 875
75 136 876
75 136 877
75 136 878
75 136 879
75 136 880
75 136 881
75 136 882
75 136 883
75 136 884
75 136 885
75 136 887
75 136 888
75 136 889
75 136 891
75 136 892
75 136 893
75 136 894
75 136 895
75 136 896
75 136 898
75 136 899
75 136 901
75 136 903
75 136 904
75 136 905
75 136 906
75 136 907
75 136 908
75 136 909
75 136 910
75 136 911
75 136 912
75 136 913
75 136 914
75 136 915
75 136 916
75 136 917
75 136 918
75 136 919
75 136 920
75 136 921
75 136 922
75 136 923
75 136 924
75 136 925
75 136 926
75 136 927
75 136 928
75 136 929
75 136 930
75 136 934
75 136 935
75 136 936
75 136 937
75 136 938
75 136 939
75 136 940
75 136 941
75 136 942
75 136 943
75 136 944
75 136 945
75 136 946
75 136 947
75 136 948
75 136 949
75 136 950
75 136 951
75 136 952
75 136 953
75 136 954
75 136 955
75 136 956
75 136 957
75 136 958
75 136 959
75 136 960
75 136 961
75 136 962
75 136 963
75 136 964
75 136 965
75 136 966
75 136 967
75 136 968
75 136 974
75 136 975
75 136 976
75 136 980
75 136 1000
75 136 1002
75 136 1004
75 136 1007
75 136 1008
75 136 1009
75 136 1011
75 136 1012
75 136 1021
75 136 1022
75 136 1023
75 136 1024
75 136 1025
75 136 1032
75 136 1033
75 115 1028
75 111 1028
123 77 17
123 77 34
123 77 41
123 77 55
123 77 59
123 77 81
123 77 90
123 77 91
123 77 97
123 77 113
123 77 125
123 77 126
123 77 127
123 77 151
123 77 152
123 77 155
123 77 160
123 139 18
123 139 31
123 139 41
123 139 54
123 139 55
123 139 61
123 139 66
123 139 90
123 139 91
123 139 92
123 139 96
123 139 97
123 139 112
123 139 130
123 139 131
123 139 133
123 139 134
123 139 135
123 139 159
123 139 168
123 85 23
123 85 24
123 85 48
123 114 24
123 114 40
123 114 56
123 114 76
123 114 81
123 114 88
123 114 112
123 114 131
123 114 135
123 114 144
123 114 148
123 114 149
123 114 150
123 114 151
123 114 152
123 114 155
123 0 74
123 0 90
123 0 107
123 0 113
123 0 159
123 58 78
123 58 85
123 4 162
123 7 1063
123 7 1074
123 7 1076
123 7 1166
123 7 1168
123 7 1169
123 7 1179
123 7 1180
123 7 1181
123 7 1182
123 7 1183
123 7 1184
123 7 1185
123 7 1189
123 82 1096
123 82 1099
123 82 1100
123 82 1149
123 82 1150
123 79 1121
123 79 1134
123 160 1140
123 127 1147
123 127 1151
123 127 1152
123 127 1153
123 127 1189
123 12 1165
143 114 14
143 114 23
143 114 35
143 114 40
143 114 44
143 126 14
143 126 17
143 126 20
143 126 23
143 126 40
143 126 47
143 126 59
143 0 22
143 0 36
143 0 108
143 85 28
143 85 32
143 85 44
143 85 46
143 77 36
143 77 40
143 77 51
143 77 105
143 90 665
143 36 666
143 36 667
143 36 668
143 36 670
143 36 674
143 36 675
143 36 676
143 36 677
143 36 678
143 36 679
143 36 680
143 36 682
143 36 683
143 36 685
143 36 687
143 36 688
143 36 691
143 36 692
143 36 695
143 36 696
143 36 697
143 36 698
143 36 699
143 36 700
143 36 701
143 36 702
143 36 703
143 36 704
143 36 705
143 36 706
143 36 707
143 36 709
143 36 710
143 36 711
143 36 712
143 36 713
143 36 714
143 36 715
143 36 716
143 36 717
143 36 718
143 36 719
143 36 720
143 36 721
143 36 722
143 36 723
143 36 724
143 36 725
143 36 726
143 36 727
143 36 728
143 36 729
143 36 730
143 36 731
143 36 732
143 36 733
143 36 734
143 36 735
143 36 736
143 36 737
143 36 738
143 36 739
143 36 740
143 36 741
143 45 668
143 45 669
143 45 670
143 45 673
143 135 731
143 135 734
143 135 736
143 21 738
143 21 741
114 0 15
114 0 57
114 0 71
114 0 72
114 0 79
114 0 86
114 0 87
114 0 89
114 0 111
114 0 131
114 0 145
114 0 146
114 0 156
114 0 172
114 56 46
114 56 167
114 83 56
114 83 79
114 26 145
114 21 485
114 21 496
114 21 505
114 21 508
114 21 573
126 0 24
126 0 33
126 0 106
126 80 26
126 80 28
126 80 37
126 80 38
126 80 40
126 80 42
126 80 43
126 80 44
126 80 45
126 80 53
126 80 54
126 80 57
126 80 59
126 80 62
126 80 64
126 80 68
126 80 78
126 80 79
126 80 84
126 80 85
126 80 86
126 80 89
126 80 90
126 80 92
126 80 99
126 80 102
126 80 103
126 80 105
126 80 110
126 80 114
126 80 117
126 80 118
126 80 120
126 80 121
126 80 122
126 80 124
126 80 126
126 80 131
126 80 133
126 80 134
126 80 135
126 80 136
126 80 137
126 80 138
126 80 139
126 80 140
126 80 141
126 80 142
126 80 143
126 80 144
126 122 28
126 122 46
126 122 60
126 122 119
126 6 28
126 26 31
126 26 52
126 26 53
126 30 33
126 119 36
126 119 52
126 112 41
126 72 46
126 56 49
126 110 60
126 128 162
58 26 15
58 26 35
58 0 24
58 0 41
58 0 167
58 0 172
58 112 111
58 112 172
58 33 1029
58 33 1032
58 33 1033
58 33 1084
58 33 1103
58 33 1109
58 33 1125
58 33 1128
58 33 1136
58 33 1141
58 33 1148
58 33 1166
58 33 1172
58 33 1174
58 33 1179
58 33 1180
58 33 1182
58 33 1184
58 33 1185
58 33 1192
58 33 1224
58 33 1232
58 33 1251
58 33 1252
58 33 1270
58 33 1275
58 33 1292
58 33 1293
58 33 1311
58 33 1316
58 33 1334
58 159 1101
58 159 1111
58 159 1112
58 159 1120
58 159 1121
58 159 1123
58 159 1134
58 159 1135
58 159 1187
58 159 1197
58 159 1236
58 159 1254
58 159 1334
58 52 1102
58 23 1106
58 100 1109
58 100 1121
58 100 1136
58 59 1125
58 59 1225
58 59 1226
58 59 1227
58 57 1133
58 166 1275
58 107 1276
58 107 1284
58 88 1334
26 139 29
26 139 45
26 139 52
26 139 53
26 139 55
26 139 67
26 139 91
26 139 133
26 139 134
26 139 160
26 85 29
26 0 31
26 0 159
26 77 53
26 77 54
26 77 55
26 77 56
26 77 64
26 77 94
26 77 95
26 77 110
26 77 148
26 12 1084
26 12 1085
26 12 1086
26 12 1087
26 12 1088
26 12 1089
26 12 1090
26 12 1091
26 12 1092
26 12 1093
26 12 1094
26 12 1096
26 12 1097
26 12 1102
26 12 1104
26 12 1109
26 12 1110
26 12 1114
26 12 1118
26 12 1132
26 12 1133
26 12 1136
26 12 1138
26 12 1140
26 12 1142
26 12 1144
26 12 1145
26 12 1146
26 12 1147
26 12 1152
26 12 1153
26 12 1154
26 12 1155
26 12 1160
26 12 1161
26 12 1162
26 12 1163
26 12 1164
26 12 1165
26 12 1167
26 12 1168
26 12 1169
26 12 1170
26 12 1171
26 12 1172
26 12 1173
26 12 1174
26 12 1179
26 12 1181
77 112 15
77 112 17
77 112 35
77 112 40
77 112 77
77 112 78
77 112 121
77 112 124
77 112 147
77 112 148
77 112 149
77 112 151
77 112 152
77 112 172
77 83 16
77 83 55
77 83 82
77 0 16
77 0 35
77 0 44
77 0 45
77 0 46
77 0 63
77 0 64
77 0 87
77 0 94
77 0 95
77 0 137
77 0 138
77 0 139
77 0 140
77 0 144
77 0 172
77 56 42
77 56 87
77 56 129
77 56 131
77 56 167
77 56 172
77 96 66
77 87 1133
77 87 1138
77 87 1143
77 87 1146
77 87 1147
77 87 1148
77 87 1149
77 87 1152
77 87 1161
77 87 1163
77 87 1175
77 87 1180
77 87 1182
77 87 1183
77 87 1186
77 87 1188
77 87 1211
77 87 1212
77 57 1145
77 57 1146
77 57 1147
77 57 1149
77 57 1187
112 139 34
112 139 39
112 139 45
112 139 69
112 139 70
112 139 88
112 139 93
112 139 94
112 139 122
112 139 130
112 139 172
112 85 44
112 85 45
112 15 1193
112 15 1196
112 15 1197
112 15 1198
112 15 1201
112 15 1202
112 15 1203
112 15 1205
112 15 1214
112 15 1218
112 15 1223
112 15 1233
112 15 1301
112 15 1304
112 15 1306
112 15 1317
112 15 1321
112 15 1330
112 15 1337
112 15 1345
112 15 1352
112 15 1372
112 15 1376
112 15 1388
112 15 1402
112 15 1405
112 15 1407
112 15 1408
112 167 1198
112 167 1212
112 167 1214
112 167 1292
112 167 1383
112 167 1388
112 167 1393
112 167 1396
112 167 1402
112 167 1417
112 74 1321
112 74 1339
112 74 1368
112 74 1413
112 74 1419
112 41 1341
112 41 1342
112 41 1344
112 41 1345
0 139 21
0 139 32
0 139 49
0 139 65
0 139 69
0 139 70
0 139 71
0 139 157
0 139 172
0 139 173
0 85 31
0 85 95
0 85 106
0 50 148
83 139 27
83 139 29
83 139 43
83 139 45
83 139 71
83 139 81
83 139 84
83 15 1322
83 41 1349
139 56 54
139 56 55
139 56 73
139 56 172
139 6 63
139 51 325
139 51 326
139 51 327
139 51 331
139 156 326
139 156 348
139 156 351
139 2 326
139 2 345
139 2 346
139 2 348
139 2 362
139 2 411
139 2 412
139 54 335
139 54 344
139 54 349
139 54 350
139 54 353
139 54 354
139 54 360
139 54 365
139 54 411
139 54 412
139 90 339
139 90 346
139 90 347
139 90 358
139 90 365
139 161 342
139 66 346
139 66 411
139 140 347
139 140 361
139 140 365
139 140 366
139 69 347
139 111 348
139 111 349
139 111 350
139 111 351
139 28 351
139 127 351
85 79 1134
85 79 1136
85 79 1137
85 79 1144
85 79 1145
85 79 1151
85 79 1179
85 79 1185
85 79 1187
85 79 1191
85 79 1192
85 57 1144
85 57 1145
85 57 1146
85 57 1147
85 57 1148
85 57 1149
85 57 1150
85 57 1165
85 57 1187
80 29 28
80 70 35
80 70 68
80 116 37
80 107 39
80 107 52
80 119 58
80 121 161
80 168 1046
80 168 1106
80 168 1108
80 168 1110
80 168 1179
80 168 1200
80 100 1104
80 100 1193
80 100 1195
80 100 1196
122 78 28
122 78 35
122 78 59
122 116 28
122 116 30
122 116 31
122 116 34
122 116 44
122 116 45
122 116 108
122 116 109
122 6 28
122 6 30
122 6 31
122 6 34
122 6 35
122 6 86
122 6 87
122 6 88
122 6 90
122 6 99
122 6 100
122 6 101
122 6 102
122 6 103
122 6 106
122 6 108
122 6 109
122 6 110
122 6 111
122 6 112
122 6 113
122 6 114
122 6 122
122 6 126
122 6 131
122 6 132
122 6 137
122 6 138
122 6 139
122 6 140
122 6 143
122 29 30
122 29 60
122 107 33
122 107 35
122 107 60
122 107 106
122 107 136
122 121 38
122 121 39
122 121 40
122 121 42
122 121 70
122 121 72
122 121 73
122 121 74
122 121 82
122 121 107
122 121 109
122 121 110
122 121 111
122 121 112
122 121 113
122 121 114
122 70 41
122 70 42
122 70 45
122 70 48
122 70 49
122 70 50
122 70 51
122 70 52
122 70 53
122 70 54
122 70 55
122 70 56
122 70 57
122 70 62
122 70 63
122 70 66
122 70 67
122 70 70
122 70 86
122 70 90
122 70 101
122 70 108
122 70 109
122 70 111
122 70 112
122 70 141
122 132 1054
122 41 1062
122 151 1063
122 129 1064
78 110 30
78 110 35
78 110 38
78 110 40
78 110 60
78 110 161
78 110 162
78 119 34
78 124 34
78 30 161
78 57 1009
78 57 1010
78 57 1011
78 57 1013
78 57 1014
78 57 1019
78 57 1020
78 57 1022
78 57 1023
78 57 1024
78 57 1025
78 57 1029
78 57 1030
78 57 1031
78 57 1036
78 57 1037
78 57 1039
78 57 1102
78 57 1131
78 57 1132
78 57 1133
78 57 1135
78 57 1143
78 57 1144
78 57 1145
78 57 1149
78 57 1150
78 57 1151
78 57 1152
78 57 1153
78 57 1154
78 57 1156
78 57 1157
78 57 1256
78 57 1290
78 57 1293
78 57 1294
78 57 1295
78 57 1305
78 57 1308
78 57 1310
78 57 1314
78 172 1102
78 172 1103
78 172 1104
78 172 1105
78 172 1106
78 172 1107
78 172 1108
78 172 1109
78 172 1110
78 172 1111
78 172 1112
78 71 1126
78 71 1185
78 71 1186
78 71 1187
78 71 1188
78 71 1235
78 69 1129
78 69 1130
78 69 1136
78 50 1132
78 50 1136
78 50 1195
78 50 1196
78 50 1197
78 50 1260
78 164 1154
78 55 1170
78 55 1258
78 55 1259
78 55 1260
78 55 1289
78 65 1171
78 65 1172
78 65 1173
78 65 1258
78 65 1259
78 65 1260
78 65 1295
78 91 1179
78 91 1181
78 91 1182
78 91 1191
78 91 1240
78 91 1241
78 91 1242
78 91 1244
78 91 1245
78 91 1276
78 91 1277
78 91 1278
78 91 1280
78 91 1285
78 91 1286
78 91 1289
78 91 1291
78 91 1299
78 91 1300
78 91 1301
78 91 1302
78 91 1303
78 91 1304
78 91 1305
78 173 1252
78 173 1254
78 173 1255
78 173 1256
78 173 1266
78 173 1267
78 173 1269
78 173 1294
78 173 1305
78 173 1308
78 173 1310
78 173 1314
78 41 1294
78 41 1295
78 15 1307
116 6 28
116 6 29
116 6 37
116 6 38
116 6 39
116 6 40
116 6 41
116 6 42
116 6 43
116 6 44
116 6 48
116 6 49
116 6 51
116 6 59
116 6 60
116 6 108
116 110 33
116 110 38
116 110 40
116 110 56
116 110 58
116 110 60
116 110 71
116 110 73
116 110 74
116 110 75
116 110 91
116 110 93
116 110 95
116 110 96
116 110 97
116 110 109
116 110 124
116 110 126
116 110 135
116 110 142
116 72 39
116 72 42
116 72 44
116 72 45
116 72 100
116 72 109
116 30 55
116 30 56
116 30 91
116 30 92
116 30 93
116 30 97
116 30 106
116 30 118
116 30 119
116 30 138
116 30 139
116 30 140
116 30 143
116 30 144
116 98 67
116 98 68
116 20 506
116 20 509
116 20 511
116 20 514
116 20 515
116 20 516
116 20 517
116 20 519
116 20 521
116 20 522
116 20 550
116 20 551
116 20 553
116 20 560
116 20 561
116 20 565
116 20 566
116 20 574
6 29 29
6 29 37
6 29 38
6 29 106
6 119 30
6 119 33
6 119 50
6 119 54
6 119 63
6 119 64
6 119 65
6 119 66
6 119 67
6 119 68
6 119 69
6 119 73
6 119 74
6 119 75
6 119 88
6 119 89
6 119 97
6 119 98
6 119 99
6 119 109
6 119 114
6 119 115
6 119 120
6 119 122
6 119 128
6 119 130
6 119 132
6 119 143
6 119 144
6 30 30
6 30 57
6 30 79
6 30 86
6 30 96
6 30 97
6 30 98
6 30 105
6 30 131
6 30 142
6 30 144
6 72 34
6 72 42
6 72 100
6 72 101
6 72 103
6 72 104
6 72 109
6 110 35
6 110 38
6 110 57
6 110 58
6 110 61
6 110 73
6 110 74
6 110 75
6 110 76
6 110 77
6 110 78
6 110 79
6 110 82
6 110 84
6 110 85
6 110 86
6 110 87
6 110 88
6 110 95
6 110 97
6 110 98
6 110 100
6 110 107
6 110 112
6 110 113
6 110 117
6 110 121
6 110 126
6 121 37
6 121 43
6 121 48
6 121 49
6 121 51
6 121 53
6 121 54
6 121 56
6 121 57
6 121 58
6 121 59
6 121 60
6 121 61
6 121 63
6 121 64
6 121 65
6 121 66
6 121 67
6 121 68
6 121 69
6 121 73
6 121 76
6 121 94
6 121 95
6 121 96
6 121 107
6 121 108
6 121 110
6 121 111
6 121 112
6 121 113
6 121 114
6 121 115
6 121 120
6 121 121
6 121 122
6 121 132
6 70 40
6 70 41
6 70 83
6 70 85
6 70 86
6 70 89
6 70 90
6 70 102
6 70 105
6 70 121
6 70 122
6 70 124
6 70 125
6 70 126
6 70 142
6 107 48
6 107 49
6 107 50
6 107 51
6 107 52
6 107 59
6 107 99
6 107 102
6 107 103
6 107 105
6 107 106
6 124 50
6 124 105
6 124 109
6 24 58
6 24 61
6 50 58
6 98 67
6 98 68
6 98 69
6 32 119
6 155 119
6 62 119
6 62 143
6 31 143
29 119 29
29 119 30
29 119 31
29 119 35
29 119 38
29 119 43
29 119 99
29 119 100
29 124 30
29 124 34
29 124 35
29 124 37
29 124 43
29 124 100
29 110 161
29 94 454
29 94 455
29 101 482
29 166 482
29 166 484
29 166 488
29 14 491
119 121 30
119 121 33
119 121 34
119 121 45
119 121 47
119 121 48
119 121 52
119 121 53
119 121 54
119 121 55
119 121 59
119 121 60
119 121 61
119 121 62
119 121 63
119 121 66
119 121 67
119 121 68
119 121 69
119 121 70
119 121 71
119 121 77
119 121 78
119 121 79
119 121 80
119 121 81
119 121 82
119 121 83
119 121 85
119 121 91
119 121 92
119 121 99
119 121 101
119 121 105
119 121 106
119 121 107
119 121 111
119 121 113
119 121 119
119 121 120
119 121 139
119 121 140
119 121 142
119 70 31
119 70 32
119 70 38
119 70 40
119 70 41
119 70 70
119 70 87
119 70 89
119 70 105
119 70 106
119 70 107
119 70 116
119 70 118
119 70 122
119 70 124
119 70 140
119 107 39
119 107 47
119 107 48
119 107 49
119 107 50
119 107 51
119 107 52
119 107 59
119 107 104
119 107 105
119 107 106
119 107 125
119 30 61
119 30 62
119 30 63
119 30 66
119 30 67
119 30 68
119 30 107
119 30 120
119 30 121
119 30 141
119 30 143
119 110 72
119 110 73
119 110 86
119 110 118
119 110 119
119 110 135
119 62 143
124 107 29
124 107 48
124 107 52
124 107 104
124 107 105
124 70 31
124 70 40
124 70 89
124 70 103
124 70 104
124 70 105
124 70 106
124 70 107
124 70 110
124 70 116
124 70 118
124 70 119
124 70 121
124 70 142
124 156 321
124 156 322
124 156 334
124 156 336
124 156 337
124 156 340
124 156 341
124 156 345
124 156 346
124 156 347
124 156 348
124 156 351
124 156 360
124 156 362
124 156 364
124 156 365
124 48 321
124 48 322
124 48 323
124 48 331
124 48 335
124 48 336
124 48 338
124 48 341
124 48 344
124 48 345
124 48 346
124 48 347
124 48 363
124 48 369
124 48 370
124 48 371
124 28 322
124 28 328
124 28 332
124 28 333
124 28 336
124 28 338
124 28 350
124 54 328
124 54 348
124 54 349
124 54 350
124 54 351
124 54 353
124 54 354
124 54 355
124 54 356
124 54 357
124 54 358
124 54 359
124 54 360
124 111 330
124 111 333
124 66 331
124 66 332
124 66 333
124 66 364
124 66 365
124 66 366
124 66 367
124 66 368
124 66 369
124 69 331
124 69 332
124 69 333
124 69 362
124 69 364
124 69 365
124 69 366
124 69 367
124 69 368
124 145 334
124 140 335
124 140 352
124 140 353
124 140 354
124 140 355
124 140 356
124 140 357
124 140 358
124 140 359
124 140 360
124 2 338
124 2 353
124 2 354
124 2 355
124 2 356
124 2 357
124 2 359
124 2 360
124 148 342
124 173 346
124 90 371
107 72 37
107 72 39
107 72 105
107 72 106
107 30 54
107 30 55
107 30 56
107 30 57
107 30 83
107 30 90
107 30 91
107 30 92
107 30 94
107 30 96
107 30 98
107 30 112
107 30 118
107 30 121
107 98 76
107 98 77
107 168 1091
107 168 1094
107 168 1098
107 168 1099
107 168 1106
107 168 1108
107 168 1109
107 168 1110
107 168 1111
107 168 1113
107 168 1114
107 168 1115
107 168 1116
107 168 1117
107 168 1118
107 168 1121
107 168 1122
107 168 1123
107 168 1124
107 168 1125
107 168 1126
107 168 1127
107 168 1128
107 168 1129
107 168 1130
107 168 1133
107 168 1134
107 168 1136
107 168 1137
107 168 1140
107 168 1141
107 168 1142
107 168 1146
107 168 1150
107 168 1151
107 168 1154
107 168 1155
107 168 1156
107 168 1157
107 168 1162
107 168 1164
107 168 1165
107 168 1168
107 168 1172
107 168 1173
107 168 1175
107 168 1180
107 168 1183
107 168 1195
107 168 1203
107 168 1211
107 168 1227
107 168 1228
107 168 1258
107 168 1267
107 168 1273
107 168 1290
107 168 1311
107 168 1312
107 168 1319
107 168 1320
107 168 1321
107 168 1323
107 168 1324
107 168 1325
107 168 1326
107 168 1327
107 168 1330
107 168 1331
107 168 1334
107 168 1339
107 168 1341
107 168 1342
107 168 1343
107 168 1344
107 168 1345
107 168 1346
107 168 1347
107 168 1348
107 168 1349
107 168 1350
107 168 1351
107 168 1354
107 168 1356
107 168 1359
107 168 1360
107 168 1379
107 168 1380
107 168 1381
107 61 1122
107 161 1135
107 32 1135
107 32 1243
107 32 1244
107 32 1250
107 32 1263
107 32 1266
107 32 1276
107 71 1137
107 71 1142
107 69 1138
107 69 1146
107 50 1138
107 50 1146
107 65 1190
107 106 1195
107 106 1196
107 91 1196
107 86 1202
107 11 1245
107 11 1246
107 11 1247
107 11 1248
107 11 1250
107 11 1251
107 11 1252
107 11 1253
107 11 1254
107 11 1255
107 3 1260
107 3 1261
107 3 1263
107 41 1361
110 121 30
110 121 31
110 121 33
110 121 55
110 121 57
110 121 70
110 121 71
110 121 72
110 121 73
110 121 77
110 121 78
110 121 90
110 121 91
110 121 94
110 121 95
110 121 113
110 121 116
110 121 118
110 121 120
110 121 121
110 121 128
110 121 132
110 121 161
110 70 35
110 70 38
110 70 40
110 70 54
110 70 55
110 70 56
110 70 57
110 70 70
110 70 82
110 70 86
110 70 88
110 70 90
110 70 97
110 70 107
110 70 114
110 70 118
110 70 119
110 70 124
110 70 130
110 70 132
110 70 133
110 70 142
110 70 143
110 62 143
110 165 1193
110 165 1211
110 165 1213
110 165 1215
110 165 1224
110 165 1226
110 165 1243
110 165 1328
110 165 1332
110 165 1333
110 165 1362
110 165 1363
110 165 1375
110 165 1387
110 165 1394
110 165 1401
110 165 1403
110 105 1193
110 105 1199
110 105 1413
110 105 1414
110 76 1198
110 76 1205
110 76 1216
110 76 1224
110 76 1248
110 76 1249
110 76 1252
110 76 1253
110 76 1255
110 76 1293
110 76 1322
110 76 1333
110 76 1355
110 76 1364
110 76 1412
110 42 1198
110 42 1199
110 42 1202
110 42 1208
110 42 1209
110 42 1214
110 42 1271
110 42 1324
110 42 1343
110 42 1350
110 42 1412
110 16 1316
110 16 1328
110 16 1331
110 16 1375
110 16 1382
110 16 1399
110 16 1400
110 16 1401
110 16 1403
110 16 1404
110 16 1406
110 16 1409
110 16 1410
110 16 1412
110 152 1316
121 72 42
121 72 44
121 72 100
121 72 109
121 30 57
121 30 58
121 30 90
121 30 91
121 30 92
121 30 109
121 30 110
121 30 111
121 30 112
121 30 116
121 30 118
121 30 119
121 30 120
121 30 128
121 30 131
121 30 135
121 30 137
121 30 140
121 30 161
121 24 58
121 50 58
121 98 66
121 98 67
121 98 68
121 98 69
121 98 76
121 12 1167
121 3 1170
121 111 1198
30 70 31
30 70 41
30 70 58
30 70 59
30 70 60
30 70 61
30 70 62
30 70 63
30 70 64
30 70 65
30 70 66
30 70 84
30 70 85
30 70 86
30 70 116
30 70 118
30 70 131
30 70 132
30 40 1071
30 151 1142
30 151 1146
30 151 1178
30 151 1183
70 65 143
70 64 515
70 64 516
70 64 517
70 64 520
70 64 521
70 64 524
70 64 652
70 64 654
70 64 662
70 64 663
70 64 664
70 64 666
70 64 668
70 64 670
70 64 675
70 64 676
70 64 678
70 64 683
70 64 690
70 64 725
70 64 736
70 140 609
72 169 257
72 169 263
72 169 265
72 169 267
72 169 276
72 169 277
72 169 280
72 169 282
72 169 287
72 169 288
72 169 289
72 169 294
56 43 169
56 49 716
56 49 718
56 49 719
56 49 720
56 49 721
56 49 722
56 49 723
56 49 724
56 49 725
56 49 728
56 49 729
56 49 730
56 49 731
56 49 732
56 49 733
56 49 738
56 49 739
56 49 740
56 49 741
56 49 743
56 49 749
56 49 750
56 49 751
56 49 752
56 49 754
56 49 755
56 49 757
56 49 758
56 49 759
56 49 760
56 49 761
56 49 762
56 49 763
56 49 764
56 49 765
56 49 766
56 49 767
56 49 768
56 49 769
56 49 770
56 49 771
56 49 772
56 135 724
56 45 752
24 51 51
24 51 56
24 51 62
24 51 78
24 51 79
24 51 84
24 51 85
24 51 86
24 51 88
24 51 102
24 51 103
24 51 104
24 51 105
24 51 106
24 51 107
24 51 112
24 51 125
24 51 138
24 51 140
24 51 141
24 51 142
24 51 143
24 51 144
24 51 145
24 51 146
24 51 147
24 51 148
24 51 150
24 51 153
24 51 160
24 51 174
24 51 175
24 51 176
24 51 182
24 51 185
24 51 186
24 51 187
24 51 189
24 51 190
24 51 191
24 51 192
24 51 193
24 51 195
24 51 199
24 51 200
24 51 201
24 51 202
24 51 203
24 51 204
24 51 205
24 51 207
24 51 208
24 51 209
24 51 210
24 51 218
24 51 220
24 51 255
24 2 313
24 15 313
24 15 314
24 15 317
24 15 319
24 15 320
24 15 476
24 15 478
24 15 488
24 153 429
24 153 487
51 98 171
51 88 325
51 88 331
51 88 338
51 88 343
51 88 360
51 2 326
51 2 337
51 2 338
51 2 347
51 2 363
51 2 364
51 2 365
51 2 369
51 54 329
51 54 331
51 54 343
51 54 362
51 171 330
51 163 344
50 23 100
50 23 101
50 23 224
50 23 226
50 23 228
50 23 229
50 23 230
50 23 232
50 23 234
50 23 236
50 23 237
50 23 238
50 23 240
50 23 989
50 23 1005
50 23 1006
50 23 1009
50 23 1010
50 23 1014
50 23 1106
50 71 983
50 71 984
50 71 986
50 71 987
50 71 989
50 57 984
50 57 987
50 57 988
50 57 990
50 57 996
50 57 1092
50 57 1169
50 57 1191
50 57 1194
50 57 1198
50 57 1199
50 68 987
50 68 994
50 146 989
50 146 997
50 146 1001
50 3 990
50 170 1006
50 170 1007
50 86 1006
50 39 1007
50 39 1104
50 52 1007
50 33 1094
50 100 1102
50 100 1103
50 100 1137
50 100 1148
50 100 1168
50 59 1104
50 59 1136
50 113 1105
50 166 1138
50 166 1139
50 162 1148
96 113 298
96 113 302
96 113 308
96 113 319
96 113 401
96 113 403
96 113 406
96 113 429
96 113 432
96 113 433
96 113 439
96 113 441
96 113 442
96 113 445
96 113 450
96 113 451
96 113 452
96 113 457
96 113 458
98 4 178
98 162 974
98 162 976
98 162 989
98 162 994
98 57 1104
98 73 1108
23 144 210
23 142 981
23 142 982
23 142 983
23 142 984
23 142 985
23 142 986
23 142 987
23 142 988
23 142 990
23 142 991
23 142 992
23 142 993
23 142 994
23 142 995
23 142 997
23 142 1001
23 142 1004
23 142 1010
23 142 1011
23 142 1012
23 142 1013
23 142 1014
23 142 1015
23 142 1016
23 142 1022
23 142 1023
23 142 1024
23 142 1025
23 142 1026
23 142 1027
23 142 1028
23 142 1029
23 142 1031
23 142 1041
23 142 1074
23 142 1103
23 142 1108
23 142 1109
23 142 1110
23 142 1112
23 142 1113
23 142 1114
23 142 1115
23 142 1116
23 142 1117
23 142 1118
23 142 1131
23 142 1133
23 142 1134
23 142 1136
23 142 1137
23 142 1138
23 142 1141
23 142 1142
23 142 1143
23 142 1145
23 142 1146
23 142 1148
23 142 1149
23 142 1150
23 142 1156
23 142 1159
23 142 1160
23 142 1163
23 142 1164
23 142 1168
23 142 1172
23 142 1174
23 142 1175
23 142 1176
23 142 1178
23 142 1180
23 142 1182
23 142 1183
23 142 1184
23 142 1185
23 38 986
23 38 1106
23 65 990
23 65 1112
23 65 1128
23 65 1129
23 65 1174
23 147 992
23 18 992
23 100 1007
23 100 1008
23 100 1009
23 69 1010
23 69 1011
23 69 1163
23 3 1015
23 71 1057
23 71 1105
23 71 1130
23 71 1168
23 161 1103
23 32 1105
23 86 1108
23 86 1109
23 86 1110
23 91 1108
23 91 1110
23 91 1114
23 106 1117
23 55 1134
23 152 1156
23 152 1158
23 127 1158
23 117 1158
23 61 1158
23 25 1175
23 104 1179
23 164 1181
74 171 110
74 171 124
74 171 136
74 171 152
74 171 156
74 171 180
74 171 186
74 171 187
74 171 191
74 171 192
74 171 193
74 171 194
74 171 195
74 171 198
74 171 199
74 171 200
74 171 201
74 171 202
74 171 203
74 171 207
74 171 210
74 171 211
74 171 213
74 171 214
74 171 228
74 171 229
74 171 230
74 171 231
74 171 232
74 171 244
74 171 245
74 171 272
74 171 279
74 171 281
74 171 283
74 171 293
74 171 302
74 171 327
74 171 331
74 62 150
74 2 330
74 165 1322
74 105 1365
74 97 1379
171 32 1228
171 11 1228
171 11 1237
171 11 1238
171 11 1239
171 11 1245
171 91 1271
171 91 1285
171 91 1286
171 91 1295
171 91 1297
171 76 1312
47 138 110
47 138 112
47 138 142
47 138 144
47 174 112
47 174 148
47 174 149
47 31 113
47 31 139
47 87 114
47 87 119
47 87 124
47 87 145
47 101 116
47 101 179
47 131 117
47 131 118
47 131 127
47 131 128
47 131 131
47 131 132
47 131 134
47 131 140
47 131 141
47 131 153
47 32 118
47 32 201
47 16 118
47 16 127
47 16 128
47 16 129
47 16 183
47 16 201
47 16 202
47 8 118
47 8 141
47 62 119
47 62 145
47 62 169
47 62 174
47 62 178
47 62 200
47 62 205
47 92 119
47 92 149
47 59 119
47 59 141
47 59 142
47 59 143
47 34 121
47 34 128
47 34 129
47 34 130
47 34 135
47 34 139
47 34 141
47 34 142
47 34 144
47 155 121
47 155 122
47 155 125
47 155 183
47 155 185
47 155 209
47 155 213
47 13 121
47 13 145
47 13 153
47 13 154
47 13 185
47 13 205
47 165 121
47 165 123
47 165 124
47 165 135
47 162 124
47 103 132
47 106 133
47 106 195
47 106 196
47 106 197
47 10 144
47 10 184
47 10 185
47 10 192
47 10 193
47 10 194
47 10 195
47 10 196
47 10 197
47 10 198
47 10 199
47 10 200
47 93 183
47 93 187
47 93 188
47 93 207
47 93 209
47 9 193
47 9 194
47 9 195
47 9 196
47 144 200
47 144 206
47 144 207
138 106 110
138 106 111
138 106 135
138 106 212
138 34 111
138 34 131
138 34 138
138 34 164
138 34 165
138 34 166
138 172 112
138 172 114
138 172 197
138 172 209
138 144 115
138 144 245
138 14 116
138 14 120
138 14 131
138 14 142
138 14 157
138 14 159
138 32 120
138 155 120
138 155 137
138 94 124
138 94 127
138 94 129
138 94 136
138 94 151
138 94 157
138 94 158
138 94 167
138 17 127
138 17 131
138 17 132
138 17 135
138 17 156
138 17 245
138 160 136
138 160 147
138 160 149
138 8 138
138 65 140
138 65 144
138 65 147
138 65 194
138 89 142
138 89 157
138 89 170
138 89 245
138 89 246
138 89 247
138 61 143
138 61 145
138 61 146
138 61 171
138 61 177
138 101 153
138 163 156
138 4 167
138 130 167
138 95 184
138 95 192
138 95 199
138 95 208
138 10 185
138 62 187
138 62 188
138 133 245
138 133 246
138 133 247
138 22 996
138 22 998
138 22 999
138 22 1002
138 22 1003
138 22 1005
138 22 1006
138 22 1007
106 8 111
106 131 111
106 16 112
106 16 128
106 16 180
106 10 114
106 10 140
106 10 143
106 10 162
106 10 165
106 10 166
106 10 167
106 10 188
106 10 189
106 10 194
106 10 196
106 165 115
106 165 117
106 165 157
106 165 190
106 165 191
106 31 122
106 31 124
106 31 125
106 31 139
106 31 145
106 31 153
106 31 154
106 31 157
106 31 184
106 31 186
106 31 200
106 31 201
106 162 124
106 162 125
106 162 184
106 87 124
106 87 125
106 87 147
106 87 169
106 87 191
106 13 129
106 13 143
106 13 144
106 13 163
106 2 135
106 2 136
106 2 137
106 2 141
106 2 158
106 2 165
106 2 212
106 92 135
106 92 136
106 92 146
106 92 149
106 62 152
106 62 153
106 62 154
106 62 155
106 62 156
106 62 163
106 62 182
106 9 162
106 9 163
106 9 164
106 9 170
106 9 174
106 9 176
106 9 179
106 174 166
106 174 192
106 174 208
106 59 171
106 93 187
106 60 187
106 60 192
106 99 211
106 73 1106
106 49 1201
106 159 1214
34 13 112
34 13 113
34 13 114
34 13 116
34 13 118
34 13 121
34 13 122
34 13 134
34 13 172
34 13 177
34 13 178
34 13 205
34 13 209
34 174 112
34 174 114
34 174 115
34 174 125
34 174 177
34 174 183
34 174 184
34 87 112
34 87 158
34 8 117
34 8 137
34 8 140
34 8 141
34 10 118
34 2 119
34 2 121
34 16 119
34 16 131
34 16 132
34 16 134
34 16 189
34 16 190
34 16 191
34 16 198
34 16 199
34 16 210
34 31 122
34 31 140
34 165 128
34 165 130
34 165 131
34 165 132
34 165 135
34 165 168
34 92 129
34 92 130
34 131 135
34 131 137
34 131 138
34 131 139
34 131 141
34 131 142
34 131 144
34 59 135
34 59 143
34 59 144
34 59 158
34 9 158
34 9 189
34 9 202
34 9 204
34 4 167
34 132 186
34 132 187
34 132 195
34 132 196
34 132 199
34 132 211
34 42 211
34 157 213
34 148 315
34 148 316
34 148 317
34 148 319
34 148 320
34 148 321
34 148 333
34 148 334
34 148 336
34 148 337
34 148 338
34 148 339
34 148 340
34 148 341
34 148 344
34 148 345
34 148 346
34 148 347
34 148 349
34 148 350
34 148 355
34 148 357
34 148 358
34 148 359
34 148 361
34 148 363
34 148 364
34 148 377
34 148 381
34 148 395
34 173 317
34 153 368
34 153 369
172 131 111
172 8 111
172 13 112
172 13 113
172 13 115
172 13 145
172 13 177
172 13 186
172 13 187
172 13 192
172 16 119
172 16 134
172 2 125
172 2 157
172 2 158
172 2 162
172 2 163
172 2 164
172 2 165
172 2 183
172 2 190
172 2 197
172 2 198
172 2 199
172 10 125
172 10 130
172 10 147
172 10 148
172 10 149
172 10 156
172 10 158
172 10 162
172 10 166
172 10 169
172 10 181
172 10 185
172 10 186
172 10 189
172 10 191
172 10 210
172 10 211
172 10 212
172 103 134
172 103 141
172 31 135
172 31 153
172 31 154
172 87 144
172 87 145
172 87 159
172 87 161
172 87 167
172 87 190
172 92 149
172 9 171
172 9 177
172 9 198
172 9 199
172 132 186
172 132 187
172 93 196
172 93 198
172 93 201
172 93 202
172 93 212
172 62 201
172 62 205
172 62 206
172 57 993
172 57 1001
172 57 1105
172 86 1001
172 86 1003
172 86 1004
172 86 1005
172 86 1007
172 86 1010
172 86 1011
172 86 1012
172 86 1013
172 86 1015
172 86 1019
172 86 1020
172 86 1021
172 86 1022
172 86 1024
172 86 1029
172 86 1030
172 86 1059
172 86 1098
172 146 1002
172 39 1002
172 49 1009
172 49 1011
172 49 1012
172 49 1014
172 49 1016
172 100 1032
172 162 1032
172 33 1035
172 33 1083
172 33 1085
172 168 1097
172 59 1102
172 59 1105
131 8 111
131 8 112
131 8 113
131 8 137
131 8 138
131 17 112
131 17 113
131 17 114
131 17 115
131 17 151
131 17 160
131 14 116
131 14 155
131 32 118
131 32 119
131 32 139
131 89 118
131 89 160
131 65 118
131 65 140
131 65 144
131 65 145
131 163 127
131 163 130
131 163 131
131 163 132
131 163 135
131 163 153
131 163 319
131 61 146
131 94 151
131 101 153
131 9 157
131 133 341
8 16 112
8 16 113
8 144 115
8 13 118
8 13 128
8 13 129
8 10 118
8 92 132
8 31 140
8 62 140
13 2 113
13 2 120
13 2 158
13 2 207
13 2 208
13 163 121
13 163 123
13 163 124
13 163 132
13 163 150
13 163 159
13 163 172
13 163 174
13 163 177
13 163 178
13 163 212
13 89 121
13 89 124
13 89 125
13 89 142
13 89 143
13 89 146
13 89 151
13 89 239
13 160 123
13 160 190
13 65 124
13 65 140
13 65 147
13 65 148
13 65 149
13 65 160
13 65 166
13 61 135
13 61 142
13 94 137
13 94 142
13 94 166
13 32 149
13 32 190
13 101 156
13 101 159
13 101 212
13 10 156
13 10 186
13 4 166
13 9 189
13 9 195
13 9 196
13 9 199
13 9 200
13 9 201
13 9 202
13 9 212
13 62 190
13 62 191
13 155 191
13 155 210
13 1 209
13 43 211
13 18 1174
174 160 118
174 160 122
174 160 124
174 160 127
174 160 128
174 160 129
174 160 130
174 160 131
174 160 132
174 160 133
174 160 134
174 160 143
174 160 160
174 160 161
174 160 162
174 160 163
174 160 165
174 160 166
174 160 183
174 160 189
174 160 193
174 160 194
174 32 124
174 32 138
174 32 152
174 32 155
174 32 183
174 32 184
174 32 212
174 155 146
174 155 148
174 155 149
174 155 187
174 155 189
174 155 191
174 101 157
174 101 190
174 101 208
174 101 210
174 61 158
174 61 160
174 144 162
174 144 178
174 144 179
174 144 180
174 144 181
174 144 210
174 144 212
174 43 211
87 32 114
87 32 116
87 32 118
87 32 121
87 32 129
87 32 138
87 32 149
87 32 152
87 32 189
87 32 193
87 32 194
87 32 195
87 32 196
87 32 197
87 160 114
87 160 117
87 160 150
87 160 159
87 160 161
87 160 170
87 160 171
87 160 173
87 160 174
87 160 175
87 160 200
87 160 201
87 160 202
87 160 203
87 160 204
87 160 205
87 160 206
87 160 207
87 160 208
87 155 116
87 155 119
87 155 121
87 155 154
87 155 213
87 61 119
87 61 142
87 61 152
87 2 125
87 2 150
87 2 176
87 144 129
87 144 130
87 144 137
87 144 139
87 144 150
87 144 153
87 144 154
87 144 155
87 144 183
87 144 185
87 144 187
87 144 190
87 144 191
87 163 140
87 163 191
87 101 156
87 101 167
87 101 185
87 101 187
87 9 158
87 9 167
87 9 168
87 9 170
87 9 171
87 9 210
87 62 191
87 62 193
87 62 194
87 62 195
87 62 196
87 62 197
87 62 198
87 62 199
87 62 201
87 62 202
87 62 203
87 62 204
87 62 205
87 62 206
87 62 207
87 62 208
87 62 209
87 65 1145
87 65 1147
87 104 1160
16 14 113
16 14 118
16 14 130
16 14 135
16 14 158
16 2 118
16 144 120
16 144 245
16 163 130
16 163 210
16 61 135
16 61 152
16 61 153
16 89 141
16 89 153
16 89 154
16 89 167
16 89 193
16 89 198
16 89 199
16 65 141
16 65 142
16 155 143
16 155 144
16 155 145
16 155 153
16 155 178
16 155 198
16 155 213
16 10 144
16 10 145
16 10 209
16 101 151
16 101 209
16 32 152
16 32 193
16 32 194
16 32 202
16 9 180
16 9 189
16 9 190
16 43 211
16 160 211
16 95 240
16 95 241
16 95 242
16 95 243
16 95 244
16 133 242
16 133 243
16 133 244
16 153 1312
16 153 1315
16 153 1316
16 153 1319
16 153 1321
16 153 1326
16 153 1327
16 153 1328
16 153 1329
16 153 1330
16 41 1321
16 41 1322
16 41 1323
16 41 1324
16 41 1325
16 41 1338
16 41 1339
16 41 1340
16 41 1341
16 41 1342
16 41 1343
16 41 1344
16 41 1345
16 41 1346
16 41 1347
16 41 1348
16 41 1349
16 41 1350
16 41 1351
16 41 1352
16 41 1353
16 41 1354
16 41 1355
16 167 1327
16 167 1329
16 167 1330
16 167 1337
16 167 1339
16 167 1341
16 167 1342
16 167 1345
16 167 1348
16 167 1351
16 167 1352
16 167 1353
16 167 1356
16 167 1366
16 167 1368
16 167 1376
16 167 1380
16 167 1402
16 167 1408
16 167 1413
16 167 1420
16 156 1360
16 156 1361
16 156 1417
17 31 158
17 132 189
17 132 198
17 132 241
17 132 245
17 145 312
17 145 313
17 145 315
17 145 318
17 145 319
17 145 320
17 145 321
17 145 322
17 145 323
17 145 324
17 145 325
17 145 326
17 145 327
17 145 329
17 145 333
17 145 340
17 145 341
17 145 342
17 145 345
17 145 346
17 145 347
17 145 348
17 145 350
17 145 351
17 145 352
17 145 354
17 145 355
17 145 356
17 145 357
17 145 358
17 145 359
17 145 360
17 145 361
17 145 362
17 145 363
17 145 365
17 145 366
17 145 367
17 99 318
17 99 320
17 99 322
17 99 324
17 99 326
17 99 327
17 99 329
17 99 332
17 99 333
17 99 336
17 99 338
17 99 349
17 99 350
17 99 351
17 99 352
17 99 353
17 99 354
17 99 355
17 99 356
17 99 359
17 99 360
17 99 361
17 99 362
17 99 365
17 99 366
17 99 367
17 153 324
17 15 324
17 63 359
17 63 361
17 148 364
17 35 364
17 161 365
31 89 113
31 89 128
31 89 137
31 89 140
31 89 146
31 89 147
31 89 148
31 89 151
31 163 115
31 163 140
31 163 157
31 163 158
31 160 125
31 65 128
31 65 147
31 65 148
31 65 154
31 144 129
31 144 130
31 144 132
31 144 137
31 144 145
31 144 154
31 144 155
31 144 200
31 144 201
31 144 210
31 61 132
31 61 146
31 2 137
31 2 145
31 2 151
31 2 153
31 94 137
31 94 147
31 94 148
31 14 139
31 14 146
31 14 148
31 14 157
31 155 142
31 101 144
31 101 145
31 101 151
31 101 208
31 10 151
31 79 1020
31 79 1021
31 79 1025
31 79 1033
31 79 1044
31 79 1046
31 7 1023
31 7 1153
31 120 1028
31 120 1029
31 120 1034
31 120 1035
31 120 1036
31 120 1044
31 120 1045
31 82 1084
31 12 1128
31 12 1129
2 10 113
2 10 114
2 10 117
2 10 131
2 10 132
2 10 162
2 10 165
2 10 176
2 10 178
2 10 179
2 10 180
2 10 201
2 10 202
2 10 209
2 10 212
2 144 117
2 144 120
2 144 123
2 144 125
2 144 141
2 144 162
2 144 163
2 144 164
2 144 167
2 144 185
2 144 187
2 144 188
2 144 189
2 144 190
2 144 208
2 144 212
2 32 124
2 32 210
2 32 212
2 101 128
2 101 129
2 101 130
2 101 131
2 101 132
2 101 137
2 101 139
2 101 141
2 101 142
2 101 153
2 101 154
2 101 155
2 101 170
2 101 171
2 101 176
2 101 177
2 101 178
2 101 179
2 101 191
2 101 192
2 101 193
2 101 194
2 101 195
2 101 196
2 101 197
2 101 209
2 160 128
2 160 129
2 160 130
2 160 131
2 160 132
2 160 133
2 160 134
2 160 135
2 160 136
2 160 137
2 160 138
2 160 142
2 160 143
2 160 175
2 160 183
2 160 188
2 61 131
2 61 132
2 92 136
2 163 143
2 163 144
2 163 201
2 155 144
2 155 145
2 155 171
2 9 162
2 9 163
2 9 164
2 9 165
2 9 198
2 9 199
2 62 183
2 62 185
2 93 197
2 93 198
2 93 203
2 93 204
2 129 306
2 129 342
2 129 343
2 158 318
2 28 324
2 28 326
2 28 346
2 28 347
2 28 348
2 28 352
2 28 360
2 48 327
2 48 328
2 54 327
2 54 330
2 54 331
2 54 332
2 54 333
2 54 334
2 54 335
2 54 336
2 54 340
2 54 341
2 54 342
2 54 343
2 54 353
2 54 354
2 54 355
2 54 356
2 54 357
2 54 359
2 54 360
2 54 361
2 54 362
2 54 363
2 54 364
2 54 365
2 54 369
2 54 370
2 54 371
2 54 372
2 54 411
2 54 412
2 140 328
2 140 352
2 140 353
2 140 354
2 140 355
2 140 356
2 140 357
2 140 359
2 140 360
2 140 361
2 140 364
2 140 365
2 111 329
2 108 330
2 88 331
2 88 332
2 88 333
2 88 339
2 88 357
2 88 359
2 88 365
2 161 336
2 161 344
2 161 367
2 14 336
2 14 337
2 156 338
2 156 348
2 173 362
2 63 370
2 63 411
10 101 116
10 101 118
10 101 123
10 101 124
10 101 125
10 101 132
10 101 135
10 101 136
10 101 137
10 101 139
10 101 141
10 101 156
10 144 120
10 144 121
10 144 126
10 144 135
10 144 139
10 144 140
10 144 141
10 144 171
10 144 200
10 61 122
10 61 123
10 61 124
10 61 125
10 61 128
10 61 129
10 61 130
10 61 131
10 61 132
10 61 133
10 65 124
10 155 126
10 155 128
10 155 129
10 155 135
10 155 146
10 155 179
10 155 185
10 155 191
10 160 130
10 160 160
10 160 165
10 160 166
10 160 170
10 160 178
10 160 189
10 160 202
10 94 150
10 89 156
10 89 158
10 89 159
10 89 202
10 89 203
10 89 204
10 9 159
10 9 170
10 9 190
10 9 191
10 9 194
10 9 195
10 163 172
10 132 184
10 62 186
10 62 187
10 62 188
10 62 191
10 62 201
10 32 190
10 32 200
10 32 211
10 32 212
89 62 116
89 62 128
89 62 129
89 62 130
89 62 138
89 62 152
89 92 119
89 92 142
89 92 147
89 92 148
89 92 149
89 93 212
89 154 241
89 148 242
89 146 245
89 142 637
89 142 638
14 132 183
14 132 185
14 132 187
14 132 188
14 132 199
14 132 202
14 132 204
14 132 205
14 25 321
14 25 324
14 25 325
14 25 326
14 25 328
14 25 329
14 25 330
14 25 333
14 25 334
14 25 335
14 25 336
14 25 337
14 25 338
14 25 339
14 25 340
14 25 342
14 25 343
14 25 344
14 25 345
14 25 346
14 25 347
14 25 348
14 25 349
14 25 360
14 25 367
14 25 375
14 25 376
14 25 379
14 25 381
14 25 387
14 25 389
14 25 390
14 25 391
14 25 392
14 25 393
14 25 473
14 153 321
14 153 322
14 153 323
14 153 324
14 153 325
14 153 326
14 153 328
14 153 333
14 153 334
14 153 335
14 153 336
14 153 337
14 153 338
14 153 347
14 153 348
14 153 349
14 153 350
14 153 351
14 153 352
14 153 353
14 153 354
14 153 355
14 153 356
14 153 357
14 153 358
14 153 359
14 153 360
14 153 361
14 153 362
14 153 363
14 153 364
14 153 365
14 153 366
14 153 367
14 153 368
14 153 369
14 153 370
14 153 371
14 153 372
14 153 373
14 153 374
14 153 375
14 153 376
14 153 377
14 153 378
14 153 379
14 153 380
14 153 381
14 153 382
14 153 383
14 153 384
14 153 385
14 153 386
14 153 387
14 153 388
14 153 389
14 153 390
14 153 391
14 153 392
14 153 393
14 153 395
14 161 333
14 115 333
14 115 335
14 5 334
14 5 341
14 145 335
14 99 343
14 99 346
14 164 391
14 164 491
14 104 491
32 62 117
32 62 129
32 62 130
32 62 149
32 62 155
32 62 203
32 62 206
32 92 117
32 59 118
32 59 129
32 59 130
32 59 131
32 59 1225
32 165 119
32 165 208
32 103 121
32 103 123
32 103 155
32 4 166
32 128 166
32 132 185
32 93 185
32 99 186
32 60 188
32 60 1101
32 60 1102
32 60 1108
32 60 1122
32 60 1133
32 60 1135
32 60 1165
32 60 1173
32 60 1178
32 60 1181
32 60 1211
32 60 1233
32 60 1258
32 60 1262
32 60 1266
32 60 1276
32 60 1324
32 60 1333
32 60 1335
32 162 190
32 162 1129
32 33 197
32 100 1046
32 100 1047
32 100 1056
32 100 1059
32 100 1060
32 100 1065
32 100 1067
32 100 1073
32 100 1074
32 100 1077
32 100 1078
32 100 1079
32 100 1081
32 100 1082
32 100 1083
32 100 1085
32 100 1086
32 100 1087
32 100 1088
32 100 1089
32 100 1128
32 100 1129
32 100 1132
32 159 1097
32 159 1099
32 159 1101
32 159 1102
32 159 1106
32 159 1108
32 159 1122
32 159 1126
32 159 1135
32 159 1143
32 159 1144
32 159 1175
32 159 1181
32 159 1190
32 159 1199
32 159 1215
32 159 1227
32 159 1228
32 159 1229
32 159 1233
32 159 1244
32 159 1248
32 159 1249
32 159 1250
32 170 1102
32 64 1116
32 88 1334
160 103 122
160 103 123
160 103 135
160 103 136
160 103 143
160 59 147
160 59 148
160 59 150
160 59 152
160 59 160
160 99 168
160 99 178
160 99 186
160 99 193
160 9 171
160 9 173
160 9 184
160 62 173
160 62 174
160 62 175
160 62 176
160 62 178
160 62 183
160 62 184
160 60 189
160 60 190
160 60 201
160 60 204
160 60 205
160 60 206
160 60 207
160 60 208
160 93 191
160 93 195
160 132 201
160 40 1027
160 40 1173
160 40 1189
160 40 1190
160 151 1029
160 151 1030
160 151 1031
160 151 1032
160 151 1033
160 151 1034
160 151 1035
160 151 1036
160 151 1037
160 151 1039
160 151 1041
160 151 1042
160 151 1043
160 151 1044
160 151 1045
160 151 1113
160 151 1131
160 151 1173
160 7 1074
160 84 1089
160 84 1103
160 84 1104
160 84 1109
160 84 1110
160 84 1112
160 120 1177
160 102 1193
160 102 1194
160 102 1195
160 102 1197
160 102 1198
160 102 1199
160 64 1193
160 113 1199
144 99 118
144 99 119
144 99 121
144 99 123
144 99 132
144 99 135
144 99 136
144 99 139
144 99 140
144 99 144
144 99 145
144 99 146
144 99 168
144 99 169
144 99 170
144 99 182
144 99 187
144 99 192
144 99 193
144 99 194
144 99 195
144 99 197
144 99 198
144 99 201
144 99 202
144 99 205
144 99 206
144 33 119
144 33 168
144 59 125
144 59 126
144 59 150
144 59 153
144 59 161
144 62 128
144 62 129
144 62 130
144 62 137
144 62 152
144 62 153
144 62 154
144 62 155
144 62 173
144 62 185
144 157 129
144 157 130
144 157 132
144 157 134
144 157 135
144 157 136
144 157 137
144 157 143
144 157 151
144 157 168
144 157 169
144 157 170
144 157 171
144 157 172
144 157 178
144 157 179
144 157 180
144 157 181
144 162 150
144 162 187
144 162 193
144 103 153
144 103 154
144 103 155
144 103 162
144 103 191
144 165 158
144 165 159
144 165 168
144 165 169
144 165 172
144 165 173
144 165 178
144 165 190
144 165 191
144 9 162
144 93 181
144 93 185
144 93 195
144 93 208
144 132 205
144 132 208
144 132 245
144 28 320
144 156 320
165 155 140
165 155 141
165 155 144
165 155 192
165 155 194
165 155 197
165 155 198
165 155 199
165 101 151
165 101 159
165 101 166
165 62 206
165 15 1193
165 15 1196
165 15 1197
165 15 1198
165 15 1199
165 15 1200
165 15 1201
165 15 1209
165 15 1213
165 15 1214
165 15 1215
165 15 1216
165 15 1217
165 15 1218
165 15 1220
165 15 1221
165 15 1222
165 15 1224
165 15 1226
165 15 1228
165 15 1229
165 15 1232
165 15 1233
165 15 1234
165 15 1238
165 15 1250
165 15 1252
165 15 1254
165 15 1264
165 15 1265
165 15 1266
165 15 1267
165 15 1268
165 15 1269
165 15 1272
165 15 1273
165 15 1274
165 15 1275
165 15 1276
165 15 1277
165 15 1278
165 15 1279
165 15 1280
165 15 1281
165 15 1282
165 15 1284
165 15 1285
165 15 1288
165 15 1301
165 15 1304
165 15 1305
165 15 1306
165 15 1307
165 15 1308
165 15 1309
165 15 1310
165 15 1316
165 15 1322
165 15 1323
165 15 1324
165 15 1325
165 15 1326
165 15 1328
165 15 1331
165 15 1332
165 15 1333
165 15 1338
165 15 1340
165 15 1343
165 15 1346
165 15 1349
165 15 1370
165 15 1371
165 15 1375
165 15 1385
165 15 1386
165 15 1389
165 15 1394
165 15 1398
165 15 1399
165 15 1400
165 15 1401
165 15 1403
165 15 1409
165 15 1410
165 102 1193
165 153 1316
165 41 1322
165 41 1323
165 41 1324
165 41 1363
163 62 115
163 62 122
163 62 123
163 62 124
163 62 125
163 62 126
163 92 127
163 92 128
163 92 129
163 92 130
163 92 131
163 92 132
163 103 158
163 132 183
163 99 185
163 99 212
163 60 192
163 60 193
163 60 194
163 60 195
163 60 196
163 60 197
163 60 198
163 60 199
163 60 200
163 60 201
163 60 203
163 60 204
163 60 208
163 9 210
163 153 338
163 35 343
163 148 361
163 148 362
163 148 363
62 61 116
62 61 117
62 61 121
62 61 126
62 61 147
62 61 148
62 61 149
62 61 150
62 61 151
62 61 152
62 155 118
62 155 128
62 155 129
62 155 137
62 155 138
62 155 141
62 155 173
62 155 174
62 94 121
62 94 126
62 94 144
62 94 160
62 94 163
62 94 164
62 94 166
62 101 173
62 101 176
62 101 205
62 93 187
62 93 199
62 95 200
62 95 201
101 92 121
101 92 124
101 92 125
101 59 121
101 59 123
101 59 124
101 59 125
101 162 128
101 162 129
101 162 130
101 162 140
101 162 169
101 162 175
101 162 176
101 157 135
101 157 144
101 157 150
101 157 169
101 157 170
101 103 139
101 103 142
101 103 206
101 9 166
101 9 173
101 9 174
101 9 175
101 9 176
101 9 177
101 9 179
101 93 195
101 93 212
101 164 419
101 164 431
101 164 435
101 164 439
101 164 440
101 164 471
101 164 474
101 164 479
101 164 481
101 164 483
101 164 485
101 164 486
101 164 487
155 103 120
155 59 153
155 59 155
155 9 159
155 9 161
155 9 179
155 99 167
155 99 168
155 99 178
155 99 324
155 99 338
155 162 173
155 162 189
155 93 183
155 93 203
155 93 206
155 60 191
155 15 314
155 15 315
155 15 320
155 15 460
155 15 478
155 15 485
155 15 488
155 25 315
155 25 317
155 25 319
155 25 320
155 25 321
155 25 323
155 25 325
155 25 326
155 25 327
155 25 328
155 25 330
155 25 331
155 25 332
155 25 333
155 25 334
155 25 335
155 25 336
155 25 337
155 25 338
155 25 339
155 25 340
155 25 349
155 25 351
155 25 390
155 25 391
155 25 392
155 25 393
155 25 394
155 25 395
155 25 435
155 25 454
155 25 478
155 25 484
155 25 486
155 25 488
155 18 317
155 145 324
155 148 368
61 92 118
61 92 119
61 92 121
61 92 124
61 92 126
61 92 158
61 92 167
61 9 161
61 102 1010
61 102 1011
61 102 1020
61 102 1021
61 102 1022
61 102 1031
61 102 1032
61 102 1033
61 102 1034
61 102 1035
61 102 1036
61 102 1100
61 102 1102
61 102 1124
61 102 1127
61 102 1132
61 102 1133
61 102 1137
61 102 1184
61 102 1188
61 102 1191
61 102 1192
61 102 1193
61 102 1194
61 102 1195
61 102 1197
61 102 1198
61 102 1199
61 113 1030
61 113 1032
61 113 1036
61 113 1101
61 113 1124
61 113 1126
61 113 1127
61 113 1142
61 113 1185
61 113 1189
61 113 1192
61 113 1193
61 113 1194
61 113 1195
61 113 1196
61 113 1197
61 113 1199
61 33 1115
61 109 1134
61 146 1170
61 146 1177
61 158 1191
61 158 1192
61 158 1194
61 158 1195
61 158 1196
61 158 1197
61 158 1198
61 158 1199
92 9 164
92 45 665
92 45 671
92 45 672
92 45 675
92 45 677
92 45 707
92 45 709
92 45 713
92 45 714
92 45 717
92 45 721
92 45 752
92 45 753
92 45 755
92 45 756
92 45 757
92 36 665
92 36 668
92 141 673
92 37 757
99 5 339
99 158 342
59 76 999
59 76 1000
59 76 1004
59 76 1005
59 76 1006
59 76 1007
59 76 1311
59 76 1312
59 111 1042
59 69 1121
59 69 1122
59 69 1143
59 161 1126
59 71 1128
59 71 1129
59 71 1143
59 71 1219
59 65 1171
59 173 1185
59 173 1186
59 173 1187
59 173 1188
59 173 1189
59 173 1190
59 173 1191
59 173 1192
59 173 1193
59 173 1194
59 173 1195
59 173 1198
59 173 1199
59 173 1200
59 173 1201
59 173 1205
59 173 1210
59 173 1213
59 173 1214
59 173 1215
59 173 1219
59 173 1222
59 173 1223
59 173 1224
59 173 1227
59 173 1231
59 173 1252
59 173 1268
59 173 1269
59 173 1280
59 173 1290
59 173 1295
59 173 1305
59 173 1306
59 173 1308
59 173 1309
59 173 1314
59 7 1188
59 118 1190
59 91 1295
59 91 1304
59 91 1305
65 128 166
65 128 167
65 57 985
65 57 987
65 57 988
65 57 989
65 57 990
65 57 991
65 57 993
65 57 994
65 57 995
65 57 996
65 57 997
65 57 998
65 57 999
65 57 1000
65 57 1002
65 57 1004
65 57 1005
65 57 1006
65 57 1007
65 57 1008
65 57 1009
65 57 1010
65 57 1017
65 57 1018
65 57 1023
65 57 1024
65 57 1025
65 57 1026
65 57 1027
65 57 1028
65 57 1034
65 57 1035
65 57 1036
65 57 1037
65 57 1074
65 57 1102
65 57 1103
65 57 1104
65 57 1105
65 57 1106
65 57 1108
65 57 1109
65 57 1111
65 57 1112
65 57 1113
65 57 1115
65 57 1116
65 57 1117
65 57 1121
65 57 1124
65 57 1125
65 57 1126
65 57 1127
65 57 1128
65 57 1129
65 57 1130
65 57 1131
65 57 1132
65 57 1134
65 57 1135
65 57 1136
65 57 1137
65 57 1138
65 57 1139
65 57 1140
65 57 1141
65 57 1142
65 57 1144
65 57 1145
65 57 1146
65 57 1147
65 57 1153
65 57 1154
65 57 1155
65 57 1156
65 57 1157
65 57 1158
65 57 1159
65 57 1161
65 57 1162
65 57 1163
65 57 1164
65 57 1166
65 57 1167
65 57 1169
65 57 1170
65 57 1171
65 57 1172
65 57 1173
65 57 1174
65 57 1175
65 57 1176
65 57 1177
65 57 1183
65 57 1186
65 57 1188
65 57 1190
65 57 1192
65 57 1193
65 57 1194
65 57 1197
65 57 1198
65 57 1199
65 57 1202
65 57 1203
65 57 1204
65 57 1205
65 57 1206
65 57 1207
65 57 1209
65 57 1210
65 57 1211
65 57 1212
65 57 1213
65 57 1214
65 57 1215
65 57 1216
65 57 1217
65 57 1218
65 57 1224
65 57 1225
65 57 1226
65 57 1227
65 57 1231
65 57 1233
65 57 1234
65 57 1239
65 57 1241
65 57 1242
65 57 1244
65 57 1249
65 57 1251
65 57 1252
65 57 1254
65 57 1255
65 57 1256
65 57 1257
65 57 1258
65 57 1259
65 57 1260
65 57 1264
65 57 1265
65 57 1272
65 57 1280
65 57 1281
65 57 1282
65 57 1285
65 57 1287
65 57 1288
65 57 1290
65 57 1297
65 57 1298
65 57 1299
65 57 1300
65 57 1303
65 57 1304
65 57 1309
65 57 1310
65 57 1311
65 57 1312
65 57 1313
65 57 1315
65 57 1316
65 57 1318
65 57 1319
65 57 1321
65 57 1322
65 57 1333
65 57 1334
65 57 1335
65 57 1336
65 57 1337
65 57 1338
65 57 1339
65 57 1341
65 57 1342
65 57 1343
65 57 1344
65 57 1345
65 57 1347
65 57 1372
65 49 1019
65 49 1169
65 49 1191
65 49 1239
65 49 1248
65 49 1257
65 49 1258
65 49 1260
65 49 1267
65 159 1043
65 86 1098
65 100 1104
65 100 1188
65 162 1104
65 162 1210
65 170 1105
65 73 1134
65 73 1188
65 79 1145
65 79 1147
65 88 1180
65 168 1190
65 93 1291
65 93 1292
65 93 1293
65 93 1294
65 93 1296
65 42 1292
65 42 1293
65 42 1294
65 42 1295
65 109 1292
65 109 1293
65 76 1320
33 161 1029
33 161 1032
33 161 1033
33 161 1035
33 161 1036
33 161 1037
33 161 1038
33 161 1039
33 161 1040
33 161 1041
33 161 1042
33 161 1043
33 161 1044
33 161 1045
33 161 1046
33 161 1047
33 161 1048
33 161 1051
33 161 1052
33 161 1053
33 161 1054
33 161 1055
33 161 1056
33 161 1057
33 161 1058
33 161 1059
33 161 1060
33 161 1061
33 161 1062
33 161 1063
33 161 1064
33 161 1065
33 161 1066
33 161 1067
33 161 1068
33 161 1069
33 161 1070
33 161 1071
33 161 1072
33 161 1073
33 161 1074
33 161 1075
33 161 1076
33 161 1077
33 161 1078
33 161 1079
33 161 1080
33 161 1081
33 161 1082
33 161 1083
33 161 1084
33 161 1086
33 161 1087
33 161 1088
33 161 1089
33 161 1090
33 161 1093
33 161 1094
33 161 1095
33 161 1096
33 161 1103
33 161 1104
33 161 1105
33 161 1109
33 161 1112
33 161 1123
33 161 1125
33 161 1137
33 161 1141
33 161 1142
33 161 1145
33 161 1147
33 161 1148
33 161 1151
33 161 1160
33 161 1161
33 161 1166
33 161 1171
33 161 1174
33 161 1176
33 161 1177
33 161 1179
33 161 1182
33 161 1186
33 161 1189
33 161 1192
33 161 1193
33 161 1201
33 161 1204
33 161 1206
33 161 1207
33 161 1208
33 161 1210
33 161 1212
33 161 1213
33 161 1214
33 161 1216
33 161 1217
33 161 1218
33 161 1220
33 161 1236
33 161 1241
33 161 1251
33 161 1252
33 161 1260
33 161 1261
33 161 1322
33 161 1333
33 161 1334
33 161 1335
33 84 1035
33 84 1040
33 69 1041
33 69 1042
33 69 1046
33 69 1051
33 69 1056
33 69 1057
33 69 1082
33 69 1084
33 69 1086
33 69 1087
33 69 1089
33 164 1060
33 164 1077
33 164 1082
33 164 1123
33 164 1132
33 142 1105
33 71 1109
33 71 1111
33 71 1112
33 71 1113
33 71 1116
33 71 1117
33 71 1118
33 71 1124
33 71 1126
33 71 1132
33 71 1133
33 71 1139
33 71 1210
33 57 1125
33 57 1226
33 104 1136
33 104 1137
33 104 1246
33 104 1247
33 104 1265
33 104 1268
33 104 1275
33 104 1285
33 104 1287
33 104 1289
33 104 1290
33 104 1296
33 104 1297
33 104 1309
33 3 1154
33 3 1158
33 18 1154
33 118 1160
33 91 1202
33 91 1204
33 91 1205
33 91 1206
33 91 1210
33 91 1211
33 91 1213
33 91 1214
33 91 1217
33 91 1218
33 173 1231
33 173 1239
33 173 1240
33 11 1231
33 11 1237
33 11 1238
33 11 1239
33 11 1240
33 11 1244
33 11 1245
33 11 1246
33 11 1247
33 11 1248
33 11 1250
33 11 1251
33 147 1269
33 86 1321
33 86 1322
103 42 145
103 42 146
103 42 156
103 42 229
103 42 232
94 5 296
94 5 297
94 5 299
94 5 300
94 5 302
94 5 303
94 5 304
94 5 306
94 5 307
94 5 308
94 5 309
94 5 310
94 5 311
94 5 312
94 5 313
94 5 314
94 5 319
94 5 334
94 5 344
94 5 347
94 5 351
94 5 352
94 5 358
94 5 359
94 5 360
94 5 361
94 5 362
94 5 363
94 5 364
94 5 366
94 5 367
94 5 368
94 5 369
94 5 371
94 5 372
94 5 375
94 5 376
94 5 377
94 5 378
94 5 379
94 5 380
94 5 383
94 5 384
94 5 391
94 5 392
94 5 393
94 5 394
94 5 395
94 5 396
94 5 403
94 5 404
94 5 415
94 5 417
94 5 419
94 5 434
94 5 436
94 5 439
94 5 450
94 5 454
94 5 455
94 5 457
94 5 458
94 115 329
94 115 330
94 115 332
94 115 333
94 115 334
94 115 337
94 115 338
94 115 339
94 115 340
94 115 341
94 115 342
94 115 344
94 115 345
94 115 346
94 115 347
94 115 348
94 115 349
94 115 350
94 115 351
94 115 352
94 115 357
94 115 358
94 115 359
94 115 360
94 115 361
94 115 362
94 115 363
94 115 364
94 115 365
94 115 367
94 115 368
94 115 369
94 115 370
94 115 371
94 115 372
94 115 374
94 115 375
94 115 376
94 115 377
94 115 378
94 115 380
162 53 1102
162 71 1110
162 71 1114
162 71 1115
162 71 1116
162 71 1117
162 71 1118
162 71 1124
162 71 1125
162 71 1126
162 71 1129
162 71 1130
162 71 1131
162 71 1227
162 55 1133
162 104 1137
162 69 1146
162 69 1147
162 69 1148
162 57 1156
162 57 1157
162 173 1190
162 91 1223
162 91 1224
162 91 1225
157 64 515
157 64 516
157 64 517
157 64 518
157 64 519
157 64 533
157 64 534
157 64 540
157 64 552
157 64 554
157 64 555
157 64 556
157 64 557
157 64 559
157 64 561
157 64 562
157 64 570
157 64 654
157 64 668
157 64 670
157 64 675
157 64 676
157 64 678
157 64 679
157 64 683
157 64 690
157 64 691
157 64 692
157 64 693
157 64 709
157 64 717
157 64 724
157 64 725
157 64 726
157 64 727
157 64 728
157 68 515
157 68 517
157 68 528
157 68 529
157 68 530
157 68 531
157 68 541
157 68 546
157 68 566
157 68 569
157 68 652
157 68 653
157 68 654
157 68 655
157 68 660
157 68 661
157 68 667
157 68 668
157 68 669
157 68 671
157 68 674
157 68 677
157 68 678
157 68 679
157 68 680
157 68 681
157 68 682
157 68 683
157 68 686
157 68 687
157 68 688
157 68 690
157 68 691
157 68 692
157 68 693
157 68 694
157 68 695
157 68 696
157 68 697
157 68 698
157 68 699
157 68 700
157 68 701
157 68 702
157 68 703
157 68 704
157 68 705
157 68 706
157 68 707
157 68 709
157 68 710
157 68 711
157 68 712
157 68 713
157 68 714
157 68 715
157 68 716
157 68 717
157 68 718
157 68 719
157 68 720
157 68 721
157 68 722
157 68 723
157 68 724
157 68 725
157 68 726
157 68 727
157 68 728
157 68 729
157 68 730
157 68 731
157 68 732
157 68 768
42 147 158
42 147 162
42 15 1198
42 15 1199
42 15 1202
42 15 1203
42 15 1209
42 15 1210
42 15 1214
42 15 1215
42 15 1264
42 15 1266
42 15 1268
42 15 1269
42 15 1272
42 15 1273
42 15 1274
42 15 1275
42 15 1276
42 15 1277
42 15 1278
42 15 1279
42 15 1280
42 15 1281
42 167 1215
42 167 1258
42 167 1259
42 167 1264
42 167 1265
42 167 1272
42 167 1273
42 167 1274
42 167 1275
42 167 1276
42 167 1277
42 167 1278
42 167 1281
42 167 1341
42 167 1344
42 95 1222
42 164 1237
42 71 1261
42 91 1291
42 91 1294
42 76 1292
42 57 1294
42 55 1300
4 128 147
4 128 148
4 128 149
4 128 151
4 128 157
4 128 158
4 128 159
4 128 161
4 128 162
4 128 163
4 128 164
4 128 166
4 128 167
4 128 168
4 128 169
4 128 171
4 128 173
4 128 174
4 128 176
4 128 177
4 128 178
4 128 179
4 128 180
4 128 181
4 128 182
4 128 183
4 128 184
4 128 185
4 128 186
4 128 187
4 128 188
4 128 189
4 128 190
4 128 191
4 128 192
4 128 193
4 128 194
4 128 195
4 128 196
4 128 197
4 128 198
4 128 199
4 130 152
4 130 153
4 130 154
4 130 156
128 109 702
130 118 1009
130 118 1010
130 118 1011
130 118 1012
130 118 1013
130 118 1014
130 118 1018
130 118 1019
130 118 1020
130 118 1021
130 118 1022
130 118 1023
130 118 1024
130 118 1025
130 118 1026
130 118 1027
130 118 1028
130 118 1029
130 118 1030
130 118 1031
130 118 1032
130 118 1033
130 118 1034
130 118 1035
130 118 1036
130 118 1037
130 118 1038
130 118 1039
130 118 1041
130 118 1042
130 118 1043
130 118 1047
130 118 1048
130 118 1049
130 118 1050
130 118 1052
130 118 1053
130 118 1054
130 118 1055
130 118 1060
130 118 1061
130 118 1062
130 118 1072
130 118 1074
130 118 1075
130 118 1076
130 118 1090
130 118 1091
130 118 1092
130 118 1093
130 118 1094
130 118 1095
130 118 1096
130 118 1097
130 118 1098
130 118 1099
130 118 1100
130 118 1101
130 118 1102
130 118 1103
130 118 1104
130 118 1105
130 118 1106
130 118 1107
147 154 154
147 154 155
147 154 158
147 154 160
147 154 161
147 154 163
147 154 164
147 154 166
147 154 167
147 154 171
147 154 172
147 154 173
147 154 174
147 154 175
147 154 179
147 154 180
147 154 182
147 154 185
147 154 186
147 154 187
147 154 192
147 154 193
147 154 194
147 154 197
147 154 199
147 154 207
147 154 208
147 154 209
147 154 210
147 154 211
147 154 212
147 154 215
147 154 216
147 154 217
147 154 218
147 154 219
147 154 220
147 154 221
147 154 222
147 154 223
147 154 224
147 154 225
147 154 226
147 154 227
147 154 228
147 154 229
147 154 230
147 154 231
147 154 232
147 154 233
147 154 234
147 154 236
147 154 240
147 154 241
147 154 242
147 3 978
147 3 982
147 3 983
147 3 984
147 3 985
147 3 988
147 3 989
147 3 991
147 3 994
147 3 995
147 3 997
147 3 998
147 3 1001
147 3 1002
147 3 1003
147 3 1007
147 39 1005
147 39 1011
147 39 1015
147 39 1023
147 39 1027
147 39 1121
147 39 1131
147 39 1132
147 39 1217
147 39 1235
147 39 1245
147 39 1246
147 39 1249
147 39 1250
147 39 1254
147 19 1005
147 52 1032
147 52 1034
147 52 1075
147 52 1083
147 52 1115
147 52 1121
147 52 1127
147 52 1129
147 52 1224
147 49 1103
147 113 1172
154 95 1191
154 95 1192
154 95 1193
154 95 1194
154 95 1195
154 95 1196
154 95 1197
154 95 1198
154 95 1199
154 95 1200
154 95 1201
154 95 1202
154 95 1203
154 95 1204
154 95 1205
154 95 1206
154 95 1207
154 95 1208
154 95 1209
154 95 1210
154 95 1211
154 95 1212
154 95 1213
154 95 1216
154 95 1220
154 95 1221
154 95 1222
154 95 1223
154 95 1224
154 95 1225
154 95 1226
154 95 1227
154 95 1228
154 95 1229
154 95 1230
154 95 1231
154 95 1232
154 95 1233
154 95 1234
154 95 1235
154 95 1237
154 95 1238
154 95 1239
154 95 1240
154 95 1241
154 95 1242
154 95 1243
154 95 1248
154 95 1249
154 95 1250
154 95 1251
154 95 1252
154 95 1253
154 95 1255
154 95 1256
154 95 1258
154 95 1259
154 95 1262
154 95 1263
154 95 1265
154 95 1268
154 95 1271
154 95 1273
154 95 1274
154 95 1275
154 95 1276
154 95 1277
154 95 1278
154 95 1279
154 95 1280
154 95 1283
154 95 1285
154 95 1286
154 95 1287
154 95 1288
154 95 1289
154 95 1290
154 95 1291
154 95 1292
154 95 1294
154 95 1295
154 95 1296
154 95 1297
154 95 1298
154 95 1299
154 95 1300
154 95 1301
154 95 1302
154 95 1303
154 95 1304
154 95 1305
154 95 1306
154 95 1307
154 95 1308
154 95 1309
154 95 1310
154 95 1312
154 95 1314
154 95 1421
154 95 1422
154 95 1424
154 95 1425
154 95 1426
154 118 1196
154 3 1213
154 41 1219
154 41 1222
154 15 1221
9 93 184
9 132 189
9 132 190
9 132 200
9 132 202
9 132 204
9 132 210
43 132 192
43 66 201
43 1 213
43 141 431
93 111 1168
93 71 1220
93 71 1253
93 11 1252
132 95 208
132 95 209
132 95 211
132 95 241
132 95 242
132 95 243
132 95 244
132 7 1023
132 120 1086
132 11 1100
53 66 183
53 66 184
53 66 185
53 66 186
53 66 187
53 66 188
53 66 189
53 66 190
53 66 191
53 66 192
53 66 193
53 66 196
53 66 197
53 66 198
53 66 200
53 66 201
53 66 202
53 66 203
53 66 204
53 66 205
53 66 206
53 66 207
53 66 208
53 66 209
53 66 210
53 66 211
53 66 212
53 66 213
53 66 214
53 66 215
53 66 216
53 66 217
53 66 218
53 66 219
53 66 220
53 66 222
53 66 223
53 66 224
53 66 227
53 39 974
53 39 975
53 39 976
53 39 977
53 39 978
53 39 980
53 39 982
53 39 983
53 39 986
53 39 987
53 39 988
53 39 1006
53 39 1007
53 39 1008
53 39 1009
53 39 1010
53 39 1011
53 39 1012
53 39 1013
53 39 1014
53 39 1015
53 39 1016
53 39 1017
53 39 1018
53 39 1022
53 39 1037
53 39 1108
53 39 1109
53 39 1110
53 39 1111
53 39 1120
53 39 1125
53 39 1126
53 39 1128
53 39 1130
53 39 1134
53 39 1147
53 39 1148
53 39 1170
53 39 1171
53 39 1173
53 39 1182
53 39 1186
53 39 1212
53 39 1257
53 3 979
53 3 985
53 3 988
53 3 989
53 3 990
53 146 979
53 146 986
53 146 987
53 146 988
53 146 989
53 146 1003
53 146 1005
53 146 1007
53 146 1009
53 146 1010
53 146 1011
53 146 1012
53 146 1013
53 146 1014
53 146 1015
53 146 1016
53 146 1017
53 146 1018
53 146 1019
53 146 1020
53 146 1021
53 146 1022
53 146 1023
53 146 1024
53 146 1025
53 146 1026
53 146 1027
53 146 1028
53 146 1029
53 146 1030
53 146 1031
53 146 1033
53 146 1035
53 146 1036
53 146 1037
53 146 1076
53 146 1102
53 146 1104
53 146 1106
53 146 1108
53 146 1111
53 146 1113
53 146 1116
53 146 1117
53 146 1120
53 146 1128
53 146 1130
53 146 1133
53 146 1134
53 146 1139
53 146 1140
53 146 1141
53 146 1142
53 146 1171
53 146 1172
53 146 1180
53 146 1225
53 146 1269
53 146 1272
53 146 1273
53 146 1274
53 146 1275
53 146 1276
53 146 1281
53 146 1282
53 146 1283
53 146 1284
53 19 980
53 19 989
53 19 990
53 19 1008
53 49 989
53 170 1103
53 151 1174
53 152 1215
53 152 1216
66 67 323
66 67 330
66 67 331
66 67 333
66 67 334
66 67 335
66 67 336
66 67 337
66 67 339
66 67 340
66 67 341
66 67 342
66 67 343
66 67 344
66 67 346
66 67 348
66 67 349
66 67 350
66 67 351
66 67 352
66 67 353
66 67 355
66 67 356
66 67 358
66 67 359
66 67 360
66 67 361
66 67 364
66 67 365
66 67 366
66 67 368
66 67 411
66 133 348
66 133 350
66 133 351
66 133 352
66 133 353
66 133 354
66 133 355
66 133 356
66 133 358
66 133 359
66 133 363
66 133 364
66 133 365
66 133 370
95 152 1215
95 152 1219
60 161 1029
60 161 1109
60 161 1110
60 161 1113
60 161 1122
60 161 1131
60 161 1138
60 161 1143
60 161 1166
60 161 1190
60 161 1211
60 161 1231
60 161 1235
60 161 1250
60 161 1251
60 161 1322
60 161 1324
60 161 1329
60 161 1332
60 161 1333
60 161 1335
60 71 1109
60 71 1120
60 71 1130
60 71 1132
60 104 1136
60 104 1272
60 104 1277
60 104 1278
60 104 1280
60 104 1281
60 104 1282
60 104 1283
60 104 1285
60 104 1320
60 91 1205
60 91 1206
60 91 1211
60 11 1224
60 11 1225
60 11 1231
60 173 1228
60 15 1235
148 175 315
148 175 316
148 175 319
148 175 320
148 175 322
148 175 323
148 175 332
148 175 333
148 175 336
148 175 337
148 175 338
148 175 339
148 175 341
148 175 343
148 175 345
148 175 346
148 175 348
148 175 350
148 175 354
148 175 355
148 175 356
148 175 357
148 175 358
148 175 359
148 175 362
148 175 364
148 175 366
148 175 367
148 175 368
148 175 369
148 175 370
148 175 371
148 175 372
148 175 373
148 175 377
148 175 379
148 175 380
148 48 346
148 67 353
133 69 337
133 69 348
133 69 349
133 69 350
133 69 351
133 69 352
133 69 353
133 69 354
133 69 355
133 69 358
133 69 359
133 69 361
133 69 362
133 69 364
133 69 365
133 69 366
133 69 367
133 69 368
133 28 338
133 127 338
133 127 340
133 127 343
133 127 345
133 127 346
133 127 366
133 127 367
133 156 339
133 156 340
133 156 341
133 156 344
133 156 346
133 156 347
133 156 361
133 156 362
133 156 364
133 156 367
133 156 368
133 173 341
133 48 343
133 48 345
133 48 346
133 48 347
133 48 348
133 48 349
133 48 350
133 48 351
133 48 352
133 48 354
133 48 355
133 48 357
133 48 362
133 48 364
133 48 365
133 48 366
133 35 360
133 18 360
146 18 978
146 18 979
146 18 980
146 18 990
146 18 991
146 18 992
146 18 995
146 18 999
146 18 1009
146 18 1010
146 18 1011
146 18 1012
146 18 1015
146 18 1021
146 18 1022
146 18 1023
146 18 1024
146 18 1029
146 18 1032
146 18 1033
146 18 1056
146 18 1064
146 18 1066
146 18 1075
146 18 1076
146 18 1083
146 18 1102
146 18 1106
146 18 1108
146 18 1109
146 18 1110
146 18 1113
146 18 1114
146 18 1116
146 18 1120
146 18 1121
146 18 1126
146 18 1131
146 18 1142
146 18 1148
146 18 1149
146 18 1169
146 18 1174
146 18 1178
146 18 1189
146 18 1191
146 18 1192
146 18 1225
146 18 1226
146 18 1227
146 18 1232
146 18 1234
146 18 1236
146 18 1260
146 18 1261
146 18 1262
146 18 1263
146 18 1282
146 18 1283
146 18 1284
146 18 1285
146 38 987
146 38 988
146 38 989
146 38 991
146 38 992
146 38 993
146 38 1001
146 38 1003
146 38 1007
146 38 1009
146 38 1010
146 38 1012
146 38 1014
146 38 1017
146 38 1026
146 38 1113
146 38 1117
146 38 1120
146 38 1122
146 38 1130
146 38 1215
146 38 1216
146 38 1232
146 38 1234
146 38 1247
146 38 1252
146 22 1002
146 22 1005
146 3 1009
146 3 1011
146 3 1012
146 3 1013
146 3 1014
146 3 1016
146 3 1017
146 3 1018
146 3 1021
146 3 1023
146 3 1024
146 3 1025
146 3 1026
146 3 1028
146 3 1029
146 3 1030
146 3 1031
146 3 1032
146 3 1033
146 3 1037
146 3 1104
146 3 1110
146 3 1112
146 3 1113
146 3 1115
146 3 1116
146 3 1117
146 3 1119
146 3 1120
146 3 1121
146 3 1133
146 3 1134
146 3 1159
146 3 1170
146 3 1171
146 3 1179
146 3 1180
146 3 1183
146 3 1200
146 3 1202
146 3 1203
146 3 1208
146 3 1209
146 3 1210
146 3 1211
146 3 1212
146 3 1213
146 3 1214
146 3 1215
146 3 1217
146 3 1218
146 3 1219
146 3 1220
146 3 1222
146 3 1223
146 3 1224
146 3 1225
146 3 1226
146 3 1227
146 3 1229
146 3 1230
146 3 1231
146 3 1232
146 3 1233
146 3 1242
146 3 1246
146 3 1248
146 3 1251
146 3 1252
146 3 1254
146 3 1269
146 3 1273
146 3 1274
146 3 1277
146 3 1281
146 3 1282
146 3 1284
146 161 1095
146 111 1173
146 111 1174
146 71 1234
146 71 1236
146 76 1235
146 76 1236
146 76 1237
146 91 1236
146 91 1237
146 91 1238
169 108 1401
169 108 1402
169 108 1403
169 108 1404
169 108 1405
169 108 1408
169 108 1409
169 108 1410
169 108 1411
169 108 1412
169 108 1413
169 108 1415
169 108 1416
169 108 1417
169 108 1418
169 108 1419
169 108 1420
169 108 1423
169 108 1425
169 108 1427
169 108 1428
169 108 1431
169 108 1432
169 108 1433
169 108 1435
5 113 298
5 113 299
5 113 300
5 113 301
5 113 303
5 113 304
5 113 317
5 113 320
5 113 410
5 113 445
5 113 446
5 113 449
5 113 450
5 113 457
5 113 458
5 113 459
5 115 352
5 115 364
5 115 381
5 115 382
5 115 384
5 115 388
5 115 389
5 104 399
113 153 325
113 153 339
113 153 340
113 25 333
113 25 334
113 25 335
113 100 1032
113 100 1172
113 100 1185
113 100 1190
113 100 1194
113 100 1195
113 100 1196
113 100 1199
113 57 1039
113 57 1040
113 57 1041
113 57 1043
113 57 1101
113 91 1144
113 91 1145
113 7 1172
113 118 1172
113 118 1183
113 127 1192
113 127 1193
113 127 1194
113 127 1195
113 127 1196
113 127 1197
113 127 1199
129 161 307
129 161 311
129 161 314
129 161 316
129 161 320
129 161 321
129 161 322
129 161 323
129 161 324
129 161 325
129 161 326
129 161 327
129 161 328
129 161 329
129 161 331
129 161 335
129 161 336
129 161 337
129 161 338
129 161 339
129 161 341
129 161 342
129 161 346
129 161 353
129 161 354
129 161 355
129 161 356
129 161 358
129 161 360
129 161 369
129 54 342
129 54 343
129 90 342
129 90 343
129 90 366
129 18 359
129 63 361
129 140 367
129 7 1044
129 7 1049
129 7 1061
129 7 1062
129 7 1063
129 7 1078
129 7 1150
129 19 1059
129 111 1198
161 175 343
161 166 362
161 88 365
161 88 1334
161 170 1038
161 170 1097
161 100 1059
161 100 1121
161 100 1130
161 86 1059
161 39 1102
161 73 1108
161 73 1138
161 102 1185
161 12 1311
161 12 1318
161 12 1319
161 12 1320
161 12 1321
161 152 1326
145 97 312
145 97 313
145 97 314
145 97 315
145 97 316
145 97 319
145 97 320
145 97 321
145 97 324
145 97 326
145 97 329
145 97 333
145 97 348
145 97 350
145 97 351
145 97 352
145 97 353
145 97 354
145 97 355
145 97 359
145 97 360
145 97 364
145 97 365
145 97 366
145 97 367
145 158 334
145 67 334
145 149 364
145 44 432
97 15 313
97 15 314
97 15 315
97 18 313
97 18 319
97 25 339
97 25 343
97 153 339
97 153 340
97 156 1311
97 156 1313
97 156 1315
97 156 1316
97 156 1318
97 156 1319
97 156 1320
97 156 1321
97 156 1322
97 156 1324
97 156 1325
97 156 1326
97 156 1327
97 156 1328
97 156 1329
97 156 1331
97 156 1332
97 156 1333
97 156 1334
97 156 1335
97 156 1336
97 156 1337
97 156 1338
97 156 1339
97 156 1340
97 156 1342
97 156 1343
97 156 1344
97 156 1345
97 156 1346
97 156 1347
97 156 1352
97 156 1353
97 156 1354
97 156 1355
97 156 1356
97 156 1360
97 156 1362
97 156 1363
97 156 1364
97 156 1365
97 156 1366
97 156 1367
97 156 1368
97 156 1369
97 156 1370
97 156 1371
97 156 1372
97 156 1373
97 156 1375
97 156 1376
97 156 1377
97 156 1382
97 156 1398
97 156 1399
97 156 1401
97 156 1413
97 156 1416
97 156 1417
97 156 1418
97 156 1420
15 105 1193
15 105 1229
15 105 1230
15 105 1265
15 105 1272
15 105 1273
15 105 1274
15 105 1275
15 105 1351
15 105 1353
15 76 1198
15 76 1211
15 76 1212
15 76 1214
15 76 1215
15 76 1218
15 76 1223
15 76 1224
15 76 1233
15 76 1234
15 76 1240
15 76 1267
15 76 1268
15 76 1269
15 76 1270
15 76 1272
15 76 1273
15 76 1274
15 76 1275
15 76 1276
15 76 1280
15 76 1282
15 76 1285
15 76 1301
15 76 1302
15 76 1303
15 76 1304
15 76 1305
15 76 1306
15 76 1307
15 76 1308
15 76 1309
15 76 1310
15 76 1312
15 76 1316
15 76 1317
15 76 1321
15 76 1331
15 76 1332
15 76 1333
15 76 1339
15 76 1342
15 76 1345
15 76 1346
15 76 1348
15 76 1349
15 76 1350
15 76 1372
15 76 1413
15 152 1212
15 152 1213
15 152 1248
15 152 1249
15 152 1305
15 152 1306
15 152 1308
15 152 1309
15 152 1310
15 152 1311
15 152 1313
15 152 1314
15 152 1317
15 152 1318
15 152 1322
15 152 1325
15 152 1331
15 159 1233
15 57 1318
15 68 1319
18 3 978
18 3 983
18 3 984
18 3 987
18 3 988
18 3 994
18 3 998
18 3 1000
18 3 1009
18 3 1011
18 3 1013
18 3 1014
18 3 1102
18 3 1107
18 3 1111
18 3 1113
18 3 1114
18 3 1116
18 3 1119
18 3 1121
18 3 1148
18 3 1149
18 3 1160
18 3 1171
18 3 1176
18 3 1177
18 3 1178
18 3 1185
18 3 1190
18 3 1200
18 3 1212
18 3 1220
18 3 1225
18 3 1230
18 3 1233
18 3 1269
18 3 1283
18 3 1284
18 39 985
18 39 987
18 39 1009
18 39 1010
18 39 1107
18 39 1108
18 39 1117
18 39 1120
18 39 1121
18 39 1171
18 39 1175
18 39 1177
18 39 1229
18 39 1250
18 52 1010
18 52 1028
18 52 1033
18 52 1104
18 52 1108
18 52 1114
18 52 1115
18 52 1116
18 52 1119
18 52 1120
18 52 1130
18 52 1142
18 52 1146
18 52 1147
18 52 1154
18 52 1155
18 52 1168
18 52 1183
18 52 1269
18 52 1270
18 52 1283
18 52 1284
18 52 1285
18 49 1167
175 35 315
175 35 318
175 35 319
175 35 320
175 35 323
175 35 324
175 35 334
175 35 336
175 35 337
175 35 338
175 35 339
175 35 340
175 35 343
175 35 344
175 35 345
175 35 346
175 35 347
175 35 350
175 35 352
175 35 354
175 35 355
175 35 356
175 35 357
175 35 359
175 35 363
175 35 366
175 35 367
175 35 371
175 35 377
175 35 378
175 35 380
175 35 382
175 54 362
175 54 363
35 63 331
35 158 346
35 67 353
35 149 481
35 149 482
35 149 485
35 149 486
35 149 490
35 149 491
35 149 492
35 149 493
35 149 494
35 149 495
35 149 496
35 149 497
35 149 498
35 149 499
35 149 512
35 149 515
35 149 517
35 149 519
35 149 524
35 149 526
35 149 533
35 149 536
35 149 540
35 149 541
35 149 542
35 149 543
35 149 544
35 149 546
35 149 548
35 149 550
35 149 552
35 149 554
35 149 556
35 149 557
35 149 559
35 149 561
35 149 562
35 149 563
35 149 565
35 21 517
25 63 353
173 149 317
173 88 334
173 166 1222
173 109 1294
158 48 319
158 48 320
158 28 320
158 28 328
158 28 336
158 140 325
158 140 349
158 127 1032
158 127 1034
158 127 1189
158 127 1190
158 127 1191
158 127 1192
158 127 1193
158 127 1194
158 127 1195
158 127 1196
158 127 1197
158 127 1198
158 127 1199
158 7 1047
158 7 1049
158 7 1189
158 7 1190
158 120 1052
158 82 1105
158 82 1106
158 82 1108
158 82 1113
158 100 1191
158 100 1192
158 100 1196
48 156 321
48 156 322
48 156 329
48 156 332
48 156 335
48 156 336
48 156 338
48 156 342
48 156 347
48 156 367
48 156 368
48 156 369
48 156 370
48 156 371
48 28 322
48 28 324
48 28 325
48 28 326
48 28 331
48 28 336
48 28 337
48 140 323
48 140 328
48 67 328
48 67 329
48 67 331
48 67 334
48 67 350
48 67 351
48 67 354
48 67 355
48 67 356
48 108 328
48 63 334
48 63 350
48 63 351
48 63 357
48 63 358
48 63 359
48 63 360
48 63 361
48 63 362
48 63 363
28 108 322
28 108 324
28 108 326
28 108 334
28 108 338
28 108 342
28 108 344
28 108 370
28 54 328
28 54 363
28 54 371
28 63 332
28 63 333
28 63 339
28 63 340
28 63 341
28 63 342
28 63 343
28 67 333
28 67 339
28 52 350
28 52 352
28 52 353
28 52 354
28 52 358
28 52 359
28 52 371
28 52 372
28 52 374
28 52 398
28 88 360
28 164 460
28 164 483
28 164 485
28 164 486
28 164 487
28 164 491
28 104 483
28 104 484
28 104 485
28 104 486
28 104 487
28 104 488
28 104 491
156 88 327
156 88 328
156 88 351
156 88 368
156 88 369
156 67 329
156 67 334
156 67 362
156 67 364
156 67 365
156 67 367
156 67 368
156 63 331
156 63 332
156 63 364
156 63 365
156 108 334
156 52 352
156 152 1215
156 152 1218
156 152 1219
156 57 1323
140 108 321
140 108 322
140 108 323
140 108 341
140 108 343
140 108 344
140 108 345
140 108 349
140 63 323
140 63 340
140 67 325
140 67 329
140 67 336
140 67 338
140 67 339
140 67 342
140 67 344
140 88 337
140 88 358
140 54 347
140 54 349
140 54 351
140 54 354
140 54 355
140 54 360
140 54 361
140 54 364
140 52 363
140 52 364
140 52 365
140 134 598
108 54 330
153 76 1218
153 76 1306
153 76 1308
153 76 1310
153 76 1313
153 76 1322
153 57 1318
153 57 1319
153 57 1331
153 68 1319
153 68 1320
153 12 1323
153 12 1324
63 111 337
63 90 337
63 90 369
63 54 346
63 54 411
111 54 323
111 54 372
111 67 328
111 67 337
111 67 344
111 52 362
111 52 372
111 40 1027
111 64 1029
111 64 1102
111 64 1103
111 64 1184
111 64 1198
111 102 1030
111 102 1031
111 102 1034
111 102 1035
111 102 1036
111 102 1037
111 102 1102
111 102 1103
111 102 1128
111 102 1171
111 102 1184
111 102 1193
111 102 1197
111 102 1198
111 100 1042
111 73 1103
111 39 1173
54 67 323
54 67 346
54 88 331
54 88 333
54 88 338
54 88 342
54 88 343
54 88 363
67 90 327
67 90 328
67 90 347
67 90 348
67 68 513
67 68 514
67 68 523
67 68 530
67 68 531
67 68 532
67 68 653
67 68 655
67 68 656
67 68 657
67 68 658
67 68 660
67 68 661
67 68 665
67 68 667
67 68 669
67 68 677
67 68 680
67 68 681
67 68 682
67 68 684
67 68 686
67 68 687
67 68 688
67 68 691
67 68 692
67 68 697
67 68 710
67 68 711
67 68 712
67 68 742
67 68 744
67 68 747
67 68 760
67 68 771
67 68 772
67 159 514
67 159 528
67 159 532
67 159 535
67 159 537
67 159 545
67 159 551
67 159 558
67 159 560
67 159 581
67 159 586
67 159 588
67 159 592
67 159 593
67 159 594
67 159 614
67 159 625
67 159 626
67 159 649
67 159 653
67 159 655
67 159 661
67 159 667
67 159 669
67 159 671
67 159 672
67 159 673
67 159 674
67 159 677
67 159 680
67 159 681
67 159 682
67 159 684
67 159 685
67 159 686
67 159 687
67 159 688
67 159 689
67 159 694
67 159 695
67 159 696
67 159 697
67 159 698
67 159 699
67 159 700
67 159 702
67 159 703
67 159 704
67 159 705
67 159 706
67 159 707
67 159 708
67 159 710
67 159 711
67 159 712
67 159 713
67 159 714
67 159 716
67 159 722
67 159 723
67 159 766
67 159 767
67 159 768
67 159 769
67 159 770
67 159 771
67 37 786
88 69 1109
88 142 1119
88 142 1121
88 142 1122
88 142 1124
88 71 1210
88 11 1257
88 11 1268
88 11 1277
88 11 1280
88 11 1289
88 11 1290
88 11 1306
88 11 1307
88 11 1308
88 11 1309
88 11 1310
88 11 1313
88 11 1314
88 11 1316
88 11 1317
90 55 678
69 57 984
69 57 985
69 57 988
69 57 989
69 57 1075
69 57 1081
69 57 1083
69 57 1086
69 57 1099
69 57 1100
69 57 1103
69 57 1145
69 57 1191
69 57 1192
69 57 1193
69 57 1194
69 57 1197
69 57 1198
69 57 1199
69 57 1200
69 57 1201
69 57 1202
69 57 1203
69 57 1205
69 57 1207
69 57 1208
69 57 1209
69 57 1210
69 57 1211
69 57 1212
69 57 1213
69 57 1215
69 57 1216
69 57 1217
69 57 1219
69 57 1220
69 57 1221
69 57 1222
69 57 1223
69 57 1224
69 57 1225
69 57 1226
69 57 1227
69 57 1228
69 57 1229
69 57 1230
69 57 1231
69 57 1232
69 57 1233
69 57 1234
69 57 1235
69 57 1236
69 57 1237
69 57 1238
69 57 1239
69 57 1240
69 57 1241
69 57 1242
69 57 1243
69 57 1244
69 57 1245
69 57 1246
69 57 1247
69 57 1248
69 57 1249
69 57 1250
69 57 1251
69 57 1252
69 57 1253
69 57 1254
69 57 1255
69 57 1265
69 57 1266
69 68 987
69 68 1022
69 68 1040
69 68 1103
69 68 1203
69 68 1226
69 68 1227
69 68 1241
69 68 1255
69 49 988
69 49 1008
69 49 1009
69 49 1010
69 49 1011
69 49 1012
69 49 1013
69 49 1014
69 49 1015
69 49 1016
69 49 1017
69 49 1018
69 49 1020
69 49 1021
69 49 1022
69 49 1023
69 49 1024
69 49 1027
69 49 1028
69 49 1029
69 49 1030
69 49 1031
69 49 1034
69 49 1035
69 49 1036
69 49 1037
69 49 1074
69 49 1075
69 49 1076
69 49 1083
69 49 1084
69 49 1098
69 49 1101
69 49 1104
69 49 1111
69 49 1113
69 49 1117
69 49 1118
69 49 1120
69 49 1121
69 49 1123
69 49 1124
69 49 1127
69 49 1128
69 49 1129
69 49 1130
69 49 1133
69 49 1138
69 49 1139
69 49 1144
69 49 1145
69 49 1148
69 49 1149
69 49 1150
69 49 1153
69 49 1155
69 49 1158
69 49 1159
69 49 1172
69 49 1173
69 49 1174
69 49 1176
69 49 1177
69 49 1178
69 49 1179
69 49 1180
69 49 1181
69 49 1182
69 49 1192
69 49 1193
69 49 1198
69 49 1199
69 49 1200
69 49 1201
69 49 1202
69 49 1203
69 49 1204
69 49 1205
69 49 1206
69 49 1207
69 49 1209
69 49 1210
69 49 1211
69 49 1217
69 49 1218
69 49 1219
69 49 1220
69 49 1224
69 49 1226
69 49 1227
69 49 1229
69 49 1230
69 49 1231
69 49 1232
69 49 1233
69 49 1234
69 49 1235
69 49 1236
69 49 1237
69 49 1238
69 49 1239
69 49 1240
69 49 1241
69 49 1242
69 49 1243
69 49 1244
69 49 1245
69 49 1246
69 49 1249
69 49 1251
69 49 1254
69 49 1255
69 49 1264
69 49 1265
69 49 1267
69 49 1272
69 49 1273
69 49 1274
69 170 1009
69 100 1011
69 100 1134
69 3 1012
69 3 1107
69 86 1014
69 73 1138
69 73 1139
69 73 1141
127 40 1024
127 40 1026
127 40 1034
127 40 1152
127 40 1153
127 40 1154
127 40 1155
127 40 1181
127 40 1184
127 40 1185
127 40 1189
127 40 1190
127 151 1030
127 151 1031
127 151 1044
127 151 1045
127 151 1048
127 151 1049
127 151 1051
127 151 1052
127 151 1053
127 151 1058
127 151 1059
127 151 1060
127 151 1063
127 151 1064
127 151 1065
127 151 1066
127 151 1067
127 151 1151
127 151 1152
127 151 1153
127 151 1156
127 151 1157
127 151 1158
127 151 1160
127 7 1041
127 7 1052
127 7 1079
127 7 1153
127 7 1155
127 7 1156
127 7 1172
127 7 1173
127 7 1176
127 7 1181
127 7 1189
127 120 1050
127 120 1053
127 120 1159
127 120 1160
127 20 1057
127 81 1134
127 81 1139
127 81 1150
127 81 1152
127 81 1165
127 81 1169
127 81 1170
127 81 1171
127 81 1172
127 84 1159
127 84 1160
127 84 1177
127 84 1178
127 84 1179
127 84 1182
127 84 1183
127 84 1184
127 84 1185
127 168 1178
127 102 1191
127 102 1192
127 102 1193
127 102 1194
127 102 1195
127 102 1196
127 102 1197
127 102 1198
127 102 1199
127 64 1191
127 64 1192
127 64 1193
127 64 1194
127 64 1195
127 64 1196
127 64 1197
127 64 1198
127 64 1199
127 64 1200
127 64 1201
127 64 1202
52 3 1009
52 3 1010
52 3 1011
52 3 1012
52 3 1013
52 3 1014
52 3 1016
52 3 1018
52 3 1019
52 3 1023
52 3 1024
52 3 1026
52 3 1036
52 3 1037
52 3 1057
52 3 1075
52 3 1077
52 3 1078
52 3 1079
52 3 1081
52 3 1104
52 3 1111
52 3 1112
52 3 1113
52 3 1115
52 3 1116
52 3 1117
52 3 1119
52 3 1124
52 3 1125
52 3 1128
52 3 1133
52 3 1134
52 3 1159
52 3 1166
52 3 1167
52 3 1179
52 3 1180
52 3 1183
52 3 1188
52 3 1191
52 3 1224
52 3 1225
52 3 1269
52 3 1272
52 3 1273
52 3 1274
52 3 1275
52 3 1276
52 3 1281
52 3 1283
52 3 1284
52 12 1174
166 104 392
166 104 399
166 104 405
166 104 406
166 104 444
166 104 446
166 104 447
166 104 448
166 104 459
166 104 463
166 104 464
166 104 465
166 104 466
166 104 467
166 104 468
166 104 469
166 104 470
166 104 472
166 104 473
166 104 475
166 104 476
166 104 477
166 104 478
166 104 480
166 104 482
166 104 484
166 104 488
166 104 1092
166 104 1095
166 104 1096
166 104 1097
166 104 1112
166 104 1119
166 104 1131
166 104 1132
166 104 1135
166 104 1138
166 104 1139
166 104 1147
166 104 1149
166 104 1152
166 104 1153
166 104 1160
166 104 1161
166 104 1163
166 104 1166
166 104 1167
166 104 1169
166 104 1170
166 104 1204
166 104 1205
166 104 1206
166 104 1207
166 104 1208
166 104 1210
166 104 1212
166 104 1213
166 104 1214
166 104 1241
166 104 1274
166 104 1275
166 104 1289
166 104 1291
166 104 1295
166 104 1296
166 104 1298
166 104 1300
166 104 1302
166 104 1305
166 104 1307
166 104 1308
166 104 1309
166 3 1262
164 100 984
164 100 1000
164 100 1004
164 100 1005
164 100 1009
164 100 1011
164 100 1017
164 100 1019
164 100 1021
164 100 1022
164 100 1029
164 100 1030
164 100 1031
164 100 1103
164 100 1107
164 100 1108
164 100 1114
164 100 1116
164 100 1119
164 100 1122
164 100 1125
164 100 1126
164 100 1129
164 100 1131
164 100 1132
164 100 1138
164 100 1139
164 100 1140
164 100 1143
164 100 1144
164 100 1145
164 100 1147
164 100 1148
164 100 1149
164 100 1150
164 100 1152
164 100 1155
164 100 1157
164 100 1158
164 100 1159
164 100 1160
164 100 1161
164 100 1162
164 100 1163
164 100 1179
164 100 1230
164 100 1233
164 100 1234
164 100 1235
164 100 1236
164 100 1237
164 100 1238
164 170 1000
164 170 1002
164 170 1004
164 86 1002
164 86 1004
164 159 1129
164 159 1133
164 159 1134
164 159 1197
164 159 1199
164 159 1200
164 49 1137
164 82 1181
164 82 1182
164 82 1183
164 82 1184
164 82 1185
164 82 1186
164 82 1187
164 82 1188
164 82 1189
164 82 1190
164 82 1191
164 82 1192
164 82 1193
164 82 1194
164 82 1195
164 82 1196
104 64 1120
104 159 1136
104 49 1139
104 49 1145
104 57 1164
104 109 1197
141 22 662
141 22 663
141 22 665
141 22 666
141 22 667
141 22 669
141 22 670
141 22 671
141 22 675
141 22 676
141 22 677
141 22 678
141 22 680
141 22 681
141 22 683
141 22 684
141 22 688
141 22 691
141 22 692
141 22 693
141 22 694
141 22 695
141 22 696
141 22 699
141 22 701
141 22 702
141 22 703
141 22 704
141 22 705
141 22 706
141 22 707
141 22 708
141 22 709
141 22 710
141 22 711
141 22 712
141 22 713
141 22 714
141 22 715
141 22 716
141 22 717
141 22 718
141 22 719
141 22 722
141 22 724
141 22 728
141 22 729
141 22 731
141 22 732
141 22 734
141 22 735
141 22 737
141 22 739
141 22 740
141 22 741
141 22 742
141 22 743
141 22 744
141 22 745
141 22 746
141 22 747
141 22 748
44 142 633
44 142 634
44 142 635
44 142 636
21 150 518
21 176 567
21 117 622
21 117 624
21 117 625
21 117 626
21 117 627
21 117 635
21 117 636
21 55 678
20 36 518
36 150 513
36 150 518
36 150 522
36 150 525
36 150 527
36 150 528
36 150 529
36 150 530
36 150 531
36 150 532
36 150 534
36 150 535
36 150 537
36 150 538
36 150 539
36 150 545
36 150 547
36 150 549
36 150 551
36 150 553
36 150 555
36 150 558
36 150 560
36 150 564
36 150 737
150 135 709
150 135 717
150 135 718
150 135 719
150 135 720
150 135 729
150 135 736
150 135 737
150 135 739
150 135 740
159 71 1109
159 71 1115
159 71 1124
159 71 1128
159 118 1185
159 91 1205
159 91 1207
159 91 1208
159 91 1209
159 91 1210
159 91 1211
159 91 1215
159 91 1216
159 91 1218
159 11 1240
159 11 1241
159 11 1251
159 11 1252
159 11 1257
159 11 1258
159 11 1259
159 11 1260
159 11 1261
159 11 1262
159 11 1265
159 11 1267
159 11 1269
159 11 1270
159 11 1271
159 11 1272
159 11 1273
159 11 1274
159 11 1275
159 11 1276
159 11 1277
159 11 1278
159 11 1279
159 11 1280
159 11 1281
159 11 1282
159 11 1283
159 11 1284
159 11 1285
159 11 1287
159 11 1288
159 11 1289
159 11 1290
159 11 1291
159 11 1292
159 11 1293
159 11 1294
159 11 1295
159 11 1296
159 11 1297
159 11 1298
159 11 1299
159 11 1300
159 11 1301
159 11 1302
159 11 1303
159 11 1304
159 11 1305
159 11 1306
159 11 1307
159 11 1309
159 11 1310
159 86 1276
159 86 1277
159 86 1278
159 86 1280
159 86 1281
159 86 1282
159 86 1287
159 86 1288
159 86 1289
159 86 1290
64 100 1005
64 100 1196
64 91 1120
64 91 1123
64 91 1126
64 91 1133
64 168 1121
64 3 1137
64 3 1170
64 12 1163
64 7 1172
55 134 570
55 134 571
55 134 572
55 134 583
55 134 584
55 134 585
55 134 588
55 134 593
55 134 594
55 134 597
55 134 599
55 134 600
55 134 601
55 134 602
55 134 603
55 134 604
55 134 605
55 134 606
55 134 676
55 134 679
55 3 990
55 3 1001
55 49 1192
55 49 1200
55 49 1201
55 49 1202
55 49 1203
55 49 1204
55 49 1207
55 49 1208
55 49 1209
55 49 1210
55 49 1211
55 49 1212
55 49 1213
55 49 1214
55 49 1215
55 49 1216
55 49 1217
55 49 1219
55 49 1220
55 49 1221
55 49 1222
55 49 1223
55 49 1224
55 49 1225
55 49 1226
55 49 1231
55 49 1232
55 49 1235
55 49 1237
55 49 1238
55 49 1239
55 49 1240
55 49 1242
55 49 1244
55 49 1246
55 49 1248
55 49 1249
55 49 1250
55 49 1251
55 49 1252
55 49 1253
55 49 1254
55 49 1257
55 49 1258
55 49 1259
55 49 1260
55 49 1261
55 49 1262
55 49 1263
55 49 1264
55 49 1265
55 49 1270
55 49 1271
55 109 1201
55 39 1254
55 105 1291
55 105 1293
55 105 1294
134 37 679
117 40 1049
117 40 1050
117 40 1157
117 40 1158
117 40 1159
117 40 1177
117 40 1178
117 151 1050
117 151 1071
117 151 1075
117 151 1078
117 151 1082
117 151 1085
117 151 1144
117 151 1145
117 151 1146
117 151 1147
117 151 1148
117 151 1152
117 151 1160
117 151 1177
117 81 1082
117 81 1138
117 81 1153
117 84 1082
117 84 1145
117 84 1148
117 84 1154
142 39 985
142 57 988
142 57 991
142 57 1134
142 3 991
142 49 1008
142 102 1009
142 73 1098
142 73 1099
142 73 1100
142 73 1104
45 177 633
45 37 668
45 37 669
45 37 670
45 22 675
45 22 753
45 38 757
91 151 636
91 86 1107
91 73 1107
91 57 1109
91 57 1112
91 57 1113
91 57 1190
91 57 1289
91 109 1110
91 109 1113
91 109 1114
91 109 1115
91 109 1124
91 109 1126
91 109 1140
91 109 1164
91 109 1165
91 109 1167
91 109 1176
91 109 1191
91 109 1204
91 109 1205
91 109 1206
91 109 1207
91 109 1208
91 109 1209
91 109 1210
91 109 1211
91 109 1212
91 109 1213
91 109 1214
91 109 1215
91 109 1218
91 109 1231
91 109 1237
91 109 1244
91 109 1245
91 109 1250
91 109 1254
91 109 1255
91 109 1282
91 109 1283
91 109 1293
91 109 1294
91 109 1295
91 109 1296
91 109 1308
91 109 1309
91 102 1133
91 39 1138
91 39 1237
151 22 641
151 135 708
151 135 713
151 39 1028
151 39 1029
151 39 1030
151 39 1031
151 39 1032
151 39 1033
151 39 1034
151 39 1035
151 39 1049
151 39 1050
151 39 1051
151 39 1052
151 39 1053
151 39 1056
151 39 1083
151 39 1104
151 39 1138
151 39 1152
151 7 1037
151 7 1038
151 7 1039
151 7 1040
151 7 1043
151 7 1044
151 7 1045
151 7 1051
151 7 1062
151 7 1063
151 7 1069
151 7 1101
151 7 1172
151 82 1041
151 82 1045
151 82 1046
151 82 1049
151 82 1082
151 82 1083
151 82 1084
151 82 1086
151 82 1087
151 82 1088
151 82 1089
151 82 1090
151 82 1101
151 82 1102
151 82 1144
151 82 1145
151 82 1146
151 82 1148
151 82 1159
151 79 1047
151 79 1048
151 79 1069
151 79 1105
151 79 1115
151 79 1133
151 79 1171
151 19 1059
151 40 1059
151 120 1063
151 120 1068
151 120 1096
151 120 1101
151 120 1133
151 120 1176
22 135 738
22 49 988
22 49 1008
22 57 990
22 57 991
22 57 992
22 57 1109
22 57 1112
22 57 1128
22 57 1129
22 57 1174
22 86 1001
22 170 1001
37 135 730
37 135 736
37 135 738
11 125 695
11 125 702
11 125 703
11 109 701
11 109 702
11 109 703
11 109 704
11 109 705
11 109 706
11 109 707
11 109 708
11 109 709
11 109 710
11 109 713
11 109 728
11 109 731
11 109 737
11 109 738
11 109 739
11 109 740
11 109 741
11 109 742
11 109 743
11 109 744
11 109 745
11 109 746
11 109 747
11 109 749
11 109 753
11 109 754
11 109 757
11 109 758
11 109 759
11 109 765
11 109 783
11 109 787
11 109 788
11 109 789
11 109 790
11 109 791
11 109 792
11 109 793
11 109 797
11 109 803
11 109 804
11 109 805
11 118 1099
11 100 1208
11 152 1247
125 19 1080
109 76 1191
109 76 1200
109 76 1201
109 57 1192
49 3 1012
49 3 1014
49 3 1238
49 3 1240
49 3 1241
49 3 1242
49 3 1244
49 3 1245
49 3 1246
49 3 1250
49 3 1252
49 76 1130
49 76 1131
49 76 1137
49 76 1169
49 76 1193
49 76 1211
49 76 1258
49 76 1259
49 76 1261
49 71 1143
38 136 755
38 3 979
38 3 984
38 3 985
38 3 988
38 3 989
38 3 991
38 3 1000
38 3 1001
38 3 1002
38 3 1003
38 3 1004
38 102 1141
38 152 1231
136 73 755
136 73 759
136 73 761
136 73 763
136 73 767
136 73 769
136 73 992
136 73 997
136 73 998
136 73 999
136 73 1001
136 73 1003
73 84 1106
39 3 1009
39 3 1016
39 3 1025
39 3 1104
39 3 1112
39 3 1117
39 3 1120
39 3 1121
39 3 1138
39 3 1143
39 3 1164
39 3 1166
39 3 1172
39 3 1173
39 3 1174
39 3 1175
39 3 1208
39 3 1215
39 3 1216
39 3 1217
39 3 1218
39 3 1219
39 3 1220
39 3 1221
39 3 1228
39 3 1233
39 3 1235
39 71 1080
39 71 1081
39 41 1224
3 84 1000
3 86 1257
19 41 1042
19 41 1043
19 41 1044
19 41 1045
19 41 1046
19 41 1047
19 41 1048
19 41 1049
19 41 1050
19 41 1051
19 41 1052
19 41 1053
19 41 1054
19 41 1055
19 41 1056
19 41 1057
19 41 1058
19 41 1059
19 41 1060
19 41 1061
19 41 1062
19 41 1063
19 41 1064
19 41 1065
19 41 1066
19 41 1067
19 41 1068
19 41 1069
19 41 1070
19 41 1071
19 41 1072
19 41 1073
19 41 1074
19 41 1075
19 41 1076
19 41 1077
19 41 1078
19 41 1079
19 41 1080
19 41 1081
19 41 1082
19 7 1059
19 71 1235
71 100 1109
71 100 1110
71 100 1111
71 100 1112
71 100 1113
71 100 1114
71 100 1115
71 100 1116
71 100 1117
71 100 1118
71 100 1119
71 100 1120
71 100 1125
71 100 1126
71 100 1128
71 100 1131
71 100 1132
71 100 1134
71 102 1119
71 57 1133
71 57 1134
71 57 1140
71 57 1141
71 57 1144
71 57 1147
71 57 1188
71 57 1189
71 152 1231
71 152 1232
71 152 1247
57 84 1001
57 102 1042
57 102 1119
57 100 1105
57 100 1132
57 168 1142
57 168 1164
57 168 1179
57 76 1171
57 76 1172
57 76 1173
57 76 1191
57 82 1179
57 41 1321
57 81 1373
57 81 1375
100 170 1104
76 41 1198
76 41 1199
76 41 1200
76 41 1201
76 41 1203
76 41 1204
76 41 1210
76 41 1211
76 41 1213
76 41 1214
76 41 1215
76 41 1219
76 41 1220
76 41 1221
76 41 1222
76 41 1266
76 41 1320
76 41 1339
76 41 1340
76 41 1342
76 41 1343
76 41 1345
76 41 1346
76 41 1347
76 41 1348
76 41 1349
76 41 1350
76 41 1358
76 41 1359
76 41 1361
76 41 1362
76 41 1363
76 41 1372
76 41 1373
76 41 1374
76 41 1375
76 41 1404
76 41 1412
76 41 1413
76 102 1198
76 102 1213
76 102 1214
76 167 1207
76 167 1208
76 167 1215
76 167 1224
76 167 1225
76 167 1240
76 167 1307
170 84 999
170 84 1000
170 84 1002
170 84 1006
170 84 1008
170 82 1104
170 82 1105
170 82 1107
170 82 1111
170 82 1115
170 82 1124
170 82 1180
170 82 1196
170 40 1178
84 7 1095
84 7 1155
84 7 1179
84 7 1182
84 7 1184
84 7 1185
84 120 1097
84 120 1098
86 12 1312
86 12 1315
86 12 1318
86 12 1319
86 12 1320
86 12 1321
86 12 1322
118 82 1090
79 40 1070
81 7 1020
81 7 1021
81 7 1026
81 7 1078
81 7 1079
81 7 1080
81 7 1092
81 7 1094
81 7 1099
81 7 1100
81 7 1134
81 120 1021
81 120 1024
81 120 1040
81 120 1041
81 120 1042
81 120 1043
81 120 1129
81 120 1130
81 120 1131
81 120 1132
81 40 1055
81 82 1070
81 82 1081
81 82 1083
81 82 1084
81 82 1085
81 82 1086
81 82 1087
81 82 1088
81 82 1089
81 82 1112
7 120 1020
7 120 1021
7 120 1025
7 120 1026
7 120 1027
7 120 1028
7 120 1029
7 120 1030
7 120 1031
7 120 1032
7 120 1033
7 120 1034
7 120 1035
7 120 1036
7 120 1038
7 120 1050
7 120 1051
7 120 1052
7 120 1053
7 120 1069
7 120 1070
7 120 1071
7 120 1072
7 120 1073
7 120 1145
7 120 1152
7 120 1153
7 120 1155
7 120 1156
7 120 1157
7 120 1177
7 120 1178
7 40 1047
7 40 1048
7 40 1049
7 40 1102
7 40 1117
7 40 1118
7 40 1134
7 40 1142
7 40 1143
7 40 1144
7 40 1146
7 40 1147
7 40 1149
7 40 1150
7 40 1151
7 40 1152
7 40 1154
7 40 1157
7 40 1178
7 40 1179
7 40 1180
7 40 1181
7 40 1182
7 40 1183
7 40 1184
7 40 1185
7 40 1189
7 40 1190
7 41 1059
7 82 1101
7 82 1113
7 82 1132
7 82 1143
7 82 1144
7 82 1153
7 82 1156
7 82 1157
7 82 1186
7 12 1118
7 12 1119
7 12 1120
7 12 1122
7 12 1130
7 12 1131
7 12 1132
120 82 1099
120 82 1146
120 82 1150
120 82 1153
120 82 1156
120 82 1158
120 82 1160
120 40 1116
120 40 1133
120 40 1152
120 40 1178
120 40 1179
120 40 1180
120 40 1181
120 40 1183
120 40 1184
120 40 1189
40 82 1024
40 82 1026
40 82 1072
40 82 1182
40 82 1183
40 82 1184
40 82 1185
41 105 1198
41 105 1199
41 105 1206
41 105 1207
41 105 1211
41 105 1214
41 105 1218
41 105 1223
41 105 1224
41 105 1232
41 105 1233
41 105 1234
41 105 1235
41 105 1237
41 105 1241
41 105 1242
41 105 1243
41 105 1244
41 105 1252
41 105 1254
41 105 1256
41 105 1259
41 105 1289
41 105 1295
41 105 1301
41 105 1307
41 105 1308
41 105 1314
41 105 1354
41 105 1364
41 105 1365
41 105 1366
41 105 1367
41 105 1368
41 105 1370
41 105 1371
41 105 1372
41 105 1373
41 105 1374
41 105 1417
41 152 1213
41 152 1217
41 152 1218
152 167 1214
105 167 1422
105 167 1424
