77 88 0
77 88 1
77 88 62
77 88 63
77 88 66
77 88 76
77 88 77
77 88 81
77 88 93
77 88 95
77 88 104
77 88 105
77 88 106
77 88 107
77 88 132
77 88 135
77 88 136
77 88 138
77 88 139
77 88 140
77 88 141
77 88 142
77 88 145
77 88 146
77 88 147
77 88 149
77 88 150
77 88 151
77 88 152
77 88 160
77 88 161
77 88 162
77 88 224
77 88 267
77 88 268
77 88 269
77 88 271
77 88 272
77 88 273
77 88 281
77 88 282
77 88 283
77 88 286
77 88 287
77 88 291
77 88 294
77 88 295
77 88 296
77 9 1
77 9 22
77 9 66
77 9 67
77 9 70
77 9 72
77 9 74
77 9 76
77 9 77
77 9 81
77 9 100
77 9 104
77 9 126
77 9 128
77 9 129
77 9 130
77 9 131
77 9 132
77 9 133
77 9 134
77 9 135
77 9 136
77 9 137
77 9 138
77 9 139
77 9 140
77 9 141
77 9 152
77 9 153
77 9 158
77 9 160
77 9 161
77 9 162
77 9 163
77 9 164
77 9 165
77 9 166
77 9 202
77 9 212
77 9 367
77 9 368
77 9 371
77 9 372
77 9 373
77 42 3
77 103 246
77 13 387
77 13 389
77 13 450
77 13 455
77 13 540
77 13 557
88 4 3
88 9 233
88 9 234
88 9 244
88 9 252
88 44 591
88 100 591
88 100 592
88 100 656
88 100 665
88 100 666
88 10 614
88 10 616
88 10 617
88 10 619
88 10 621
88 64 615
88 64 616
88 101 615
88 101 616
88 101 617
4 86 1
4 86 3
4 86 9
4 9 1
4 42 3
4 42 4
4 42 5
4 42 6
4 42 8
4 42 10
4 42 11
4 42 12
4 42 13
4 42 14
4 42 17
4 42 18
4 42 20
4 42 21
4 42 23
4 42 28
4 42 29
4 42 30
4 42 32
4 42 33
4 42 38
4 42 39
4 42 40
4 42 54
4 42 56
4 42 64
4 42 65
4 42 67
4 42 68
4 42 69
4 42 70
4 42 71
4 42 72
4 42 74
4 42 75
4 42 76
4 42 77
4 42 78
4 42 79
4 42 87
4 42 88
4 42 90
4 42 91
4 42 92
4 42 93
4 42 94
4 42 95
4 42 96
4 42 97
4 42 98
4 42 99
4 42 100
4 42 102
4 42 103
4 42 104
4 42 105
4 42 108
4 42 109
4 42 110
4 42 111
4 42 113
4 42 114
4 42 117
4 42 121
4 42 122
4 97 66
4 106 103
4 106 104
4 16 104
4 114 120
4 103 159
4 103 162
4 17 204
86 5 245
86 5 246
86 79 266
86 79 276
86 79 279
86 79 288
86 79 297
86 79 310
86 79 379
86 9 310
86 108 690
86 108 694
86 108 695
9 79 1
9 79 2
9 79 3
9 79 30
9 79 31
9 79 46
9 79 52
9 79 53
9 79 66
9 79 76
9 79 78
9 79 81
9 79 85
9 79 86
9 79 93
9 79 94
9 79 95
9 79 96
9 79 97
9 79 100
9 79 104
9 79 129
9 79 130
9 79 132
9 79 133
9 79 134
9 79 136
9 79 137
9 79 138
9 79 139
9 79 142
9 79 145
9 79 148
9 79 152
9 79 153
9 79 157
9 79 159
9 79 160
9 79 161
9 79 162
9 79 167
9 79 229
9 79 232
9 79 235
9 79 243
9 79 245
9 79 246
9 79 249
9 79 251
9 79 324
9 79 356
9 79 357
9 79 358
9 42 3
9 2 249
9 61 250
9 61 281
79 59 351
79 34 379
79 117 633
42 97 103
42 108 120
42 34 305
42 34 309
42 34 323
42 34 343
42 34 348
42 34 350
40 30 33
40 30 35
40 30 41
40 30 50
40 30 51
40 30 52
40 30 53
40 30 54
40 30 55
40 30 56
40 30 57
40 30 59
40 30 60
40 72 557
40 72 558
40 72 561
40 72 563
40 72 564
40 72 567
40 72 569
40 72 582
40 131 560
40 26 580
40 110 581
30 136 395
30 136 468
30 136 508
30 136 509
30 136 514
30 136 515
30 80 395
30 37 403
30 39 406
30 39 499
30 39 506
30 39 509
30 39 514
30 39 515
30 92 511
5 19 52
5 16 55
5 113 55
5 113 58
5 113 61
5 113 62
5 113 63
5 113 64
5 113 66
5 113 67
5 113 68
5 113 69
5 113 70
5 113 76
5 113 78
5 113 80
5 113 81
5 113 87
5 113 88
5 113 91
5 113 92
5 113 93
5 113 98
5 113 99
5 113 100
5 113 101
5 113 102
5 113 123
5 113 124
5 113 130
5 113 133
5 113 144
5 113 145
5 113 154
5 113 155
5 113 156
5 113 157
5 113 158
5 113 160
5 113 161
5 113 163
5 113 244
5 113 246
5 113 247
5 113 250
5 113 252
5 113 280
5 113 281
5 113 284
5 113 290
5 113 291
5 113 299
5 114 92
5 114 93
5 114 96
5 114 97
5 21 149
5 72 182
5 3 728
5 3 729
5 3 730
5 3 731
5 3 733
5 3 738
5 3 741
5 3 742
5 3 743
5 3 745
5 3 772
5 3 777
5 3 788
5 3 790
5 3 792
5 3 793
5 3 794
5 3 798
5 3 837
5 3 838
5 3 839
5 3 841
5 3 844
5 3 845
5 3 846
5 3 847
5 3 848
5 3 849
5 3 850
5 3 851
5 3 855
5 3 857
5 3 860
5 3 874
5 3 879
5 3 883
5 3 884
5 3 893
5 3 895
5 3 905
5 3 907
5 3 908
5 3 910
5 3 911
5 3 912
5 123 765
5 123 783
5 34 783
5 65 869
5 82 892
19 97 55
19 97 56
19 97 71
19 97 73
19 97 74
19 97 76
19 97 77
19 97 79
19 97 80
19 97 83
19 97 84
19 97 86
19 97 87
19 97 88
19 97 93
19 97 115
19 97 116
19 97 138
19 97 212
19 119 55
19 119 78
19 119 96
19 119 188
19 119 201
19 119 212
19 119 213
19 17 55
19 17 56
19 17 64
19 17 73
19 17 74
19 17 75
19 17 78
19 17 79
19 17 80
19 17 83
19 17 84
19 17 85
19 17 88
19 17 89
19 17 91
19 17 116
19 17 212
19 17 213
19 32 577
19 32 584
19 32 585
19 32 586
19 32 587
19 32 588
19 32 589
19 32 590
19 32 591
19 32 592
19 32 593
19 32 594
19 32 595
19 32 596
19 32 597
19 32 598
19 32 599
19 32 601
19 32 602
19 32 628
19 32 629
19 32 630
19 32 667
19 32 668
19 32 669
19 32 670
19 32 671
19 32 672
19 32 676
19 32 680
19 32 681
19 32 684
19 32 685
19 32 686
19 32 688
19 32 698
19 32 701
19 32 703
19 32 704
19 32 705
19 96 578
19 96 579
19 96 580
19 96 581
19 96 582
19 96 583
19 96 584
19 96 585
19 96 586
19 96 587
19 96 588
19 96 589
19 96 594
19 96 596
19 96 597
19 96 598
19 96 609
19 96 624
19 96 626
19 96 628
19 96 631
19 96 666
19 96 667
19 96 668
19 96 669
19 96 670
19 96 671
19 96 681
19 96 704
19 96 705
19 81 580
19 26 588
19 26 595
19 8 603
19 101 615
19 101 616
19 101 625
19 10 616
19 10 617
19 10 621
19 100 664
19 100 666
97 16 55
97 16 56
97 16 59
97 16 64
97 16 65
97 16 69
97 16 71
97 16 72
97 16 77
97 16 78
97 16 82
97 16 83
97 16 84
97 16 85
97 16 86
97 16 87
97 16 88
97 16 89
97 16 90
97 16 91
97 16 92
97 16 93
97 16 141
97 16 150
97 16 174
97 16 176
97 16 177
97 16 181
97 16 182
97 16 184
97 16 185
97 16 190
97 16 193
97 16 207
97 16 210
97 16 211
97 16 212
97 124 55
97 124 57
97 124 58
97 124 59
97 124 63
97 124 65
97 124 66
97 124 69
97 124 70
97 124 71
97 124 72
97 124 73
97 124 74
97 124 75
97 124 76
97 124 77
97 124 78
97 124 79
97 124 80
97 124 81
97 124 82
97 124 83
97 124 84
97 124 85
97 124 86
97 124 95
97 124 96
97 124 97
97 124 98
97 124 99
97 124 101
97 124 102
97 124 112
97 124 115
97 124 121
97 124 136
97 124 137
97 124 179
97 124 180
97 124 184
97 124 185
97 124 187
97 124 188
97 124 189
97 124 190
97 124 191
97 124 192
97 124 201
97 124 202
97 124 203
97 124 205
97 124 207
97 124 209
97 124 212
97 103 177
97 103 178
97 53 761
97 53 763
97 53 768
97 53 770
97 53 771
97 53 772
97 53 773
97 53 774
97 53 775
97 53 776
97 53 777
97 53 778
97 53 779
97 53 780
97 53 781
97 53 782
97 53 784
97 53 785
97 53 786
97 53 790
97 53 794
97 53 796
97 53 799
97 53 807
97 53 815
97 53 817
97 53 823
97 53 824
97 53 825
97 53 826
97 53 827
97 53 828
97 53 830
97 53 831
97 53 835
97 53 837
97 53 840
97 53 841
97 53 843
97 53 844
97 53 845
97 53 847
97 53 848
97 53 849
97 53 853
97 53 855
97 53 856
97 53 857
97 53 866
97 53 869
97 53 870
97 53 871
97 53 872
97 53 878
97 53 902
97 53 903
97 53 907
97 53 921
97 53 922
97 53 923
97 53 924
97 53 925
97 53 926
97 53 933
97 53 937
97 53 938
97 53 940
97 55 761
97 55 778
97 55 779
97 55 784
97 55 787
97 55 789
97 55 792
97 55 796
97 55 797
97 55 801
97 55 802
97 55 803
97 55 805
97 55 806
97 55 810
97 55 815
97 55 816
97 55 817
97 55 822
97 55 823
97 55 824
97 55 825
97 55 826
97 55 839
97 55 841
97 55 842
97 55 852
97 55 853
97 55 856
97 55 857
97 55 858
97 55 859
97 55 860
97 55 861
97 55 862
97 55 863
97 55 864
97 55 865
97 55 866
97 55 869
97 55 870
97 55 871
97 55 872
97 55 873
97 55 874
97 55 875
97 55 876
97 55 877
97 55 878
97 55 879
97 55 880
97 55 881
97 55 882
97 55 883
97 55 884
97 55 885
97 55 886
97 55 888
97 55 889
97 55 891
97 55 892
97 55 893
97 55 894
97 55 895
97 55 896
97 55 897
97 55 898
97 55 899
97 55 900
97 55 901
97 55 902
97 55 903
97 55 904
97 55 905
97 55 906
97 55 907
97 55 908
97 55 909
97 55 910
97 55 911
97 55 912
97 55 913
97 55 914
97 55 915
97 55 917
97 55 918
97 55 919
97 55 920
97 55 921
97 55 922
97 55 923
97 55 924
97 55 925
97 55 926
97 55 931
97 55 933
97 55 937
97 55 938
97 55 940
97 55 941
97 122 804
97 122 810
97 122 847
97 65 824
97 65 825
97 51 832
97 75 846
97 29 937
97 100 938
97 100 940
97 11 938
97 11 940
16 119 55
16 119 56
16 119 58
16 119 59
16 119 63
16 119 64
16 119 65
16 119 71
16 119 74
16 119 75
16 119 76
16 119 77
16 119 81
16 119 82
16 119 99
16 119 122
16 119 124
16 119 125
16 119 126
16 119 127
16 119 190
16 119 191
16 119 193
16 119 194
16 119 212
16 119 213
16 36 254
16 36 257
16 36 264
16 36 270
16 36 271
16 36 283
16 36 315
16 36 325
16 36 327
16 67 257
16 67 259
16 67 264
16 67 270
16 67 271
16 67 279
16 67 312
16 67 321
16 43 329
124 8 519
124 8 521
124 8 522
124 8 523
124 8 524
124 8 525
124 8 526
124 8 527
124 8 528
124 8 529
124 8 530
124 8 531
124 8 532
124 8 533
124 8 534
124 8 558
124 6 528
124 6 530
124 6 531
124 6 532
124 6 533
124 29 557
124 29 558
124 29 564
124 29 582
124 29 687
124 29 689
124 29 691
124 29 692
124 29 709
124 29 826
124 29 832
124 29 834
124 29 839
124 29 847
124 29 850
124 29 856
124 29 869
124 29 872
124 29 873
124 29 874
124 29 883
124 29 884
124 29 885
124 29 886
124 29 890
124 29 891
124 29 892
124 29 918
124 50 579
124 92 597
124 98 599
124 45 704
124 45 705
124 45 706
124 45 707
124 45 709
124 45 719
124 45 734
124 45 736
124 45 757
124 45 759
124 45 760
124 45 768
124 45 769
124 45 793
124 45 797
124 45 843
124 45 845
124 45 847
124 45 853
124 45 869
124 45 870
124 45 871
124 45 872
124 45 873
124 45 874
124 45 880
124 45 883
124 45 886
124 45 887
124 45 888
124 45 889
124 45 890
124 45 891
124 45 892
124 45 893
124 45 895
124 45 905
124 45 908
124 45 909
124 45 910
124 45 911
124 45 913
124 45 921
124 45 929
124 45 930
124 45 948
124 45 952
124 45 953
124 45 957
124 45 958
124 11 910
124 11 936
124 11 937
124 60 937
113 50 590
113 37 658
113 37 660
113 37 675
113 37 677
113 37 679
113 37 680
113 37 684
113 56 664
113 56 665
113 129 666
113 129 667
113 98 686
113 121 702
113 111 702
119 104 155
119 104 156
119 104 157
119 104 170
119 104 171
119 104 174
119 104 176
119 104 177
119 104 183
119 104 186
119 104 189
119 104 197
119 104 202
119 104 208
119 104 209
119 104 210
119 104 211
119 33 177
17 109 368
17 109 369
17 109 370
17 109 398
17 109 399
17 109 403
17 109 406
17 109 407
17 109 408
17 109 417
17 109 418
17 109 433
17 109 448
17 109 452
17 109 454
17 109 484
17 109 518
17 109 519
17 109 520
17 109 521
17 109 526
17 109 527
74 21 60
74 21 61
74 21 63
74 21 105
74 21 106
74 21 126
74 21 127
74 114 236
74 114 238
74 114 240
74 114 242
74 114 243
74 114 245
74 114 247
74 114 253
74 114 254
74 114 257
74 114 261
74 33 252
74 104 334
74 104 335
74 104 364
74 104 365
74 104 377
74 104 382
74 104 383
74 104 385
74 104 386
74 104 387
74 104 388
74 104 389
74 20 342
74 20 343
74 20 344
74 20 345
74 20 347
74 20 349
74 20 350
74 20 351
74 20 352
74 20 353
74 20 354
74 20 355
74 20 356
74 20 357
74 20 358
74 20 359
74 20 362
74 20 377
74 34 415
74 34 416
74 43 417
74 43 422
74 37 440
74 59 441
74 136 449
74 136 493
74 136 494
74 99 474
74 98 486
74 134 489
74 134 491
74 134 492
74 134 496
74 75 496
74 26 681
74 41 688
74 115 700
74 1 770
74 1 771
21 108 62
21 108 63
21 50 540
21 50 541
21 50 544
21 50 549
21 50 550
21 50 551
21 50 552
21 50 555
21 50 558
21 50 565
21 50 566
21 50 567
21 50 568
21 50 569
21 50 571
21 50 572
21 50 576
21 50 577
21 50 579
21 50 581
21 50 583
21 50 584
21 50 588
21 50 605
21 50 606
21 50 608
21 50 610
21 50 611
21 50 612
21 50 613
21 50 616
21 50 617
21 50 619
21 134 540
21 129 544
21 129 556
21 129 557
21 135 548
21 135 549
21 135 550
21 135 552
21 135 554
21 135 555
21 135 556
21 135 557
21 135 565
21 135 566
21 135 567
21 135 571
21 135 579
21 135 606
21 135 608
21 135 609
21 135 610
21 135 611
21 135 612
21 135 613
21 135 614
21 135 615
21 135 616
21 135 617
21 135 618
21 135 619
21 76 557
21 137 614
21 137 615
21 137 616
21 137 617
21 137 618
21 137 619
108 83 61
108 83 62
108 83 63
108 83 64
108 83 67
108 83 68
108 83 69
108 83 71
108 83 72
108 83 73
108 83 74
108 83 124
108 83 125
108 83 136
108 83 137
108 83 152
108 83 155
108 83 158
108 83 161
108 83 162
108 83 165
108 83 166
108 83 168
108 83 169
108 83 170
108 83 179
108 83 180
108 83 183
108 83 190
108 83 226
108 83 232
108 83 235
108 83 237
108 83 239
108 83 241
108 83 244
108 83 246
108 83 248
108 83 249
108 83 250
108 83 251
108 83 252
108 83 255
108 83 256
108 83 258
108 83 259
108 83 260
108 83 262
108 72 182
108 129 595
108 56 604
108 85 627
108 93 629
108 132 629
108 132 634
108 132 660
108 65 714
83 22 104
83 22 125
83 98 299
83 98 301
83 20 378
83 20 379
83 20 390
83 20 391
83 20 392
83 20 393
83 20 394
83 20 396
83 20 397
83 20 398
83 20 399
83 20 400
83 20 401
83 20 402
83 20 403
83 20 404
83 20 405
83 20 407
83 20 408
83 20 409
83 20 410
83 20 411
83 20 413
83 20 414
83 20 415
83 20 416
83 20 418
83 20 419
83 20 420
83 20 421
83 20 422
83 20 423
83 20 429
83 20 430
83 20 431
83 20 433
83 20 434
83 20 435
83 20 436
83 20 437
83 20 438
83 20 439
83 20 440
83 20 443
83 20 445
83 20 448
83 20 449
83 20 450
83 20 464
83 20 466
83 20 473
83 20 476
83 20 479
83 20 481
83 20 483
83 20 484
83 20 485
83 20 488
83 20 489
83 20 490
83 20 491
83 20 493
83 20 494
83 20 496
83 20 498
83 50 393
83 71 407
83 71 410
83 71 493
83 71 496
83 112 448
83 112 449
83 112 465
83 109 449
83 109 465
83 110 494
83 110 495
83 110 498
83 110 510
83 110 513
83 110 528
83 110 549
83 110 580
83 110 581
83 110 587
83 110 598
83 110 605
83 110 616
83 110 617
83 110 619
83 110 620
83 110 622
83 110 623
83 110 624
83 110 625
83 110 628
83 110 629
83 110 630
83 110 631
114 43 392
114 43 393
114 134 454
114 134 455
114 134 456
114 107 454
114 107 455
106 35 747
106 35 751
106 35 765
106 35 770
106 35 813
106 35 815
106 35 880
106 35 882
106 82 856
106 105 895
106 105 896
106 105 897
106 55 896
106 53 896
32 103 103
32 103 104
32 103 113
32 103 114
32 103 115
32 103 116
32 103 117
32 103 118
32 103 121
32 103 122
32 103 124
32 103 126
32 103 127
32 103 128
32 103 129
32 103 132
32 103 135
32 103 137
32 103 138
32 103 140
32 103 141
32 103 144
32 103 148
32 103 149
32 103 154
32 103 155
32 103 158
32 103 159
32 103 162
32 103 177
32 103 249
32 103 251
32 103 252
32 131 124
32 131 143
32 131 161
32 131 163
32 110 577
32 110 578
32 110 579
32 110 580
32 110 582
32 110 585
32 110 586
32 110 587
32 110 588
32 110 590
32 110 591
32 110 592
32 110 593
32 110 594
32 110 595
32 110 596
32 110 597
32 110 603
32 110 606
32 110 619
32 110 628
32 110 631
32 110 632
32 110 635
32 110 670
32 110 684
32 110 686
32 110 699
32 110 704
32 110 705
103 125 111
103 125 252
103 2 249
22 28 666
22 28 675
22 28 676
22 28 694
22 28 703
22 28 715
22 28 716
22 28 717
22 28 724
22 28 725
22 28 747
22 28 779
22 28 780
22 28 782
22 28 788
22 115 726
22 115 733
22 67 756
125 109 459
131 50 556
131 50 616
131 50 617
131 50 618
131 50 619
131 8 564
131 8 598
131 110 595
131 110 596
131 110 597
131 64 606
131 135 615
131 135 617
62 24 149
62 24 151
62 24 153
62 24 154
62 24 157
62 24 158
62 24 160
62 24 170
62 24 172
62 24 173
62 24 189
62 24 190
62 24 191
62 24 192
62 24 195
62 24 196
62 24 197
62 24 198
62 26 668
62 115 732
24 38 919
24 38 920
24 38 922
24 38 923
24 38 924
24 38 925
24 38 926
24 38 937
24 38 938
24 38 941
24 38 942
24 38 946
24 38 947
24 38 982
24 38 983
24 38 985
24 38 986
24 38 990
24 38 992
24 38 995
24 38 997
24 38 1000
24 38 1002
24 38 1003
104 63 333
104 63 334
104 63 335
104 20 377
104 20 382
104 20 383
104 20 384
104 20 385
104 20 386
104 20 387
104 20 388
104 20 389
104 20 468
104 36 389
104 36 428
104 36 510
104 18 421
104 50 425
104 50 426
104 66 429
104 66 430
104 66 431
104 66 432
104 66 433
104 66 434
104 66 441
104 66 538
104 66 540
104 48 433
104 48 434
104 48 519
104 48 520
104 48 521
104 48 522
104 91 433
104 91 434
104 91 435
104 91 436
33 43 308
33 43 310
33 43 329
33 43 337
33 43 338
33 43 339
33 43 341
33 43 347
33 43 351
33 43 353
33 43 364
33 43 365
33 43 370
33 43 371
33 43 372
33 43 373
33 43 374
33 43 375
33 43 379
33 43 412
33 43 452
33 43 463
33 43 464
33 43 477
33 43 491
72 8 573
72 110 577
2 71 235
2 71 254
2 71 297
2 61 236
2 61 241
2 61 243
2 61 244
2 61 246
2 61 248
2 61 249
2 61 251
2 61 252
2 61 256
2 61 257
2 61 261
2 61 277
2 61 278
2 61 279
2 61 280
2 61 281
2 61 283
2 61 285
2 61 290
2 61 298
2 61 299
2 61 303
2 0 251
2 0 252
2 0 255
2 0 256
2 0 257
2 0 261
2 59 303
71 0 259
71 136 394
71 136 400
71 136 405
71 136 406
71 136 408
71 136 409
71 136 411
71 136 412
71 136 413
71 136 414
71 136 420
71 136 421
71 136 422
71 136 423
71 136 428
71 136 449
71 136 456
71 136 471
71 136 481
71 136 482
71 136 487
71 136 488
71 136 494
71 136 496
71 136 511
71 31 394
71 31 405
71 31 406
71 31 407
71 31 416
71 31 417
71 31 423
71 31 428
71 31 429
71 31 430
71 31 451
71 31 452
71 31 453
71 31 463
71 31 466
71 31 469
71 31 499
71 31 500
71 31 504
71 31 505
71 31 506
71 39 396
71 39 398
71 39 399
71 39 400
71 39 401
71 39 402
71 39 403
71 39 404
71 39 420
71 39 426
71 39 427
71 39 431
71 39 439
71 39 440
71 39 441
71 39 443
71 39 447
71 39 468
71 39 473
71 39 474
71 39 478
71 39 489
71 39 499
71 39 505
71 39 509
71 39 510
71 39 511
71 37 403
71 37 404
71 37 414
71 37 417
71 134 408
71 134 490
71 51 421
71 51 422
71 51 423
71 69 436
71 69 437
71 54 484
71 92 486
71 101 490
71 34 498
71 99 498
71 99 499
71 99 500
71 99 501
71 98 512
61 59 246
61 0 249
61 0 250
61 0 251
61 0 255
61 0 256
61 0 266
61 67 303
61 12 626
61 75 633
59 36 252
59 36 253
59 36 254
59 36 255
59 36 256
59 36 258
59 36 261
59 36 262
59 36 263
59 36 264
59 36 265
59 36 267
59 36 269
59 36 270
59 36 285
59 36 301
59 36 303
59 36 307
59 36 309
59 36 312
59 36 313
59 36 319
59 36 320
59 36 321
59 36 322
59 36 323
59 36 324
59 36 328
59 36 330
59 36 331
59 15 253
59 15 255
59 15 256
59 15 260
59 15 262
59 15 263
59 15 268
59 15 269
59 15 273
59 15 276
59 15 285
59 15 286
59 15 288
59 15 293
59 15 310
59 15 311
59 15 330
36 52 283
36 52 285
36 136 411
36 136 413
36 136 414
36 43 446
36 43 447
36 73 481
36 73 482
36 29 564
36 29 569
36 46 585
36 46 746
36 7 635
36 100 652
36 84 681
36 10 705
36 111 712
36 53 731
35 15 252
35 15 255
35 15 256
35 15 263
35 15 267
35 15 268
35 15 269
35 15 274
35 15 285
35 15 286
35 15 302
35 15 304
35 15 307
35 15 330
35 15 331
35 67 257
35 73 770
35 122 877
15 58 986
67 123 693
67 123 709
67 123 710
67 123 711
67 123 712
67 123 713
67 123 714
67 123 716
67 123 717
67 123 718
67 123 719
67 123 720
67 123 721
67 123 722
67 123 723
67 123 724
67 123 728
67 123 729
67 123 730
67 123 731
67 123 732
67 123 733
67 123 734
67 123 735
67 123 736
67 123 737
67 123 738
67 123 739
67 123 740
67 123 741
67 123 742
67 123 743
67 123 744
67 123 745
67 123 746
67 123 747
67 123 748
67 123 749
67 123 750
67 123 751
67 123 752
67 123 753
67 123 754
67 123 755
67 123 760
67 123 761
67 123 762
67 123 774
67 123 775
67 123 776
67 123 777
67 123 778
67 123 779
67 123 780
67 123 781
67 123 782
67 123 787
67 123 788
67 123 789
67 123 790
67 123 791
67 123 792
67 123 793
67 123 794
67 123 795
67 123 796
67 123 797
67 123 799
67 123 805
67 123 809
67 111 694
67 111 740
67 111 774
67 111 775
67 111 776
67 111 777
67 111 778
67 111 779
67 111 796
67 111 797
67 111 798
67 111 799
67 111 803
67 111 807
67 121 709
67 121 710
67 10 713
67 84 776
67 127 789
52 48 398
52 48 418
52 48 419
52 48 426
52 48 432
52 48 433
52 48 470
52 48 473
52 48 474
52 48 480
52 48 523
52 48 524
52 48 550
52 48 552
52 48 557
52 48 558
52 66 436
52 66 557
52 66 558
52 92 447
52 47 511
52 47 557
52 13 557
52 13 558
45 132 288
45 132 290
45 132 324
45 132 345
45 29 707
45 29 711
45 29 721
45 29 757
45 29 774
45 29 798
45 29 799
45 29 857
45 29 858
45 29 860
45 29 861
45 29 900
45 29 911
45 29 912
45 29 921
45 29 956
45 29 957
45 29 961
45 90 725
45 27 888
45 111 890
45 100 937
45 11 937
45 37 938
45 44 981
132 10 474
132 10 485
132 10 486
132 10 501
132 10 505
132 10 529
132 10 530
132 10 532
132 10 582
132 10 608
132 10 613
132 10 626
132 10 629
132 10 636
132 10 653
132 10 660
132 10 662
132 110 586
126 49 296
126 49 297
126 49 347
126 49 386
126 49 393
126 49 411
126 49 417
126 49 418
126 49 421
126 49 422
126 49 423
126 49 437
126 49 439
126 49 467
126 49 477
126 49 499
126 43 500
126 69 500
126 69 501
126 50 644
126 50 645
126 50 646
126 50 658
126 50 659
126 50 662
126 50 663
126 12 731
49 112 422
49 81 427
49 95 435
49 102 687
49 102 711
49 102 718
49 102 721
49 102 725
49 102 726
49 102 727
49 102 731
49 102 735
49 102 747
49 102 748
49 102 805
49 102 806
49 102 821
49 102 822
49 102 833
49 102 837
49 102 839
49 102 861
49 102 864
49 102 865
49 105 687
49 105 693
49 105 695
49 105 696
49 105 697
49 105 698
49 105 699
49 105 700
49 105 701
49 105 702
49 105 706
49 105 707
49 105 714
49 105 715
49 105 716
49 105 732
49 105 735
49 105 736
49 105 750
49 105 755
49 105 756
49 105 760
49 105 762
49 105 763
49 105 764
49 105 766
49 105 767
49 105 769
49 105 771
49 105 774
49 105 776
49 105 778
49 105 779
49 105 787
49 105 789
49 105 824
49 105 826
49 105 827
49 105 832
49 105 833
49 105 838
49 105 839
49 105 840
49 105 841
49 105 871
49 105 896
49 93 692
49 82 692
49 82 704
49 82 736
49 82 754
49 82 782
49 82 833
49 82 837
49 82 838
49 82 841
49 82 854
49 82 855
49 53 696
49 53 703
49 53 704
49 53 709
49 53 713
49 53 715
49 53 721
49 53 729
49 53 736
49 53 754
49 53 774
49 53 825
49 53 835
49 53 842
49 53 844
49 53 846
49 53 859
49 53 860
49 53 896
49 98 730
49 111 787
49 111 788
49 111 806
25 107 297
25 107 374
25 107 375
25 107 378
25 107 379
25 107 381
25 107 383
25 107 384
25 107 385
25 107 386
25 107 388
25 107 391
25 107 393
25 107 394
25 107 396
25 107 397
25 107 398
25 107 399
25 107 400
25 107 401
25 107 402
25 107 403
25 107 405
25 107 407
25 107 410
25 107 412
25 107 413
25 107 438
25 107 440
25 107 446
25 107 447
25 107 448
25 107 451
25 107 453
25 107 459
25 107 463
25 107 465
25 107 466
25 107 467
25 107 468
25 107 471
25 107 474
25 98 298
25 98 299
25 98 300
25 98 301
25 98 306
25 98 307
25 98 308
25 98 309
25 98 311
25 98 312
25 98 313
25 98 314
25 98 315
25 98 316
25 98 317
25 98 318
25 98 327
25 98 328
25 98 329
25 98 330
25 98 332
25 98 333
25 98 334
25 98 338
25 98 339
25 98 340
25 98 341
25 98 346
25 98 347
25 98 349
25 98 350
25 98 351
25 98 352
25 98 353
25 98 354
25 98 355
25 98 357
25 98 358
25 98 359
25 98 364
25 98 365
25 98 369
25 98 376
25 98 377
25 120 373
25 90 436
25 90 438
25 134 438
107 128 438
107 60 438
107 12 618
107 12 621
107 12 622
107 12 693
107 12 763
107 12 773
107 12 777
107 12 786
107 12 849
107 12 869
107 12 870
107 84 632
107 84 633
107 84 634
107 84 635
107 84 870
107 92 633
107 98 633
107 41 639
107 121 642
107 100 643
107 129 673
107 129 675
107 129 676
107 11 866
98 10 475
98 85 485
98 85 487
98 85 490
98 85 511
98 85 512
98 85 515
98 85 517
98 85 518
98 85 542
98 85 543
98 85 544
98 85 545
98 85 546
98 85 547
98 85 548
98 85 549
98 85 556
98 85 562
98 85 592
98 85 593
98 85 600
98 85 601
98 85 613
98 85 615
98 85 621
98 85 623
98 85 624
98 85 625
98 85 628
98 85 630
98 85 631
98 85 632
98 85 633
98 85 650
98 85 651
98 85 656
98 85 658
98 85 663
98 31 613
98 75 632
98 75 633
98 115 670
98 115 671
98 115 672
98 115 673
98 115 674
98 115 675
98 115 676
98 115 677
98 115 679
98 115 681
98 115 682
98 115 684
98 115 685
98 115 686
98 115 691
98 115 692
98 115 694
98 115 695
98 115 701
98 115 702
98 115 704
98 115 711
98 115 712
98 115 713
98 115 755
98 115 765
98 115 783
98 115 785
98 78 785
34 20 416
34 102 768
34 102 769
43 120 445
43 120 446
43 50 447
43 50 448
43 128 463
43 128 500
43 130 701
43 130 703
43 130 708
43 130 713
43 130 717
43 130 718
43 130 722
43 130 723
43 130 732
43 130 735
43 130 737
43 130 743
43 130 748
43 130 752
43 130 756
43 130 766
43 130 767
43 130 772
43 130 785
43 130 786
43 130 788
43 130 789
43 130 790
43 130 792
43 130 795
43 130 799
43 130 800
43 130 833
43 130 836
43 130 842
43 130 844
43 130 846
43 130 848
43 130 849
43 130 933
43 130 936
43 130 946
43 130 956
43 130 980
43 29 701
43 29 859
43 29 872
43 29 873
43 29 883
43 29 888
43 82 796
63 53 767
63 53 780
63 53 786
63 53 787
63 53 796
63 53 814
63 53 817
63 53 823
63 53 825
63 53 841
63 53 853
63 53 855
63 53 856
63 53 857
63 53 858
63 53 859
63 53 864
63 53 865
63 53 866
63 53 868
63 53 869
63 53 870
63 53 872
63 53 874
63 53 878
63 53 885
63 53 897
63 53 899
63 53 901
63 53 902
63 53 903
63 53 904
63 53 905
63 53 906
63 53 921
63 53 922
63 53 923
63 53 924
63 53 925
63 53 926
63 53 930
63 53 932
63 53 938
63 53 940
63 89 916
63 89 927
63 89 928
63 89 929
63 89 930
63 89 932
63 29 937
63 100 938
63 100 940
20 80 408
20 80 409
20 80 465
20 136 408
20 136 409
20 37 440
20 109 449
20 66 458
109 117 368
109 117 369
109 117 370
109 117 371
109 117 376
109 117 380
109 117 382
109 117 383
109 117 384
109 117 385
109 117 386
109 117 387
109 117 388
109 117 389
109 117 390
109 117 391
109 117 392
109 117 393
109 117 394
109 117 396
109 117 397
109 117 399
109 117 400
109 117 401
109 117 402
109 117 403
109 117 404
109 117 407
109 117 408
109 117 409
109 117 410
109 117 412
109 117 414
109 117 416
109 117 417
109 117 418
109 117 419
109 117 420
109 117 421
109 117 422
109 117 424
109 117 428
109 117 449
109 117 451
109 117 452
109 117 462
109 117 463
109 117 464
109 117 465
109 117 466
109 117 467
109 117 468
109 117 469
109 117 470
109 117 471
109 117 476
109 117 479
109 117 484
109 117 485
109 117 496
109 117 497
109 117 498
109 117 503
109 117 510
109 117 511
109 117 515
109 117 517
109 117 518
109 117 519
109 117 521
109 117 522
109 117 523
109 117 524
109 117 525
109 117 526
109 117 527
109 117 528
109 117 529
109 117 530
109 117 531
109 128 398
109 80 401
109 80 403
109 80 414
109 80 427
109 80 458
109 80 468
109 136 403
109 136 411
109 90 409
109 31 410
109 69 410
109 39 427
109 39 428
109 39 448
109 39 469
109 95 465
109 99 465
109 64 518
109 64 519
109 122 885
109 127 902
117 18 369
117 18 370
117 18 377
117 18 395
117 18 403
117 18 406
117 18 407
117 18 408
117 18 409
117 18 448
117 18 457
117 18 458
117 18 459
117 18 460
117 18 461
117 18 473
117 18 484
117 18 485
117 18 486
117 18 487
117 18 488
117 18 489
117 18 493
117 18 504
117 18 518
117 18 519
117 18 521
117 66 389
117 66 393
117 66 400
117 66 455
117 64 423
117 13 455
117 129 535
117 129 536
117 29 618
18 80 401
18 80 402
18 80 411
18 136 402
18 39 402
18 54 494
18 64 519
18 110 577
18 110 578
18 110 585
18 110 586
18 110 587
18 110 588
18 110 589
18 110 590
18 110 591
18 110 592
18 110 593
18 110 594
18 110 595
18 110 597
18 110 598
18 110 602
18 110 610
18 110 611
18 110 612
18 110 618
18 110 619
18 110 620
18 110 623
18 110 628
18 110 629
18 110 639
18 110 640
18 110 645
18 110 649
18 110 650
18 110 651
18 110 654
18 110 655
18 110 656
18 110 657
18 110 658
18 110 659
18 110 660
18 110 661
18 110 662
18 110 663
18 110 665
18 110 666
18 110 667
18 110 668
18 110 670
18 110 671
18 110 674
18 110 681
18 110 684
18 110 686
18 110 687
18 110 688
18 110 689
18 110 698
18 110 703
18 110 704
18 110 705
18 26 660
120 37 445
120 136 451
120 64 456
120 80 460
120 80 461
120 112 467
50 37 379
50 37 380
50 37 381
50 37 385
50 37 386
50 37 390
50 37 398
50 37 399
50 37 410
50 37 415
50 37 417
50 37 418
50 37 427
50 37 428
50 37 430
50 37 431
50 37 434
50 37 435
50 37 437
50 37 449
50 37 450
50 37 456
50 37 457
50 37 503
50 37 504
50 37 524
50 37 525
50 37 526
50 37 528
50 37 540
50 37 542
50 37 551
50 37 554
50 37 558
50 37 562
50 37 563
50 37 564
50 37 569
50 37 571
50 37 578
50 37 579
50 37 580
50 37 581
50 37 582
50 37 584
50 37 586
50 37 589
50 37 590
50 37 592
50 37 593
50 37 594
50 37 595
50 37 596
50 37 597
50 37 598
50 37 600
50 37 601
50 37 602
50 37 606
50 37 607
50 37 608
50 37 611
50 37 612
50 37 613
50 37 614
50 37 615
50 37 616
50 37 618
50 37 620
50 37 621
50 37 622
50 37 625
50 37 628
50 37 629
50 37 630
50 37 633
50 37 634
50 37 640
50 37 641
50 37 642
50 37 643
50 37 644
50 37 645
50 37 646
50 37 650
50 37 654
50 37 655
50 37 656
50 37 657
50 37 658
50 37 659
50 37 660
50 37 661
50 37 667
50 37 688
50 37 689
50 37 690
50 37 691
50 37 692
50 37 693
50 37 694
50 37 695
50 37 697
50 37 698
50 37 716
50 37 717
50 37 731
50 37 734
50 37 736
50 37 739
50 37 740
50 37 744
50 37 745
50 37 746
50 80 410
50 136 413
50 136 414
50 136 415
50 31 431
50 134 457
50 69 457
50 75 457
50 101 525
50 129 542
50 129 549
50 129 550
50 129 551
50 129 552
50 129 557
50 129 558
50 129 565
50 129 571
50 129 587
50 129 588
50 129 590
50 129 594
50 129 598
50 129 605
50 129 606
50 129 608
50 129 609
50 129 611
50 129 612
50 129 614
50 129 616
50 129 618
50 129 619
50 129 657
50 129 664
50 129 665
50 123 544
50 123 553
50 123 554
50 123 590
50 123 592
50 123 596
50 123 599
50 8 545
50 48 556
50 29 559
50 29 560
50 29 562
50 29 570
50 29 571
50 29 579
50 130 562
50 130 563
50 65 598
50 7 635
50 46 743
50 46 746
37 112 385
37 38 403
37 38 459
37 130 412
37 130 415
37 130 417
37 29 562
37 29 565
37 121 645
37 121 648
37 121 649
37 121 662
37 123 659
37 65 664
37 65 666
37 70 718
37 23 927
37 23 928
37 23 933
37 23 935
37 23 936
37 23 939
37 23 940
37 23 943
37 23 945
37 23 952
37 23 953
37 23 954
37 23 980
37 23 981
37 23 984
37 23 987
37 23 988
37 23 989
37 23 993
37 23 996
37 23 998
37 23 1001
37 23 1004
112 51 389
112 80 399
112 80 410
112 80 412
112 80 414
112 80 427
112 80 461
112 80 462
112 80 481
112 80 483
112 90 408
112 90 409
112 134 409
112 69 410
112 56 414
112 39 427
112 39 468
112 136 456
112 99 464
112 99 465
112 101 507
112 101 515
112 138 509
112 138 510
112 138 518
112 73 510
112 10 513
112 10 514
112 10 515
112 64 515
112 76 955
112 76 956
112 76 957
112 76 958
112 76 959
112 76 960
112 76 961
112 76 962
112 76 964
112 76 966
112 76 967
112 76 968
112 76 969
112 76 970
112 76 971
112 76 972
112 76 974
112 76 975
112 76 982
112 76 983
112 76 996
112 76 1020
112 76 1022
112 76 1023
112 76 1024
112 76 1025
112 76 1026
112 76 1027
112 76 1028
112 76 1029
112 76 1030
112 76 1031
112 76 1032
112 76 1033
112 76 1034
66 51 386
66 51 387
66 51 388
66 51 391
66 51 394
66 51 395
66 51 396
66 51 397
66 51 401
66 51 402
66 51 403
66 51 404
66 51 405
66 51 406
66 51 407
66 51 414
66 51 415
66 51 416
66 51 418
66 51 423
66 51 430
66 51 431
66 51 434
66 51 436
66 51 447
66 51 450
66 51 516
66 51 517
66 51 521
66 51 527
66 51 529
66 51 530
66 51 531
66 51 532
66 51 538
66 51 539
66 51 541
66 51 542
66 51 543
66 51 544
66 51 545
66 51 556
66 51 557
66 51 838
66 51 839
66 13 391
66 13 394
66 13 403
66 13 404
66 13 405
66 13 407
66 13 408
66 13 409
66 13 410
66 13 411
66 13 416
66 13 418
66 13 421
66 13 423
66 13 433
66 13 434
66 13 513
66 13 541
66 80 400
66 80 420
66 80 421
66 80 422
66 80 423
66 80 424
66 134 403
66 134 404
66 90 403
66 75 404
66 128 410
66 128 413
66 56 416
66 136 420
66 39 421
66 31 425
66 54 432
66 54 433
66 54 434
66 54 557
66 54 558
66 99 436
66 99 441
66 8 538
51 13 398
51 13 399
51 13 404
51 13 438
51 13 446
51 13 447
51 13 501
51 13 505
51 13 507
51 13 508
51 13 509
51 13 510
51 13 512
51 13 517
51 13 531
51 13 538
51 13 543
51 13 545
51 13 553
51 13 557
51 130 400
51 130 419
51 130 424
51 130 425
51 130 802
51 81 403
51 128 403
51 116 408
51 48 426
51 48 556
51 48 557
51 95 436
51 95 441
51 95 506
51 95 507
51 91 440
51 91 441
51 38 459
51 8 538
51 101 542
51 121 545
51 85 549
51 85 553
51 46 556
51 139 782
51 139 784
51 139 786
51 139 788
51 139 789
51 139 798
51 139 815
51 139 820
51 139 821
51 139 828
51 139 833
51 139 834
51 139 838
51 139 839
51 139 840
51 139 841
51 139 844
51 139 850
51 139 851
51 139 855
51 139 856
51 139 860
51 139 863
51 139 864
51 53 844
13 54 557
13 54 558
64 136 390
64 136 435
64 78 390
64 78 397
64 78 399
64 78 442
64 78 499
64 134 397
64 134 398
64 134 399
64 134 420
64 134 422
64 134 423
64 134 424
64 134 427
64 134 435
64 134 440
64 134 442
64 134 444
64 134 447
64 134 460
64 134 498
64 80 398
64 69 420
64 69 421
64 69 434
64 69 440
64 69 441
64 69 442
64 69 462
64 69 468
64 69 488
64 69 498
64 69 499
64 90 434
64 90 440
64 90 442
64 90 456
64 90 461
64 90 474
64 90 476
64 93 474
64 93 475
64 93 479
64 93 480
64 93 483
64 93 491
64 93 492
64 93 493
64 93 495
64 93 497
64 93 504
64 93 505
64 93 508
64 93 515
64 93 522
64 93 527
64 93 548
64 93 560
64 93 577
64 93 589
64 93 611
64 93 612
64 93 615
64 93 616
64 93 624
64 93 625
64 93 628
64 93 629
64 10 475
64 10 489
64 10 493
64 10 494
64 10 591
64 110 619
136 128 435
136 128 436
136 128 438
78 65 535
78 65 668
78 10 665
78 26 669
78 93 686
78 93 688
78 70 788
81 134 393
81 134 394
81 134 396
81 134 399
81 134 400
81 134 401
81 134 402
81 134 403
81 134 404
81 134 412
81 134 413
81 134 418
81 134 419
81 134 423
81 134 424
81 134 427
81 134 428
81 134 431
81 134 432
81 134 433
81 134 434
81 134 435
81 134 436
81 134 437
81 134 438
81 134 440
81 134 447
81 134 452
81 134 453
81 134 456
81 134 458
81 134 459
81 134 465
81 134 466
81 134 474
81 134 475
81 134 476
81 134 496
81 134 497
81 134 499
81 69 393
81 69 399
81 69 414
81 69 433
81 69 445
81 69 476
81 69 484
81 75 439
81 75 441
81 75 447
81 75 455
81 75 458
81 75 462
81 75 465
81 75 497
81 39 556
81 39 560
81 39 562
81 39 565
81 39 572
81 39 573
81 39 574
81 39 575
81 39 576
81 39 577
81 39 578
81 39 579
81 39 580
81 39 581
134 38 396
134 68 469
134 68 470
134 68 483
69 128 393
69 128 399
69 128 409
69 128 411
69 128 413
69 128 414
69 128 433
69 128 434
69 128 470
69 128 471
69 128 479
69 128 501
69 68 397
69 68 470
69 68 473
69 68 498
69 68 499
69 129 536
69 8 549
69 8 550
69 8 551
128 116 396
128 116 398
128 116 399
128 116 401
128 116 402
128 116 403
128 116 406
128 116 409
128 116 412
128 116 413
128 116 415
128 116 422
128 116 427
128 116 431
128 116 432
128 116 433
128 116 434
128 116 437
128 116 438
128 116 439
128 116 445
128 116 446
128 116 447
128 116 451
128 116 460
128 116 461
128 116 462
128 116 463
128 116 464
128 39 436
128 75 455
128 75 492
31 38 409
31 130 426
31 96 590
31 96 597
31 96 598
31 96 599
31 96 600
31 96 601
31 96 603
31 96 607
31 96 608
31 96 609
31 96 610
31 96 611
31 96 613
31 96 614
31 96 615
31 96 618
31 96 619
31 96 621
31 96 622
31 96 623
31 96 632
31 96 633
31 96 634
31 96 647
31 96 648
31 96 649
31 96 650
31 96 651
31 96 652
31 96 653
31 96 654
31 96 655
31 96 656
31 96 657
31 96 658
31 96 659
31 96 664
31 96 665
31 96 669
31 96 680
31 96 692
31 96 693
31 96 694
31 96 695
31 96 696
31 96 697
31 96 700
31 96 701
31 96 704
31 101 611
31 101 612
31 101 613
31 10 613
31 10 614
31 10 619
31 100 656
31 100 664
80 102 744
80 105 825
80 105 826
116 99 446
116 27 941
116 27 949
116 27 952
68 75 396
68 75 420
68 75 441
68 90 409
68 90 499
68 129 535
68 55 786
68 94 882
75 92 632
75 92 633
75 12 638
75 12 870
75 96 684
75 53 777
75 53 850
75 60 846
39 130 402
39 130 403
39 130 404
39 130 405
39 130 410
39 130 426
39 130 428
39 130 434
39 130 469
39 130 484
39 130 509
39 130 514
39 130 515
39 91 499
39 8 573
39 110 576
39 135 579
38 110 512
38 23 918
38 29 938
48 7 639
48 7 714
48 7 715
48 7 718
48 7 719
48 7 723
48 7 724
48 7 726
48 7 729
48 7 731
48 7 736
48 7 737
48 7 738
48 7 740
48 7 741
48 7 742
48 7 743
48 7 744
48 7 748
48 7 749
48 7 750
48 73 761
130 99 466
130 99 612
130 29 514
130 29 515
130 29 516
130 29 519
130 29 520
130 29 521
130 29 522
130 29 523
130 29 524
130 29 527
130 29 530
130 29 531
130 29 532
130 29 534
130 29 535
130 29 537
130 29 538
130 29 539
130 29 540
130 29 541
130 29 542
130 29 543
130 29 544
130 29 545
130 29 546
130 29 547
130 29 548
130 29 549
130 29 550
130 29 552
130 29 554
130 29 555
130 29 556
130 29 559
130 29 560
130 29 562
130 29 565
130 29 566
130 29 570
130 29 572
130 29 573
130 29 579
130 29 580
130 29 581
130 29 583
130 29 584
130 29 587
130 29 588
130 29 589
130 29 590
130 29 591
130 29 594
130 29 596
130 29 597
130 29 598
130 29 599
130 29 613
130 29 614
130 29 615
130 29 617
130 29 618
130 29 685
130 29 688
130 29 693
130 29 696
130 29 697
130 29 698
130 29 704
130 29 705
130 29 706
130 29 707
130 29 708
130 29 713
130 29 733
130 29 734
130 29 748
130 29 763
130 29 766
130 29 767
130 29 768
130 29 769
130 29 770
130 29 771
130 29 772
130 29 796
130 29 808
130 29 810
130 29 820
130 29 823
130 29 827
130 29 831
130 29 833
130 29 835
130 29 837
130 29 838
130 29 840
130 29 841
130 29 842
130 29 843
130 29 844
130 29 845
130 29 846
130 29 848
130 29 849
130 29 851
130 29 852
130 29 853
130 29 854
130 29 855
130 29 857
130 29 858
130 29 859
130 29 861
130 29 862
130 29 863
130 29 865
130 29 866
130 29 867
130 29 868
130 29 870
130 29 871
130 29 875
130 29 877
130 29 878
130 29 879
130 29 880
130 29 893
130 29 905
130 29 906
130 29 907
130 29 910
130 29 911
130 29 913
130 29 914
130 29 916
130 29 917
130 29 920
130 29 937
130 29 956
130 29 957
130 29 978
130 29 979
130 10 584
130 10 597
130 10 598
130 115 614
130 122 787
130 122 789
130 118 788
130 65 824
130 73 886
130 123 921
130 123 923
130 100 936
130 100 937
90 138 474
90 138 475
90 138 477
90 101 474
90 101 475
90 10 474
90 10 613
90 41 480
90 41 485
90 41 486
90 41 489
90 41 491
90 41 515
90 41 518
90 41 544
90 41 545
90 41 546
90 41 601
90 41 632
90 41 639
90 41 640
90 41 647
90 41 663
90 41 664
90 41 713
90 110 547
90 7 631
90 84 634
90 84 635
90 84 636
90 44 682
90 111 711
87 99 403
87 99 404
87 99 405
87 99 407
87 99 408
87 99 409
87 99 411
87 99 413
87 99 414
87 99 417
87 99 419
87 99 420
87 99 424
87 99 431
87 99 433
87 99 438
87 99 442
87 99 446
87 99 458
87 99 459
87 99 461
87 99 465
87 99 477
87 99 478
87 99 479
87 99 480
87 99 481
87 99 482
87 99 484
87 99 487
87 99 496
87 99 503
87 99 508
87 99 509
87 99 510
87 23 663
87 23 665
87 23 666
87 23 667
87 23 671
87 23 683
87 23 685
87 23 734
87 23 763
87 23 785
87 23 788
87 115 665
87 26 668
87 26 677
87 26 679
87 28 672
87 28 673
87 28 674
87 28 675
87 28 676
87 28 677
87 28 681
87 28 682
87 28 687
87 28 688
87 28 726
87 28 785
87 28 788
99 10 629
99 10 635
99 10 637
99 10 654
99 10 657
99 10 658
99 10 659
99 10 660
99 10 662
99 10 665
99 10 673
99 10 698
99 10 710
99 10 711
99 10 716
99 10 717
99 10 718
99 10 719
99 10 720
99 10 721
56 138 483
56 138 490
56 138 492
56 138 493
56 138 495
56 138 496
56 138 497
56 138 501
56 138 502
56 138 508
56 138 521
56 138 522
56 138 523
56 138 525
56 138 526
56 138 538
56 138 546
56 138 547
56 138 548
56 138 587
56 138 624
56 138 627
56 138 628
56 138 629
56 10 520
56 10 526
56 10 528
56 10 531
56 10 533
56 10 592
56 10 593
56 10 629
56 110 591
105 115 417
105 73 687
105 73 703
105 73 718
105 73 832
105 94 687
105 94 688
105 94 735
105 94 736
105 94 740
105 94 741
105 94 742
105 94 743
105 94 744
105 94 751
105 94 782
105 94 783
105 94 826
105 94 828
105 94 837
105 94 883
115 8 603
115 6 603
115 92 607
115 92 608
115 92 646
115 92 647
115 92 658
115 101 608
115 129 639
115 12 645
115 12 733
115 41 669
115 41 711
115 41 713
115 41 721
115 111 717
115 111 718
115 111 721
115 65 726
115 139 785
115 57 785
54 65 647
54 65 648
54 65 649
54 65 651
54 65 652
54 65 660
54 65 661
54 65 714
54 65 715
54 65 722
54 65 728
54 65 736
54 65 737
54 65 738
54 65 739
54 65 740
54 65 741
54 7 718
91 73 489
91 10 506
91 70 680
91 70 681
91 70 837
91 70 839
91 70 842
91 70 843
95 10 523
95 8 536
95 8 537
95 8 538
95 8 539
95 8 540
95 8 541
95 6 539
60 89 762
60 89 769
60 89 783
60 89 795
60 89 797
60 89 798
60 89 803
60 89 804
60 89 805
60 89 806
60 89 810
60 89 816
60 89 818
60 89 819
60 89 820
60 89 822
60 89 829
60 89 832
60 89 836
60 89 842
60 89 854
60 89 932
60 89 934
60 55 788
60 55 797
60 55 803
60 55 806
60 55 812
60 55 818
60 55 819
60 55 820
60 55 821
60 55 822
60 12 795
60 122 847
60 100 938
60 100 940
85 41 441
85 41 442
85 41 453
85 41 460
85 41 461
85 41 471
85 41 472
85 41 473
85 41 474
85 41 476
85 41 477
85 41 478
85 41 485
85 41 490
85 41 499
85 41 513
85 41 514
85 41 530
85 41 535
85 41 536
85 41 537
85 41 538
85 41 539
85 41 540
85 41 541
85 41 544
85 41 546
85 41 548
85 41 549
85 41 550
85 41 569
85 41 604
85 41 614
85 41 630
85 110 546
85 44 626
85 138 627
85 102 1018
85 102 1019
41 138 599
41 57 662
92 44 589
92 44 590
92 44 591
92 44 592
92 44 595
92 44 610
92 44 611
92 44 612
92 44 613
92 44 614
92 44 616
92 44 617
92 44 634
92 44 636
92 44 641
92 44 643
92 44 644
92 44 645
92 44 646
92 44 647
92 44 648
92 44 649
92 44 650
92 44 652
92 44 653
92 44 654
92 44 655
92 44 656
92 44 659
92 44 671
92 44 673
92 44 683
92 44 684
92 44 685
92 44 686
92 44 687
92 44 688
92 29 597
138 93 474
138 93 475
138 93 476
138 93 477
138 93 487
138 93 488
138 93 492
138 93 504
138 93 507
138 93 510
138 93 511
138 93 512
138 93 513
138 93 522
138 93 523
138 93 527
138 93 532
138 93 533
138 93 547
138 93 548
138 93 579
138 93 580
138 93 582
138 93 583
138 93 587
138 93 591
138 93 592
138 93 593
138 93 594
138 93 595
138 93 596
138 93 597
138 93 602
138 93 604
138 93 605
138 93 607
138 93 608
138 93 612
138 93 613
138 93 624
138 93 625
138 93 627
138 93 628
138 93 629
138 10 475
138 10 477
138 10 488
138 10 489
138 10 500
138 10 580
138 10 581
138 10 591
101 10 475
101 10 477
101 10 479
101 10 487
101 10 488
101 10 490
101 10 500
101 10 548
101 10 551
101 10 584
101 10 591
101 10 606
101 10 609
101 10 620
101 10 639
101 121 573
10 93 474
10 93 476
10 93 486
10 93 491
10 93 498
10 93 501
10 93 504
10 93 505
10 93 519
10 93 520
10 93 523
10 93 526
10 93 532
10 93 533
10 93 547
10 93 549
10 93 550
10 93 589
10 93 592
10 93 607
10 93 608
10 93 613
10 93 615
10 93 616
10 93 617
10 93 621
10 93 622
10 93 623
10 93 624
10 93 625
10 93 626
10 137 578
10 137 606
10 8 579
10 110 580
10 110 586
10 110 591
10 110 620
10 29 597
10 29 598
10 96 618
10 7 623
10 7 711
10 111 698
10 111 717
10 12 705
10 44 711
93 84 675
93 84 681
93 84 682
93 84 683
93 84 685
93 84 686
93 84 692
93 84 694
93 84 708
93 70 679
93 70 681
93 70 682
93 28 688
73 102 686
73 102 687
73 102 741
73 102 742
73 102 748
73 102 752
73 102 753
73 102 772
73 102 773
73 102 859
73 53 686
73 53 741
73 53 744
73 53 746
73 53 747
73 53 748
73 53 750
73 53 752
73 53 762
73 53 805
73 53 845
73 53 846
73 53 856
73 53 857
73 53 858
73 53 875
73 53 876
73 53 879
73 53 882
73 55 699
73 55 709
73 55 750
73 55 752
73 55 753
73 55 832
73 55 834
73 55 836
73 55 839
73 55 890
73 29 886
110 8 549
110 8 597
110 96 590
110 96 597
110 96 624
110 96 626
110 96 632
110 96 666
110 96 670
110 96 697
110 96 704
110 96 705
110 29 592
47 122 913
47 122 914
29 8 521
29 8 522
29 8 523
29 8 524
29 8 525
29 8 526
29 8 527
29 8 528
29 8 529
29 8 530
29 8 531
29 8 532
29 8 534
29 8 553
29 8 554
29 6 521
29 6 522
29 6 530
29 6 531
29 6 532
29 6 558
29 135 579
29 12 794
29 94 796
29 122 830
29 122 853
29 84 833
29 84 840
6 8 517
6 8 518
6 8 519
6 8 520
6 8 521
6 8 522
6 8 523
6 8 524
6 8 525
6 8 526
6 8 527
6 8 528
6 8 529
6 8 530
6 8 531
6 8 532
6 8 533
6 8 534
6 8 535
6 8 536
6 8 538
6 8 539
6 8 540
6 8 541
6 8 555
6 8 560
6 8 561
6 8 563
6 8 565
6 8 566
6 8 567
6 8 568
6 8 569
6 8 570
6 8 571
6 8 572
6 8 573
6 8 579
6 8 580
6 8 583
6 8 584
6 8 585
6 8 587
6 8 588
6 8 594
6 8 596
6 8 597
6 8 598
6 8 599
6 8 600
6 8 601
6 8 602
6 8 604
6 26 602
8 65 601
65 129 535
65 129 536
65 129 539
65 129 541
65 129 542
65 129 545
65 129 548
65 129 549
65 129 553
65 129 555
65 129 556
65 129 558
65 129 559
65 129 560
65 129 561
65 129 562
65 129 563
65 129 564
65 129 565
65 129 566
65 129 567
65 129 569
65 129 570
65 129 571
65 129 572
65 129 573
65 129 577
65 129 579
65 129 580
65 129 581
65 129 583
65 129 584
65 129 587
65 129 589
65 129 590
65 129 591
65 129 598
65 129 600
65 129 606
65 129 607
65 129 608
65 129 610
65 129 611
65 129 613
65 129 638
65 129 639
65 129 640
65 129 641
65 129 642
65 129 643
65 129 644
65 129 645
65 129 646
65 129 647
65 129 649
65 129 650
65 129 651
65 129 652
65 129 653
65 129 654
65 129 655
65 129 658
65 129 659
65 129 660
65 129 661
65 129 664
65 129 667
65 129 668
65 129 669
65 129 670
65 129 671
65 129 673
65 129 708
65 129 711
65 129 713
65 129 715
65 129 725
65 129 731
65 129 732
65 129 733
65 129 734
65 129 739
65 129 740
65 129 741
65 129 746
65 129 749
65 129 750
65 129 751
65 129 752
65 129 753
65 129 755
65 129 757
65 129 758
65 129 760
65 129 766
65 129 767
65 129 778
65 129 783
65 129 784
65 129 795
65 129 796
65 129 811
65 129 815
65 129 817
65 129 818
65 129 819
65 129 821
65 129 822
65 129 827
65 129 828
65 129 829
65 129 830
65 129 831
65 129 833
65 129 834
65 129 835
65 129 836
65 129 852
65 129 853
65 129 855
65 129 856
65 129 859
65 129 860
65 129 861
65 129 862
65 129 864
65 129 865
65 129 866
65 129 870
65 129 875
65 129 876
65 129 877
65 129 893
65 129 894
65 129 895
65 129 896
65 129 901
65 129 911
65 129 919
65 129 920
65 129 921
65 129 924
65 129 925
65 122 535
65 122 584
65 135 548
65 135 556
65 135 557
65 135 585
65 135 586
65 135 587
65 135 590
65 135 596
65 135 598
65 12 649
65 12 719
65 44 652
65 102 813
65 102 814
65 3 872
65 3 880
65 3 885
65 127 909
129 137 616
129 137 618
129 137 619
129 121 666
129 12 668
129 23 734
122 111 808
122 11 885
123 76 537
123 76 540
123 76 543
123 76 544
123 76 546
123 76 547
123 76 550
123 76 554
123 76 557
123 76 574
123 76 585
123 76 674
123 76 675
123 76 709
123 76 712
123 76 714
123 76 726
123 76 727
123 76 736
123 76 754
123 76 759
123 76 770
123 76 775
123 76 776
123 76 779
123 137 559
123 12 649
123 12 746
123 100 669
123 111 738
123 111 739
76 12 668
76 23 756
76 118 756
121 137 564
121 84 671
121 12 703
121 53 733
46 135 546
46 135 555
46 135 556
46 135 582
46 135 589
46 135 595
46 135 607
46 135 610
46 135 613
46 135 617
96 26 633
96 26 634
96 53 686
96 53 687
96 53 690
96 53 696
96 53 703
96 53 709
96 53 714
96 53 715
96 53 727
96 53 728
96 53 729
96 53 731
96 53 732
96 53 733
96 53 735
96 53 736
96 53 740
96 53 741
96 53 828
96 53 830
96 53 833
96 53 835
96 53 836
96 53 849
96 53 851
96 53 853
96 53 896
96 82 740
26 133 589
26 133 592
26 133 605
26 133 633
26 133 636
26 133 637
26 133 655
26 133 656
26 133 657
26 133 658
26 133 682
26 44 600
26 100 645
133 12 855
44 111 749
44 11 852
100 11 821
100 11 822
100 11 824
100 11 829
100 11 830
100 11 831
100 11 832
100 11 833
100 11 834
100 11 838
100 11 842
100 11 843
100 11 847
100 11 848
100 11 849
100 11 850
100 11 853
100 11 858
100 11 866
100 11 867
100 11 874
100 11 875
100 11 876
100 11 879
100 11 880
100 11 881
100 11 882
100 11 884
100 11 885
100 11 886
100 11 891
100 11 892
100 11 893
100 11 894
100 11 897
100 11 909
100 11 910
100 11 911
100 11 912
100 11 913
100 11 915
100 11 919
100 11 937
100 11 938
100 11 940
12 1 615
12 1 618
12 1 619
12 1 625
12 1 626
12 1 627
12 1 636
12 1 654
12 1 668
12 84 627
12 84 678
12 84 679
12 84 680
12 84 701
12 84 715
12 84 717
12 84 718
12 84 719
12 84 720
12 84 721
12 84 723
12 84 724
12 84 725
12 84 726
12 84 733
12 84 738
12 84 740
12 84 741
12 84 744
12 84 745
12 84 746
12 84 750
12 84 753
12 84 758
12 84 760
12 84 761
12 84 762
12 84 763
12 84 764
12 84 767
12 84 768
12 84 769
12 84 770
12 84 771
12 84 772
12 84 773
12 84 774
12 84 775
12 84 776
12 84 777
12 84 778
12 84 779
12 84 780
12 84 781
12 84 782
12 84 783
12 84 784
12 84 786
12 84 787
12 84 788
12 84 789
12 84 792
12 84 793
12 111 712
12 118 717
12 118 718
12 118 719
12 118 721
12 118 722
12 118 724
12 118 725
12 118 726
12 118 727
12 118 728
12 118 729
12 118 742
12 23 748
12 28 748
84 28 706
84 94 771
84 94 777
84 94 792
84 94 814
84 94 815
84 94 837
84 94 838
84 94 839
84 94 840
84 94 841
84 94 842
84 94 843
23 28 664
23 28 668
23 28 673
23 28 674
23 28 677
23 28 678
23 28 681
23 28 689
23 28 690
23 28 700
23 28 702
23 28 705
23 28 713
23 28 745
23 28 746
23 28 748
23 28 749
23 28 750
23 28 751
23 28 752
23 28 755
23 28 756
23 28 757
23 28 759
23 28 762
23 28 764
23 28 766
23 28 767
23 28 773
23 28 774
23 28 775
23 28 776
23 28 781
23 28 785
23 70 785
23 70 788
28 94 770
70 53 718
70 94 779
70 94 780
70 94 805
70 94 806
70 94 807
70 94 817
70 94 818
70 94 826
70 94 828
70 94 837
70 94 838
70 94 839
70 94 840
70 94 841
70 94 842
70 94 843
118 14 680
118 111 680
118 111 681
118 111 684
118 111 691
118 111 694
118 111 698
118 111 702
118 111 704
118 111 774
118 111 775
118 111 776
118 111 777
118 111 788
118 111 790
118 111 791
118 111 796
118 111 798
118 111 799
118 111 803
118 55 788
14 111 680
14 111 687
111 94 780
111 94 781
111 94 782
111 94 806
111 53 818
111 53 868
111 27 840
111 27 841
111 27 843
111 27 845
111 27 846
111 27 847
111 27 848
111 27 849
111 27 850
111 27 854
111 27 855
111 27 858
111 27 859
111 27 862
111 27 869
111 27 873
111 27 874
111 27 875
111 27 876
111 27 877
111 27 880
111 27 885
111 27 890
111 27 892
111 27 893
111 27 895
111 27 896
111 27 897
111 27 898
111 27 901
111 27 902
111 27 903
111 27 908
111 27 920
111 27 923
111 27 924
111 27 925
111 27 928
111 27 939
111 27 940
111 27 947
111 27 948
111 27 950
111 27 951
111 82 857
111 82 861
111 11 883
53 94 687
53 94 711
53 94 712
53 94 713
53 94 720
53 94 721
53 94 731
53 94 733
53 94 734
53 94 735
53 94 736
53 94 740
53 94 741
53 94 745
53 94 746
53 94 747
53 94 748
53 94 750
53 94 751
53 94 752
53 94 759
53 94 760
53 94 771
53 94 772
53 94 773
53 94 791
53 94 792
53 94 796
53 94 823
53 94 824
53 94 852
53 94 853
53 94 858
53 94 861
53 94 862
53 11 926
53 11 938
53 11 940
94 82 740
94 82 743
94 82 744
94 82 749
94 82 751
94 82 761
94 82 762
94 82 763
94 82 775
94 82 776
94 82 837
94 82 858
94 82 875
94 82 876
94 82 877
94 82 878
94 89 825
94 89 826
94 89 828
82 11 873
82 27 876
82 27 877
55 11 938
55 11 940
58 139 780
58 139 838
58 139 839
127 11 826
127 11 883
127 11 918
127 11 919
127 11 920
