55 37 0
55 37 6
55 37 13
55 37 15
55 37 16
55 37 17
55 37 19
55 37 20
55 37 22
55 37 26
55 37 29
55 37 31
55 37 34
55 37 35
55 37 36
55 30 3
55 36 950
55 36 951
55 36 952
55 36 953
55 36 954
55 36 956
55 36 957
55 36 958
55 36 959
55 36 982
55 36 984
55 36 985
55 36 1017
55 36 1018
55 36 1019
55 36 1020
55 36 1024
55 36 1025
55 36 1045
55 36 1046
55 36 1047
55 36 1048
55 36 1051
55 36 1053
55 36 1054
55 26 951
55 3 952
55 69 1054
55 69 1055
37 56 1165
37 56 1166
37 56 1167
37 56 1168
37 56 1172
37 56 1173
37 56 1174
37 56 1175
37 56 1176
37 56 1177
37 56 1185
37 56 1186
37 56 1191
37 56 1193
37 56 1194
37 56 1197
37 56 1198
37 56 1199
37 56 1202
37 56 1203
37 56 1204
37 56 1205
37 56 1206
37 56 1207
37 56 1208
37 56 1209
37 56 1212
37 56 1213
37 56 1230
37 56 1231
37 56 1232
37 56 1233
37 56 1234
37 56 1236
37 56 1237
37 56 1238
37 56 1240
37 56 1241
37 56 1242
37 56 1244
37 56 1245
37 56 1254
37 56 1256
37 56 1264
37 56 1265
37 56 1268
37 56 1274
37 65 1192
37 65 1195
37 13 1206
30 43 11
30 43 136
30 70 134
30 70 135
30 12 134
30 12 135
30 61 1273
30 61 1275
30 76 1295
30 52 1311
30 52 1312
30 52 1313
30 52 1314
30 52 1315
30 16 1312
30 16 1313
30 16 1314
30 16 1326
30 16 1329
30 16 1333
30 16 1336
30 16 1338
28 42 10
28 50 135
28 3 839
28 3 840
28 3 842
28 3 843
28 3 844
28 3 846
28 3 847
28 3 848
28 3 849
28 3 850
28 3 852
28 3 853
28 3 859
28 3 862
28 3 885
28 3 892
28 3 899
28 3 904
28 3 905
28 3 906
28 3 913
28 3 916
28 3 918
28 3 933
28 3 934
28 3 938
28 3 940
28 3 941
28 3 952
28 3 953
28 3 954
28 4 839
28 4 840
28 4 843
28 4 844
28 4 845
28 4 846
28 4 847
28 4 848
28 4 849
28 4 850
28 4 851
28 4 852
28 4 854
28 4 855
28 4 856
28 4 857
28 4 858
28 4 859
28 4 860
28 4 861
28 4 862
28 4 863
28 4 864
28 4 868
28 4 892
28 4 893
28 4 902
28 4 903
28 4 924
28 4 942
28 4 952
28 4 953
28 4 954
42 25 231
42 17 231
42 24 279
42 24 281
42 32 352
42 87 356
42 47 375
42 45 376
43 32 512
43 32 516
43 32 517
43 32 520
43 32 523
43 32 526
43 32 527
43 32 534
43 32 537
43 32 547
43 32 548
43 32 549
43 32 550
43 32 551
43 32 561
43 32 563
43 32 569
43 32 570
43 32 571
43 32 572
43 32 573
43 32 574
43 32 576
43 32 586
43 32 595
43 32 599
43 32 601
43 32 608
43 32 610
43 32 615
43 32 616
43 32 617
43 32 618
43 32 629
43 32 680
43 32 681
43 32 701
43 32 706
43 74 512
43 74 517
43 74 519
43 74 520
43 74 521
43 74 522
43 74 525
43 74 526
43 74 527
43 74 533
43 74 537
43 74 545
43 74 550
43 74 551
43 74 552
43 74 553
43 74 554
43 74 555
43 74 560
43 74 561
43 74 573
43 74 574
43 74 576
43 74 579
43 74 581
43 74 589
43 74 591
43 74 593
43 74 596
43 74 597
43 74 598
43 74 601
43 74 602
43 74 603
43 74 607
43 74 608
43 74 609
43 74 616
43 74 617
43 74 622
43 74 627
43 74 629
43 74 637
43 74 638
43 74 640
43 74 656
43 74 664
43 74 668
43 74 677
43 74 679
43 74 682
43 74 684
43 74 686
43 74 705
43 2 518
43 2 522
43 2 537
43 2 550
43 2 552
43 2 556
43 2 557
43 2 561
43 2 568
43 2 569
43 2 570
43 2 572
43 2 573
43 2 579
43 2 581
43 2 584
43 2 586
43 2 588
43 2 589
43 2 590
43 2 591
43 2 592
43 2 593
43 2 599
43 2 608
43 2 609
43 2 610
43 2 614
43 2 615
43 2 616
43 2 618
43 2 619
43 2 623
43 2 627
43 2 628
43 2 629
43 2 638
43 2 640
43 2 653
43 2 680
43 2 681
43 2 684
43 2 691
43 2 700
43 2 704
43 2 705
43 2 706
73 44 55
73 44 58
73 44 62
73 44 71
73 44 121
73 44 131
73 44 132
73 44 144
73 44 146
73 44 147
73 38 146
73 32 512
73 32 515
73 32 520
73 32 522
73 32 523
73 32 525
73 32 526
73 32 529
73 32 532
73 32 535
73 32 536
73 32 540
73 32 550
73 32 551
73 32 554
73 32 555
73 32 559
73 32 561
73 32 562
73 32 573
73 32 575
73 32 576
73 32 577
73 32 579
73 32 582
73 32 583
73 32 584
73 32 585
73 32 594
73 32 595
73 32 596
73 32 600
73 32 601
73 32 602
73 32 604
73 32 607
73 32 608
73 32 609
73 32 610
73 32 613
73 32 627
73 32 630
73 32 631
73 32 639
73 32 685
73 32 686
73 32 690
73 2 521
73 2 522
73 2 524
73 2 525
73 2 544
73 2 546
73 2 555
73 2 556
73 2 558
73 2 559
73 2 560
73 2 561
73 2 567
73 2 568
73 2 574
73 2 575
73 2 579
73 2 580
73 2 581
73 2 582
73 2 583
73 2 584
73 2 592
73 2 596
73 2 597
73 2 603
73 2 604
73 2 605
73 2 606
73 2 607
73 2 608
73 2 609
73 2 610
73 2 611
73 2 616
73 2 618
73 2 633
73 2 638
73 2 639
73 2 640
73 2 643
73 2 664
73 2 676
73 2 677
73 2 685
73 2 686
73 2 693
73 2 704
73 2 705
44 8 512
44 31 515
44 9 520
44 9 523
44 9 532
44 9 533
44 9 537
44 9 547
44 9 549
44 9 550
44 9 551
44 9 559
44 9 560
44 9 561
44 9 562
44 9 564
44 9 565
44 9 566
44 9 567
44 9 569
44 9 570
44 9 571
44 9 576
44 9 577
44 9 578
44 9 579
44 9 580
44 9 581
44 9 583
44 9 584
44 9 585
44 9 586
44 9 587
44 9 589
44 9 590
44 9 593
44 9 603
44 9 604
44 9 606
44 9 608
44 9 610
44 9 666
44 9 668
44 9 669
44 9 670
44 9 671
44 9 684
44 9 686
44 9 694
44 9 704
44 9 705
44 9 706
44 35 705
45 72 57
45 72 61
45 72 63
45 72 66
45 72 76
45 38 145
45 10 221
45 14 233
45 29 276
45 29 278
45 81 477
45 81 482
45 32 567
45 2 587
72 5 1258
72 5 1260
72 5 1261
72 5 1263
72 5 1265
72 5 1266
72 5 1267
72 5 1286
72 5 1287
72 5 1288
72 5 1291
72 5 1294
72 5 1300
72 5 1309
72 5 1315
72 5 1319
72 5 1328
72 5 1330
72 5 1346
72 5 1353
72 5 1357
72 5 1358
24 24 86
24 24 88
24 24 92
24 24 95
24 24 158
24 24 203
24 24 210
24 24 277
24 24 285
24 24 289
24 24 345
24 24 348
24 82 153
24 82 203
24 82 205
24 82 211
24 82 225
24 82 257
24 82 345
24 82 348
24 82 353
24 82 354
24 82 355
24 12 203
34 64 122
34 64 124
34 64 125
34 64 126
34 64 128
34 64 136
34 64 140
34 64 144
34 64 154
34 64 155
34 64 168
34 64 173
34 64 176
34 64 180
34 64 181
34 64 182
34 64 185
34 64 187
34 64 188
34 64 189
34 64 190
34 64 191
34 64 204
34 64 207
34 64 208
34 64 209
34 64 250
34 64 253
34 64 254
34 64 258
34 69 140
34 69 161
34 50 140
34 50 144
34 50 155
34 50 156
34 50 161
34 50 162
34 50 168
34 50 173
34 50 174
34 50 176
34 50 180
34 50 181
34 50 182
34 50 184
34 50 185
34 50 187
34 50 194
34 50 195
34 50 207
34 50 208
34 50 209
34 50 261
34 50 262
34 59 148
34 59 154
34 57 744
64 52 135
64 52 136
64 52 137
64 52 138
64 52 139
64 52 140
64 52 142
64 52 143
64 52 146
64 52 148
64 52 149
64 52 150
64 52 151
64 52 154
64 52 155
64 52 156
64 52 157
64 52 160
64 52 161
64 52 163
64 52 169
64 52 170
64 52 171
64 52 173
64 52 174
64 52 175
64 52 176
64 52 185
64 52 199
64 52 200
64 52 202
64 52 207
64 52 208
64 52 210
64 52 225
64 52 229
64 52 244
64 52 245
64 52 246
64 52 250
64 52 251
64 52 252
64 52 255
64 52 257
64 52 258
64 52 262
64 52 263
64 52 264
64 52 270
64 52 271
64 52 278
64 52 294
64 52 297
64 52 299
64 52 300
64 52 301
64 52 302
64 52 308
64 52 311
64 52 316
64 52 317
64 52 324
64 12 139
64 70 142
64 70 147
64 38 147
64 50 152
64 50 153
64 86 220
64 86 221
64 86 222
64 86 224
64 86 225
64 86 231
64 46 281
84 26 122
84 26 204
84 26 227
84 26 229
84 26 239
84 26 250
84 26 251
84 26 252
84 26 253
84 26 256
84 26 344
84 26 359
84 89 298
84 89 299
84 89 303
84 89 304
84 89 305
84 89 306
84 89 307
84 89 308
84 89 311
84 89 312
84 89 315
84 89 318
84 89 319
84 89 320
84 89 321
84 89 322
84 89 328
84 89 333
84 89 334
84 89 335
84 89 336
84 89 337
84 89 338
84 89 340
84 89 341
84 89 343
84 89 345
84 89 346
84 89 349
84 89 350
84 89 355
84 89 357
84 89 359
84 89 360
84 89 361
84 89 362
84 89 363
84 89 365
84 89 366
84 89 367
84 89 368
84 89 374
84 89 376
84 89 383
84 89 384
84 89 385
84 89 390
84 89 396
84 89 397
84 89 398
84 89 399
84 48 299
84 48 398
84 35 304
84 35 305
84 35 307
84 35 316
84 35 318
84 35 320
84 35 321
84 35 323
84 35 331
84 35 333
84 35 336
84 35 340
84 35 343
84 35 344
84 35 347
84 35 349
84 35 350
84 35 354
84 35 356
84 35 359
84 35 366
84 35 383
84 35 395
84 35 396
84 35 398
84 35 399
84 65 304
26 22 256
26 22 283
26 22 284
26 22 346
26 22 359
26 22 360
26 12 836
26 12 839
26 12 840
26 12 843
26 12 844
26 12 845
26 12 846
26 12 847
26 12 848
26 12 849
26 12 851
26 12 852
26 12 859
26 12 860
26 12 861
26 12 892
26 12 904
26 12 906
26 12 907
26 12 908
26 12 909
26 12 927
26 12 941
26 12 953
26 12 954
26 29 939
70 15 130
70 15 131
70 15 132
70 15 133
70 15 136
70 15 137
70 15 138
70 15 139
70 15 142
70 15 143
70 15 149
70 15 150
70 15 162
70 15 163
70 15 164
70 15 171
70 15 176
70 15 177
70 15 178
70 15 179
70 15 181
70 15 185
70 15 187
70 15 188
70 15 189
70 15 190
70 15 191
70 15 192
70 15 193
70 15 194
70 15 195
70 15 196
70 15 197
70 15 198
70 15 205
70 15 235
70 15 239
70 15 248
70 15 254
70 15 257
70 15 260
70 15 261
70 15 262
70 15 264
70 15 270
70 15 272
70 15 273
70 15 275
70 15 281
70 15 283
70 15 284
70 15 290
70 15 300
70 15 308
70 15 325
70 15 330
70 15 384
70 15 391
70 15 397
70 15 402
70 15 403
70 15 404
70 15 426
70 15 427
70 15 432
70 15 433
70 15 440
70 15 441
70 15 444
70 15 445
70 15 446
70 15 447
70 15 448
70 15 450
70 15 451
70 50 140
70 50 141
70 50 142
70 50 157
70 38 141
70 38 160
70 32 285
70 53 632
70 53 637
70 53 653
70 53 659
70 6 645
70 6 646
70 6 650
70 6 660
70 6 669
70 6 670
15 75 624
15 75 625
67 38 130
67 38 137
67 38 138
67 38 139
67 38 141
67 38 145
67 38 146
67 38 157
67 38 163
67 38 166
67 38 167
67 38 172
67 38 175
67 38 178
67 38 179
67 38 183
67 38 186
67 38 198
67 38 199
67 38 200
67 38 201
67 38 205
67 38 206
67 38 213
67 38 260
67 38 263
67 50 144
67 50 145
67 50 147
67 50 183
67 50 201
67 50 209
67 50 213
67 50 214
67 50 226
67 50 227
67 50 230
67 50 231
67 50 232
67 50 233
67 50 234
67 50 272
67 50 282
67 50 298
67 50 315
67 40 1042
67 40 1052
38 12 137
38 12 138
38 12 151
38 12 232
38 52 138
38 52 139
38 52 141
38 52 145
38 52 146
38 52 157
38 52 159
38 52 160
38 52 163
38 52 164
38 52 165
38 52 166
38 52 167
38 52 172
38 52 175
38 52 177
38 52 178
38 52 179
38 52 183
38 52 186
38 52 198
38 52 199
38 52 200
38 52 202
38 52 205
38 52 206
38 52 212
38 52 213
38 52 250
38 52 251
38 52 252
38 52 253
38 52 256
38 52 263
38 52 264
38 8 183
38 8 184
38 8 189
38 8 190
38 8 193
38 8 194
38 8 225
38 8 226
38 8 230
38 8 231
38 8 233
38 8 234
38 8 237
38 8 240
38 8 241
38 8 243
38 8 251
38 8 252
38 8 254
38 8 255
38 8 258
38 8 260
38 8 279
38 8 280
38 8 281
38 8 288
38 8 299
38 8 300
38 8 301
12 69 247
12 69 255
12 69 258
12 69 259
12 69 263
12 69 266
12 69 267
12 69 268
12 69 271
12 69 274
12 69 288
12 69 301
12 69 305
12 69 307
12 69 311
12 69 320
12 69 324
12 69 372
12 21 269
12 32 285
12 3 836
12 3 838
12 3 839
12 3 840
12 3 841
12 3 842
12 3 843
12 3 844
12 3 845
12 3 846
12 3 848
12 3 849
12 3 850
12 3 851
12 3 853
12 3 854
12 3 855
12 3 856
12 3 857
12 3 858
12 3 859
12 3 860
12 3 861
12 3 862
12 3 863
12 3 864
12 3 865
12 3 866
12 3 867
12 3 868
12 3 869
12 3 870
12 3 871
12 3 872
12 3 873
12 3 875
12 3 876
12 3 878
12 3 879
12 3 880
12 3 883
12 3 884
12 3 887
12 3 888
12 3 889
12 3 890
12 3 892
12 3 895
12 3 896
12 3 902
12 3 904
12 3 909
12 3 918
12 3 919
12 3 924
12 3 925
12 3 926
12 3 927
12 3 943
12 3 947
12 3 948
12 3 949
12 3 953
12 3 954
12 75 836
12 4 839
12 4 840
12 4 842
12 4 845
12 4 848
12 4 849
12 4 850
12 4 851
12 4 852
12 4 853
12 4 855
12 4 859
12 4 860
12 4 861
12 4 865
12 4 866
12 4 867
12 4 873
12 4 874
12 4 875
12 4 876
12 4 878
12 4 882
12 4 883
12 4 884
12 4 885
12 4 888
12 4 889
12 4 891
12 4 892
12 4 893
12 4 894
12 4 898
12 4 899
12 4 914
12 4 915
12 4 916
12 4 921
12 4 923
12 4 924
12 4 945
12 4 947
12 4 948
12 4 950
12 4 953
12 4 954
12 16 851
12 17 880
12 36 952
12 60 952
52 47 134
52 13 1304
52 13 1305
52 13 1306
52 13 1307
52 13 1309
52 13 1310
52 13 1311
52 13 1312
52 13 1313
52 13 1357
52 13 1363
52 13 1364
52 13 1365
52 13 1371
52 13 1378
52 13 1390
52 79 1379
47 86 174
47 87 297
47 87 399
47 87 400
47 65 379
47 35 399
47 89 399
47 0 647
47 0 650
47 0 655
47 0 674
47 0 683
47 0 686
47 0 687
47 0 690
47 0 691
47 0 692
47 0 693
47 0 694
47 0 698
47 0 700
47 0 701
47 0 703
47 0 704
47 0 705
47 0 708
47 0 725
47 0 727
47 0 728
47 0 730
47 0 733
47 0 734
47 0 735
47 0 736
47 0 739
47 0 740
47 0 747
47 0 748
47 0 772
47 0 796
47 0 797
47 0 798
47 0 805
47 0 810
47 0 811
47 0 812
47 0 813
47 0 814
47 0 815
47 0 816
47 0 817
47 0 818
47 0 819
47 0 820
47 0 821
47 0 822
47 0 823
47 48 681
47 48 683
47 48 686
47 48 689
47 48 692
47 48 693
47 48 694
47 48 695
47 48 702
47 48 704
47 48 705
47 48 706
47 48 725
47 48 726
47 48 727
47 48 729
47 48 730
47 48 734
47 48 736
47 48 737
47 48 741
47 48 743
47 48 744
47 48 746
47 48 747
47 48 749
47 48 750
47 48 752
47 48 756
47 48 757
47 48 759
47 48 761
47 48 764
47 48 765
47 48 768
47 48 769
47 48 772
47 48 775
47 48 776
47 48 779
47 48 785
47 48 787
47 48 789
47 48 790
47 48 791
47 48 793
47 48 794
47 48 803
47 48 806
47 48 810
47 48 812
47 48 813
47 48 815
47 48 816
47 48 817
47 48 821
47 48 823
50 86 212
50 29 276
50 13 1110
50 13 1111
50 13 1117
50 13 1123
50 13 1124
50 13 1127
50 13 1129
50 13 1132
50 13 1134
50 13 1135
50 13 1140
50 13 1145
50 13 1146
50 13 1152
50 13 1153
50 13 1155
50 13 1164
50 13 1165
50 13 1167
50 13 1171
50 13 1172
50 13 1179
50 13 1181
50 13 1185
50 13 1187
50 13 1188
50 13 1189
50 13 1190
50 13 1191
50 13 1192
50 13 1193
50 13 1194
50 13 1200
50 13 1204
50 13 1205
50 13 1207
50 13 1208
50 13 1209
50 13 1210
50 13 1211
69 22 258
69 40 1054
88 59 146
88 59 147
88 59 148
88 59 149
88 59 150
88 59 151
88 59 152
88 59 153
88 59 154
88 59 155
88 59 156
88 59 162
88 59 165
88 59 166
88 59 185
88 59 186
88 59 196
88 59 197
88 59 200
88 59 205
88 59 206
88 59 208
88 59 212
88 59 223
88 59 232
88 59 233
88 59 236
88 59 240
88 59 241
88 59 242
88 59 245
88 59 255
88 59 256
59 49 1336
82 22 187
82 22 246
82 22 249
82 22 280
82 22 314
82 22 335
82 22 345
82 22 346
82 22 358
82 22 359
82 65 1172
82 65 1173
82 65 1174
82 65 1175
82 65 1176
82 65 1177
82 65 1178
82 65 1179
82 65 1180
82 65 1181
82 65 1182
82 65 1183
82 65 1184
82 65 1185
82 65 1186
82 65 1187
82 65 1193
82 65 1194
82 65 1195
82 65 1196
82 65 1197
82 65 1198
82 65 1200
82 65 1201
82 65 1207
82 65 1208
82 65 1215
82 65 1216
82 65 1218
82 65 1219
82 65 1220
82 65 1221
82 65 1222
82 65 1223
82 65 1224
82 65 1225
82 65 1226
82 65 1227
82 65 1228
82 65 1229
82 65 1230
82 65 1231
82 65 1232
82 65 1233
82 65 1234
82 65 1235
82 65 1236
82 65 1237
82 65 1238
82 65 1239
82 65 1242
82 65 1244
82 65 1245
82 65 1246
82 65 1247
82 65 1248
82 65 1249
82 65 1251
82 65 1252
82 65 1253
82 65 1254
82 65 1256
82 65 1257
82 65 1259
82 65 1260
82 65 1261
82 65 1262
82 65 1263
82 65 1265
82 65 1266
82 65 1267
82 65 1268
82 65 1269
82 65 1271
82 65 1272
82 65 1274
82 65 1277
82 65 1280
82 65 1282
82 65 1285
82 65 1287
82 65 1288
82 65 1290
82 65 1291
82 65 1296
82 65 1297
82 65 1299
82 65 1300
82 65 1302
82 65 1303
82 65 1307
82 65 1308
82 65 1309
82 65 1310
82 65 1311
82 65 1315
82 65 1316
82 65 1324
82 65 1325
82 65 1327
82 65 1328
82 65 1329
82 65 1332
82 65 1340
82 65 1342
82 65 1343
82 65 1344
82 77 1323
82 77 1324
8 23 219
8 23 220
8 23 221
8 32 512
8 74 512
8 79 625
8 79 639
8 79 651
8 31 626
8 57 627
22 41 278
22 60 339
22 53 495
48 25 214
48 17 214
48 60 295
48 60 296
48 60 297
48 75 821
25 14 222
25 14 233
25 14 239
25 14 240
25 14 242
25 14 243
25 14 245
25 14 246
25 14 247
25 14 248
25 14 249
25 14 250
25 14 251
25 14 255
25 14 300
25 14 302
25 14 327
25 14 333
25 14 342
25 14 358
25 7 703
25 7 706
25 7 707
25 7 709
25 7 710
25 7 711
25 7 712
25 7 713
25 7 714
25 7 715
25 7 716
25 7 718
25 7 719
25 7 720
25 7 722
25 7 724
25 7 725
25 7 728
25 7 730
25 7 734
25 7 735
25 7 736
25 7 737
17 23 214
17 23 215
17 23 216
17 23 217
17 23 218
17 23 219
17 23 220
17 23 232
17 23 234
17 23 235
17 23 238
17 23 260
17 23 269
17 23 270
17 23 271
17 23 272
17 23 273
17 23 274
17 23 275
17 23 288
17 23 290
17 23 315
17 23 317
17 23 319
17 23 330
17 23 331
17 23 332
17 23 334
17 23 335
17 23 336
17 23 337
17 23 338
17 23 341
17 23 344
17 23 345
17 23 346
17 23 347
17 23 348
17 23 351
17 23 352
17 23 356
17 23 357
17 23 359
17 23 360
17 23 361
17 23 362
17 23 363
17 23 364
17 23 365
17 23 366
17 23 405
17 23 406
17 23 407
17 23 408
17 23 409
17 23 410
17 23 415
17 23 419
17 23 795
17 23 796
17 23 797
17 23 799
17 23 807
17 23 808
17 23 809
17 23 810
17 23 812
17 23 813
17 23 816
17 23 817
17 23 818
17 23 822
17 23 823
17 23 824
17 23 827
17 23 832
17 23 833
17 23 834
17 23 835
17 23 836
17 23 842
17 23 844
17 23 851
17 23 852
17 23 853
17 23 854
17 23 855
17 23 856
17 23 857
17 23 858
17 23 859
17 23 860
17 23 861
17 23 862
17 23 863
17 23 864
17 23 865
17 23 866
17 23 875
17 23 878
17 23 899
17 23 902
17 23 903
17 23 905
17 23 906
17 10 219
17 10 220
17 53 856
17 53 859
17 53 861
17 53 865
17 62 863
17 62 864
10 33 732
10 33 754
10 33 757
10 33 758
10 33 759
10 33 760
10 33 761
10 33 762
10 33 780
10 33 791
10 33 792
10 33 793
10 33 838
10 33 843
10 33 844
10 33 846
10 33 857
10 33 859
10 33 860
10 16 766
14 18 623
14 18 690
80 21 244
80 21 249
80 21 250
80 21 255
80 21 256
80 21 257
80 21 258
80 21 260
80 21 262
80 21 273
80 21 286
80 21 287
80 21 296
80 21 297
80 21 300
80 21 301
80 21 303
80 21 304
80 21 306
80 21 308
80 21 309
80 21 310
80 78 1095
80 78 1104
80 78 1106
80 78 1107
80 78 1109
80 78 1110
80 78 1206
80 78 1296
21 36 898
29 41 305
29 3 938
29 5 1012
41 68 1144
41 68 1145
41 68 1146
41 68 1157
41 68 1173
46 49 647
46 49 648
46 49 650
46 49 651
46 49 652
46 49 653
46 49 654
46 49 655
46 49 657
46 49 659
46 49 660
46 49 674
46 49 688
46 49 690
46 49 691
46 49 696
46 49 698
46 49 701
46 49 703
46 49 718
46 49 719
46 49 728
46 49 731
46 49 732
46 49 733
46 49 748
46 49 751
46 49 754
46 49 755
46 49 758
46 49 766
46 49 770
46 49 771
46 49 780
46 49 783
46 49 784
46 49 786
46 49 788
46 49 792
46 49 808
46 49 818
46 49 822
46 0 648
46 0 651
46 0 656
32 27 377
32 9 515
32 9 518
32 9 519
32 9 522
32 9 523
32 9 525
32 9 531
32 9 532
32 9 533
32 9 534
32 9 535
32 9 537
32 9 542
32 9 544
32 9 546
32 9 547
32 9 548
32 9 549
32 9 550
32 9 552
32 9 553
32 9 557
32 9 558
32 9 559
32 9 562
32 9 564
32 9 565
32 9 582
32 9 583
32 9 586
32 9 587
32 9 588
32 9 594
32 9 597
32 9 603
32 9 606
32 9 612
32 9 626
32 9 634
32 9 689
32 9 691
32 9 693
32 9 699
32 9 705
32 9 706
32 57 516
32 31 516
32 0 687
60 87 295
60 87 296
60 87 297
60 87 298
60 87 302
60 87 303
60 87 308
60 87 318
60 87 322
60 87 334
60 87 335
60 87 336
60 87 338
60 87 340
60 87 345
60 87 346
60 87 352
60 87 354
60 87 355
60 87 373
60 87 375
60 87 383
60 87 384
60 87 392
60 89 296
60 89 297
60 89 302
60 89 303
60 89 308
60 89 309
60 89 310
60 89 333
60 89 334
60 89 335
60 89 336
60 89 337
60 89 339
60 89 340
60 89 343
60 89 346
60 89 347
60 89 348
60 89 355
60 89 356
60 89 366
60 89 369
60 89 370
60 89 371
60 89 372
60 89 379
60 89 389
60 89 392
60 35 296
60 35 297
60 35 298
60 35 301
60 35 302
60 35 304
60 35 305
60 35 308
60 35 310
60 35 312
60 35 313
60 35 317
60 35 318
60 35 321
60 35 324
60 35 326
60 35 333
60 35 335
60 35 336
60 35 337
60 35 340
60 35 343
60 35 354
60 35 356
60 35 367
60 35 383
60 35 384
60 35 395
60 40 960
60 40 961
60 40 962
60 40 963
60 40 966
60 40 970
60 40 971
60 40 977
60 40 978
60 40 979
60 40 980
60 40 981
60 40 1004
60 40 1049
60 40 1055
87 39 296
87 39 297
87 39 300
87 39 302
87 39 303
87 39 306
87 39 311
87 39 322
87 39 339
87 39 345
87 39 348
87 39 355
87 39 362
87 39 363
87 39 365
87 39 368
87 39 369
87 39 370
87 39 371
87 39 376
87 35 298
87 35 304
87 35 305
87 35 308
87 35 310
87 35 316
87 35 320
87 35 321
87 35 333
87 35 334
87 35 335
87 35 336
87 35 337
87 35 340
87 35 346
87 35 347
87 35 350
87 35 356
87 35 357
87 35 358
87 35 359
87 35 360
87 35 361
87 35 383
87 35 389
87 35 392
87 35 394
87 35 395
87 35 396
87 35 398
87 35 399
87 65 304
87 65 374
39 89 296
39 89 297
39 89 299
39 89 300
39 89 301
39 89 302
39 89 303
39 89 306
39 89 309
39 89 311
39 89 315
39 89 339
39 89 345
39 89 362
39 89 363
39 89 368
39 89 393
39 65 303
39 65 309
39 65 322
39 65 325
39 65 339
39 65 341
39 65 342
39 65 355
39 65 368
39 65 369
39 65 385
39 78 388
39 78 403
39 78 430
39 66 413
35 2 515
35 2 516
35 2 517
35 2 521
35 2 523
35 2 527
35 2 535
35 2 546
35 2 548
35 2 549
35 2 551
35 2 552
35 2 556
35 2 557
35 2 558
35 2 563
35 2 568
35 2 569
35 2 570
35 2 571
35 2 575
35 2 580
35 2 581
35 2 582
35 2 583
35 2 584
35 2 585
35 2 597
35 2 600
35 2 610
35 2 612
35 2 616
35 2 626
35 2 627
35 2 631
35 2 633
35 2 638
35 2 656
35 2 698
35 2 704
35 2 705
35 2 706
35 74 679
35 74 684
35 74 692
35 74 693
35 74 697
65 61 1193
65 79 1323
65 79 1324
27 2 705
81 66 384
81 66 388
81 66 392
81 79 1322
66 53 664
66 53 682
66 53 683
66 53 699
66 53 709
66 53 754
66 53 758
66 53 771
66 53 782
66 53 786
66 53 903
66 53 906
66 53 964
66 53 973
66 53 975
66 53 976
68 78 385
68 78 393
68 78 403
68 78 407
68 78 414
68 78 416
68 78 423
68 78 425
68 78 427
68 78 428
68 78 442
68 78 443
68 78 447
68 78 448
68 78 449
68 78 450
68 78 487
78 63 1105
78 63 1106
78 63 1111
71 51 481
71 51 483
71 51 485
71 51 486
71 51 488
71 51 491
71 51 493
71 51 494
71 51 495
71 51 499
71 51 503
71 51 504
71 51 506
71 51 515
71 51 525
71 51 526
71 51 527
71 51 528
71 51 529
71 51 530
71 51 539
71 51 540
71 51 541
71 51 542
71 51 543
71 51 551
71 51 567
71 51 570
71 51 571
71 51 572
71 51 573
71 51 576
71 51 581
71 51 582
71 51 587
71 51 595
71 51 597
71 51 598
71 51 600
71 51 602
71 51 604
71 51 608
71 51 612
71 51 624
71 51 625
71 51 626
71 51 627
71 51 635
71 51 636
71 51 639
71 51 640
71 51 641
71 51 642
71 51 643
71 51 644
71 51 645
71 51 646
71 51 648
71 51 649
71 51 650
71 51 651
71 51 654
71 51 660
71 51 661
71 51 670
71 4 481
71 4 483
71 4 493
71 4 499
71 4 503
71 4 504
71 4 505
71 4 506
71 4 514
71 4 515
71 4 516
71 4 519
71 4 521
71 4 522
71 4 523
71 4 524
71 4 525
71 4 530
71 4 531
71 4 535
71 4 536
71 4 537
71 4 538
71 4 543
71 4 545
71 4 547
71 4 552
71 4 570
71 4 571
71 4 573
71 4 575
71 4 576
71 4 577
71 4 578
71 4 579
71 4 580
71 4 581
71 4 582
71 4 586
71 4 590
71 4 591
71 4 592
71 4 593
71 4 594
71 4 595
71 4 596
71 4 597
71 4 598
71 4 599
71 4 600
71 4 601
71 4 602
71 4 604
71 4 606
71 4 607
71 4 615
71 4 616
71 4 618
71 4 619
71 4 621
71 4 622
71 4 625
71 4 626
71 4 630
71 4 632
71 4 643
71 4 644
71 4 648
71 4 651
71 4 662
71 4 665
71 4 666
71 4 667
71 4 668
71 7 1244
71 7 1255
71 7 1256
71 7 1259
71 7 1262
71 7 1264
71 7 1268
71 7 1271
71 7 1290
71 7 1293
71 7 1295
71 7 1296
71 7 1307
71 7 1308
71 7 1312
71 7 1313
71 7 1326
71 7 1327
71 7 1333
71 7 1356
71 7 1359
71 7 1360
71 7 1361
71 7 1362
71 61 1293
71 13 1357
51 6 481
51 6 482
51 6 483
51 6 487
51 6 489
51 6 490
51 6 491
51 6 496
51 6 506
51 6 507
51 6 514
51 6 515
51 6 516
51 6 521
51 6 530
51 6 532
51 6 542
51 6 544
51 6 548
51 6 549
51 6 556
51 6 570
51 6 573
51 6 574
51 6 579
51 6 597
51 6 598
51 6 600
51 6 602
51 6 603
51 6 604
51 6 621
51 6 625
51 6 640
51 6 642
51 6 645
51 6 646
51 6 660
51 6 661
51 6 662
51 54 1322
51 54 1323
51 54 1324
51 54 1325
51 54 1331
51 54 1332
51 54 1333
51 54 1335
51 54 1340
51 54 1349
51 54 1353
51 54 1354
51 54 1355
51 54 1356
51 54 1366
51 54 1369
51 54 1372
51 54 1394
51 54 1403
51 54 1405
51 54 1406
51 54 1407
51 54 1409
51 54 1418
51 54 1420
51 54 1424
51 54 1425
51 54 1427
51 54 1430
51 54 1432
51 54 1437
51 54 1438
51 54 1439
51 54 1440
51 54 1441
51 54 1442
51 54 1443
51 54 1444
51 54 1445
51 54 1446
51 54 1447
51 54 1448
51 54 1450
51 54 1451
51 54 1452
51 54 1453
51 54 1454
51 54 1455
51 54 1456
51 54 1457
51 54 1458
51 54 1459
51 5 1331
4 53 493
4 53 495
4 53 497
4 53 499
4 53 500
4 53 502
4 53 503
4 53 504
4 20 569
4 20 574
4 19 865
4 19 866
6 76 1001
6 76 1002
6 76 1008
6 76 1009
6 76 1010
6 76 1011
6 76 1012
6 76 1014
6 76 1015
6 76 1019
6 76 1020
6 76 1021
6 76 1022
6 76 1023
6 76 1024
6 76 1026
6 76 1027
6 76 1029
6 76 1030
6 76 1031
6 76 1032
6 76 1033
6 76 1034
6 76 1035
6 76 1036
6 76 1039
6 76 1040
6 76 1041
6 76 1044
6 76 1046
6 76 1047
6 76 1052
6 76 1054
6 76 1079
6 76 1083
6 76 1084
6 76 1098
6 76 1102
6 85 1006
6 85 1008
6 85 1009
6 85 1010
6 85 1011
6 85 1013
6 85 1014
6 85 1030
6 85 1046
6 85 1050
6 85 1051
6 85 1054
53 75 794
53 16 830
53 3 886
74 9 515
74 9 520
74 9 521
74 9 522
74 9 524
74 9 525
74 9 533
74 9 545
74 9 550
74 9 551
74 9 556
74 9 567
74 9 568
74 9 569
74 9 576
74 9 579
74 9 582
74 9 583
74 9 587
74 9 589
74 9 593
74 9 594
74 9 597
74 9 599
74 9 600
74 9 614
74 9 619
74 9 621
74 9 631
74 9 632
74 9 633
74 9 639
74 9 681
74 9 682
74 9 685
74 9 686
74 9 687
74 9 689
74 9 690
74 9 694
74 9 696
74 9 697
74 9 698
74 9 700
74 9 701
74 9 704
74 9 1000
74 9 1003
74 9 1066
74 9 1070
74 31 594
74 0 687
74 62 693
2 31 515
2 31 529
2 31 594
2 9 523
2 9 525
2 9 532
2 9 533
2 9 534
2 9 535
2 9 546
2 9 548
2 9 549
2 9 550
2 9 551
2 9 566
2 9 567
2 9 573
2 9 574
2 9 575
2 9 579
2 9 580
2 9 586
2 9 589
2 9 595
2 9 598
2 9 600
2 9 610
2 9 611
2 9 612
2 9 616
2 9 639
2 9 685
2 9 686
2 9 698
2 9 706
2 57 529
2 3 838
2 3 839
2 3 840
2 3 841
2 3 842
2 3 850
2 3 851
2 3 852
2 3 854
2 3 855
2 3 859
2 3 860
2 3 861
2 3 862
2 3 866
2 3 867
2 3 872
2 3 873
2 3 874
2 3 875
2 3 876
2 3 878
2 3 879
2 3 883
2 3 884
2 3 885
2 3 886
2 3 887
2 3 888
2 3 890
2 3 893
2 3 900
2 3 903
2 3 904
2 3 905
2 3 918
2 3 919
2 3 920
2 3 921
2 3 922
2 3 923
2 3 924
2 3 925
2 3 927
2 3 933
2 3 936
2 3 947
2 3 948
2 3 952
2 3 953
2 3 954
31 11 515
31 11 529
31 11 710
31 11 711
31 11 712
31 11 713
31 11 714
31 11 715
31 11 739
31 11 740
31 11 741
31 11 744
31 11 745
31 11 746
31 11 747
31 11 749
31 11 752
31 11 756
31 11 757
31 11 760
31 11 769
31 11 770
31 11 771
31 11 772
31 11 775
31 11 776
31 11 778
31 11 779
31 11 783
31 11 788
31 11 790
31 11 792
31 62 516
31 62 518
31 62 519
31 62 521
31 62 522
31 62 523
31 62 524
31 62 525
31 62 526
31 62 527
31 62 528
31 62 529
31 62 530
31 62 531
31 62 532
31 62 533
31 62 534
31 62 535
31 62 536
31 62 537
31 62 538
31 62 539
31 62 540
31 62 546
31 62 547
31 62 548
31 62 549
31 62 550
31 62 551
31 62 552
31 62 554
31 62 556
31 62 557
31 62 558
31 62 559
31 62 560
31 62 561
31 62 567
31 62 568
31 62 569
31 62 570
31 62 571
31 62 572
31 62 573
31 62 575
31 62 577
31 62 578
31 62 581
31 62 583
31 62 585
31 62 587
31 62 589
31 62 590
31 62 591
31 62 592
31 62 593
31 62 594
31 62 595
31 62 596
31 62 597
31 62 598
31 62 601
31 62 610
31 62 613
31 62 614
31 62 615
31 62 616
31 62 618
31 62 619
31 62 621
31 62 624
31 62 625
31 62 627
31 62 628
31 62 629
31 62 630
31 62 631
31 62 632
31 62 717
9 62 516
9 20 613
9 83 1000
9 83 1002
9 83 1003
9 83 1005
9 83 1007
9 83 1015
9 83 1019
9 83 1029
9 83 1031
9 83 1044
9 83 1047
9 83 1052
9 83 1056
9 83 1066
9 83 1077
9 83 1078
9 83 1079
9 83 1081
9 83 1083
9 83 1084
9 83 1097
9 83 1101
9 83 1102
11 57 742
11 57 771
57 20 539
57 18 630
57 62 695
57 62 697
57 62 708
57 62 710
57 62 713
57 62 721
57 62 724
57 62 725
57 62 759
57 62 777
57 62 785
57 62 814
57 62 815
57 62 832
57 62 833
57 62 897
57 62 898
57 62 899
57 62 900
57 62 901
57 62 902
57 62 904
57 62 905
57 62 907
57 62 908
57 62 909
57 62 910
57 62 911
57 62 923
57 62 924
57 62 925
57 62 926
57 62 965
57 62 977
57 62 984
57 62 986
57 62 987
57 62 988
20 16 902
77 18 606
77 18 607
77 18 609
77 18 611
77 18 613
77 18 625
77 18 628
77 18 629
77 18 630
77 18 633
77 18 638
77 18 641
77 18 644
77 18 654
77 18 655
77 18 657
77 18 660
77 83 1320
77 7 1335
77 13 1362
18 85 624
18 85 633
18 85 634
18 85 635
18 85 637
18 85 642
18 85 643
18 85 649
18 85 650
18 85 663
18 85 665
18 85 666
18 85 667
18 85 671
18 85 672
18 85 674
18 85 675
18 85 676
18 85 681
18 85 682
18 85 683
18 85 684
18 85 685
18 85 687
18 85 688
18 85 689
18 85 690
49 0 652
49 0 653
49 0 654
49 0 655
49 0 660
49 0 664
49 0 674
49 0 680
49 0 682
49 0 683
49 0 686
49 0 688
49 0 689
49 0 690
49 0 691
49 0 692
49 0 693
49 0 702
49 0 703
49 0 704
49 0 705
49 0 706
49 0 727
49 0 728
49 0 731
49 0 733
49 0 734
49 0 737
49 0 747
49 0 748
49 0 756
49 0 757
49 0 772
49 0 786
49 0 788
49 0 789
49 0 800
49 0 808
49 0 812
49 0 813
49 0 817
49 0 818
49 0 822
49 0 823
7 56 1293
7 56 1352
7 16 1354
33 56 1179
33 56 1180
33 56 1181
33 56 1182
33 56 1183
33 56 1185
33 56 1186
33 56 1187
33 56 1188
33 56 1189
33 56 1190
33 56 1191
33 56 1192
33 56 1193
33 56 1195
33 56 1196
33 56 1197
33 56 1198
33 56 1199
33 56 1200
33 56 1201
33 56 1202
33 56 1203
33 56 1204
33 56 1205
33 56 1206
33 56 1207
33 56 1208
33 56 1209
33 56 1210
33 56 1211
33 56 1212
33 56 1213
33 56 1214
33 56 1215
33 56 1216
33 56 1217
33 56 1218
33 56 1219
33 56 1220
33 56 1221
33 56 1222
33 56 1223
33 56 1224
33 56 1225
33 56 1226
33 56 1227
33 56 1229
33 56 1231
33 56 1232
33 56 1233
33 56 1234
33 56 1238
33 56 1239
33 56 1243
33 56 1244
33 56 1245
33 56 1246
33 56 1247
33 56 1250
33 56 1252
33 56 1253
33 56 1254
33 56 1260
33 56 1261
33 56 1262
33 56 1263
33 56 1269
33 13 1310
33 13 1311
33 13 1317
33 13 1320
33 13 1324
33 13 1325
33 13 1327
33 13 1328
33 13 1330
33 13 1331
33 13 1332
33 13 1334
33 13 1335
16 54 1358
16 54 1382
3 19 866
3 1 1057
3 1 1061
19 61 1218
19 58 1218
19 58 1221
19 58 1222
19 58 1223
19 58 1225
19 58 1226
19 58 1229
19 58 1230
19 58 1231
19 58 1232
19 58 1233
19 58 1245
19 58 1246
19 58 1253
19 58 1254
19 58 1255
19 58 1258
19 58 1260
19 58 1261
19 58 1269
19 58 1270
19 58 1271
19 58 1274
19 58 1276
19 58 1281
19 58 1282
19 58 1283
19 58 1284
19 58 1339
19 58 1340
19 58 1341
19 58 1342
19 58 1362
19 58 1397
19 58 1398
19 58 1399
19 58 1400
40 5 1021
5 1 982
5 1 983
5 1 984
5 1 985
5 1 986
5 1 990
5 1 991
5 1 992
5 1 994
5 1 998
5 1 1001
5 1 1002
5 1 1003
5 1 1004
5 1 1007
5 1 1008
5 1 1012
5 1 1013
5 1 1016
5 1 1017
5 1 1020
5 1 1022
5 1 1023
5 1 1024
5 1 1026
5 1 1027
5 1 1033
5 1 1034
5 1 1035
5 1 1036
5 1 1037
5 1 1042
5 1 1043
5 1 1044
5 1 1046
5 1 1047
5 1 1048
5 1 1049
5 1 1050
5 1 1052
5 1 1053
5 1 1054
5 1 1055
5 1 1056
5 1 1058
5 1 1062
5 1 1063
5 1 1064
5 1 1065
5 1 1067
5 1 1068
5 1 1072
5 1 1078
5 1 1079
5 1 1080
5 1 1081
5 1 1082
5 1 1083
5 1 1084
5 1 1085
5 1 1086
5 1 1087
5 1 1088
5 1 1089
5 1 1090
5 1 1091
5 1 1092
5 1 1093
5 1 1094
5 1 1095
5 1 1096
5 1 1097
5 1 1098
5 1 1099
5 1 1100
5 1 1101
5 1 1102
5 1 1103
5 1 1104
5 1 1105
5 1 1106
5 1 1107
5 1 1108
5 1 1109
5 1 1110
5 1 1111
5 1 1112
5 1 1113
5 1 1114
5 1 1115
5 1 1116
5 1 1117
5 1 1118
5 1 1119
5 1 1120
5 1 1121
5 1 1122
5 1 1123
5 1 1124
5 1 1125
5 1 1126
5 1 1127
5 1 1128
5 1 1129
5 1 1130
5 1 1131
5 1 1132
5 1 1133
5 1 1134
5 1 1135
5 1 1136
5 1 1137
5 1 1138
5 1 1139
5 1 1140
5 1 1142
5 1 1144
5 13 1357
83 76 1000
83 76 1004
83 76 1005
83 76 1006
83 76 1007
83 76 1008
83 76 1009
83 76 1010
83 76 1012
83 76 1013
83 76 1014
83 76 1015
83 76 1031
83 76 1047
83 76 1066
83 76 1067
83 76 1083
83 76 1091
83 76 1102
76 58 1105
76 58 1106
76 58 1107
76 58 1109
76 58 1110
76 58 1111
58 63 1088
58 63 1089
58 63 1090
58 63 1091
58 63 1092
58 63 1093
58 63 1095
58 63 1096
58 63 1097
58 63 1098
58 63 1099
58 63 1100
58 63 1101
58 63 1104
58 63 1105
58 63 1106
58 63 1107
58 63 1108
58 63 1109
58 63 1110
58 63 1111
58 63 1112
58 63 1113
58 63 1114
58 63 1115
58 63 1116
58 63 1117
58 63 1118
58 63 1119
58 63 1120
58 63 1121
58 63 1122
58 63 1125
58 63 1128
58 63 1129
58 63 1131
58 63 1135
58 63 1136
58 63 1151
58 63 1155
58 63 1157
58 63 1159
58 63 1160
58 63 1161
58 63 1162
58 63 1163
58 63 1165
58 63 1166
58 63 1167
58 63 1168
58 63 1169
58 63 1170
63 61 1224
13 56 1189
