120 85 0
120 85 8
120 85 11
120 85 14
120 53 34
120 53 40
120 9 67
120 9 70
120 9 76
120 9 85
120 9 251
120 9 252
120 9 253
120 9 254
120 9 255
120 9 256
120 9 257
120 9 258
120 9 259
120 9 260
120 9 261
120 9 262
120 9 263
120 9 264
120 9 265
120 9 266
120 9 268
120 9 269
120 9 270
120 9 271
120 9 272
120 9 273
120 9 274
120 9 275
120 9 276
120 9 277
120 9 278
120 9 279
120 9 280
120 9 281
120 9 282
120 9 283
120 9 284
120 9 285
120 9 286
120 9 287
120 9 288
120 9 289
120 9 290
120 106 79
120 106 252
120 106 253
120 106 254
120 106 255
120 106 256
120 106 261
120 106 263
120 106 264
120 106 265
120 106 266
120 106 267
120 106 268
120 106 269
120 106 270
120 106 271
120 106 272
120 106 274
120 106 277
120 106 278
120 106 279
120 106 281
120 106 282
120 106 285
120 106 288
120 106 289
120 106 290
120 96 86
120 96 112
120 87 131
120 87 132
120 93 131
120 93 132
120 93 133
120 93 134
120 93 144
120 93 145
120 93 146
120 93 156
120 93 157
120 93 158
120 93 159
120 93 160
120 93 161
120 93 162
120 93 163
120 93 164
120 93 165
120 93 166
120 93 167
120 93 168
120 93 169
120 93 170
120 93 171
120 93 172
120 93 173
120 93 174
120 93 175
120 93 176
120 93 177
120 93 178
120 93 179
120 93 180
120 93 181
120 93 182
120 93 183
120 93 184
120 93 185
120 93 186
120 93 187
120 93 188
120 93 189
120 93 190
120 93 191
120 93 192
120 93 193
120 93 194
120 93 195
120 93 196
120 30 134
120 81 144
120 71 158
120 71 159
120 71 162
120 47 161
120 67 187
120 67 188
120 105 210
120 105 211
120 105 212
120 105 213
120 105 214
120 61 251
120 61 264
120 61 266
120 61 268
120 61 270
120 61 275
120 61 280
120 4 257
120 4 258
120 4 259
120 4 260
120 4 262
120 4 263
120 4 265
120 4 267
120 4 269
120 4 273
120 4 276
120 4 283
120 4 284
120 4 285
120 4 287
120 4 288
120 4 289
120 49 381
120 64 381
85 50 29
85 50 44
85 50 73
85 50 74
85 50 77
85 50 78
85 69 55
85 117 55
85 117 56
85 109 80
85 109 84
85 109 86
85 65 103
85 65 125
85 98 131
85 98 132
85 94 399
85 94 409
85 94 410
85 94 411
85 94 414
85 94 415
85 94 417
85 94 420
85 94 421
85 94 422
85 94 423
85 94 425
85 94 426
85 94 427
85 94 439
85 94 443
85 94 444
85 94 449
85 94 450
85 94 451
85 94 463
85 94 469
85 94 474
85 94 477
85 94 490
85 94 500
85 94 501
85 94 502
85 94 504
85 94 505
85 94 512
85 94 513
85 94 514
85 94 516
85 94 517
85 94 518
85 94 521
85 94 528
85 94 550
85 94 558
85 94 559
85 94 565
85 94 575
85 94 577
85 94 629
85 94 630
85 94 633
85 94 644
85 97 406
85 97 408
85 97 411
85 97 413
85 97 417
85 97 418
85 97 426
85 97 441
85 97 443
85 97 444
85 97 445
85 97 447
85 97 455
85 97 456
85 97 474
85 97 494
85 97 495
85 97 496
85 97 506
85 97 507
85 97 508
85 97 512
85 10 406
85 10 408
85 10 410
85 10 411
85 10 414
85 10 422
85 10 425
85 10 426
85 10 427
85 10 435
85 10 439
85 10 441
85 10 442
85 10 443
85 10 444
85 10 445
85 10 448
85 10 449
85 10 451
85 10 453
85 10 467
85 10 468
85 10 481
85 10 496
85 10 499
85 10 500
85 10 501
85 10 502
85 10 504
85 10 507
85 10 508
85 10 512
85 41 519
85 41 524
85 52 581
85 2 609
85 15 643
85 15 644
85 15 645
59 106 6
59 106 7
59 106 8
59 106 9
59 106 10
59 106 12
59 106 16
59 106 17
59 106 19
59 106 20
59 106 22
59 106 23
59 106 25
59 106 26
59 106 28
59 106 30
59 106 31
59 106 32
59 106 33
59 106 34
59 106 35
59 106 36
59 106 37
59 106 39
59 106 40
59 106 41
59 106 42
59 106 43
59 106 44
59 106 45
59 106 46
59 106 59
59 106 65
59 106 67
59 106 68
59 106 70
59 106 71
59 106 93
59 106 147
59 106 148
59 106 149
59 106 150
59 106 151
59 106 153
59 106 154
59 106 155
59 106 156
59 106 157
59 106 158
59 106 159
59 106 160
59 106 161
59 106 164
59 106 166
59 106 167
59 106 168
59 106 176
59 106 177
59 106 178
59 106 183
59 106 189
59 106 199
59 106 205
59 106 215
59 106 218
59 106 219
59 106 220
59 106 233
59 106 234
59 106 235
59 106 236
59 106 237
59 106 239
59 106 240
59 106 241
59 106 243
59 106 252
59 106 253
59 106 254
59 106 255
59 106 256
59 106 261
59 106 263
59 106 264
59 106 265
59 106 266
59 106 267
59 106 268
59 106 269
59 106 270
59 106 271
59 106 272
59 106 274
59 106 277
59 106 278
59 106 279
59 106 281
59 106 282
59 106 285
59 106 288
59 106 289
59 106 290
59 9 7
59 9 8
59 9 9
59 9 11
59 9 12
59 9 13
59 9 14
59 9 15
59 9 16
59 9 17
59 9 18
59 9 19
59 9 20
59 9 21
59 9 23
59 9 24
59 9 25
59 9 27
59 9 28
59 9 29
59 9 30
59 9 31
59 9 32
59 9 33
59 9 34
59 9 35
59 9 37
59 9 38
59 9 39
59 9 40
59 9 41
59 9 42
59 9 43
59 9 44
59 9 45
59 9 46
59 9 47
59 9 48
59 9 49
59 9 50
59 9 51
59 9 52
59 9 53
59 9 55
59 9 59
59 9 64
59 9 67
59 9 68
59 9 70
59 9 71
59 9 74
59 9 80
59 9 81
59 9 83
59 9 85
59 9 86
59 9 87
59 9 91
59 9 92
59 9 95
59 9 96
59 9 97
59 9 98
59 9 99
59 9 100
59 9 101
59 9 103
59 9 105
59 9 107
59 9 108
59 9 109
59 9 111
59 9 112
59 9 113
59 9 115
59 9 116
59 9 117
59 9 121
59 9 123
59 9 124
59 9 125
59 9 128
59 9 129
59 9 137
59 9 138
59 9 139
59 9 141
59 9 142
59 9 143
59 9 150
59 9 151
59 9 153
59 9 154
59 9 156
59 9 160
59 9 161
59 9 162
59 9 163
59 9 164
59 9 165
59 9 166
59 9 167
59 9 168
59 9 169
59 9 170
59 9 171
59 9 172
59 9 182
59 9 183
59 9 187
59 9 188
59 9 189
59 9 191
59 9 198
59 9 206
59 9 209
59 9 210
59 9 211
59 9 212
59 9 216
59 9 218
59 9 227
59 9 233
59 9 234
59 9 235
59 9 237
59 9 238
59 9 239
59 9 240
59 9 241
59 9 242
59 9 243
59 9 245
59 9 246
59 9 251
59 9 252
59 9 253
59 9 254
59 9 255
59 9 256
59 9 257
59 9 258
59 9 259
59 9 260
59 9 261
59 9 262
59 9 263
59 9 264
59 9 265
59 9 266
59 9 267
59 9 268
59 9 269
59 9 270
59 9 271
59 9 272
59 9 273
59 9 274
59 9 275
59 9 276
59 9 277
59 9 278
59 9 279
59 9 280
59 9 281
59 9 282
59 9 283
59 9 284
59 9 285
59 9 286
59 9 287
59 9 288
59 9 289
59 9 290
59 4 15
59 4 16
59 4 19
59 4 97
59 4 104
59 4 112
59 4 113
59 4 117
59 4 118
59 4 119
59 4 120
59 4 186
59 4 187
59 4 188
59 4 257
59 4 258
59 4 259
59 4 260
59 4 262
59 4 263
59 4 265
59 4 267
59 4 269
59 4 273
59 4 276
59 4 283
59 4 284
59 4 285
59 4 286
59 4 287
59 4 288
59 4 289
59 4 290
59 114 25
59 0 32
59 0 33
59 0 38
59 71 50
59 71 59
59 30 61
59 116 64
59 116 85
59 116 88
59 116 252
59 116 253
59 116 254
59 116 255
59 116 256
59 116 257
59 116 258
59 116 259
59 116 260
59 116 261
59 116 262
59 116 263
59 116 265
59 116 267
59 116 269
59 116 271
59 116 272
59 116 273
59 116 274
59 116 276
59 116 277
59 116 278
59 116 279
59 116 281
59 116 282
59 116 283
59 116 284
59 116 285
59 116 286
59 116 287
59 116 288
59 116 289
59 116 290
59 53 79
59 3 105
59 3 124
59 47 123
59 47 132
59 72 235
59 2 248
59 105 503
59 105 504
59 105 505
59 105 519
59 105 520
59 105 521
59 105 522
59 105 523
59 105 524
59 105 528
59 105 530
59 105 531
59 105 534
59 105 535
59 105 568
59 105 569
59 105 572
59 105 573
59 105 603
59 105 604
59 105 605
59 105 606
59 105 607
59 105 608
59 105 609
59 105 610
59 105 611
59 105 613
59 105 614
59 105 615
59 105 616
59 105 617
59 105 618
59 105 619
59 105 620
59 105 621
59 105 622
59 105 623
59 105 624
59 105 625
59 105 626
59 105 627
59 105 628
59 105 629
59 105 630
59 105 631
59 105 632
59 105 633
59 105 634
59 105 636
59 105 639
59 105 640
59 105 641
59 105 645
59 105 646
59 105 647
59 105 648
59 105 650
59 105 651
59 105 652
59 105 653
59 105 655
59 105 656
59 105 657
59 105 658
59 105 659
59 105 660
59 105 661
59 105 662
59 105 663
59 105 664
59 105 665
59 105 666
59 105 667
59 105 668
59 105 670
59 105 671
59 105 673
59 105 674
59 105 675
59 41 530
59 100 542
59 100 570
59 100 577
59 100 593
59 100 603
59 100 604
59 82 611
59 82 613
59 82 614
59 82 615
59 112 633
59 112 637
106 8 7
106 8 8
106 8 9
106 8 10
106 8 12
106 8 17
106 8 20
106 8 21
106 8 28
106 8 30
106 8 34
106 8 43
106 8 59
106 8 64
106 8 71
106 8 149
106 8 155
106 8 158
106 8 224
106 8 230
106 8 233
106 8 234
106 8 235
106 8 240
106 8 242
106 8 245
106 8 252
106 8 253
106 8 254
106 8 255
106 8 256
106 8 261
106 8 263
106 8 264
106 8 271
106 8 272
106 8 274
106 8 277
106 8 278
106 8 279
106 8 281
106 8 282
106 4 8
106 4 9
106 4 17
106 4 20
106 4 150
106 4 152
106 4 153
106 4 154
106 4 155
106 4 156
106 4 157
106 4 159
106 4 189
106 4 206
106 4 214
106 4 240
106 4 243
106 4 254
106 4 255
106 4 256
106 4 261
106 4 263
106 4 264
106 4 265
106 4 266
106 4 267
106 4 268
106 4 269
106 4 270
106 4 271
106 4 272
106 4 274
106 4 277
106 4 278
106 4 279
106 4 281
106 4 282
106 4 285
106 4 288
106 4 289
106 4 290
106 0 33
106 102 36
106 102 37
106 50 79
106 65 122
106 75 146
106 3 150
106 73 168
106 103 235
106 70 235
106 22 349
106 22 350
106 22 353
106 22 354
106 22 371
106 22 372
106 22 373
106 22 374
106 22 375
106 22 376
106 22 378
106 22 382
106 22 391
106 22 392
106 22 397
106 22 398
106 22 399
106 22 400
106 22 404
106 22 405
106 22 406
106 22 407
106 22 408
106 22 409
106 22 410
106 69 355
106 69 385
106 40 355
106 40 356
106 19 356
106 29 377
106 5 401
106 25 401
106 54 404
106 116 405
106 116 406
106 116 407
106 116 408
106 116 409
106 116 410
4 61 7
4 61 10
4 61 17
4 61 18
4 61 35
4 61 150
4 61 152
4 61 159
4 61 174
4 61 189
4 61 219
4 61 220
4 61 237
4 61 241
4 61 254
4 61 255
4 61 256
4 61 261
4 61 264
4 61 266
4 61 268
4 61 270
4 61 271
4 61 272
4 61 274
4 61 275
4 61 277
4 61 278
4 61 279
4 61 280
4 61 281
4 61 282
4 9 8
4 9 17
4 9 19
4 9 20
4 9 95
4 9 96
4 9 97
4 9 111
4 9 112
4 9 113
4 9 114
4 9 115
4 9 117
4 9 125
4 9 126
4 9 128
4 9 129
4 9 130
4 9 132
4 9 133
4 9 150
4 9 152
4 9 153
4 9 154
4 9 156
4 9 157
4 9 186
4 9 187
4 9 189
4 9 214
4 9 224
4 9 230
4 9 237
4 9 238
4 9 240
4 9 254
4 9 255
4 9 256
4 9 257
4 9 258
4 9 259
4 9 260
4 9 261
4 9 262
4 9 263
4 9 264
4 9 265
4 9 266
4 9 267
4 9 268
4 9 269
4 9 270
4 9 271
4 9 272
4 9 273
4 9 274
4 9 275
4 9 276
4 9 277
4 9 278
4 9 279
4 9 280
4 9 281
4 9 282
4 9 283
4 9 284
4 9 285
4 9 286
4 9 287
4 9 288
4 9 289
4 9 290
4 69 26
4 69 32
4 69 71
4 102 26
4 102 62
4 30 28
4 30 54
4 30 71
4 30 72
4 30 73
4 30 74
4 100 63
4 50 83
4 84 83
4 84 84
4 84 97
4 109 95
4 109 97
4 109 102
4 109 108
4 109 110
4 109 111
4 109 112
4 109 113
4 109 114
4 109 115
4 109 116
4 109 118
4 109 125
4 109 126
4 109 247
4 109 257
4 109 258
4 109 259
4 109 260
4 109 262
4 109 273
4 109 275
4 109 276
4 109 280
4 109 283
4 109 284
4 109 286
4 109 287
4 28 128
4 3 154
4 8 155
4 116 254
4 116 255
4 116 256
4 116 261
4 116 264
4 116 266
4 116 268
4 116 270
4 116 271
4 116 274
4 116 278
4 116 279
4 116 280
4 116 281
61 102 36
61 102 37
61 102 64
61 30 55
61 30 70
61 30 71
61 75 59
61 75 61
61 75 62
61 84 67
61 84 68
61 84 70
61 84 71
61 84 73
61 84 74
61 84 83
61 84 105
61 109 72
61 109 83
61 109 86
61 109 89
61 109 90
61 109 91
61 109 92
61 109 94
61 109 95
61 109 96
61 109 99
61 109 100
61 109 101
61 109 102
61 109 103
61 109 104
61 109 106
61 109 113
61 109 118
61 109 120
61 109 124
61 109 128
61 109 134
61 109 137
61 109 140
61 109 142
61 109 143
61 109 152
61 109 238
61 109 244
61 109 246
61 109 251
61 109 257
61 109 258
61 109 259
61 109 260
61 109 262
61 109 273
61 109 275
61 109 276
61 109 280
61 109 283
61 109 284
61 109 286
61 109 287
61 50 72
61 50 76
61 50 80
61 50 81
61 50 90
61 28 128
61 36 132
61 36 139
61 8 158
61 11 820
61 110 822
61 110 826
61 110 828
61 110 854
61 110 856
61 110 887
61 110 892
61 110 908
61 110 909
9 109 16
9 109 19
9 109 25
9 109 27
9 109 29
9 109 35
9 109 36
9 109 37
9 109 38
9 109 39
9 109 40
9 109 41
9 109 42
9 109 44
9 109 45
9 109 61
9 109 76
9 109 81
9 109 83
9 109 86
9 109 87
9 109 90
9 109 91
9 109 92
9 109 93
9 109 94
9 109 95
9 109 96
9 109 97
9 109 98
9 109 99
9 109 100
9 109 101
9 109 103
9 109 108
9 109 109
9 109 110
9 109 111
9 109 112
9 109 113
9 109 114
9 109 115
9 109 121
9 109 122
9 109 123
9 109 124
9 109 125
9 109 126
9 109 127
9 109 128
9 109 129
9 109 130
9 109 131
9 109 133
9 109 134
9 109 135
9 109 136
9 109 137
9 109 138
9 109 141
9 109 143
9 109 150
9 109 151
9 109 152
9 109 153
9 109 154
9 109 156
9 109 157
9 109 159
9 109 160
9 109 161
9 109 163
9 109 164
9 109 165
9 109 166
9 109 167
9 109 168
9 109 169
9 109 170
9 109 171
9 109 172
9 109 176
9 109 177
9 109 178
9 109 179
9 109 182
9 109 183
9 109 188
9 109 189
9 109 192
9 109 198
9 109 231
9 109 238
9 109 246
9 109 247
9 109 251
9 109 257
9 109 258
9 109 259
9 109 260
9 109 262
9 109 265
9 109 266
9 109 267
9 109 268
9 109 269
9 109 270
9 109 273
9 109 275
9 109 276
9 109 280
9 109 283
9 109 284
9 109 285
9 109 286
9 109 287
9 109 288
9 109 289
9 109 290
9 102 36
9 102 62
9 0 38
9 69 50
9 69 61
9 69 62
9 69 63
9 69 66
9 69 130
9 69 133
9 69 138
9 75 51
9 75 59
9 75 61
9 75 62
9 75 63
9 75 64
9 30 53
9 30 55
9 80 55
9 84 67
9 84 70
9 84 71
9 84 74
9 84 85
9 50 74
9 50 76
9 50 81
9 50 96
9 50 103
9 65 103
9 3 118
9 3 119
9 3 120
9 3 124
9 3 150
9 28 128
9 108 201
9 97 399
9 97 406
9 97 418
9 97 426
9 97 439
9 97 450
9 97 472
9 97 489
9 97 497
9 97 507
9 97 512
9 72 412
9 95 447
8 71 59
8 71 64
8 100 69
8 53 75
8 47 130
8 47 131
8 47 132
8 72 235
8 27 983
8 27 984
8 27 985
8 27 987
8 27 990
8 27 991
8 27 993
8 27 994
8 27 995
8 27 1004
8 27 1005
8 27 1014
8 27 1020
8 27 1021
8 27 1022
8 27 1025
8 27 1026
8 27 1027
8 27 1028
8 27 1029
8 27 1030
8 27 1032
8 27 1033
8 27 1038
8 27 1042
8 27 1043
8 27 1044
8 27 1050
8 27 1052
8 27 1053
8 27 1054
8 58 989
8 107 993
8 107 1005
8 11 1041
109 53 73
109 53 74
109 53 80
109 53 86
109 53 96
109 53 105
109 53 106
109 3 104
109 3 121
109 3 122
109 3 123
109 3 124
109 71 129
109 71 139
109 47 133
109 114 133
109 31 137
109 116 251
109 116 257
109 116 258
109 116 259
109 116 260
109 116 262
109 116 273
109 116 275
109 116 276
109 116 280
109 116 283
109 116 284
109 116 286
109 116 287
109 105 637
109 64 677
109 64 679
109 64 691
109 64 705
109 64 707
109 64 710
109 64 712
109 64 719
109 64 721
109 64 724
109 64 736
109 64 741
109 64 747
109 64 754
109 64 765
109 64 769
109 64 771
109 64 774
109 64 775
109 64 776
109 64 778
109 64 781
109 64 784
109 64 785
109 64 795
109 79 769
109 72 796
117 81 24
117 81 25
117 81 26
117 81 30
117 81 33
117 81 99
117 81 100
117 81 101
117 81 102
117 76 31
117 30 92
117 116 100
117 60 634
117 60 638
117 60 639
117 60 650
117 60 670
117 60 674
117 60 683
117 60 688
117 60 689
117 60 690
117 60 691
117 60 693
117 60 695
117 60 698
117 60 700
117 60 701
117 74 638
117 83 638
117 119 645
117 119 646
117 26 719
117 26 818
117 26 892
117 57 775
117 42 818
117 113 874
117 58 918
81 69 25
81 69 52
81 69 72
81 69 73
81 69 80
81 69 112
81 69 136
81 102 26
81 102 42
81 102 43
81 102 44
81 102 46
81 102 47
81 102 50
81 102 51
81 102 52
81 102 80
81 102 84
81 102 133
81 102 136
81 75 26
81 75 30
81 75 43
81 75 73
81 30 52
81 30 79
81 98 144
81 91 144
81 2 236
81 2 240
81 2 241
81 2 242
81 2 243
81 2 244
81 2 245
81 2 246
81 2 247
81 2 250
81 2 251
81 2 252
81 2 277
81 2 278
81 2 294
81 2 302
81 2 310
81 2 313
81 2 318
81 2 319
81 2 333
81 2 334
81 2 338
81 2 339
81 2 343
81 2 344
81 2 345
81 2 347
81 2 348
81 2 356
81 2 358
81 2 360
81 2 361
81 2 362
81 2 363
81 2 364
81 2 365
81 2 366
81 2 367
81 2 368
81 2 369
81 2 370
81 2 371
81 2 372
81 2 373
81 2 374
81 2 375
81 2 378
81 2 380
81 2 381
81 2 382
81 2 383
81 2 384
81 2 385
81 2 386
81 2 388
81 2 389
81 2 390
81 2 391
81 2 392
81 2 393
81 2 411
81 2 412
81 2 430
81 2 431
81 2 432
81 2 437
81 2 460
81 2 473
81 2 475
81 2 476
81 2 479
81 2 480
81 2 486
81 2 487
81 2 488
81 2 489
81 2 490
81 2 491
81 2 492
81 2 493
81 2 494
81 2 497
81 2 501
81 2 502
81 2 503
81 2 505
81 2 506
81 2 509
81 2 510
81 2 511
81 2 512
81 2 524
81 2 525
81 2 528
81 2 529
81 2 530
81 2 531
81 2 539
81 2 546
81 2 550
81 2 553
81 2 554
81 51 400
69 114 26
69 114 27
69 114 31
69 114 33
69 114 34
69 114 41
69 114 42
69 114 45
69 114 82
69 114 90
69 114 91
69 114 92
69 114 102
69 114 131
69 114 133
69 114 134
69 76 28
69 76 39
69 76 40
69 76 53
69 76 61
69 76 73
69 76 80
69 76 82
69 76 85
69 76 86
69 76 96
69 76 97
69 76 98
69 76 102
69 76 107
69 76 126
69 76 130
69 76 134
69 100 30
69 100 31
69 100 46
69 100 48
69 100 49
69 100 51
69 100 52
69 100 72
69 30 53
69 30 80
69 30 82
69 30 92
69 0 115
69 113 137
69 36 139
69 116 156
69 116 157
69 116 160
69 116 161
69 93 156
69 47 161
69 18 336
69 18 337
69 18 338
69 18 339
69 18 340
69 18 343
69 18 344
69 18 345
69 18 347
69 18 348
69 18 349
69 18 350
69 18 355
69 18 356
69 18 357
69 18 358
69 18 359
69 18 361
69 18 362
69 18 364
69 18 365
69 18 366
69 18 367
69 18 368
69 18 369
69 18 371
69 18 372
69 18 373
69 18 374
69 18 376
69 18 378
69 18 379
69 18 380
69 18 381
69 18 382
69 18 385
69 18 386
69 18 387
69 18 392
69 18 400
69 18 401
69 18 402
69 18 403
69 18 404
69 18 406
69 18 408
69 18 410
69 18 411
69 18 412
69 18 421
69 18 422
69 18 423
69 18 427
69 18 445
69 18 452
69 18 454
69 18 456
69 18 457
69 18 461
69 18 462
69 18 463
69 18 465
69 18 466
69 18 467
69 18 468
69 18 469
69 18 472
69 18 474
69 18 477
69 18 478
69 18 479
69 18 480
69 18 481
69 18 484
69 18 485
69 40 338
69 40 340
69 40 341
69 40 347
69 40 349
69 40 350
69 40 353
69 40 354
69 40 358
69 40 363
69 40 365
69 40 369
69 40 371
69 40 373
69 40 375
69 40 381
69 40 385
69 40 402
69 40 404
69 40 405
69 40 407
69 40 409
69 40 410
69 40 412
69 40 413
69 40 415
69 40 416
69 40 419
69 40 423
69 40 426
69 40 443
69 40 452
69 40 458
69 40 461
69 40 462
69 40 467
69 40 468
69 40 470
69 40 471
69 40 473
69 40 474
69 40 476
69 40 477
69 40 482
69 21 361
69 78 405
69 24 416
69 99 419
69 87 480
75 100 25
75 30 26
75 114 29
75 114 30
75 114 40
75 114 72
75 114 73
75 114 131
75 114 134
75 71 60
75 71 62
75 71 145
75 32 291
75 93 689
75 93 698
75 93 706
75 93 714
75 93 725
75 93 729
75 93 739
75 93 740
75 93 742
75 93 746
75 93 747
75 93 749
75 105 693
75 20 741
100 80 48
100 80 49
100 30 48
100 30 52
100 30 55
100 84 51
100 103 545
100 103 558
100 103 559
100 103 561
100 103 603
100 103 604
100 50 603
100 50 604
100 17 603
114 102 31
114 102 32
114 102 79
114 102 81
114 102 82
114 102 83
114 102 134
114 30 33
114 30 80
114 80 45
114 95 380
114 95 381
114 95 383
114 95 387
114 95 388
114 95 389
114 95 390
114 95 392
114 95 393
114 95 394
114 95 395
114 95 396
114 95 397
114 95 398
114 95 399
114 95 401
114 95 402
114 95 403
114 95 404
114 95 405
114 95 406
114 95 407
114 95 408
114 95 409
114 95 410
114 95 411
114 95 412
114 95 413
114 95 415
114 95 416
114 95 420
114 95 421
114 95 423
114 95 426
114 95 427
114 95 430
114 95 432
114 95 442
114 95 443
114 95 444
114 95 447
114 95 449
114 95 456
114 95 457
114 95 466
114 95 467
114 95 468
114 95 470
114 95 473
114 95 480
114 95 482
114 95 498
114 95 501
114 95 502
114 95 503
114 95 504
114 95 510
114 95 511
114 95 512
114 95 513
114 95 514
114 95 515
114 95 522
114 15 380
114 15 381
114 15 382
114 15 383
114 15 384
114 15 389
114 15 390
114 15 391
114 15 392
114 15 393
114 15 394
114 15 395
114 15 396
114 15 397
114 15 398
114 15 399
114 15 405
114 15 406
114 15 407
114 15 408
114 15 409
114 15 410
114 15 411
114 15 413
114 15 416
114 15 419
114 15 421
114 15 422
114 15 426
114 15 427
114 15 430
114 15 444
114 15 447
114 15 456
114 15 458
114 15 461
114 15 465
114 15 468
114 15 469
114 15 470
114 15 471
114 15 488
114 15 496
114 15 498
114 15 505
114 15 506
114 15 510
114 15 512
114 15 515
114 15 521
114 15 522
114 15 524
114 15 560
114 15 561
114 15 632
114 5 384
114 5 388
114 5 389
114 5 390
114 5 391
114 5 392
114 5 393
114 45 392
114 79 414
114 115 416
114 40 418
114 13 425
114 13 426
114 1 425
114 32 429
114 32 439
114 32 460
114 32 518
114 72 433
114 77 435
114 64 435
114 64 449
114 65 516
114 86 519
102 30 26
102 30 28
102 30 29
102 30 30
102 30 31
102 30 54
102 30 59
102 30 80
102 30 81
102 30 82
102 30 118
102 30 129
102 71 32
102 71 47
102 71 50
102 71 73
102 71 82
102 71 93
102 71 94
102 71 96
102 71 97
102 71 98
102 71 99
102 71 136
102 116 50
102 116 102
102 53 51
102 53 52
102 76 82
102 76 91
102 76 99
102 96 104
102 36 132
102 62 314
102 62 316
102 62 322
102 62 323
102 62 327
102 62 328
102 62 330
102 62 332
102 46 326
102 46 330
102 46 332
102 110 407
102 110 428
102 99 435
30 71 28
30 71 29
30 80 39
30 84 53
30 84 77
30 53 72
30 76 85
30 116 108
30 0 118
30 93 134
71 84 54
71 28 161
71 91 162
71 78 574
71 78 575
71 78 579
71 78 583
71 78 585
71 78 586
71 78 589
71 78 595
71 78 639
71 78 646
71 78 647
71 78 648
71 78 649
71 78 651
71 78 652
71 78 653
71 78 654
71 78 661
71 78 662
71 70 574
71 70 575
71 70 576
71 70 577
71 70 578
71 70 582
71 70 585
71 70 592
71 70 593
71 70 595
71 70 596
71 70 599
71 70 600
71 70 622
71 70 625
71 70 633
71 70 646
71 70 647
71 70 648
71 70 649
71 70 652
71 70 653
71 70 654
71 70 707
71 70 709
71 70 710
71 70 712
71 52 575
71 52 583
71 52 585
71 52 586
71 52 587
71 52 592
71 52 593
71 52 595
71 52 596
71 52 597
71 52 598
71 52 599
71 52 600
71 52 601
71 52 602
71 52 603
71 52 607
71 52 623
71 52 626
71 52 630
71 52 631
71 52 632
71 52 638
71 52 639
71 52 646
71 52 649
71 52 651
71 52 653
71 52 654
71 52 655
71 52 656
71 52 657
71 52 658
71 52 659
71 52 660
71 52 673
71 52 675
71 52 676
71 2 646
71 33 661
71 33 662
71 33 670
71 35 662
71 14 694
76 84 51
76 32 292
76 32 293
76 32 297
76 32 299
76 32 300
76 32 303
76 32 305
76 32 306
76 32 308
76 32 309
76 32 310
76 32 316
76 32 317
76 32 318
76 32 325
76 32 326
76 32 327
76 32 331
76 32 336
76 32 370
76 32 371
76 32 372
76 32 389
76 32 404
76 32 423
76 32 431
76 32 433
76 32 434
76 32 444
76 32 446
76 32 455
76 32 456
76 32 459
76 32 460
76 32 494
76 32 503
76 32 505
76 32 520
76 32 529
50 116 53
50 116 80
50 116 90
50 116 124
50 116 173
50 116 174
50 116 175
50 116 176
50 116 177
50 116 178
50 116 179
50 116 180
50 116 181
50 116 182
50 116 183
50 116 184
50 116 185
50 116 186
50 116 188
50 116 189
50 116 190
50 116 191
50 116 192
50 116 193
50 116 194
50 116 195
50 116 196
50 3 102
50 93 173
50 93 174
50 93 175
50 93 176
50 93 177
50 93 178
50 93 179
50 93 180
50 93 181
50 93 182
50 93 183
50 93 184
50 93 185
50 93 186
50 93 188
50 93 189
50 93 190
50 93 191
50 93 192
50 93 193
50 93 194
50 93 195
50 93 196
50 93 458
50 67 188
50 56 447
50 56 448
50 56 449
50 56 450
50 56 451
50 56 452
50 56 454
50 56 455
50 56 456
50 56 461
50 56 488
50 56 489
50 56 493
50 56 497
50 56 498
50 56 499
50 56 502
50 56 504
50 56 517
50 56 519
50 56 537
50 56 538
50 56 558
50 56 567
50 56 602
50 56 603
50 105 504
50 105 506
50 105 536
50 105 603
50 88 509
50 16 567
50 16 603
84 116 31
84 116 37
84 116 43
84 116 50
84 116 51
84 116 67
84 116 77
84 116 79
84 116 86
84 116 88
84 116 89
84 116 107
84 116 109
84 116 119
84 116 129
84 116 130
84 116 131
84 116 132
84 53 31
84 3 103
84 3 104
84 3 105
84 3 106
84 93 131
84 93 132
84 93 681
84 93 684
84 93 688
84 93 697
84 93 702
84 93 704
84 93 705
84 93 709
84 93 710
84 93 718
84 93 719
84 93 720
84 93 721
84 93 723
84 93 750
84 87 131
84 87 132
84 74 619
84 74 628
84 74 629
84 74 641
84 74 642
84 74 643
84 74 667
84 74 671
84 74 683
84 74 702
84 74 703
84 74 728
84 74 750
84 35 682
84 13 683
84 13 703
84 13 705
84 13 711
84 13 712
84 13 713
84 13 731
84 13 750
116 96 48
116 96 49
116 96 50
116 96 52
116 96 53
116 96 56
116 96 58
116 96 59
116 96 60
116 96 62
116 96 64
116 96 71
116 96 72
116 96 73
116 96 74
116 96 75
116 96 76
116 96 77
116 96 80
116 96 81
116 96 82
116 96 83
116 96 84
116 96 87
116 96 89
116 96 90
116 96 93
116 96 95
116 96 96
116 96 97
116 96 100
116 96 106
116 96 107
116 96 108
116 96 109
116 96 110
116 96 112
116 96 115
116 96 116
116 96 118
116 96 129
116 96 130
116 96 131
116 96 132
116 96 133
116 96 134
116 96 135
116 96 137
116 96 138
116 3 73
116 31 104
116 98 144
116 98 145
116 73 210
116 73 211
116 73 212
116 73 213
116 73 214
116 104 381
116 21 405
116 21 406
116 21 407
116 21 408
116 21 409
116 21 410
116 101 431
116 17 431
116 37 431
53 16 513
53 16 517
53 16 518
53 34 513
53 34 518
53 34 519
53 34 521
80 87 144
80 82 669
80 82 678
80 82 680
80 82 681
80 82 682
80 82 683
80 82 684
80 82 695
80 82 728
80 82 915
80 112 772
80 55 872
80 43 912
80 43 923
80 10 915
3 67 42
3 67 43
3 67 44
3 67 47
3 67 48
3 67 58
3 67 59
3 67 65
3 67 66
3 67 68
3 67 71
3 67 156
3 67 164
3 67 187
3 65 72
3 65 80
3 65 89
3 65 103
3 65 104
3 65 105
3 65 106
3 65 110
3 65 121
3 65 122
3 96 74
3 28 154
67 28 154
67 45 154
67 91 188
67 40 336
67 40 337
67 40 339
67 40 342
67 40 343
67 40 344
67 40 346
67 40 348
67 40 352
67 40 357
67 40 361
67 40 362
67 40 364
67 40 366
67 40 367
67 40 368
67 40 372
67 40 374
67 40 376
67 40 377
67 40 382
67 40 383
67 40 401
67 40 403
67 40 406
67 40 408
67 40 411
67 40 414
67 40 417
67 40 427
67 40 447
67 40 478
67 40 485
67 25 377
67 25 417
67 115 411
31 96 46
31 96 48
31 96 49
31 96 56
31 96 57
31 96 58
31 96 59
31 96 60
31 96 61
31 96 62
31 96 66
31 96 68
31 96 71
31 96 72
31 96 76
31 96 81
31 96 82
31 96 83
31 96 85
31 96 88
31 96 90
31 96 97
31 96 98
31 96 108
31 96 112
31 96 113
31 96 114
31 96 117
31 96 118
31 96 119
31 96 120
31 96 121
31 96 123
31 96 124
31 96 126
31 96 128
31 96 129
31 96 132
31 96 134
31 96 136
31 113 52
31 113 55
31 113 60
31 113 61
31 113 62
31 113 78
31 113 79
31 113 80
31 113 81
31 113 82
31 113 83
31 113 87
31 113 88
31 113 90
31 113 95
31 113 96
31 113 101
31 113 107
31 113 109
31 113 110
31 113 113
31 113 114
31 113 118
31 113 122
31 113 135
31 113 136
31 113 137
31 113 138
96 95 552
96 95 553
96 95 554
96 95 586
96 95 602
96 95 603
96 95 606
96 95 607
96 95 609
94 113 47
94 113 51
94 113 57
94 113 63
94 113 79
94 51 405
94 51 409
94 51 410
94 51 414
94 51 415
94 51 416
94 51 421
94 51 422
94 51 429
94 51 430
94 51 431
94 51 436
94 51 439
94 51 440
94 51 448
94 51 449
94 51 450
94 51 459
94 51 460
94 51 463
94 51 467
94 51 468
94 51 469
94 51 470
94 51 475
94 51 481
94 51 482
94 51 483
94 51 484
94 51 485
94 51 486
94 51 487
94 51 488
94 51 489
94 51 490
94 51 491
94 51 498
94 51 499
94 51 504
94 51 505
94 51 506
94 51 507
94 51 511
94 51 512
94 95 419
94 34 435
94 25 523
94 97 624
113 63 820
113 63 821
113 63 877
65 111 475
65 111 476
65 111 478
65 111 484
65 111 488
65 111 510
65 111 517
65 111 518
65 111 519
65 111 525
65 111 530
65 111 532
65 111 537
65 111 540
65 111 555
65 111 558
65 111 559
65 111 563
65 111 565
65 111 566
65 111 569
65 111 570
65 111 572
65 111 573
65 111 575
65 111 578
65 111 579
65 111 580
65 111 581
65 41 524
65 14 550
28 47 86
28 47 87
28 47 88
28 47 91
28 47 93
28 47 98
28 47 99
28 47 100
28 47 101
28 47 102
28 47 103
28 47 104
28 47 105
28 47 109
28 47 115
28 47 127
28 47 128
28 47 129
28 47 130
28 47 139
28 47 140
28 47 141
28 47 142
28 47 145
28 47 146
28 47 149
28 47 152
28 47 157
28 47 158
28 47 159
28 47 160
28 7 1040
28 7 1055
47 36 132
47 36 134
47 36 135
47 15 452
98 87 108
98 87 114
98 87 122
98 87 125
98 87 131
98 87 132
98 87 144
98 93 116
98 93 117
98 93 130
98 93 131
98 93 144
98 93 145
98 93 146
98 93 526
98 93 527
98 93 528
98 93 529
98 93 531
98 93 534
98 93 542
98 93 544
98 93 545
98 93 548
98 93 550
98 93 551
98 93 563
98 93 567
98 93 568
98 93 571
98 93 574
98 93 575
98 93 576
98 93 577
98 93 578
98 93 583
98 93 591
98 93 604
98 93 605
98 93 608
98 25 540
98 89 608
98 89 609
87 29 408
87 29 418
87 29 422
87 29 423
87 29 425
87 29 431
87 29 432
87 29 433
87 29 434
87 29 436
87 29 444
87 29 445
87 29 449
86 93 109
86 93 110
86 93 114
86 93 115
86 93 122
86 93 124
86 93 130
86 93 131
86 93 132
86 51 406
86 51 409
86 51 410
86 51 415
86 51 416
86 51 417
86 51 423
86 51 427
86 51 428
86 51 429
86 51 430
86 51 437
86 51 447
86 51 449
86 51 456
86 51 457
86 51 458
86 51 459
86 51 467
86 51 468
86 51 480
86 51 481
86 51 482
86 51 484
86 51 486
86 51 487
86 51 502
86 51 503
86 51 504
86 51 505
86 51 506
86 51 507
86 51 508
86 51 512
86 34 439
86 34 525
86 25 520
86 25 524
86 92 557
86 92 560
86 19 602
86 105 619
93 15 380
93 15 381
93 15 382
93 15 383
93 15 385
93 15 394
93 15 395
93 15 396
93 15 397
93 15 398
93 15 399
93 15 401
93 15 410
93 15 411
93 15 428
93 15 433
93 15 444
93 15 454
93 15 456
93 15 466
93 15 471
93 15 472
93 15 479
93 15 482
93 15 484
93 15 486
93 15 488
93 15 492
93 15 494
93 15 495
93 15 497
93 15 500
93 15 513
93 15 521
93 45 383
93 45 385
93 5 385
93 5 387
93 5 388
93 5 390
93 51 428
93 91 608
93 91 610
93 14 619
93 14 626
93 14 637
93 14 638
93 14 689
93 14 732
93 14 746
93 14 749
93 14 751
93 92 630
93 92 631
93 70 685
93 38 746
36 73 214
73 105 145
73 105 146
73 105 149
73 105 150
73 105 151
73 105 152
73 105 153
73 105 154
73 105 155
73 105 157
73 105 158
73 105 159
73 105 160
73 105 161
73 105 162
73 105 163
73 105 164
73 105 165
73 105 166
73 105 169
73 105 171
73 105 173
73 105 178
73 105 188
73 105 189
73 105 207
73 105 208
73 105 209
73 105 210
73 105 211
73 105 212
73 105 213
73 105 214
73 68 638
73 68 651
73 68 661
73 68 695
73 68 698
73 68 699
73 68 705
73 68 706
73 68 708
73 68 713
73 35 661
105 26 511
105 26 512
105 26 528
105 26 529
105 41 524
105 111 530
105 95 591
105 95 690
105 17 603
105 2 617
105 66 631
105 66 635
105 66 636
105 66 637
105 62 675
45 66 374
45 66 375
45 66 376
45 66 395
45 66 423
45 66 426
45 66 432
45 66 436
45 66 437
45 66 439
45 66 446
45 66 447
45 66 448
45 66 449
45 66 450
45 118 374
45 118 375
45 118 383
45 118 422
45 118 446
45 118 447
45 118 448
45 118 449
45 118 450
45 5 375
45 5 378
45 5 379
45 5 393
45 5 395
45 5 396
45 5 398
45 5 402
45 5 406
45 5 407
45 5 420
45 5 423
45 5 425
45 5 426
45 5 427
45 5 442
45 5 444
45 5 446
45 5 447
45 5 448
45 5 449
45 5 450
45 37 397
45 104 413
45 104 435
45 18 418
45 110 428
45 110 429
45 32 435
108 63 547
108 63 551
108 14 551
70 48 210
70 48 212
70 48 219
70 48 220
70 48 221
70 48 223
70 48 224
70 48 225
70 48 232
70 48 234
70 48 237
70 48 238
70 48 239
70 48 240
70 48 241
70 48 242
70 48 246
70 48 248
70 48 249
70 48 251
70 48 254
70 48 256
70 48 257
70 48 260
70 48 263
70 48 272
70 101 210
70 101 212
70 101 213
70 101 215
70 101 216
70 101 217
70 101 219
70 101 220
70 101 222
70 101 224
70 101 230
70 101 232
70 101 233
70 101 234
70 101 236
70 101 240
70 101 241
70 101 243
70 101 244
70 101 245
70 101 247
70 101 249
70 101 250
70 101 252
70 101 254
70 101 274
70 101 276
70 101 277
70 101 279
70 101 287
70 101 291
70 101 293
70 101 295
70 101 296
70 101 299
70 101 300
70 101 301
70 101 302
70 101 304
70 101 306
70 2 285
70 1 319
70 51 365
70 51 368
70 51 429
70 51 430
70 51 431
70 51 432
70 51 433
70 51 434
70 51 436
70 51 441
70 51 442
70 51 456
70 51 457
70 51 459
70 51 462
70 51 471
70 51 477
70 51 478
70 51 479
70 51 480
70 51 481
70 51 482
70 51 483
70 51 484
70 51 487
70 51 488
70 51 490
70 51 497
70 51 498
70 51 500
70 51 501
70 95 432
70 95 433
70 95 441
70 95 442
70 40 478
70 77 574
70 77 575
70 77 576
70 77 583
70 77 585
70 77 589
70 77 592
70 77 595
70 77 597
70 77 603
70 77 627
70 77 646
70 77 647
70 77 648
70 77 649
70 77 652
70 25 592
70 14 609
70 56 625
70 35 657
70 35 658
70 35 659
70 35 660
70 35 661
70 49 683
48 103 210
48 103 216
48 103 217
48 103 219
48 103 220
48 103 222
48 103 223
48 103 224
48 103 232
48 103 237
48 103 239
48 103 240
48 103 241
48 103 242
48 103 254
48 103 260
48 103 262
48 103 277
48 103 279
48 103 280
48 103 281
48 103 282
48 103 283
48 103 284
48 103 287
48 103 296
48 13 399
48 5 399
48 72 428
48 72 450
48 72 466
48 95 432
101 37 333
101 37 335
101 37 336
101 37 349
101 37 350
101 37 352
101 37 353
101 37 357
101 37 358
101 37 365
101 37 366
101 37 367
101 37 370
101 37 371
101 37 374
101 37 376
101 37 387
101 37 388
101 37 389
101 37 392
101 37 394
101 37 396
101 37 397
101 37 398
101 37 399
101 37 401
101 37 403
101 37 406
101 37 407
101 37 408
101 37 409
101 37 431
101 18 333
101 18 336
101 18 338
101 18 339
101 18 340
101 18 341
101 18 342
101 18 343
101 18 344
101 18 345
101 18 346
101 18 347
101 18 348
101 18 349
101 18 350
101 18 352
101 18 353
101 18 354
101 18 356
101 18 357
101 18 358
101 18 360
101 18 363
101 18 367
101 18 373
101 18 376
101 18 377
101 18 382
101 18 383
101 18 388
101 18 392
101 18 401
101 18 402
101 18 403
101 18 404
101 18 408
101 18 410
101 18 431
101 111 401
103 72 211
103 72 214
103 72 223
103 72 225
103 72 226
103 72 227
103 72 229
103 72 231
103 72 235
103 72 237
103 72 238
103 72 239
103 72 242
103 72 246
103 72 251
103 72 261
103 72 272
103 72 278
103 72 284
103 72 289
103 72 294
103 72 303
103 72 305
103 56 532
103 56 533
103 56 544
103 56 545
103 56 546
103 56 547
103 56 548
103 56 612
103 56 669
103 56 676
103 56 677
103 56 678
103 56 679
103 56 680
103 56 682
103 56 683
103 56 685
103 56 686
103 56 687
103 56 688
103 56 689
103 56 690
103 56 691
103 56 692
103 56 693
103 56 694
103 56 696
103 56 697
103 56 698
103 56 699
103 56 700
103 56 701
103 56 702
103 90 669
72 24 319
72 104 398
72 58 791
72 58 792
72 58 795
72 58 796
72 58 799
72 58 800
72 58 801
72 58 803
72 58 804
72 58 805
72 58 808
72 58 811
72 58 812
72 58 813
72 58 815
72 58 818
72 58 819
72 58 825
72 58 826
72 58 827
72 58 831
72 58 833
72 58 843
72 58 849
72 58 850
72 58 866
72 58 867
72 58 875
72 58 893
72 58 894
72 58 895
72 58 896
72 83 857
72 83 865
78 82 236
78 82 237
78 82 240
78 82 241
78 82 243
78 82 244
78 82 245
78 82 250
78 82 263
78 82 264
78 82 273
78 82 277
78 82 282
78 82 283
78 82 303
78 82 307
78 82 309
78 82 310
78 82 312
78 82 313
78 82 318
78 82 331
78 82 334
78 82 338
78 82 346
78 82 348
78 82 349
78 82 357
78 82 362
78 82 363
78 82 367
78 82 368
78 82 369
78 82 371
78 82 372
78 82 373
78 82 374
78 82 375
78 82 376
78 82 377
78 82 378
78 82 379
78 82 380
78 82 381
78 82 382
78 82 384
78 82 386
78 82 389
78 82 390
78 82 391
78 82 392
78 82 393
78 82 394
78 82 395
78 82 396
78 82 402
78 82 418
78 82 419
78 82 420
78 82 421
78 82 422
78 82 424
78 82 426
78 82 427
78 82 431
78 82 433
78 82 436
78 82 437
78 82 438
78 82 457
78 82 460
78 82 466
78 82 467
78 82 468
78 82 469
78 82 470
78 82 471
78 82 472
78 82 478
78 82 479
78 82 482
78 82 483
78 82 484
78 82 485
78 82 486
78 82 487
78 82 488
78 82 489
78 82 490
78 82 491
78 82 492
78 82 493
78 82 494
78 82 496
78 82 497
78 82 498
78 82 499
78 82 500
78 82 501
78 82 502
78 82 503
78 82 504
78 82 505
78 82 506
78 82 507
78 82 508
78 82 509
78 82 512
78 82 518
78 82 519
78 82 520
78 82 521
78 82 523
78 82 524
78 82 525
78 82 528
78 82 529
78 82 534
78 82 535
78 82 538
78 82 542
78 82 553
78 82 554
78 2 236
78 2 237
78 2 238
78 2 241
78 2 242
78 2 243
78 2 244
78 2 245
78 2 246
78 2 247
78 2 248
78 2 250
78 2 251
78 2 252
78 2 253
78 2 254
78 2 257
78 2 258
78 2 270
78 2 279
78 2 281
78 2 282
78 2 283
78 2 284
78 2 290
78 2 302
78 2 308
78 2 309
78 2 311
78 2 313
78 2 316
78 2 317
78 2 326
78 2 327
78 2 330
78 2 331
78 2 332
78 2 334
78 2 335
78 2 338
78 2 342
78 2 343
78 2 346
78 2 348
78 2 359
78 2 360
78 2 361
78 2 362
78 2 363
78 2 364
78 2 365
78 2 367
78 2 368
78 2 369
78 2 370
78 2 371
78 2 372
78 2 373
78 2 374
78 2 375
78 2 376
78 2 377
78 2 378
78 2 379
78 2 380
78 2 381
78 2 382
78 2 383
78 2 384
78 2 387
78 2 388
78 2 389
78 2 390
78 2 391
78 2 392
78 2 393
78 2 397
78 2 398
78 2 408
78 2 409
78 2 412
78 2 414
78 2 416
78 2 418
78 2 419
78 2 420
78 2 421
78 2 424
78 2 432
78 2 433
78 2 434
78 2 438
78 2 442
78 2 445
78 2 457
78 2 460
78 2 466
78 2 467
78 2 468
78 2 469
78 2 470
78 2 471
78 2 472
78 2 473
78 2 474
78 2 476
78 2 478
78 2 479
78 2 484
78 2 485
78 2 486
78 2 487
78 2 488
78 2 489
78 2 490
78 2 491
78 2 492
78 2 493
78 2 494
78 2 496
78 2 497
78 2 498
78 2 500
78 2 501
78 2 502
78 2 503
78 2 504
78 2 505
78 2 506
78 2 513
78 2 514
78 2 515
78 2 516
78 2 526
78 2 529
78 2 530
78 2 531
78 2 532
78 2 533
78 2 535
78 2 536
78 2 552
78 2 553
78 25 399
78 25 592
78 95 414
78 68 591
78 68 612
78 68 639
78 68 651
78 68 657
78 68 665
78 68 666
78 68 675
78 49 684
82 14 625
82 90 812
82 110 913
2 13 412
2 24 431
2 25 533
2 25 593
2 25 615
2 41 533
2 54 558
2 54 559
2 54 572
2 54 587
2 54 591
2 54 620
2 54 630
2 54 631
2 54 646
2 54 685
2 33 558
2 33 559
2 33 561
2 33 562
2 33 571
2 33 572
2 33 576
2 33 578
2 33 587
2 33 588
2 33 590
2 33 598
2 33 599
2 33 607
2 33 615
2 33 617
2 33 657
2 33 673
2 33 674
2 33 683
2 33 685
2 35 558
2 35 559
2 35 571
2 35 577
2 35 581
2 35 583
2 35 588
2 35 591
2 35 595
2 35 599
2 35 601
2 35 608
2 35 660
2 35 679
2 35 680
2 35 681
2 35 683
2 35 685
2 88 631
2 92 640
2 92 641
2 99 644
2 6 646
2 68 657
2 68 673
2 52 666
2 83 674
2 49 682
2 95 683
29 112 258
29 112 268
29 112 276
29 112 284
29 112 293
29 112 310
29 112 311
29 112 320
29 112 329
29 112 349
29 112 350
29 112 355
29 112 359
29 112 362
29 112 377
29 112 383
29 112 384
29 112 385
29 112 386
29 112 387
29 112 389
29 112 392
29 112 394
29 112 397
29 112 398
29 112 400
29 112 401
29 112 402
29 112 403
29 112 405
29 112 406
29 112 409
29 112 412
29 112 413
29 112 414
29 112 427
29 112 428
29 112 430
29 112 435
29 112 437
29 112 438
29 112 439
29 112 446
29 112 461
29 112 468
29 112 469
29 112 483
29 112 504
29 112 507
29 112 508
29 112 513
29 112 514
29 112 516
29 112 517
29 115 261
29 115 262
29 115 267
29 115 269
29 115 270
29 115 272
29 115 273
29 115 274
29 115 275
29 115 277
29 115 280
29 115 292
29 115 295
29 115 297
29 115 298
29 115 299
29 115 300
29 115 302
29 115 303
29 115 304
29 115 312
29 115 313
29 115 316
29 115 321
29 115 330
29 115 331
29 115 333
29 115 335
29 115 336
29 115 337
29 115 338
29 115 340
29 115 341
29 115 343
29 115 344
29 115 346
29 115 347
29 115 352
29 115 353
29 115 354
29 115 356
29 115 357
29 115 358
29 115 364
29 115 365
29 115 366
29 115 367
29 115 370
29 115 374
29 115 388
29 115 391
29 115 395
29 115 396
29 115 399
29 115 404
29 115 407
29 115 408
29 115 410
29 115 422
29 115 424
29 115 425
29 115 426
29 115 429
29 115 431
29 115 432
29 115 433
29 115 434
29 115 436
29 115 440
29 115 442
29 115 443
29 115 449
29 115 471
29 115 472
29 115 481
29 115 482
29 115 484
29 115 488
29 115 492
29 115 494
29 115 503
29 21 376
29 25 382
29 25 383
29 88 415
29 88 428
29 88 435
29 88 437
29 111 505
29 54 510
112 99 296
112 24 356
112 111 507
112 66 592
112 66 593
112 66 596
112 66 599
112 66 600
112 66 602
112 66 603
112 66 604
112 66 620
112 66 621
112 66 622
112 66 623
112 66 630
112 66 637
112 66 639
112 66 640
112 66 642
112 66 666
112 66 667
112 66 673
112 66 674
112 66 692
112 66 693
112 66 694
112 66 695
112 66 698
112 66 699
112 66 700
112 66 701
112 66 703
112 66 704
112 66 706
112 66 708
112 66 709
112 66 711
112 66 713
112 66 714
112 66 715
112 66 716
112 66 717
112 66 718
112 66 720
112 66 722
112 66 723
112 66 725
112 66 732
112 66 737
112 66 739
112 66 740
112 66 742
112 66 743
112 66 744
112 66 746
112 66 748
112 66 749
112 66 750
112 66 751
112 66 752
112 66 755
112 66 756
112 66 757
112 66 760
112 66 761
112 66 762
112 66 763
112 66 764
112 66 766
112 66 767
112 66 768
112 66 770
112 66 772
112 66 773
112 66 777
112 66 780
112 66 782
112 66 783
112 66 786
112 66 787
112 66 788
112 66 789
112 66 790
112 66 793
112 66 796
112 66 797
112 26 605
112 26 606
112 26 608
112 26 609
112 26 612
112 62 734
112 62 764
112 38 752
115 13 333
115 1 356
115 66 374
115 66 375
115 66 394
115 66 423
115 66 446
115 66 447
115 66 449
115 66 450
115 25 382
115 25 383
115 88 418
115 88 425
115 88 431
115 88 432
115 88 434
115 88 435
115 88 436
115 88 438
115 88 439
115 88 440
115 88 441
115 88 449
115 51 498
32 99 292
32 99 300
32 99 301
32 99 308
32 99 309
32 99 315
32 99 320
32 99 321
32 99 326
32 99 333
32 99 337
32 99 340
32 99 341
32 99 342
32 99 343
32 99 344
32 99 345
32 99 346
32 99 347
32 99 348
32 99 349
32 99 362
32 99 366
32 99 368
32 99 374
32 99 375
32 99 378
32 99 379
32 99 380
32 99 381
32 99 383
32 99 417
32 99 420
32 99 424
32 99 426
32 99 427
32 99 437
32 99 442
32 99 465
32 99 472
32 99 474
32 99 475
32 99 476
32 99 485
32 99 486
32 99 487
32 99 488
32 99 489
32 99 490
32 99 493
32 99 494
32 99 506
32 99 507
32 99 510
32 99 511
32 99 512
32 99 513
32 99 514
32 99 515
32 99 517
32 99 518
32 99 519
32 99 520
32 99 523
32 99 524
32 99 529
32 13 312
32 25 312
32 24 313
32 40 419
32 40 420
32 64 421
32 110 433
32 104 434
32 15 528
99 77 292
99 77 293
99 77 294
99 77 295
99 77 296
99 77 297
99 77 299
99 77 300
99 77 301
99 77 303
99 77 306
99 77 307
99 77 310
99 77 311
99 77 312
99 77 315
99 77 318
99 77 326
99 77 330
99 77 333
99 77 336
99 77 347
99 77 350
99 77 384
99 77 385
99 77 387
99 77 389
99 77 405
99 77 422
99 77 424
99 77 426
99 77 429
99 77 432
99 77 433
99 77 435
99 77 438
99 77 439
99 77 440
99 77 441
99 77 442
99 77 443
99 77 454
99 77 455
99 77 456
99 77 465
99 77 502
99 77 505
99 77 520
99 77 529
99 19 419
99 95 420
99 95 429
99 95 433
99 95 434
99 95 436
99 95 459
99 95 515
99 111 420
99 111 435
99 111 437
99 111 438
99 111 439
99 111 459
99 111 506
99 64 420
99 64 424
99 68 434
99 51 448
99 40 458
99 15 528
99 6 627
99 6 629
99 6 631
99 6 632
99 6 633
99 6 637
99 6 639
99 6 641
99 6 642
99 6 643
99 6 650
99 6 653
99 6 654
99 6 655
99 6 658
99 6 659
99 6 660
99 6 661
99 6 664
99 6 670
99 41 628
99 44 629
99 44 670
77 18 420
77 104 431
77 52 575
77 52 576
77 52 577
77 52 578
77 52 579
77 52 581
77 52 582
77 52 583
77 52 585
77 52 586
77 52 588
77 52 589
77 52 593
77 52 595
77 52 596
77 52 597
77 52 598
77 52 599
77 52 601
77 52 602
77 52 603
77 52 607
77 52 620
77 52 621
77 52 623
77 52 636
77 52 638
77 52 640
77 52 644
77 52 645
77 52 652
77 52 664
77 52 665
77 52 666
77 52 675
77 52 676
77 52 680
77 52 685
77 35 592
77 83 630
77 33 667
77 33 673
24 13 298
24 13 302
24 13 304
24 13 309
24 13 313
24 13 315
24 13 319
24 13 324
24 13 332
24 13 347
24 13 349
24 13 351
24 13 353
24 13 354
24 13 358
24 13 359
24 13 361
24 13 370
24 13 379
24 13 385
24 13 386
24 13 389
24 13 390
24 13 391
24 13 393
24 13 418
24 43 309
24 43 481
24 1 311
24 1 319
24 1 347
24 1 349
24 1 358
24 1 388
24 1 389
24 1 397
24 1 398
24 1 423
24 64 315
24 51 396
24 79 412
24 40 412
24 40 413
24 40 415
24 40 416
24 95 413
24 95 425
24 15 425
24 111 426
24 107 846
24 107 847
24 107 848
24 107 849
24 107 850
24 107 853
24 107 855
24 107 856
24 107 857
24 107 861
24 107 862
24 107 863
24 107 864
24 107 865
24 107 866
24 107 872
24 107 873
24 107 875
24 107 876
24 107 877
24 107 879
24 107 880
24 107 882
24 107 883
24 107 884
24 107 885
24 107 886
24 107 898
24 107 899
24 107 900
24 107 902
24 107 904
24 107 906
24 107 910
24 107 917
24 107 918
24 107 919
24 107 924
24 107 925
24 107 926
24 107 927
24 107 930
24 107 931
24 107 935
24 107 941
24 107 943
24 107 944
24 107 945
24 107 946
24 107 947
24 107 948
24 107 949
24 107 950
24 107 951
24 107 952
24 107 956
24 107 957
24 107 964
24 107 967
24 107 968
24 107 971
24 107 973
24 107 974
24 107 979
24 107 980
24 107 981
24 107 982
24 107 984
24 107 987
24 107 1007
24 107 1008
24 107 1009
24 107 1012
24 107 1017
24 107 1018
24 107 1019
24 107 1020
24 107 1031
24 107 1032
24 107 1033
24 107 1035
24 7 986
24 7 987
24 39 1015
13 1 303
13 1 323
13 1 334
13 1 389
13 1 399
13 1 403
13 1 410
13 1 411
13 1 412
13 1 417
13 1 418
13 1 436
13 1 437
13 5 400
13 95 627
13 95 636
13 95 656
13 95 657
13 95 659
13 95 661
13 95 662
13 95 663
13 95 664
13 95 665
13 95 666
13 95 667
13 95 701
13 95 702
13 95 708
13 95 716
13 95 718
13 95 730
13 95 736
13 95 748
13 95 750
1 104 315
1 25 318
1 25 320
1 25 323
1 25 325
1 25 330
1 25 331
1 25 355
1 25 364
1 25 414
1 25 418
1 12 329
1 12 337
1 12 344
1 12 378
1 66 418
43 79 563
43 83 819
43 83 923
25 12 312
25 12 314
25 12 316
25 12 318
25 12 323
25 12 327
25 12 328
25 12 330
25 12 355
25 40 377
25 40 411
25 21 401
25 18 411
25 104 417
25 104 457
25 118 417
25 89 500
25 89 501
25 89 531
25 89 546
25 89 573
25 89 616
25 89 617
25 89 618
25 89 620
25 89 621
25 89 622
25 89 623
25 89 624
25 89 625
25 89 626
25 89 627
25 89 628
25 89 629
25 89 633
25 89 654
25 89 655
25 41 500
25 41 501
25 41 503
25 41 505
25 41 508
25 41 511
25 41 513
25 41 518
25 41 520
25 41 521
25 41 522
25 41 523
25 41 528
25 41 530
25 41 531
25 41 533
25 41 546
25 41 569
25 41 598
25 41 601
25 41 617
25 41 620
25 41 621
25 41 653
25 41 654
25 95 517
25 95 518
25 95 540
25 79 533
25 20 541
25 20 546
25 33 594
25 33 595
25 33 611
25 33 613
25 33 615
25 33 625
25 33 626
25 33 627
25 33 629
25 33 631
25 33 632
25 33 633
25 33 635
25 66 604
25 66 607
25 66 608
25 66 620
25 57 611
25 35 615
25 35 627
25 35 628
25 35 629
25 35 635
25 6 636
12 7 983
12 7 984
12 7 985
12 7 988
12 7 989
12 7 990
12 7 991
12 7 1000
12 7 1002
12 7 1005
12 7 1006
12 7 1014
12 7 1015
12 7 1017
12 7 1018
12 7 1030
12 7 1031
12 7 1032
12 7 1033
12 7 1036
12 7 1037
12 7 1038
12 7 1039
12 7 1040
12 7 1042
12 7 1044
12 7 1049
12 7 1050
12 7 1053
12 7 1054
12 27 985
12 27 987
12 27 988
12 27 989
12 27 1015
12 27 1030
12 27 1032
12 27 1033
12 27 1043
12 27 1047
12 27 1053
12 27 1054
12 107 1005
104 49 313
104 49 314
104 49 315
104 49 317
104 49 320
104 49 322
104 49 323
104 49 324
104 49 325
104 49 327
104 49 328
104 49 331
104 49 333
104 49 334
104 49 335
104 49 336
104 49 337
104 49 338
104 49 339
104 49 340
104 49 341
104 49 342
104 49 343
104 49 344
104 49 345
104 49 346
104 49 349
104 49 350
104 49 351
104 49 352
104 49 353
104 49 354
104 49 355
104 49 357
104 49 358
104 49 363
104 49 366
104 49 368
104 49 371
104 49 379
104 49 381
104 64 313
104 64 320
104 64 321
104 64 324
104 64 325
104 64 326
104 64 331
104 64 333
104 64 334
104 64 335
104 64 336
104 64 337
104 64 338
104 64 339
104 64 340
104 64 341
104 64 342
104 64 343
104 64 344
104 64 346
104 64 348
104 64 349
104 64 350
104 64 351
104 64 352
104 64 353
104 64 354
104 64 357
104 64 358
104 64 362
104 64 363
104 64 369
104 64 372
104 64 378
104 64 379
104 64 380
104 64 381
104 64 385
104 64 395
104 64 398
104 64 415
104 64 421
104 64 424
104 64 428
104 64 430
104 64 431
104 64 434
104 64 436
104 64 437
104 64 441
104 64 442
104 64 446
104 64 447
104 64 449
104 64 458
104 64 459
104 64 460
104 64 461
104 107 386
104 107 393
104 107 394
104 107 395
104 107 397
104 107 398
104 107 401
104 107 403
104 107 405
104 107 411
104 107 412
104 107 417
104 107 419
104 107 420
104 107 421
104 107 423
104 107 424
104 107 426
104 107 427
104 107 434
104 107 436
104 107 437
104 107 438
104 107 441
104 107 443
104 107 444
104 107 446
104 107 460
104 107 461
104 5 395
104 5 396
104 5 419
104 37 400
104 18 401
104 22 402
104 111 416
104 111 435
104 51 427
104 10 439
104 95 451
104 38 745
104 38 747
104 38 750
104 27 1005
49 62 314
49 62 320
49 62 322
49 62 323
49 62 325
49 62 327
49 62 330
49 62 331
49 62 332
49 62 333
49 62 336
49 62 337
49 62 339
49 62 344
49 62 346
49 62 349
49 62 353
49 62 354
49 62 358
49 62 365
49 62 378
49 62 380
49 37 359
49 18 372
49 5 380
49 35 682
64 46 313
64 46 315
64 46 319
64 46 321
64 46 324
64 46 326
64 46 329
64 46 334
64 46 335
64 46 338
64 46 340
64 46 341
64 46 342
64 46 343
64 46 347
64 46 348
64 46 350
64 46 351
64 46 357
64 46 361
64 46 362
64 46 363
64 46 371
64 46 381
64 110 386
64 110 389
64 110 390
64 110 391
64 110 392
64 110 396
64 110 397
64 110 398
64 110 415
64 110 421
64 110 424
64 110 425
64 110 427
64 110 428
64 110 429
64 110 430
64 110 431
64 110 432
64 110 434
64 110 437
64 110 438
64 110 441
64 110 443
64 110 444
64 110 446
64 110 447
64 110 460
64 110 461
64 62 734
64 62 736
64 62 741
64 62 745
64 62 747
64 62 751
46 90 624
46 6 624
46 6 629
46 6 669
46 6 670
46 74 667
46 97 669
62 5 380
62 74 638
62 83 638
62 56 675
37 17 333
37 17 334
37 17 336
37 17 339
37 17 340
37 17 341
37 17 342
37 17 343
37 17 344
37 17 345
37 17 346
37 17 347
37 17 348
37 17 349
37 17 350
37 17 351
37 17 352
37 17 353
37 17 354
37 17 355
37 17 356
37 17 357
37 17 359
37 17 360
37 17 361
37 17 362
37 17 363
37 17 367
37 17 375
37 17 376
37 17 387
37 17 388
37 17 389
37 17 391
37 17 392
37 17 393
37 17 398
37 17 399
37 17 400
37 17 401
37 17 402
37 17 403
37 17 404
37 17 408
37 17 409
37 17 410
37 17 431
37 40 345
18 40 336
18 40 337
18 40 338
18 40 339
18 40 340
18 40 342
18 40 343
18 40 344
18 40 345
18 40 346
18 40 347
18 40 348
18 40 349
18 40 350
18 40 355
18 40 356
18 40 357
18 40 358
18 40 359
18 40 360
18 40 361
18 40 362
18 40 364
18 40 365
18 40 366
18 40 367
18 40 368
18 40 369
18 40 371
18 40 372
18 40 373
18 40 374
18 40 375
18 40 377
18 40 378
18 40 379
18 40 380
18 40 391
18 40 400
18 40 401
18 40 402
18 40 403
18 40 407
18 40 408
18 40 409
18 40 411
18 40 412
18 40 413
18 40 415
18 40 418
18 40 419
18 40 420
18 40 422
18 40 423
18 40 424
18 40 437
18 40 452
18 40 456
18 40 458
18 40 461
18 40 462
18 40 463
18 40 467
18 40 468
18 40 472
18 40 474
18 40 475
18 40 476
18 40 480
18 40 481
18 40 483
18 22 358
18 22 359
18 22 360
18 22 361
18 22 362
18 5 410
18 111 418
18 111 441
18 55 455
17 95 401
40 21 360
40 21 361
40 21 362
40 95 414
40 95 416
40 66 415
40 15 416
22 21 705
22 21 706
22 21 718
22 21 733
22 21 744
22 21 758
22 21 777
22 21 788
22 21 789
19 89 501
19 89 512
19 89 513
19 89 561
19 89 573
19 89 617
19 89 634
19 89 655
19 26 501
19 26 503
19 26 504
19 26 505
19 26 506
19 26 507
19 26 508
19 26 509
19 26 510
19 26 511
19 26 539
19 26 540
19 26 545
19 26 570
19 26 574
19 26 597
19 26 599
19 26 602
19 26 605
19 26 606
19 26 607
19 26 608
19 26 610
19 26 612
19 26 615
19 26 616
19 26 617
19 26 618
19 26 619
19 26 621
19 26 622
19 26 623
19 26 624
19 26 625
19 26 627
19 26 628
19 26 631
19 26 653
19 41 501
19 41 502
19 41 506
19 41 507
19 41 513
19 41 537
19 41 538
19 41 539
19 41 574
19 41 579
19 41 580
19 41 583
19 41 587
19 41 588
19 41 590
19 41 591
19 41 594
19 41 595
19 41 599
19 41 600
19 41 601
19 41 609
19 41 615
19 41 616
19 41 617
19 41 620
19 41 621
19 41 634
19 41 654
19 66 604
19 66 605
19 66 606
19 66 608
19 66 609
19 33 611
19 33 613
19 33 614
19 35 614
19 35 615
19 35 625
19 35 637
19 35 649
19 35 652
21 5 401
51 97 399
51 97 404
51 97 405
51 97 410
51 97 411
51 97 412
51 97 413
51 97 416
51 97 420
51 97 427
51 97 429
51 97 430
51 97 442
51 97 443
51 97 455
51 97 456
51 97 469
51 97 470
51 97 471
51 97 490
51 97 504
51 97 506
51 97 507
51 97 508
51 97 509
51 97 511
51 97 512
51 10 400
51 10 401
51 10 404
51 10 406
51 10 407
51 10 408
51 10 409
51 10 410
51 10 411
51 10 412
51 10 413
51 10 415
51 10 416
51 10 417
51 10 418
51 10 419
51 10 424
51 10 425
51 10 427
51 10 428
51 10 430
51 10 440
51 10 441
51 10 442
51 10 443
51 10 444
51 10 445
51 10 446
51 10 447
51 10 449
51 10 450
51 10 455
51 10 464
51 10 465
51 10 473
51 10 474
51 10 503
51 10 504
51 10 506
51 10 508
51 10 510
51 10 512
66 5 374
66 5 402
66 5 410
66 5 418
66 5 419
66 5 427
66 5 446
66 5 447
66 5 448
66 5 449
66 5 450
66 111 395
66 41 603
66 56 630
66 56 631
66 56 636
66 56 637
66 60 738
66 60 740
66 60 746
66 60 752
66 60 755
66 60 761
66 60 762
5 118 374
5 118 375
5 118 381
5 118 383
5 118 418
5 118 428
5 118 439
5 118 446
5 118 447
5 118 448
5 118 449
5 118 450
5 95 384
5 15 388
5 15 389
5 15 390
5 14 392
5 110 421
14 95 379
14 95 392
14 95 393
14 95 412
14 95 416
14 95 421
14 95 427
14 95 430
14 95 431
14 95 432
14 95 449
14 95 455
14 95 468
14 95 469
14 95 470
14 95 475
14 95 476
14 95 477
14 95 485
14 95 487
14 95 496
14 95 498
14 95 509
14 95 510
14 95 511
14 95 512
14 95 514
14 95 515
14 74 614
14 74 629
14 74 637
14 74 638
14 74 639
14 74 641
14 74 642
14 74 643
14 74 688
14 74 689
14 74 690
14 74 691
14 74 692
14 74 695
14 74 701
14 74 703
14 74 709
14 74 728
14 74 732
14 74 733
14 74 734
14 74 747
14 74 748
14 74 750
14 83 618
14 83 636
14 83 637
14 83 641
14 83 667
14 83 675
14 60 666
14 121 667
14 68 689
14 68 691
95 110 399
95 10 400
95 10 412
95 10 413
95 10 425
95 10 427
95 10 436
95 10 437
95 10 438
95 10 445
95 10 448
95 10 451
95 10 457
95 10 458
95 10 461
95 10 480
95 10 483
95 10 484
95 10 488
95 63 516
95 41 518
95 41 540
95 89 609
95 74 618
95 74 619
95 74 620
95 74 621
95 74 622
95 74 623
95 74 624
95 74 625
95 74 627
95 74 634
95 74 635
95 74 636
95 74 637
95 74 638
95 74 639
95 74 640
95 74 641
95 74 643
95 74 646
95 74 658
95 74 662
95 74 667
95 74 670
95 74 672
95 74 675
95 74 676
95 74 677
95 74 678
95 74 679
95 74 681
95 74 682
95 74 683
95 74 684
95 74 686
95 74 687
95 74 697
95 74 699
95 74 700
95 74 702
95 74 703
95 74 712
95 74 718
95 74 722
95 74 726
95 74 730
95 74 731
95 74 735
95 74 736
95 74 737
95 74 738
95 74 741
95 74 744
95 74 748
95 74 750
95 83 619
95 83 620
95 83 621
95 83 629
95 83 669
95 60 643
95 121 650
95 33 683
95 35 683
15 56 540
15 34 540
15 111 550
15 111 560
15 92 644
107 38 742
107 38 743
107 38 744
107 38 746
107 38 748
107 38 749
107 38 751
107 38 752
107 38 753
107 38 754
107 38 755
107 38 757
107 38 758
107 38 772
107 38 777
107 38 793
107 38 794
107 38 795
107 38 798
107 38 812
107 38 819
107 38 831
107 38 842
107 38 844
110 111 399
110 26 820
110 10 915
111 41 519
111 52 579
97 92 418
97 92 429
97 92 439
97 92 511
97 92 512
97 34 435
97 52 436
97 6 624
97 6 626
97 6 634
97 6 640
97 6 645
97 6 646
97 6 649
97 6 651
97 6 652
97 6 656
97 6 657
97 6 662
97 6 663
97 6 665
97 6 666
97 6 668
97 6 669
10 92 403
10 92 404
10 92 406
10 92 409
10 92 410
10 92 411
10 92 415
10 92 417
10 92 418
10 92 420
10 92 422
10 92 424
10 92 425
10 92 429
10 92 430
10 92 435
10 92 442
10 92 445
10 92 473
10 92 475
10 92 493
10 92 494
10 92 495
10 92 500
10 92 501
10 92 502
10 92 503
10 92 504
10 92 507
10 92 508
10 92 512
10 34 435
10 34 438
10 27 691
10 27 710
10 27 720
10 27 725
10 27 729
10 27 732
10 27 753
10 27 781
10 27 783
10 27 785
10 27 786
10 27 787
10 27 792
10 27 794
10 27 801
10 27 807
10 27 814
10 27 825
10 27 866
10 23 826
92 52 582
92 83 631
54 33 558
54 33 587
54 35 558
54 35 654
34 16 407
34 16 412
34 16 491
34 16 504
34 16 513
34 16 514
34 16 530
34 55 439
34 55 467
34 55 468
34 55 470
34 55 477
34 55 479
34 55 480
34 52 446
34 52 453
34 52 464
34 52 469
34 52 478
34 56 514
34 56 516
34 56 517
34 56 520
34 56 529
34 56 531
34 56 532
34 56 538
34 56 539
34 56 540
16 52 418
16 52 439
16 52 440
16 52 455
79 41 533
79 83 563
79 83 564
79 83 566
79 83 568
79 83 569
79 83 571
79 83 574
79 83 586
79 83 597
79 83 600
79 83 605
79 83 633
79 83 634
79 83 636
79 83 637
79 83 638
79 83 639
79 83 642
79 83 655
79 83 659
79 83 662
79 83 663
79 83 696
79 83 701
79 83 704
79 83 708
79 83 717
79 83 720
79 83 790
79 83 796
79 83 812
79 83 823
79 83 824
79 83 831
79 83 833
79 83 857
79 83 866
79 83 905
79 83 906
79 83 907
79 83 913
79 83 914
79 83 917
79 83 919
79 83 920
79 83 921
79 83 922
79 83 923
79 44 564
79 44 600
79 90 743
79 90 762
79 90 776
79 90 800
79 90 805
79 90 807
79 90 812
88 52 627
88 52 628
52 68 575
52 68 576
52 68 581
52 68 583
52 68 584
52 68 585
52 68 586
52 68 587
52 68 589
52 68 592
52 68 595
52 68 596
52 68 597
52 68 598
52 68 599
52 68 600
52 68 601
52 68 602
52 68 603
52 68 605
52 68 606
52 68 607
52 68 608
52 68 609
52 68 622
52 68 623
52 68 624
52 68 625
52 68 631
52 68 632
52 68 635
52 68 637
52 68 639
52 68 641
52 68 642
52 68 643
52 68 644
52 68 645
52 68 654
52 68 667
52 68 668
52 68 669
52 68 670
52 68 671
52 68 672
52 68 673
52 68 675
52 68 676
52 33 592
52 33 627
52 33 628
52 33 663
52 33 664
52 33 665
52 33 666
52 35 630
52 35 662
52 35 664
52 35 666
52 35 667
52 35 668
52 35 670
52 35 671
52 35 672
52 35 673
68 26 591
68 57 656
68 57 660
68 33 657
55 90 813
55 83 844
55 83 850
55 83 851
55 83 856
89 41 500
89 41 501
89 41 503
89 41 508
89 41 509
89 41 510
89 41 511
89 41 520
89 41 521
89 41 524
89 41 527
89 41 530
89 41 531
89 41 532
89 41 536
89 41 574
89 41 576
89 41 597
89 41 616
89 41 617
89 41 619
89 41 620
89 41 621
89 41 622
89 41 637
89 41 638
89 41 642
89 41 644
89 41 645
89 41 646
89 41 647
89 41 650
89 41 654
89 35 625
89 35 626
89 35 627
89 35 628
89 35 629
89 35 630
89 35 631
89 35 632
89 35 633
89 35 638
89 33 625
89 33 626
89 33 627
89 33 628
89 33 629
89 33 630
89 33 631
89 33 632
89 33 633
41 20 544
41 6 629
41 33 634
41 33 635
41 35 635
41 26 637
26 33 606
26 33 612
26 33 637
26 35 611
26 35 612
26 35 613
26 35 625
26 35 626
26 35 631
26 35 632
26 35 633
26 35 637
26 35 652
26 42 690
26 42 700
26 42 701
26 42 707
26 42 709
26 42 719
26 42 721
26 42 722
26 42 723
26 42 724
26 42 726
26 42 727
26 42 728
26 42 733
26 42 738
26 42 739
26 42 740
26 42 741
26 42 742
26 42 743
26 42 746
26 42 747
26 42 752
26 42 761
26 42 763
26 42 779
26 42 780
26 42 782
26 42 784
26 42 789
26 42 790
26 42 791
26 42 793
26 42 795
26 42 796
26 42 797
26 42 809
26 42 810
26 42 821
26 11 690
26 11 693
26 11 694
26 11 703
26 11 704
26 11 705
26 11 707
26 11 711
26 11 714
26 11 718
26 11 721
26 11 723
26 11 726
26 11 727
26 11 728
26 11 730
26 11 731
26 11 740
26 11 741
26 11 742
26 11 744
26 11 752
26 11 755
26 11 758
26 11 779
26 11 780
26 11 782
26 11 784
26 11 788
26 11 789
26 11 790
26 11 791
26 11 793
26 11 795
26 11 796
26 11 797
26 11 800
26 11 802
26 11 803
26 11 809
26 11 810
26 11 815
26 11 817
26 11 818
26 11 820
26 11 821
26 11 826
26 11 828
26 11 844
26 11 868
26 11 894
26 11 897
26 11 906
26 11 912
26 11 914
26 11 915
26 23 818
20 33 612
20 23 711
20 23 752
20 23 753
20 23 754
20 23 756
20 23 760
20 23 765
20 23 787
20 23 812
20 23 818
20 23 819
20 23 820
20 23 821
20 23 822
20 23 823
20 23 824
20 23 825
20 23 826
33 57 557
33 57 559
33 57 657
33 57 685
33 35 558
33 35 559
33 35 562
33 35 567
33 35 568
33 35 569
33 35 570
33 35 571
33 35 572
33 35 573
33 35 575
33 35 576
33 35 577
33 35 578
33 35 587
33 35 588
33 35 592
33 35 596
33 35 599
33 35 600
33 35 602
33 35 612
33 35 614
33 35 615
33 35 617
33 35 619
33 35 620
33 35 621
33 35 623
33 35 624
33 35 625
33 35 626
33 35 627
33 35 628
33 35 629
33 35 630
33 35 631
33 35 632
33 35 633
33 35 635
33 35 636
33 35 637
33 35 638
33 35 639
33 35 641
33 35 642
33 35 643
33 35 644
33 35 645
33 35 646
33 35 647
33 35 649
33 35 650
33 35 651
33 35 657
33 35 660
33 35 661
33 35 663
33 35 664
33 35 665
33 35 666
33 35 667
33 35 668
33 35 670
33 35 671
33 35 672
33 35 673
33 35 679
33 35 680
33 35 685
57 35 559
57 35 569
57 35 589
57 35 594
57 35 653
57 35 657
57 35 675
57 35 682
57 35 685
57 35 688
35 83 641
35 6 666
83 74 714
83 42 745
83 42 747
83 38 793
74 42 811
60 42 813
121 7 785
121 7 790
121 7 794
121 7 795
121 7 798
121 7 801
121 7 802
121 7 803
121 7 807
121 7 808
121 7 811
121 7 812
121 7 820
121 7 823
121 7 833
121 7 834
121 7 838
121 7 921
121 7 922
121 7 924
121 7 929
121 7 931
121 7 933
121 7 934
121 7 935
121 7 938
121 7 939
121 7 940
121 7 941
121 7 942
121 7 943
121 7 944
121 7 945
121 7 946
121 7 947
121 7 948
121 7 949
121 7 950
121 7 951
121 7 952
121 7 953
121 7 954
121 7 955
121 7 956
121 7 957
121 7 958
121 7 959
121 7 960
121 7 961
121 7 962
121 7 963
121 7 964
121 7 965
121 7 966
121 7 967
121 7 968
121 7 969
121 7 970
121 7 971
121 7 972
121 7 973
121 7 974
121 39 976
121 39 978
121 39 979
121 39 983
121 39 984
121 39 985
121 39 986
121 39 987
121 39 988
121 39 989
121 39 990
121 39 991
121 39 992
121 39 993
121 39 996
121 39 997
121 39 998
121 39 999
121 39 1000
121 39 1001
121 39 1002
121 39 1003
121 39 1005
121 39 1006
121 39 1009
121 39 1011
121 39 1012
121 39 1013
121 39 1014
121 39 1015
121 39 1016
121 39 1018
121 39 1019
121 39 1020
42 11 690
42 11 691
42 11 693
42 11 694
42 11 695
42 11 699
42 11 703
42 11 707
42 11 710
42 11 711
42 11 715
42 11 717
42 11 720
42 11 722
42 11 723
42 11 724
42 11 725
42 11 726
42 11 727
42 11 728
42 11 729
42 11 730
42 11 731
42 11 732
42 11 739
42 11 742
42 11 748
42 11 749
42 11 751
42 11 752
42 11 755
42 11 759
42 11 760
42 11 765
42 11 766
42 11 767
42 11 777
42 11 778
42 11 784
42 11 785
42 11 790
42 11 791
42 11 793
42 11 795
42 11 796
42 11 810
42 11 815
42 11 816
42 11 821
42 27 710
42 27 712
42 27 713
42 27 720
42 27 725
42 27 729
42 27 734
42 27 756
42 27 781
42 27 785
42 27 794
42 27 798
11 39 997
27 39 997
23 39 1016
7 39 987
