152 5 0
152 5 1
152 5 7
152 5 8
152 5 9
152 5 10
152 5 11
152 5 12
152 5 16
152 5 17
152 5 18
152 5 19
152 5 24
152 5 25
152 5 32
152 5 37
152 5 38
152 5 39
152 5 41
152 5 42
152 5 43
152 5 45
152 93 2
152 93 3
152 93 8
152 93 10
152 93 11
152 93 13
152 93 20
152 93 21
152 93 27
152 93 29
152 93 30
152 93 32
152 93 35
152 93 40
152 93 45
152 67 23
152 24 226
152 24 241
152 24 242
152 24 245
152 24 247
152 24 248
152 24 249
152 18 294
152 153 305
5 93 1
5 93 2
5 93 7
5 84 8
5 84 11
5 84 13
5 84 16
5 84 17
5 84 35
5 84 38
5 84 39
5 84 41
5 84 43
5 84 45
93 115 1115
96 107 4
96 107 5
96 107 6
96 107 7
96 107 8
96 107 9
96 107 10
96 107 11
96 107 12
96 107 13
96 107 14
96 107 21
96 107 24
96 107 25
96 107 26
96 107 27
96 107 28
96 107 32
96 107 34
96 107 35
96 107 40
96 107 46
96 107 48
96 107 50
96 107 51
96 107 52
96 107 56
96 107 58
96 107 60
96 107 61
96 107 62
96 107 63
96 107 64
96 107 66
96 107 67
96 13 399
96 31 410
96 31 414
107 9 65
107 126 829
107 126 832
107 126 839
107 126 841
107 126 843
107 126 844
107 126 845
107 126 846
107 126 847
107 126 848
107 126 849
107 126 851
107 126 862
107 126 867
107 126 868
107 126 869
107 126 870
107 126 872
107 126 873
107 126 874
107 126 875
107 126 876
107 126 877
107 126 878
107 126 879
107 126 880
107 126 882
107 126 883
107 126 884
107 126 886
107 126 887
107 126 888
107 126 889
107 126 890
107 126 892
107 126 893
107 126 894
107 126 895
107 126 896
107 126 897
107 126 898
107 126 901
107 126 902
107 126 904
107 126 905
107 126 926
107 126 932
107 126 937
107 126 942
107 126 943
107 126 944
107 126 946
107 126 1033
107 185 830
107 185 832
107 185 833
107 185 839
107 185 842
107 185 843
107 185 863
107 185 864
107 185 866
107 185 867
107 185 868
107 185 875
107 185 891
107 185 893
107 185 901
107 185 902
107 185 903
107 185 925
107 185 926
107 185 944
107 185 950
107 185 951
107 185 953
107 185 954
107 185 955
107 185 963
107 185 964
107 185 1023
107 185 1031
107 33 895
107 33 922
107 33 923
107 33 924
107 33 925
107 33 932
107 33 937
107 33 939
107 33 941
107 33 951
107 33 953
107 33 954
107 33 955
107 33 1039
107 38 919
107 38 921
107 38 922
107 38 923
107 38 924
107 38 926
107 38 927
107 38 928
107 38 929
107 38 931
107 38 934
107 38 935
107 38 939
107 38 942
107 38 944
107 38 946
107 38 953
107 38 954
107 38 955
107 38 962
107 38 1006
107 38 1010
107 38 1039
107 48 925
107 48 928
107 48 931
107 48 934
107 48 942
107 48 945
107 48 959
107 48 962
107 48 1031
107 48 1032
107 48 1033
107 43 946
107 101 951
107 101 953
107 101 954
107 101 955
107 101 1018
107 101 1019
107 80 962
107 80 1022
107 80 1024
107 80 1031
84 161 17
84 105 533
84 105 537
84 105 539
84 105 543
84 105 546
84 105 551
84 105 552
84 105 553
84 105 556
84 105 560
84 105 571
84 105 580
84 105 581
84 105 583
84 105 584
84 105 585
84 105 586
84 105 587
84 105 589
84 105 590
84 105 591
84 105 593
84 105 597
84 105 615
84 105 683
84 105 684
84 105 719
84 86 533
84 86 556
84 86 567
84 86 662
84 86 667
84 86 671
84 86 674
84 86 678
84 86 679
84 86 680
84 86 683
84 86 685
84 86 691
84 86 715
84 86 717
84 86 719
84 144 698
84 158 698
84 141 700
161 176 271
161 176 273
161 176 285
161 176 286
161 176 288
161 176 295
161 176 300
161 176 302
161 176 393
161 176 415
161 176 416
161 176 430
161 176 431
161 176 434
161 176 436
161 176 437
161 176 440
161 176 441
161 176 560
161 176 561
161 176 562
161 176 563
161 14 470
67 4 763
67 4 765
67 4 766
67 4 767
67 4 774
67 4 777
67 53 767
67 53 768
67 53 770
67 53 771
67 53 772
67 53 777
67 53 778
9 82 29
9 82 31
9 82 32
9 82 38
9 82 40
9 82 41
9 82 42
9 82 43
9 82 44
9 82 46
9 82 47
9 82 48
9 82 49
9 82 50
9 82 52
9 82 56
9 82 58
9 82 59
9 82 63
9 82 66
9 82 67
9 82 68
9 82 69
9 82 70
9 82 72
9 82 73
9 82 74
9 82 75
9 82 76
9 82 77
9 82 78
9 82 79
9 82 80
9 82 91
9 82 92
9 82 93
9 82 98
9 82 99
9 82 102
9 82 104
9 82 105
9 82 106
9 82 111
9 82 112
9 82 119
9 118 52
9 151 118
9 151 121
9 151 123
9 151 124
9 151 125
9 151 126
9 151 130
9 151 131
9 151 136
9 151 137
9 151 138
9 151 139
9 151 141
9 151 156
9 151 160
9 151 161
9 151 166
9 151 167
9 151 168
9 151 174
9 151 175
9 151 177
9 151 178
9 151 179
9 151 180
9 151 181
9 151 186
9 151 188
9 151 189
9 151 192
9 151 193
9 151 194
9 151 198
9 151 199
9 151 201
9 151 204
9 151 208
9 151 209
9 151 210
9 151 211
9 151 213
9 151 214
9 151 216
9 151 222
9 151 228
9 151 231
9 151 234
9 151 235
9 147 121
9 147 123
9 147 125
9 147 126
9 147 139
9 147 140
9 147 144
9 147 145
9 147 146
9 147 147
9 147 148
9 147 151
9 147 152
9 147 170
9 147 173
9 147 175
9 147 185
9 147 186
9 147 187
9 147 190
9 147 191
9 147 193
9 147 204
9 147 213
9 147 214
9 147 234
9 147 235
9 148 126
9 143 130
9 143 131
9 175 130
9 175 161
9 175 174
9 175 175
9 175 185
9 167 136
9 167 166
9 167 167
9 167 169
9 167 171
9 167 173
9 167 174
9 167 175
9 160 168
9 160 169
9 160 170
9 98 175
9 3 216
9 153 232
82 70 681
82 70 685
82 70 701
82 70 713
82 70 714
82 70 715
82 70 720
82 70 722
82 70 726
82 70 727
82 70 738
82 70 767
82 65 684
82 65 685
82 65 686
82 65 689
82 65 695
82 65 746
82 65 750
82 65 771
82 65 774
82 65 781
82 65 783
82 65 788
82 65 789
82 65 790
82 65 791
82 51 686
82 51 733
82 51 735
82 51 741
82 139 689
82 139 690
82 139 691
82 139 695
82 139 698
82 139 700
82 139 713
82 139 716
82 139 720
82 139 727
82 139 730
82 139 741
82 139 742
82 139 743
82 139 744
82 139 751
82 139 765
82 100 730
118 73 54
118 73 55
118 102 246
118 24 278
118 18 288
118 18 576
118 18 629
118 18 630
118 18 652
118 18 664
118 153 334
118 153 335
118 155 334
118 155 335
118 69 571
118 69 573
118 69 574
118 69 591
118 69 600
118 69 603
118 69 607
118 69 609
118 69 663
118 1 574
118 1 575
118 1 576
118 1 607
118 1 629
118 1 642
118 1 643
118 1 646
118 1 648
118 1 652
118 1 658
118 141 575
118 141 603
118 141 609
118 141 617
118 141 642
118 141 644
118 141 645
118 141 654
118 141 659
118 141 664
118 131 656
73 10 100
73 10 101
73 10 103
73 10 107
73 10 109
73 10 115
73 10 121
73 10 125
73 10 126
73 10 127
73 10 128
73 10 129
73 10 130
73 10 131
73 10 132
73 10 133
73 10 135
73 10 136
73 10 137
73 10 139
73 10 141
73 10 143
73 10 144
73 10 146
73 10 147
73 10 148
73 10 150
73 10 151
73 10 152
73 10 159
73 10 160
73 10 161
73 10 166
73 10 169
73 10 173
73 10 174
73 10 175
73 10 177
73 157 237
73 157 238
73 157 239
73 157 240
73 157 243
73 157 245
73 157 246
73 157 256
73 157 263
73 157 264
73 157 270
73 157 271
73 157 272
73 157 273
73 157 274
73 157 275
73 157 293
73 157 294
73 157 302
73 157 304
73 157 319
73 157 320
73 157 321
73 157 323
73 157 324
138 27 76
138 27 77
138 27 78
138 27 79
138 27 80
138 27 83
138 27 86
138 27 98
138 27 99
138 27 101
138 27 102
138 27 105
138 27 106
138 27 121
138 27 122
138 27 123
138 27 124
138 27 129
138 27 130
138 27 131
138 27 132
138 27 133
138 27 137
138 27 144
138 27 147
138 27 148
138 27 149
138 27 152
138 27 157
138 27 158
138 27 159
138 27 160
138 27 162
138 27 165
138 27 166
138 27 167
138 27 168
138 27 169
138 27 170
138 27 171
138 27 172
138 27 173
138 27 177
138 27 178
138 27 179
138 27 180
138 27 181
138 27 182
138 27 183
138 27 184
138 27 185
138 27 194
138 27 195
138 27 196
138 27 198
138 27 199
138 27 204
138 27 205
138 27 206
138 27 209
138 27 212
138 27 213
138 27 214
138 27 215
138 27 216
138 27 217
138 27 218
138 27 219
138 27 220
138 27 221
138 27 223
138 27 225
138 27 226
138 27 227
138 27 228
138 27 229
138 27 230
138 27 231
138 27 232
138 27 233
138 27 236
138 27 240
138 27 243
138 58 77
138 58 78
138 58 79
138 58 80
138 58 81
138 58 82
138 58 85
138 58 86
138 58 87
138 58 89
138 58 90
138 58 91
138 58 92
138 58 93
138 58 94
138 58 95
138 58 96
138 58 98
138 58 99
138 58 100
138 58 101
138 58 102
138 58 106
138 58 112
138 58 113
138 58 114
138 58 116
138 58 117
138 58 121
138 58 122
138 58 123
138 58 124
138 58 127
138 58 134
138 58 136
138 58 142
138 58 143
138 58 144
138 58 145
138 58 147
138 58 149
138 58 150
138 58 152
138 58 153
138 58 157
138 58 158
138 58 165
138 58 168
138 58 169
138 58 172
138 58 176
138 58 179
138 58 181
138 58 185
138 58 191
138 58 214
138 58 216
138 58 217
138 58 219
138 58 221
138 58 223
138 58 227
138 58 229
138 58 232
138 58 233
138 58 237
138 58 239
138 58 240
138 58 242
138 58 243
138 58 244
138 109 218
138 109 220
138 109 221
138 109 228
138 109 229
138 109 230
138 109 231
138 109 232
138 109 235
138 109 236
138 109 237
138 109 239
138 109 240
138 109 241
138 109 244
138 109 248
138 109 249
138 109 250
138 109 251
138 109 253
138 109 254
138 109 257
138 109 272
138 109 284
138 109 287
138 109 288
138 109 290
138 109 291
138 109 302
138 109 304
138 109 306
138 109 311
138 109 312
138 109 313
138 109 317
138 109 320
138 109 322
138 109 323
138 109 324
138 94 218
138 94 222
138 94 223
138 94 225
138 94 228
138 94 229
138 94 230
138 94 235
138 94 236
138 94 237
138 94 238
138 94 239
138 94 240
138 94 241
138 94 242
138 94 248
138 94 249
138 94 250
138 94 251
138 94 255
138 94 256
138 94 258
138 94 270
138 94 271
138 94 279
138 94 293
138 94 294
138 94 295
138 94 302
138 94 304
138 94 311
138 94 312
138 94 313
138 94 314
138 94 315
138 94 316
138 94 322
138 94 323
138 94 324
138 139 219
138 139 228
138 121 226
138 121 258
138 121 262
138 156 237
138 140 239
138 140 240
138 140 242
138 140 243
138 140 244
138 119 239
138 119 240
138 119 242
138 119 243
138 119 244
138 35 241
138 35 243
138 35 247
138 35 262
138 35 263
138 35 265
138 143 262
138 143 263
138 18 279
138 135 320
138 76 323
27 54 77
27 54 80
27 54 84
27 54 86
27 54 87
27 54 89
27 54 99
27 174 1237
58 22 100
58 22 105
58 22 106
58 22 107
58 22 121
58 22 123
58 22 124
58 22 127
58 22 130
58 22 131
58 22 136
58 22 142
58 22 143
58 22 145
58 22 147
58 22 149
58 22 158
58 22 163
58 22 164
58 22 166
58 22 168
58 22 169
58 22 171
58 22 176
58 22 177
58 22 179
58 22 180
58 22 181
58 22 182
58 22 184
58 22 185
58 22 186
58 22 187
58 22 192
58 22 194
58 22 195
58 22 213
58 22 219
58 22 227
58 22 228
58 22 229
58 22 231
58 22 232
58 22 233
58 22 234
58 22 240
58 22 243
58 159 134
58 159 135
58 0 225
58 0 229
58 0 231
58 0 234
58 0 235
58 0 236
58 0 238
58 68 231
58 68 232
58 68 235
58 112 237
58 112 238
58 112 239
58 112 240
54 140 239
54 140 240
54 145 810
54 145 818
54 145 836
54 145 837
54 145 838
54 145 843
54 145 847
54 145 848
54 145 850
54 145 866
54 145 880
54 145 893
54 115 857
54 60 863
112 140 84
112 140 85
112 140 86
112 140 87
112 140 160
112 140 161
112 140 162
112 140 171
112 140 172
112 140 173
112 140 174
112 140 175
112 140 178
112 140 179
112 140 180
112 140 182
112 140 183
112 140 186
112 140 189
112 140 191
112 140 192
112 140 193
112 140 194
112 140 195
112 140 196
112 140 197
112 140 200
112 140 201
112 140 202
112 140 203
112 140 205
112 140 206
112 140 207
112 140 208
112 140 209
112 140 210
112 140 211
112 140 212
112 140 213
112 140 214
112 140 215
112 140 216
112 140 217
112 140 218
112 140 219
112 140 220
112 140 221
112 140 222
112 140 223
112 140 224
112 140 225
112 140 226
112 140 227
112 140 228
112 140 229
112 140 230
112 140 231
112 140 232
112 140 233
112 140 234
112 140 235
112 140 236
112 140 239
112 140 240
112 140 241
112 140 242
112 140 245
112 140 257
112 140 258
112 140 528
112 181 257
112 181 258
112 181 259
112 75 548
112 75 575
112 75 595
112 75 606
112 75 608
112 75 610
112 75 613
112 75 614
112 75 616
112 75 617
112 75 618
112 75 620
112 75 621
112 75 622
112 75 623
112 75 624
112 75 629
112 75 691
112 75 700
112 75 703
112 75 705
112 75 707
112 75 708
112 75 711
112 75 713
112 69 663
112 86 719
140 12 143
140 48 145
140 148 146
140 148 153
140 25 153
140 11 162
140 160 170
140 160 215
140 40 216
140 147 235
140 147 236
140 151 235
140 151 236
140 8 235
140 8 575
140 22 240
140 22 243
140 22 257
140 173 242
140 173 257
140 173 258
140 120 527
140 120 528
140 7 527
140 61 528
140 21 531
140 21 533
140 21 534
140 21 536
140 21 539
140 21 541
140 21 542
140 21 543
140 21 549
140 21 557
140 21 558
140 21 561
140 21 565
140 21 567
140 21 571
140 21 572
140 21 574
140 21 575
140 21 576
140 21 577
140 68 540
140 129 541
140 121 563
8 156 91
8 156 92
8 156 95
8 156 96
8 156 99
8 156 100
8 156 101
8 156 102
8 156 103
8 156 107
8 156 683
8 160 91
8 160 92
8 160 94
8 160 95
8 160 99
8 160 100
8 160 101
8 160 102
8 160 103
8 160 104
8 160 105
8 160 106
8 160 107
8 160 108
8 160 109
8 160 111
8 160 112
8 32 541
8 88 541
8 88 545
8 88 546
8 88 547
8 88 548
8 88 560
8 88 564
8 88 568
8 88 586
8 88 587
8 88 588
8 88 596
8 88 597
8 88 599
8 88 603
8 88 616
8 88 620
8 88 629
8 88 636
8 88 645
8 88 646
8 88 648
8 88 649
8 88 650
8 88 651
8 88 652
8 88 653
8 88 658
8 88 659
8 88 661
8 88 662
8 88 664
8 88 670
8 88 672
8 88 673
8 88 674
8 88 676
8 88 677
8 88 678
8 88 679
8 88 681
8 88 682
8 88 684
8 88 688
8 88 694
8 88 696
8 88 697
8 88 700
8 88 706
8 88 709
8 88 711
8 88 732
8 88 733
8 88 734
8 88 735
8 88 736
8 88 737
8 88 739
8 86 541
8 127 546
8 127 547
8 127 548
8 127 560
8 127 564
8 127 568
8 127 578
8 127 581
8 127 585
8 127 586
8 127 587
8 127 588
8 127 591
8 127 596
8 127 597
8 127 599
8 127 603
8 127 606
8 127 607
8 127 616
8 127 620
8 127 631
8 127 633
8 127 634
8 127 636
8 127 646
8 127 648
8 127 649
8 127 650
8 127 651
8 127 659
8 127 668
8 127 670
8 127 672
8 127 673
8 127 674
8 127 676
8 127 678
8 127 681
8 127 682
8 127 684
8 127 686
8 127 688
8 127 689
8 127 693
8 127 694
8 127 706
8 127 709
8 127 732
8 127 733
8 127 734
8 127 735
8 127 736
8 127 737
8 127 739
8 127 741
8 169 586
8 162 623
8 141 624
8 4 681
8 49 682
8 38 730
8 114 739
8 114 740
8 114 741
156 143 131
156 48 638
156 48 642
156 48 645
156 48 647
156 48 649
156 48 650
156 48 651
156 48 654
156 48 658
156 48 711
156 48 730
156 48 745
156 48 750
156 48 751
156 48 752
156 48 757
156 48 761
156 167 643
156 167 645
156 167 649
156 167 650
156 167 654
156 167 671
156 167 672
156 167 684
156 167 688
156 167 711
156 167 714
156 167 739
156 167 744
156 167 749
156 167 750
156 167 751
156 167 754
156 167 759
156 167 760
156 177 648
156 153 650
156 153 658
156 153 672
156 153 673
156 153 681
156 153 685
156 153 747
156 153 750
156 153 758
156 74 651
156 74 721
156 74 722
156 74 723
156 74 730
156 74 741
156 74 745
156 74 746
156 74 747
156 74 748
156 74 751
156 74 752
156 74 753
156 74 757
156 74 758
156 131 652
156 131 722
156 131 753
156 131 760
156 131 761
156 53 688
156 53 746
156 53 747
156 53 750
156 4 706
156 4 749
156 184 714
156 65 718
160 147 91
160 147 92
160 147 94
160 147 99
160 147 102
160 147 121
160 147 126
160 147 131
160 147 135
160 147 164
160 147 168
160 147 169
160 147 173
160 147 186
160 147 191
160 147 192
160 147 202
160 147 203
160 147 234
160 147 235
160 147 236
160 147 237
160 147 238
160 44 154
160 44 161
160 44 162
160 44 167
160 44 169
160 44 171
160 44 181
160 44 184
160 44 187
160 44 190
160 44 196
160 44 204
160 44 207
160 44 208
160 15 193
147 175 173
147 119 235
147 142 1212
147 142 1238
98 13 95
98 13 101
98 13 145
98 13 146
98 13 149
98 13 155
98 13 156
98 13 161
98 13 166
98 13 171
98 13 187
98 13 197
98 13 198
98 13 213
98 13 214
98 13 215
98 13 216
98 13 220
98 13 234
98 13 235
98 13 240
98 144 96
98 144 108
98 144 137
98 144 140
98 144 143
98 144 174
98 144 190
98 144 193
98 144 206
98 144 215
98 144 216
98 144 218
98 144 221
98 144 223
98 144 224
98 144 228
98 144 242
98 15 96
98 15 97
98 15 104
98 15 124
98 15 125
98 15 130
98 15 131
98 15 133
98 15 134
98 15 137
98 15 144
98 15 145
98 15 147
98 15 151
98 15 154
98 15 155
98 15 156
98 15 175
98 15 176
98 15 178
98 15 184
98 15 185
98 15 186
98 15 187
98 15 190
98 15 191
98 15 194
98 15 198
98 15 201
98 15 202
98 15 205
98 15 212
98 15 213
98 15 214
98 15 215
98 15 216
98 15 218
98 15 219
98 15 220
98 15 221
98 15 222
98 15 223
98 15 224
98 15 229
98 15 230
98 15 231
98 15 232
98 15 234
98 15 239
98 15 240
98 181 107
98 181 110
98 181 113
98 181 120
98 181 121
98 181 125
98 181 126
98 181 128
98 181 129
98 181 130
98 181 131
98 181 138
98 181 139
98 181 140
98 181 141
98 181 147
98 181 151
98 181 153
98 181 155
98 181 156
98 181 162
98 181 166
98 181 167
98 181 169
98 181 170
98 181 171
98 181 174
98 181 175
98 181 176
98 181 186
98 181 187
98 181 189
98 181 190
98 181 193
98 181 200
98 181 202
98 181 203
98 181 205
98 181 206
98 181 208
98 181 209
98 181 210
98 181 212
98 181 213
98 181 214
98 181 215
98 181 216
98 181 217
98 181 218
98 181 219
98 181 220
98 181 222
98 181 229
98 181 232
98 181 233
98 181 234
98 181 235
98 181 239
98 102 134
98 102 135
98 102 136
98 102 138
98 102 139
98 102 141
98 102 142
98 102 143
98 102 144
98 102 145
98 102 146
98 102 147
98 102 148
98 102 149
98 102 150
98 102 151
98 102 152
98 102 159
98 102 160
98 102 161
98 102 162
98 102 163
98 102 164
98 102 166
98 102 170
98 102 173
98 102 175
98 102 176
98 102 177
98 102 178
98 102 180
98 102 181
98 102 182
98 102 183
98 102 185
98 102 186
98 102 187
98 102 188
98 102 189
98 102 192
98 102 193
98 102 194
98 102 197
98 102 198
98 102 199
98 102 200
98 102 201
98 102 202
98 102 204
98 102 205
98 102 217
98 102 219
98 102 221
98 102 227
98 102 229
98 102 230
98 102 233
98 102 234
98 102 235
98 102 236
98 102 239
98 102 241
98 102 250
98 102 251
98 18 137
98 18 150
98 134 197
98 173 197
98 44 211
98 175 238
98 111 242
98 59 245
98 35 248
13 134 130
13 134 137
13 134 138
13 134 140
13 134 142
13 134 143
13 134 150
13 134 193
13 134 198
13 134 229
13 134 234
13 134 237
13 134 240
13 173 140
13 173 142
13 173 143
13 173 144
13 173 146
13 173 147
13 173 149
13 173 150
13 173 154
13 173 155
13 173 156
13 173 157
13 173 163
13 173 167
13 173 168
13 173 170
13 173 171
13 173 186
13 173 187
13 173 193
13 173 194
13 173 198
13 173 210
13 173 213
13 173 214
13 173 215
13 173 217
13 173 227
13 173 232
13 173 233
13 173 235
13 173 237
13 143 144
13 111 189
13 35 234
13 35 381
13 104 236
13 104 242
13 104 243
13 30 244
13 132 398
13 36 512
13 36 513
13 36 514
13 40 513
13 40 514
13 40 515
13 65 778
12 15 96
12 15 97
12 15 98
12 15 99
12 15 102
12 15 104
12 15 105
12 15 106
12 15 108
12 15 110
12 15 111
12 15 112
12 15 113
12 15 114
12 15 115
12 15 116
12 15 117
12 15 118
12 15 119
12 15 120
12 15 122
12 15 142
12 15 143
12 15 146
12 15 149
12 15 152
12 15 161
12 15 177
12 15 187
12 15 193
12 15 197
12 15 198
12 15 201
12 15 210
12 15 211
12 15 213
12 15 214
12 15 216
12 15 220
12 15 233
12 15 234
12 15 235
12 15 236
12 15 237
12 15 238
12 15 243
12 106 96
12 181 97
12 181 99
12 181 113
12 181 114
12 144 97
12 144 98
12 89 136
12 89 137
12 89 188
12 18 137
12 18 139
12 18 141
12 18 144
12 18 150
12 18 151
12 18 152
12 18 153
12 18 154
12 18 164
12 18 165
12 18 168
12 18 170
12 18 172
12 18 173
12 18 174
12 18 176
12 18 177
12 18 178
12 18 186
12 18 190
12 18 196
12 18 197
12 18 289
12 18 290
12 18 292
12 18 294
12 18 295
12 18 296
12 18 297
12 18 298
12 18 299
12 18 300
12 18 301
12 18 302
12 18 303
12 18 304
12 18 305
12 18 306
12 18 307
12 159 143
12 175 158
12 175 161
12 175 162
12 167 161
12 3 161
12 3 264
12 117 242
12 139 295
12 139 298
15 134 96
15 134 100
15 134 101
15 134 102
15 134 112
15 134 117
15 134 119
15 134 123
15 134 127
15 134 130
15 134 131
15 134 135
15 134 136
15 134 137
15 134 138
15 134 142
15 134 143
15 134 156
15 134 158
15 134 159
15 134 160
15 134 161
15 134 162
15 134 163
15 134 164
15 134 165
15 134 166
15 134 167
15 134 168
15 134 169
15 134 170
15 134 171
15 134 172
15 134 173
15 134 174
15 134 177
15 134 187
15 134 193
15 134 194
15 134 198
15 134 202
15 134 205
15 134 206
15 134 207
15 134 210
15 134 211
15 134 212
15 134 214
15 134 215
15 134 216
15 134 217
15 134 218
15 134 219
15 134 220
15 134 223
15 134 224
15 134 225
15 134 228
15 134 229
15 134 230
15 134 231
15 134 235
15 134 237
15 134 238
15 134 239
15 173 122
15 173 129
15 173 132
15 173 133
15 173 134
15 173 137
15 173 138
15 173 141
15 173 143
15 173 147
15 173 148
15 173 149
15 173 150
15 173 151
15 173 152
15 173 155
15 173 156
15 173 157
15 173 161
15 173 162
15 173 176
15 173 186
15 173 187
15 173 189
15 173 198
15 173 200
15 173 202
15 173 204
15 173 206
15 173 207
15 173 210
15 173 211
15 173 212
15 173 213
15 173 214
15 173 215
15 173 216
15 173 217
15 173 218
15 173 219
15 173 220
15 173 221
15 173 222
15 173 223
15 173 224
15 173 226
15 48 130
15 25 180
15 40 193
15 40 196
15 40 470
15 121 229
15 121 230
15 175 240
15 30 243
15 30 244
15 104 243
15 104 244
15 141 297
15 141 298
15 141 301
15 141 309
15 141 310
15 141 312
15 141 314
15 141 315
15 141 316
15 141 317
15 141 318
15 141 319
15 141 321
15 141 322
15 141 331
15 141 332
15 141 341
15 141 342
15 141 351
15 141 355
15 141 356
15 141 376
15 141 380
15 141 383
15 141 397
15 141 406
15 141 408
15 141 412
15 141 414
15 141 415
15 141 416
15 141 418
15 141 419
15 141 421
15 141 548
15 141 577
15 141 578
15 141 589
15 141 591
15 141 601
15 141 604
15 141 617
15 141 630
15 141 631
15 141 632
15 141 633
15 141 634
15 141 635
15 141 636
15 141 637
15 141 638
15 141 654
15 141 658
15 141 659
15 141 664
15 68 352
15 182 518
15 69 568
15 69 629
15 69 654
15 69 655
15 69 656
15 69 659
15 37 580
106 134 100
106 134 109
106 134 114
106 134 120
106 134 124
106 134 125
106 134 130
106 134 131
106 134 139
106 134 155
106 134 205
106 134 212
106 134 217
106 134 219
106 134 220
106 134 222
106 134 229
106 134 230
106 134 231
106 134 235
106 134 238
106 134 239
106 134 243
106 134 244
106 134 761
106 134 762
106 134 763
106 134 764
106 134 766
106 134 767
106 134 768
106 134 771
106 134 773
106 134 777
106 134 778
106 134 780
106 134 781
106 134 785
106 134 786
106 134 788
106 134 790
106 134 791
106 134 794
106 134 795
106 134 796
106 134 797
106 4 765
106 48 786
106 139 797
106 139 800
106 2 800
144 30 636
144 30 711
144 30 737
144 131 636
144 131 637
144 131 661
144 131 662
144 131 666
144 131 669
144 131 702
144 131 727
144 131 728
144 131 734
144 131 737
144 131 750
144 158 636
144 158 648
144 48 641
144 48 646
144 48 653
144 48 667
144 48 683
144 48 685
144 48 698
144 48 730
144 48 753
144 48 754
144 48 756
144 48 757
144 48 758
144 48 759
144 167 644
144 167 653
144 167 654
144 167 658
144 167 660
144 167 661
144 167 662
144 167 663
144 167 666
144 167 667
144 167 669
144 167 679
144 167 681
144 167 682
144 167 683
144 167 692
144 167 701
144 167 711
144 167 730
144 167 734
144 167 748
144 167 759
144 53 646
144 53 647
144 53 691
144 53 693
144 53 730
144 53 732
144 53 737
144 53 738
144 53 746
144 53 748
144 53 749
144 53 750
144 53 751
144 53 752
144 53 753
144 53 754
144 165 647
144 165 648
144 165 649
144 165 653
144 165 667
144 165 698
144 165 755
144 165 757
144 165 759
144 177 648
144 69 657
144 133 683
144 74 697
144 74 722
144 74 730
144 74 735
144 74 738
144 4 701
144 4 749
144 65 718
144 42 727
134 181 97
134 181 102
134 181 108
134 181 109
134 181 111
134 181 112
134 181 113
134 181 114
134 181 115
134 181 116
134 181 117
134 181 118
134 181 119
134 181 120
134 181 121
134 181 126
134 181 127
134 181 128
134 181 129
134 181 130
134 181 131
134 181 132
134 181 133
134 181 134
134 181 135
134 181 137
134 181 138
134 181 139
134 181 140
134 181 142
134 181 143
134 181 146
134 181 147
134 181 152
134 181 174
134 181 176
134 181 178
134 181 179
134 181 181
134 181 184
134 181 185
134 181 191
134 181 194
134 181 196
134 181 198
134 181 201
134 181 203
134 181 204
134 181 205
134 181 206
134 181 207
134 181 208
134 181 209
134 181 210
134 181 211
134 181 212
134 181 214
134 181 215
134 181 216
134 181 217
134 181 218
134 181 219
134 181 220
134 181 221
134 181 222
134 181 223
134 181 224
134 181 225
134 181 228
134 181 229
134 181 230
134 181 231
134 181 232
134 181 233
134 181 234
134 181 236
134 181 237
134 181 238
134 181 239
134 29 132
134 157 132
134 52 134
134 59 145
134 59 245
134 168 193
134 168 197
134 128 230
134 34 235
134 39 237
134 39 238
134 183 241
134 150 761
134 150 763
134 150 764
134 150 768
134 150 771
134 150 773
134 150 774
134 150 777
134 150 778
134 150 780
134 150 782
134 150 786
134 150 788
134 150 790
134 150 791
134 150 792
134 150 793
134 150 794
134 150 795
134 150 796
134 23 769
14 181 96
14 181 105
14 181 106
14 181 107
14 181 112
14 59 115
14 68 235
14 31 379
14 126 382
14 87 397
14 91 445
14 91 446
14 91 448
14 91 449
14 91 452
14 91 455
14 91 456
14 91 459
14 91 463
14 91 464
14 91 465
14 91 468
14 91 470
14 91 476
14 91 477
14 91 478
14 91 479
14 91 482
14 91 490
14 91 491
14 91 492
14 91 493
14 91 523
14 91 547
14 91 550
14 91 567
14 91 569
14 91 570
14 91 574
14 91 578
14 91 580
14 91 581
14 91 594
14 91 595
14 91 603
14 91 604
14 91 605
14 91 607
14 91 633
14 91 635
14 91 636
14 91 637
14 91 638
14 91 639
14 91 642
14 91 676
14 91 677
14 91 696
14 91 697
14 91 698
14 91 699
14 91 700
14 91 701
14 91 707
14 91 708
14 91 729
14 91 730
14 91 739
14 91 740
14 91 741
14 91 743
14 91 744
14 91 745
14 91 746
14 91 747
14 91 748
14 91 749
14 91 750
14 91 779
14 91 780
14 122 513
14 122 514
181 55 100
181 25 132
181 25 134
181 148 133
181 148 134
181 35 233
181 35 234
181 35 238
181 22 257
55 146 925
55 146 932
55 146 934
55 146 938
55 146 943
55 146 946
55 146 961
55 146 962
55 146 1023
55 146 1084
55 146 1098
55 146 1108
55 16 936
55 16 1032
55 16 1064
55 83 943
55 34 968
55 71 1064
22 119 240
22 119 243
22 119 257
22 59 249
22 37 612
22 37 613
22 37 615
22 37 616
22 37 617
22 37 618
22 37 619
22 37 620
22 37 621
22 37 630
22 37 633
22 37 644
22 37 645
22 37 649
22 37 654
22 37 661
22 81 613
22 81 614
22 81 615
22 81 618
22 81 619
22 81 620
22 81 621
22 81 622
22 81 623
22 81 624
22 81 625
22 81 626
22 81 627
22 81 631
22 81 637
22 81 638
22 81 640
22 81 641
22 81 647
22 81 649
22 81 660
22 81 661
22 77 651
22 149 653
22 45 669
22 45 670
22 1 669
22 1 670
22 97 670
22 52 670
10 159 135
10 167 174
10 25 1173
10 25 1174
10 25 1198
10 25 1207
10 25 1208
10 25 1241
10 25 1245
59 173 145
59 70 681
59 70 697
59 70 769
59 70 770
59 70 771
59 70 778
59 70 782
59 139 689
151 183 130
151 183 184
151 183 185
151 87 214
151 119 235
151 137 970
151 137 977
151 137 979
151 137 982
151 137 984
151 137 986
151 137 988
151 137 998
151 137 1010
151 137 1044
151 137 1060
151 137 1073
151 137 1104
151 137 1105
151 137 1106
151 137 1114
151 137 1122
151 137 1151
151 137 1152
151 137 1153
151 137 1163
151 137 1164
151 137 1171
151 137 1172
151 137 1173
151 137 1176
151 137 1178
151 137 1179
151 137 1182
151 137 1184
151 137 1186
151 137 1198
151 137 1229
151 137 1234
151 137 1265
151 137 1266
151 92 978
151 71 1048
151 71 1052
151 71 1053
151 71 1054
151 72 1184
148 29 120
148 29 121
148 29 122
148 29 123
148 29 124
148 29 125
148 29 127
148 29 128
148 29 133
148 29 134
148 29 137
148 29 138
148 29 139
148 29 140
148 29 141
148 29 146
148 29 155
148 29 156
148 29 165
148 29 166
148 29 183
148 29 199
148 29 200
148 29 201
148 29 205
148 29 216
148 29 217
148 29 229
148 29 256
148 29 258
148 29 261
148 29 264
148 29 269
148 29 270
148 29 271
148 29 272
148 29 273
148 29 275
148 29 282
148 29 286
148 29 288
148 52 121
148 52 128
148 52 132
148 52 134
148 52 138
148 52 146
148 52 147
148 52 156
148 52 157
148 52 188
148 52 203
148 52 204
148 52 205
148 52 206
148 52 207
148 52 208
148 52 211
148 52 216
148 52 219
148 52 220
148 52 221
148 52 222
148 52 223
148 52 224
148 52 225
148 52 227
148 52 232
148 52 233
148 52 234
148 52 237
148 52 247
148 52 248
148 52 249
148 52 257
148 52 259
148 52 264
148 52 266
148 52 267
148 52 269
148 52 270
148 52 272
148 39 253
148 18 295
148 135 434
29 18 196
29 48 829
29 48 830
29 48 839
29 48 840
29 48 841
29 48 842
29 48 846
29 48 847
29 48 848
29 48 862
29 48 863
29 48 933
29 48 934
29 48 938
29 48 1031
29 114 829
29 114 830
29 114 832
29 114 841
29 114 842
29 114 851
29 114 870
29 114 880
29 114 890
29 114 891
29 114 896
29 114 897
29 114 898
29 114 901
29 126 830
29 126 832
29 126 837
29 126 839
29 126 840
29 126 841
29 126 842
29 126 849
29 126 850
29 126 852
29 126 867
29 126 868
29 126 869
29 126 870
29 126 871
29 126 879
29 126 889
29 126 899
29 126 900
29 126 918
29 126 925
29 126 927
29 126 929
29 126 930
29 126 931
29 126 932
29 126 935
29 126 936
29 126 945
29 126 947
29 126 975
29 126 1034
29 185 832
29 185 870
29 185 878
29 185 879
29 185 880
29 185 881
29 185 888
29 185 889
29 185 890
29 185 891
29 185 892
29 185 893
29 185 897
29 185 901
29 185 933
29 38 832
29 38 836
29 38 837
29 38 838
29 38 844
29 38 877
29 38 898
29 38 902
29 38 915
29 38 918
29 38 922
29 38 923
29 38 924
29 38 937
29 38 938
29 38 940
29 38 941
29 38 942
29 38 945
29 38 950
29 38 952
29 38 953
29 38 977
29 38 978
29 38 979
29 38 983
29 38 995
29 38 997
29 38 1032
29 38 1033
29 38 1039
29 101 949
29 101 951
29 101 952
29 101 953
29 101 954
29 101 955
29 19 951
29 43 963
25 52 120
25 52 121
25 52 124
25 52 126
25 52 127
25 52 128
25 52 129
25 52 130
25 52 138
25 52 146
25 52 154
25 52 155
25 52 162
25 52 163
25 52 179
25 52 180
25 52 182
25 52 185
25 52 186
25 52 188
25 52 189
25 52 190
25 52 193
25 52 203
25 52 205
25 52 264
25 52 266
25 52 267
25 52 269
25 183 194
25 129 1173
25 129 1174
25 129 1175
25 129 1176
25 129 1194
25 129 1197
25 129 1198
25 129 1207
25 129 1208
25 129 1269
25 129 1303
25 129 1305
25 129 1307
25 129 1308
25 129 1310
25 129 1311
25 129 1326
25 129 1327
25 129 1328
52 18 175
52 18 184
52 40 176
52 1 670
52 184 682
52 184 753
52 184 763
52 184 767
52 65 689
52 127 689
52 70 700
52 70 704
52 70 705
52 70 706
52 70 707
52 70 712
52 70 713
52 70 786
52 70 787
52 70 788
52 139 713
52 139 739
52 139 740
52 91 734
52 91 737
52 2 781
52 136 786
52 136 787
173 20 229
173 128 230
173 68 235
173 19 636
173 19 646
173 19 683
173 19 684
173 19 698
173 19 699
173 19 700
173 19 701
173 19 702
143 183 127
143 175 129
143 157 141
143 157 142
143 28 194
143 28 195
143 28 205
143 28 208
143 28 209
143 28 210
143 28 212
143 28 213
143 28 215
143 28 216
143 28 217
143 28 220
143 28 221
143 28 222
143 28 223
143 28 224
143 28 227
143 28 230
143 28 237
143 28 239
143 28 240
143 28 246
143 39 262
143 128 263
143 128 313
143 166 299
143 163 1010
143 163 1011
143 163 1012
143 163 1013
143 163 1014
143 163 1015
143 163 1016
143 163 1017
143 163 1021
143 163 1036
143 163 1037
143 163 1060
143 163 1061
143 163 1167
143 42 1013
143 42 1014
143 42 1015
143 42 1018
143 42 1019
143 42 1020
143 42 1021
143 42 1023
143 42 1024
143 42 1025
143 42 1026
143 42 1028
143 42 1029
143 42 1030
143 42 1031
143 42 1032
143 42 1034
143 42 1035
143 42 1036
143 42 1037
143 42 1040
143 42 1041
143 42 1042
143 42 1043
143 42 1045
143 42 1051
143 42 1057
143 42 1058
143 42 1061
143 42 1067
143 42 1072
143 42 1077
143 42 1084
143 42 1126
143 42 1127
143 42 1139
143 42 1140
143 42 1141
143 42 1142
143 42 1143
143 42 1144
143 42 1146
143 42 1147
143 42 1148
143 42 1149
143 42 1150
143 42 1151
143 42 1152
143 42 1164
143 42 1165
143 42 1166
143 42 1167
183 167 128
183 167 131
183 167 134
183 167 135
183 167 136
183 167 137
183 167 138
183 167 139
183 167 140
183 167 141
183 167 142
183 167 159
183 167 164
183 167 165
183 167 174
183 167 175
183 167 185
183 167 186
183 167 188
183 167 189
183 167 195
183 167 214
183 167 216
183 167 218
183 167 222
183 167 244
183 48 190
167 3 194
167 44 637
167 44 648
167 44 651
167 44 652
167 44 658
167 44 668
167 44 669
167 44 683
167 44 684
167 44 735
167 49 637
167 49 639
167 49 644
167 49 697
167 49 734
167 49 735
167 49 758
167 26 639
167 26 640
167 26 646
167 26 656
167 26 669
167 26 696
167 26 701
167 26 731
167 26 739
167 26 745
167 149 640
167 149 652
167 149 658
167 149 671
167 66 642
167 66 733
167 66 735
167 66 758
167 19 646
167 19 649
167 19 651
167 19 670
167 124 651
167 124 667
167 124 668
167 124 669
167 124 679
167 124 681
167 124 758
167 101 659
167 105 701
167 4 701
167 176 714
167 38 718
175 18 163
175 157 241
48 158 638
48 158 645
48 158 649
48 158 653
48 158 660
48 158 661
48 158 662
48 158 665
48 158 689
48 158 698
48 158 721
48 158 722
48 158 728
48 158 736
48 158 739
48 158 744
48 158 750
48 158 757
48 158 759
48 158 760
48 158 761
48 49 638
48 49 670
48 49 692
48 49 736
48 49 738
48 49 753
48 19 645
48 66 646
48 66 678
48 66 709
48 66 719
48 66 720
48 66 737
48 66 744
48 66 745
48 124 646
48 124 666
48 124 671
48 124 711
48 124 750
48 149 647
48 26 656
48 26 740
48 101 666
48 101 753
48 4 753
48 28 816
48 34 840
48 34 841
48 34 842
48 34 843
48 34 844
48 34 845
48 34 846
48 34 847
48 34 848
48 34 849
48 34 850
48 34 851
48 34 852
48 34 856
48 34 857
48 34 858
48 34 859
48 177 864
48 177 865
48 177 873
48 177 924
48 177 927
48 177 928
48 177 929
48 177 933
48 177 934
48 177 954
48 177 958
48 177 963
48 177 975
48 177 983
48 177 986
48 177 1002
48 177 1030
48 177 1031
48 177 1032
48 119 874
48 119 934
48 119 938
48 119 939
48 119 946
48 119 967
48 71 959
48 71 962
157 128 304
157 128 305
157 128 306
157 1 347
157 1 349
102 168 162
102 124 228
102 124 229
102 85 238
102 166 250
102 178 1114
102 178 1115
159 23 769
89 64 237
89 166 251
89 100 482
89 100 483
89 100 484
89 100 489
89 100 490
89 100 495
89 100 498
89 100 501
89 100 503
89 100 504
89 100 505
89 100 534
89 100 561
89 100 562
89 100 565
89 100 567
89 100 568
89 100 570
89 100 573
89 100 575
89 100 577
89 100 578
89 100 588
89 100 589
89 100 590
89 122 514
89 122 526
89 122 527
89 91 517
89 91 518
89 32 527
18 109 149
18 109 150
18 168 175
18 3 183
18 17 229
18 116 271
18 116 272
18 116 279
18 1 305
18 1 306
18 1 308
18 1 309
18 1 310
18 1 313
18 1 314
18 1 315
18 1 316
18 1 317
18 1 318
18 1 319
18 1 320
18 1 322
18 1 323
18 1 324
18 1 326
18 1 329
18 1 331
18 1 335
18 1 341
18 1 351
18 1 375
18 1 376
18 1 377
18 1 432
18 1 488
18 1 548
18 1 554
18 1 571
18 1 572
18 1 573
18 1 574
18 1 575
18 1 577
18 1 578
18 1 579
18 1 583
18 1 585
18 1 586
18 1 589
18 1 590
18 1 591
18 1 603
18 1 619
18 1 630
18 1 633
18 1 636
18 1 639
18 1 640
18 1 641
18 1 642
18 174 306
18 174 315
18 174 316
18 174 317
18 174 335
18 174 337
18 174 340
18 174 348
18 174 351
18 174 357
18 174 359
18 174 360
18 174 363
18 174 397
18 174 547
18 174 567
18 174 568
18 174 577
18 174 586
18 174 600
18 174 602
18 174 609
18 174 610
18 174 611
18 174 612
18 174 613
18 174 614
18 174 617
18 174 618
18 174 619
18 174 625
18 174 626
18 153 331
18 131 450
18 131 456
18 131 457
18 131 458
18 131 461
18 131 486
18 131 519
18 117 568
18 33 572
18 33 575
18 33 577
18 33 590
18 33 635
18 33 636
18 33 637
18 33 638
18 33 654
18 33 664
18 95 655
18 26 656
18 158 657
18 37 658
18 81 658
24 3 141
24 3 142
24 3 147
24 3 169
24 3 172
24 3 257
24 3 259
24 3 260
24 3 265
24 3 276
24 3 283
24 3 304
24 3 305
24 3 306
24 3 307
24 3 314
24 3 315
24 109 148
24 23 191
24 23 192
24 23 761
24 149 649
24 66 654
24 66 655
24 66 665
24 66 672
24 66 708
3 30 212
3 35 248
3 35 250
3 111 275
109 40 160
109 103 225
109 103 228
109 103 237
109 103 239
109 103 241
109 103 248
109 103 252
109 103 254
109 103 258
109 103 277
109 103 280
109 103 294
109 103 297
109 103 299
109 103 300
109 103 303
109 103 307
109 103 310
109 103 312
109 103 320
109 103 322
109 103 323
109 103 324
109 128 226
109 128 242
109 128 258
109 65 251
109 85 322
109 85 323
44 53 637
44 53 700
44 53 735
44 74 651
44 74 740
44 74 746
44 153 658
44 153 668
44 131 667
44 131 680
44 131 694
44 131 695
44 133 683
44 65 725
44 65 726
44 65 727
44 65 783
44 70 783
44 63 829
44 126 829
44 126 834
44 126 839
44 126 840
44 126 841
44 126 842
44 126 843
44 126 856
44 126 857
44 126 858
44 126 859
44 126 860
44 126 865
44 126 872
44 126 873
44 126 880
44 126 881
44 126 882
44 126 883
44 126 884
44 126 885
44 126 886
44 126 887
44 126 888
44 126 889
44 126 905
44 126 906
44 126 910
44 126 936
44 126 937
44 126 995
44 185 831
44 185 866
44 185 867
44 185 889
44 185 906
44 185 944
44 185 960
44 185 964
44 185 976
44 185 977
44 185 988
44 185 993
44 185 995
44 114 842
44 114 861
44 114 866
44 114 867
44 114 876
44 38 864
44 38 865
44 38 931
44 38 933
44 38 942
44 38 952
44 38 954
44 38 955
44 38 961
44 38 962
44 38 964
44 38 965
44 38 966
44 38 971
44 38 973
44 38 974
44 38 975
44 38 976
44 33 925
44 33 930
44 33 931
44 33 935
44 33 936
44 33 937
44 33 939
44 33 940
44 33 981
44 33 982
44 33 984
44 33 988
44 33 992
44 33 994
44 33 1030
44 80 960
44 80 964
44 80 965
44 101 960
44 101 965
44 92 966
40 168 155
40 168 156
40 168 157
40 168 158
40 168 159
40 168 160
40 168 163
40 168 164
40 168 166
40 168 168
40 168 172
40 168 173
40 168 174
40 168 176
40 168 177
40 168 180
40 168 182
40 168 183
40 168 185
40 168 188
40 168 189
40 168 198
40 168 202
40 168 203
40 168 205
40 168 211
40 168 213
40 168 214
40 168 215
40 119 216
40 135 425
40 135 426
40 135 431
40 135 432
40 135 436
40 135 437
40 135 438
40 135 445
40 135 448
40 135 449
40 135 546
40 32 425
40 32 429
40 32 441
40 32 445
40 32 446
40 32 447
40 32 448
40 32 451
40 32 453
40 32 456
40 32 466
40 32 467
40 32 476
40 32 486
40 32 489
40 32 504
40 32 510
40 32 513
40 32 515
40 32 535
40 32 537
40 32 538
40 32 544
40 32 546
40 139 434
40 122 435
40 122 436
40 122 438
40 122 449
40 122 466
40 122 469
40 122 514
40 122 519
40 122 521
40 122 522
40 122 523
40 122 533
40 80 513
40 80 514
40 80 515
168 169 423
168 169 435
168 169 438
168 169 564
11 129 1170
11 129 1171
11 129 1172
11 129 1173
11 129 1174
11 129 1175
11 129 1176
11 129 1194
11 129 1195
11 129 1196
11 129 1197
11 129 1198
11 129 1199
11 129 1200
11 129 1201
11 129 1202
11 129 1203
11 129 1205
11 129 1206
11 129 1207
11 129 1208
11 129 1233
11 129 1251
11 129 1303
11 129 1307
11 129 1310
11 129 1311
11 129 1313
11 129 1326
11 129 1327
11 129 1328
11 20 1194
11 20 1197
11 20 1236
11 20 1238
11 20 1249
11 20 1257
11 20 1271
11 20 1279
11 20 1293
11 20 1299
11 20 1303
11 20 1304
11 20 1307
11 20 1308
11 20 1309
11 20 1310
11 20 1311
11 20 1313
11 20 1327
11 20 1328
111 30 192
111 30 193
111 30 194
111 30 203
111 30 204
111 30 205
111 30 206
111 30 207
111 30 208
111 30 210
111 30 216
111 30 226
111 30 228
111 30 235
111 30 240
111 30 242
111 30 243
111 30 244
111 30 245
23 26 680
23 26 681
23 91 689
23 75 762
23 113 769
30 87 192
30 87 194
30 87 195
30 87 196
30 87 201
30 87 202
30 87 205
30 87 207
30 87 208
30 87 213
30 87 221
30 87 222
30 87 226
30 87 234
30 87 236
30 87 237
30 87 240
30 17 193
30 17 195
30 17 202
30 17 205
30 17 212
30 17 215
30 17 237
30 17 238
30 17 240
30 39 207
30 85 222
30 6 224
30 6 240
30 149 636
30 149 658
30 66 645
30 66 658
30 66 669
30 66 672
30 19 651
30 19 764
30 19 769
30 19 770
87 104 192
87 104 193
87 104 198
87 104 202
87 104 205
87 104 206
87 104 207
87 104 212
87 104 222
87 104 223
87 104 224
87 104 229
87 104 234
87 104 237
87 104 240
87 35 205
87 35 206
87 35 207
87 35 209
87 35 381
87 121 205
87 121 207
87 121 210
87 132 400
104 17 196
104 17 205
104 17 212
104 17 233
104 17 234
104 17 240
104 85 222
104 77 598
104 77 599
104 77 605
104 77 611
104 77 612
104 77 613
104 77 614
104 77 617
104 77 618
104 77 619
104 77 620
104 77 621
104 77 622
104 77 625
104 77 626
104 77 627
104 77 629
104 77 634
104 77 635
104 77 636
104 77 637
104 77 647
104 77 651
104 77 652
104 77 653
104 77 672
104 77 673
104 77 674
104 77 675
104 77 710
104 77 711
104 77 717
104 77 718
104 77 719
104 77 720
104 77 721
104 77 725
104 77 726
104 77 728
104 77 730
104 77 735
104 77 736
104 77 737
104 77 738
104 77 742
104 77 743
104 77 744
104 77 745
104 77 746
104 77 747
104 77 753
104 77 754
104 77 760
104 77 761
104 77 762
104 77 763
104 77 766
104 77 769
104 77 771
104 77 772
104 77 777
104 77 778
104 77 781
104 77 786
104 77 787
104 77 794
104 77 799
104 77 800
104 77 813
104 77 818
104 77 821
104 77 824
104 77 836
104 77 837
104 77 838
104 77 839
104 77 840
104 77 849
104 77 851
104 77 852
104 77 854
104 77 855
104 77 856
104 77 857
104 77 859
104 77 866
104 77 870
104 77 871
104 77 873
104 77 875
104 77 876
104 77 877
104 77 879
104 77 880
104 77 881
104 77 882
104 77 887
104 77 888
104 77 891
104 77 901
104 77 903
104 77 904
104 77 905
104 110 599
104 110 625
104 110 644
104 110 655
104 110 669
104 110 689
104 110 701
104 110 708
104 110 725
104 110 762
104 110 769
104 110 770
104 110 771
104 110 870
104 110 880
104 110 882
104 110 888
104 110 903
104 110 904
104 110 905
104 115 607
104 115 626
104 115 652
104 115 654
104 115 670
104 115 686
104 115 712
104 115 727
104 115 730
104 115 735
104 115 747
104 115 760
104 115 870
104 115 875
104 115 876
104 115 877
104 115 880
104 115 881
104 115 882
104 115 888
104 115 891
104 115 900
104 115 901
104 115 903
104 115 904
104 115 905
104 69 633
104 69 635
104 69 676
104 69 831
104 69 877
104 141 650
104 149 655
104 7 680
104 127 680
104 105 689
104 75 689
104 150 775
104 53 849
104 53 900
104 53 901
104 53 902
104 145 901
17 78 194
17 78 198
17 78 199
17 78 201
17 78 216
17 78 232
17 78 234
17 78 236
17 78 237
17 78 240
17 35 205
17 0 235
17 76 240
17 149 532
17 149 554
28 139 289
28 139 311
28 50 680
28 50 743
28 50 744
28 50 745
28 50 746
28 50 747
28 123 681
28 123 683
28 123 686
28 123 698
28 123 703
28 123 716
28 123 719
28 123 728
28 123 736
28 123 738
28 123 739
28 123 775
28 184 683
28 184 685
28 184 686
28 184 690
28 184 720
28 184 722
28 184 723
28 184 724
28 184 725
28 184 726
28 184 727
28 184 730
28 184 740
28 184 741
28 184 767
28 184 769
28 184 797
28 127 686
28 127 742
28 127 766
28 127 797
28 105 695
28 105 786
28 136 700
28 136 701
28 136 735
28 136 739
28 136 741
28 136 742
28 51 703
28 51 704
28 51 705
28 51 706
28 51 708
28 51 709
28 51 779
28 70 736
28 70 741
28 70 742
28 70 744
28 91 740
78 16 907
78 16 920
78 16 921
78 16 930
78 16 931
78 16 932
78 16 935
78 16 945
78 16 946
78 16 947
78 16 948
78 16 970
78 16 971
78 16 973
78 16 974
78 16 975
78 16 980
78 16 981
78 16 982
78 16 983
78 16 984
78 16 985
78 16 989
78 16 998
78 16 1001
78 16 1002
78 16 1003
78 16 1025
78 16 1037
78 16 1038
78 16 1039
78 16 1041
78 16 1045
78 16 1047
78 16 1048
78 16 1049
78 16 1050
78 16 1074
78 16 1075
78 16 1077
78 16 1079
78 16 1080
78 16 1081
78 92 911
78 92 913
78 92 915
78 92 946
78 83 912
78 83 913
78 83 920
78 39 915
78 71 932
78 71 945
78 71 973
78 71 985
78 71 990
78 71 991
78 71 992
78 71 997
78 146 940
78 178 1064
43 20 197
43 20 199
43 20 201
43 20 202
43 20 221
43 20 250
43 20 251
43 20 279
43 20 280
43 20 283
43 20 286
43 20 290
43 20 291
43 20 292
43 20 293
43 20 294
43 20 296
43 20 298
43 20 299
43 20 300
43 20 301
43 20 302
43 20 303
43 20 304
43 20 350
43 20 351
43 20 352
43 20 353
43 20 355
43 20 364
43 20 368
43 20 370
43 20 371
43 20 372
43 20 373
43 20 375
43 20 376
43 20 380
43 20 382
43 20 383
43 20 384
43 20 385
43 20 389
43 20 392
43 20 393
43 172 197
43 172 199
43 172 200
43 172 371
43 172 375
43 172 376
43 172 380
43 172 389
43 172 391
43 172 392
43 172 393
43 128 382
43 83 907
43 83 908
43 83 909
43 83 910
43 83 911
43 83 915
43 83 916
43 83 918
43 83 919
43 83 921
43 83 922
43 83 923
43 83 924
43 83 925
43 83 926
43 83 930
43 83 931
43 83 932
43 83 933
43 83 934
43 83 936
43 83 938
43 83 939
43 83 942
43 83 943
43 83 948
43 83 949
43 83 957
43 83 958
43 83 959
43 83 961
43 83 962
43 83 966
43 83 979
43 83 980
43 83 981
43 83 984
43 83 985
43 83 987
43 83 988
43 83 989
43 83 991
43 83 992
43 83 1014
43 71 911
43 71 923
43 71 924
43 71 925
43 71 926
43 71 930
43 71 971
43 92 915
43 92 923
43 92 925
43 92 980
43 34 946
43 34 966
43 177 949
20 164 201
20 164 202
20 164 344
20 164 349
20 164 352
20 164 385
20 164 389
20 164 392
20 164 393
20 35 214
20 35 238
20 35 241
20 121 215
20 121 216
20 121 217
20 121 218
20 121 219
20 121 382
20 121 383
20 99 301
20 99 302
20 99 303
20 99 391
20 99 392
20 179 1235
20 76 1235
20 71 1235
20 137 1236
20 137 1249
20 137 1276
20 137 1279
20 137 1304
20 137 1306
20 137 1309
172 35 247
172 35 382
172 99 392
172 72 1323
172 72 1325
172 72 1326
172 72 1328
172 72 1329
172 72 1330
172 72 1331
172 72 1333
172 72 1334
172 72 1335
172 72 1336
172 72 1339
172 72 1341
172 72 1342
172 72 1345
172 72 1349
172 72 1350
172 72 1351
172 72 1352
172 72 1353
172 72 1355
172 72 1359
172 72 1360
172 72 1376
172 72 1380
172 72 1382
172 72 1393
172 72 1394
172 72 1395
172 72 1404
172 72 1406
172 72 1407
172 72 1408
172 72 1409
35 128 200
35 128 201
35 128 202
35 128 203
35 128 204
35 128 205
35 128 209
35 128 210
35 128 211
35 128 212
35 128 213
35 128 214
35 128 215
35 128 216
35 128 217
35 128 218
35 128 219
35 128 220
35 128 223
35 128 227
35 128 228
35 128 242
35 128 244
35 128 245
35 128 246
35 128 247
35 128 248
35 128 249
35 128 250
35 128 258
35 128 259
35 128 262
35 128 277
35 128 278
35 128 279
35 128 280
35 128 281
35 128 282
35 128 283
35 128 284
35 128 285
35 128 301
35 128 302
35 128 303
35 128 313
35 128 315
35 128 319
35 128 320
35 128 321
35 128 325
35 128 335
35 128 336
35 128 337
35 128 348
35 128 349
35 128 350
35 128 351
35 128 352
35 128 354
35 128 355
35 128 356
35 128 358
35 128 359
35 128 360
35 128 364
35 128 376
35 128 377
35 128 378
35 128 379
35 128 380
35 128 402
35 128 404
35 128 405
35 128 406
35 128 407
35 128 408
35 128 409
35 128 410
35 116 226
35 0 226
35 103 226
35 47 235
35 47 241
35 162 268
35 162 269
35 162 270
35 164 269
35 164 275
35 166 358
35 120 392
35 135 414
128 139 226
128 139 324
128 139 742
128 65 279
128 65 700
128 65 701
128 65 730
128 153 327
128 153 330
128 70 681
128 70 682
128 70 683
128 70 684
128 70 685
128 70 730
128 70 733
128 70 752
128 70 772
128 70 786
128 70 787
164 153 257
164 153 261
164 153 265
164 153 266
164 153 277
164 153 278
164 153 279
164 153 280
164 153 281
164 153 286
164 153 291
164 153 303
164 153 304
164 153 309
164 153 310
164 153 311
164 153 312
164 153 313
164 153 314
164 153 315
164 153 316
164 153 317
164 153 318
164 153 320
164 153 321
164 153 333
164 153 334
164 153 335
164 47 352
121 103 226
121 64 244
121 0 244
121 1 328
121 39 361
121 39 365
121 39 367
121 39 370
121 39 371
121 39 372
121 39 374
121 39 375
121 39 381
121 39 398
121 39 399
121 39 400
121 39 401
121 39 403
39 139 226
39 65 279
39 65 358
39 122 424
39 101 902
39 101 903
39 101 906
39 101 908
39 101 920
39 101 922
39 101 924
39 101 927
39 101 939
39 101 1021
39 92 903
39 92 905
39 92 906
39 92 935
39 92 1018
39 92 1019
39 92 1021
39 92 1022
39 92 1023
39 80 920
39 80 927
39 80 931
39 38 968
39 185 970
76 6 209
76 6 215
76 6 219
76 6 220
76 6 221
76 6 222
76 6 223
76 6 224
76 6 225
76 6 226
76 6 228
76 6 232
76 6 235
76 6 236
76 6 237
76 6 238
76 103 322
76 103 323
76 63 1141
76 63 1147
76 63 1152
76 171 1147
6 65 240
6 94 408
6 94 521
6 16 414
6 16 433
6 16 440
6 141 451
117 68 210
117 68 211
117 68 212
117 68 213
117 69 568
117 69 636
117 69 638
117 69 669
117 69 800
117 69 803
117 69 840
117 69 843
117 69 844
117 69 845
117 69 846
117 69 860
117 115 663
117 115 699
117 115 766
117 115 767
117 115 770
117 115 803
117 115 833
117 115 835
117 115 847
117 115 849
117 105 664
117 77 665
117 77 674
117 77 675
117 77 676
117 77 678
117 77 681
117 77 691
117 77 702
117 77 710
117 77 713
117 77 714
117 77 720
117 77 721
117 77 726
117 77 735
117 77 736
117 77 737
117 77 742
117 77 744
117 77 746
117 77 752
117 77 754
117 77 757
117 77 769
117 77 770
117 77 835
117 77 849
117 77 863
117 95 865
117 95 883
68 94 228
68 139 229
68 139 231
68 0 229
68 0 232
68 0 247
68 135 316
68 135 317
68 153 319
68 153 320
68 174 354
68 174 364
68 131 502
68 91 522
68 71 1139
68 71 1140
68 71 1142
68 71 1143
68 71 1145
68 71 1146
68 71 1148
68 71 1149
68 71 1151
68 71 1156
68 71 1158
68 71 1167
68 71 1168
68 71 1170
68 71 1171
68 71 1182
68 71 1189
68 71 1190
68 71 1207
68 71 1217
68 71 1218
68 71 1220
68 71 1221
68 71 1222
68 71 1223
68 71 1229
68 71 1232
68 71 1233
68 71 1234
68 71 1236
68 71 1237
68 71 1238
68 71 1239
68 179 1142
68 179 1143
68 179 1145
68 179 1146
68 179 1148
68 179 1150
68 179 1151
68 179 1152
68 179 1153
68 179 1154
68 179 1155
68 179 1156
68 179 1157
68 179 1159
68 179 1160
68 179 1162
68 179 1165
68 179 1167
68 179 1170
68 179 1171
68 179 1172
68 179 1173
68 179 1174
68 179 1175
68 179 1176
68 179 1178
68 179 1182
68 179 1184
68 179 1186
68 179 1189
68 179 1190
68 179 1192
68 179 1193
68 179 1202
68 179 1205
68 179 1206
68 179 1207
68 179 1209
68 179 1221
68 179 1222
68 179 1223
68 179 1224
68 179 1225
68 179 1226
68 179 1227
68 179 1228
68 179 1229
68 179 1232
68 179 1234
68 179 1235
68 179 1238
68 179 1239
68 179 1240
68 81 1166
119 185 832
119 185 833
119 185 834
119 185 838
119 185 867
119 185 868
119 185 875
119 185 878
119 185 879
119 185 880
119 185 905
119 114 863
119 114 941
119 38 863
119 38 865
119 38 918
119 38 924
119 38 926
119 38 928
119 38 933
119 38 934
119 38 935
119 38 936
119 38 938
119 38 939
119 38 940
119 38 941
119 38 942
119 38 943
119 38 945
119 38 946
119 38 980
119 38 984
119 38 996
119 38 1000
119 38 1001
119 38 1003
119 38 1004
119 38 1005
119 38 1006
119 38 1007
119 33 865
119 33 924
119 33 926
119 33 928
119 33 941
119 33 949
119 33 1000
119 33 1001
119 19 949
119 101 949
94 64 228
94 105 405
94 105 418
94 105 419
94 105 420
94 105 433
94 105 434
94 105 435
94 105 457
94 105 493
94 105 504
94 79 414
94 36 447
94 122 481
94 80 524
139 0 229
139 0 231
139 0 232
139 0 233
139 64 230
139 64 231
139 166 248
139 83 322
139 83 323
139 83 329
139 83 331
139 99 357
139 116 680
139 116 752
139 116 780
139 120 681
139 120 682
139 120 683
139 120 684
139 120 685
139 120 686
139 120 716
139 120 720
139 120 727
139 120 728
139 120 729
139 120 730
139 120 731
139 120 732
139 120 733
139 120 734
139 120 735
139 120 736
139 120 737
139 120 739
139 120 768
139 120 769
139 120 771
139 120 773
139 120 775
139 120 779
139 120 780
139 120 783
139 120 784
139 120 785
139 120 786
139 120 787
139 120 788
139 120 789
139 120 790
139 120 791
139 120 792
139 120 793
139 120 794
139 120 795
139 120 796
139 120 797
139 170 689
139 170 727
139 124 712
139 41 716
139 41 748
139 46 716
139 46 724
139 46 739
139 46 740
139 88 729
139 38 744
139 38 768
139 38 769
139 38 770
139 2 752
139 2 793
139 2 797
139 2 800
85 135 320
85 7 409
85 7 419
85 7 420
85 7 421
85 7 431
85 7 432
85 7 492
85 7 520
85 7 524
85 7 526
85 16 415
85 16 426
0 64 224
0 64 228
0 64 230
0 64 232
0 64 233
0 64 237
0 64 240
0 64 241
0 64 245
0 64 246
0 64 247
0 64 248
0 64 249
0 64 250
0 21 225
64 21 228
64 21 229
64 21 241
64 180 1332
64 180 1381
64 180 1392
21 32 537
21 114 537
21 114 539
21 114 561
21 114 567
21 114 571
21 114 572
21 114 577
21 114 578
103 153 273
103 155 275
103 65 278
103 65 777
103 135 320
103 127 751
103 51 786
103 123 786
116 65 278
116 65 680
116 65 681
116 65 705
116 65 751
116 65 771
116 65 778
116 155 296
116 153 301
116 127 673
116 127 680
116 70 680
116 70 734
116 70 735
116 70 736
116 70 742
116 70 771
116 70 772
116 70 773
116 70 775
116 70 779
116 70 780
116 70 781
116 70 783
116 184 686
116 184 700
116 184 701
116 184 704
116 184 716
116 184 717
116 184 718
116 184 719
116 184 726
116 184 727
116 184 741
116 184 745
116 184 747
116 184 748
116 184 749
116 184 775
116 184 777
116 136 689
116 136 690
116 136 700
116 136 713
116 136 740
116 136 743
116 136 773
116 136 774
116 49 689
116 32 697
116 32 712
116 32 717
116 2 710
116 51 711
116 51 738
116 91 716
116 91 742
116 110 779
124 174 568
124 62 650
124 62 651
124 62 653
124 53 650
124 53 657
124 53 714
124 53 715
124 53 720
124 53 734
124 53 738
124 53 739
124 53 745
124 53 746
124 53 747
124 53 757
124 4 657
124 4 701
124 4 755
124 153 664
124 153 668
124 153 761
124 63 680
124 63 713
124 63 760
124 136 712
124 133 712
124 91 712
124 65 717
153 166 257
153 1 329
153 158 642
153 158 643
153 158 671
153 158 672
153 158 673
153 158 676
153 158 678
153 158 687
153 158 690
153 158 691
153 158 696
153 158 732
153 158 760
153 26 671
153 26 739
153 26 744
153 26 747
153 19 700
153 66 702
153 66 731
153 75 717
34 126 829
34 126 831
34 126 832
34 126 837
34 126 838
34 126 840
34 126 841
34 126 842
34 126 843
34 126 854
34 126 855
34 126 856
34 126 857
34 126 858
34 126 859
34 126 860
34 126 861
34 126 867
34 126 927
34 126 929
34 126 931
34 126 932
34 126 944
34 126 970
34 126 981
34 126 985
34 185 831
34 185 832
34 185 835
34 185 836
34 185 837
34 185 838
34 185 866
34 185 867
34 185 874
34 185 875
34 185 877
34 185 878
34 185 891
34 185 892
34 185 893
34 185 896
34 185 897
34 185 903
34 185 904
34 185 905
34 185 906
34 185 1023
34 33 834
34 33 835
34 33 841
34 33 847
34 33 848
34 33 849
34 33 876
34 114 840
34 114 841
34 114 842
34 114 1019
34 114 1020
34 114 1022
34 101 949
34 101 955
34 101 959
34 101 960
34 101 964
34 101 1019
34 101 1020
34 80 1021
34 80 1022
34 80 1023
47 99 278
47 99 292
47 99 306
47 99 337
47 99 338
47 99 389
47 99 392
47 123 673
47 123 712
47 123 778
47 127 673
47 70 680
47 70 681
47 70 682
47 70 683
47 70 684
47 70 690
47 70 691
47 70 766
47 70 775
47 70 777
47 70 778
47 70 779
47 70 784
47 136 681
47 136 683
47 136 704
47 136 755
47 136 784
47 178 687
47 184 703
47 184 704
47 184 716
47 184 774
47 184 776
47 184 778
47 56 709
47 56 712
47 56 734
47 32 710
47 53 712
47 2 732
47 91 734
47 65 783
65 166 236
65 166 241
65 166 244
65 166 247
65 166 249
65 166 250
65 166 251
65 166 252
65 166 253
65 166 257
65 166 266
65 166 267
65 166 268
65 166 269
65 166 276
65 166 282
65 166 283
65 166 284
65 166 299
65 166 303
65 166 326
65 166 335
65 166 349
65 166 350
65 166 355
65 166 356
65 166 358
65 166 359
65 166 363
65 182 348
65 141 349
65 130 680
65 130 681
65 130 690
65 130 691
65 130 694
65 130 695
65 130 696
65 130 745
65 130 748
65 130 757
65 130 758
65 130 759
65 130 760
65 38 683
65 38 684
65 38 696
65 38 699
65 38 700
65 38 703
65 38 709
65 38 710
65 38 711
65 38 713
65 38 714
65 38 715
65 38 717
65 38 718
65 38 730
65 38 731
65 38 732
65 38 738
65 38 739
65 38 740
65 38 746
65 38 772
65 38 774
65 38 775
65 38 780
65 38 781
65 38 782
65 38 783
65 38 786
65 38 787
65 38 788
65 38 789
65 38 790
65 38 791
65 97 683
65 97 685
65 97 686
65 97 688
65 97 762
65 97 763
65 97 765
65 97 773
65 97 774
65 97 788
65 97 790
65 97 791
65 41 685
65 2 687
65 2 691
65 2 692
65 46 689
65 176 709
65 176 713
65 66 721
65 66 722
65 66 724
65 158 722
65 158 723
65 158 724
65 158 727
65 7 730
65 120 751
166 31 1203
166 31 1226
166 31 1289
166 31 1290
166 135 1291
162 130 614
162 150 804
162 150 805
162 150 814
162 150 817
162 150 819
162 150 869
162 150 872
162 150 883
162 150 887
162 150 916
162 150 917
162 150 918
162 150 922
162 150 930
162 150 931
162 150 933
162 150 947
162 146 885
162 146 907
162 146 926
162 146 931
162 146 933
176 135 409
176 32 700
176 32 701
176 32 717
176 32 816
176 32 817
176 32 818
176 32 819
176 136 718
176 136 731
176 136 741
176 136 750
176 70 731
176 70 771
176 4 740
155 99 319
155 1 328
155 51 919
155 51 920
155 51 921
155 51 923
155 51 924
155 51 926
155 51 928
155 51 933
155 51 935
155 51 937
155 51 944
155 51 949
155 51 955
155 51 956
155 51 957
155 51 959
155 51 960
155 51 964
155 51 980
155 51 1039
155 51 1040
155 51 1096
155 51 1107
155 92 937
155 92 938
99 74 301
99 74 302
99 74 305
99 74 309
99 74 312
99 74 313
99 74 314
99 74 315
99 74 317
99 74 318
99 74 321
99 74 324
99 74 325
99 74 326
99 74 327
99 74 329
99 74 330
99 74 331
99 74 332
99 74 333
99 74 334
99 74 335
99 74 336
99 74 337
99 74 338
99 74 340
99 74 341
99 74 346
99 74 347
99 74 349
99 74 364
99 74 384
99 74 391
99 74 393
99 74 397
99 74 424
99 74 426
99 74 430
99 74 433
99 135 312
99 135 315
99 135 318
99 135 431
99 31 407
141 1 298
141 1 305
141 1 306
141 1 310
141 1 311
141 1 312
141 1 313
141 1 314
141 1 315
141 1 316
141 1 317
141 1 318
141 1 319
141 1 320
141 1 321
141 1 323
141 1 327
141 1 328
141 1 329
141 1 330
141 1 331
141 1 333
141 1 334
141 1 339
141 1 340
141 1 350
141 1 351
141 1 352
141 1 358
141 1 359
141 1 360
141 1 363
141 1 365
141 1 366
141 1 367
141 1 374
141 1 375
141 1 379
141 1 384
141 1 385
141 1 386
141 1 387
141 1 388
141 1 390
141 1 391
141 1 394
141 1 395
141 1 396
141 1 422
141 1 423
141 1 425
141 1 426
141 1 427
141 1 428
141 1 431
141 1 460
141 1 467
141 1 468
141 1 469
141 1 475
141 1 494
141 1 495
141 1 498
141 1 502
141 1 510
141 1 512
141 1 513
141 1 520
141 1 521
141 1 529
141 1 530
141 1 531
141 1 548
141 1 551
141 1 553
141 1 558
141 1 561
141 1 566
141 1 567
141 1 568
141 1 572
141 1 573
141 1 575
141 1 576
141 1 577
141 1 578
141 1 579
141 1 580
141 1 581
141 1 582
141 1 586
141 1 601
141 1 604
141 1 607
141 1 608
141 1 619
141 1 634
141 1 635
141 1 637
141 1 639
141 1 652
141 1 657
141 1 660
141 174 306
141 174 323
141 174 324
141 174 325
141 174 326
141 174 329
141 174 350
141 174 351
141 174 353
141 174 354
141 174 355
141 174 366
141 174 367
141 174 381
141 174 382
141 174 501
141 174 510
141 174 548
141 174 564
141 174 571
141 174 574
141 174 582
141 174 587
141 174 588
141 174 589
141 174 600
141 174 601
141 174 603
141 174 604
141 174 605
141 174 606
141 174 607
141 174 617
141 174 618
141 33 572
141 33 576
141 33 577
141 33 578
141 33 579
141 33 580
141 33 582
141 33 590
141 33 635
141 33 636
141 33 637
141 33 638
141 33 654
141 33 658
141 33 659
141 33 664
141 62 579
141 170 587
141 170 590
141 170 597
141 170 598
141 170 605
141 170 606
141 170 607
141 170 608
141 170 609
141 170 610
141 170 611
141 170 612
141 170 613
141 170 616
141 170 625
141 170 626
141 170 627
141 170 654
141 170 657
141 170 664
141 170 673
141 170 675
141 170 680
141 170 710
141 170 711
141 170 712
141 170 713
141 170 727
141 170 728
141 170 732
141 170 735
141 170 736
141 170 743
141 170 745
141 170 746
141 170 748
141 170 749
141 170 750
141 170 751
141 170 753
141 170 754
141 170 756
141 170 765
141 170 770
141 170 775
141 170 776
141 170 777
141 170 778
141 170 779
141 170 780
141 170 781
141 170 782
141 170 784
141 170 787
141 170 799
141 170 800
141 170 809
141 170 829
141 170 836
141 170 851
141 170 852
141 170 866
141 170 867
141 170 870
141 170 878
141 170 881
141 170 882
141 170 888
141 170 901
141 170 902
141 170 903
141 170 934
141 97 625
141 90 628
141 90 654
141 163 647
141 122 651
141 154 652
141 131 654
141 81 664
141 158 695
174 1 298
174 1 302
174 1 303
174 1 304
174 1 306
174 1 315
174 1 316
174 1 317
174 1 321
174 1 322
174 1 329
174 1 334
174 1 335
174 1 336
174 1 341
174 1 342
174 1 348
174 1 350
174 1 351
174 1 352
174 1 379
174 1 382
174 1 397
174 1 402
174 1 497
174 1 548
174 1 551
174 1 582
174 1 585
174 1 586
174 1 587
174 1 600
174 1 607
174 1 619
174 1 620
174 69 568
174 69 571
174 69 574
174 69 575
174 69 582
174 69 583
174 69 586
174 69 587
174 69 588
174 69 607
174 69 610
174 69 617
174 69 618
174 125 571
174 125 572
174 125 573
174 125 600
174 125 602
174 125 603
174 125 617
174 125 618
174 125 1292
174 125 1298
174 125 1299
174 125 1300
174 125 1301
174 125 1302
174 125 1303
174 125 1304
174 125 1305
174 125 1311
174 129 1329
1 182 366
1 182 367
1 182 368
1 182 369
1 182 374
1 182 381
1 182 398
1 182 399
1 182 400
1 182 480
1 182 493
1 182 496
1 182 498
1 182 584
1 131 424
1 131 499
1 131 549
1 131 550
1 131 552
1 131 554
1 131 555
1 131 583
1 69 575
1 69 576
1 69 577
1 69 578
1 69 582
1 69 603
1 69 606
1 69 607
1 69 632
1 33 576
1 33 577
1 33 578
1 33 588
1 33 590
1 33 591
1 33 606
1 33 612
1 33 613
1 33 614
1 33 632
1 33 635
1 33 636
1 33 637
1 33 638
1 33 651
1 33 652
1 33 653
1 33 655
1 37 579
1 37 580
1 62 583
1 45 669
1 45 670
1 97 670
74 60 432
74 60 433
74 19 637
74 19 646
74 19 648
74 19 649
74 19 651
74 19 653
74 19 707
74 19 709
74 158 638
74 158 640
74 158 693
74 158 719
74 158 732
74 158 736
74 158 744
74 149 640
74 149 649
74 149 651
74 149 653
74 149 698
74 26 644
74 26 666
74 26 667
74 26 668
74 26 681
74 26 697
74 26 714
74 26 730
74 26 731
74 165 653
74 101 657
74 101 681
74 101 690
74 38 721
135 83 311
135 83 393
135 7 409
135 129 425
135 129 426
135 129 427
135 129 428
135 129 431
135 129 432
135 129 433
135 129 439
135 129 440
135 129 442
135 129 445
135 129 446
135 129 448
135 129 546
135 36 425
135 36 427
135 36 428
135 36 429
135 36 430
135 36 431
135 36 432
135 36 433
135 36 434
135 36 444
135 36 445
135 36 446
135 36 447
135 36 448
135 36 449
135 36 452
135 36 461
135 36 462
135 36 464
135 36 465
135 36 466
135 36 470
135 36 471
135 36 472
135 36 474
135 36 475
135 36 476
135 36 482
135 36 484
135 36 485
135 36 487
135 36 488
135 36 489
135 36 490
135 36 504
135 36 505
135 36 507
135 36 508
135 36 509
135 36 510
135 36 511
135 36 512
135 36 513
135 36 515
135 36 516
135 36 517
135 36 518
135 36 519
135 36 520
135 36 521
135 36 522
135 36 523
135 36 524
135 36 525
135 36 526
135 36 527
135 36 528
135 36 531
135 36 532
135 36 533
135 36 534
135 36 539
135 36 543
135 36 544
135 36 545
135 36 546
135 125 1238
135 125 1246
135 125 1253
135 125 1275
135 125 1276
135 125 1277
135 125 1279
135 125 1286
83 90 343
83 90 344
83 90 365
83 90 367
83 90 374
83 90 423
83 101 902
83 101 903
83 101 906
83 101 917
83 101 920
83 101 924
83 101 939
83 101 941
83 101 987
83 101 1016
83 101 1020
83 101 1021
83 101 1022
83 38 917
83 38 967
83 38 968
83 80 928
83 80 931
83 80 938
83 185 949
83 185 956
83 19 968
90 60 386
90 37 612
90 37 613
90 37 614
90 37 618
90 37 619
90 37 629
90 37 634
90 37 635
90 37 636
90 37 637
90 37 639
90 37 640
90 37 641
90 37 644
90 37 646
90 37 647
90 37 661
90 33 664
182 61 381
182 33 573
182 33 574
182 33 588
182 33 589
182 33 592
182 62 584
31 171 1232
31 137 1234
31 142 1234
31 129 1256
126 177 865
126 177 873
126 177 883
126 177 910
126 177 911
126 177 915
126 177 916
126 177 917
126 177 918
126 177 926
126 177 927
126 177 933
126 177 934
126 177 939
126 177 941
126 177 942
126 177 943
126 177 944
126 177 945
126 177 946
126 177 947
126 177 948
126 177 992
126 177 995
126 177 996
126 92 948
60 142 799
60 142 806
60 142 807
60 142 815
60 142 846
60 142 871
60 142 876
60 142 877
60 142 879
60 142 880
60 142 897
60 142 898
60 154 801
60 154 805
120 56 528
120 56 690
120 56 691
120 56 731
120 56 748
120 56 749
120 56 750
120 105 528
120 70 680
120 70 685
120 70 687
120 70 690
120 70 697
120 70 702
120 70 704
120 70 706
120 70 708
120 70 709
120 70 712
120 70 718
120 70 719
120 70 720
120 70 721
120 70 722
120 70 725
120 70 726
120 70 779
120 70 783
120 53 712
120 91 719
120 91 725
120 91 730
120 91 748
120 91 749
120 91 768
120 2 721
120 2 722
120 2 726
120 2 794
120 2 797
120 184 786
120 184 794
132 66 899
132 66 900
132 66 901
105 16 407
105 16 408
105 16 413
105 16 414
105 16 415
105 16 418
105 16 420
105 16 428
105 16 433
105 7 413
105 7 419
105 7 420
105 7 424
105 7 487
105 36 450
105 95 533
105 95 536
105 95 537
105 95 538
105 95 539
105 95 540
105 95 542
105 95 543
105 95 544
105 95 545
105 95 546
105 95 547
105 95 551
105 95 552
105 95 554
105 95 555
105 95 560
105 95 571
105 95 579
105 95 588
105 95 589
105 95 592
105 95 593
105 95 609
105 95 619
105 95 620
105 95 622
105 95 623
105 95 624
105 95 625
105 95 693
105 95 698
105 95 705
105 133 552
105 97 577
105 122 663
105 122 664
105 122 666
105 122 667
105 45 670
105 46 737
7 122 442
7 36 519
7 113 527
7 97 539
7 97 540
7 97 542
7 97 543
7 97 544
7 97 561
7 97 562
7 97 563
7 97 565
7 97 566
7 97 567
7 97 569
7 97 572
7 97 577
7 97 580
7 97 589
7 97 590
7 97 595
7 97 600
7 97 601
7 97 602
7 97 604
7 97 608
7 97 609
7 97 617
7 97 625
7 97 626
7 97 627
7 97 628
7 97 630
7 97 644
7 97 647
7 97 654
7 97 655
7 97 656
7 97 657
7 97 660
7 97 663
7 97 671
7 97 675
7 97 687
7 97 705
7 97 707
7 97 708
7 97 710
7 97 713
7 97 724
7 97 725
7 97 728
7 97 730
7 97 738
7 97 740
7 133 542
7 133 543
7 133 544
7 133 561
7 133 562
7 133 565
7 133 566
7 133 567
7 133 571
7 133 572
7 133 574
7 133 576
7 133 577
7 133 580
7 133 589
7 133 590
7 133 592
7 133 593
7 133 594
7 133 595
7 133 598
7 133 600
7 133 601
7 133 604
7 133 605
7 133 608
7 133 617
7 133 624
7 133 625
7 133 626
7 133 627
7 133 628
7 133 630
7 133 632
7 133 635
7 133 647
7 133 654
7 133 655
7 133 656
7 133 669
7 133 671
7 133 675
7 133 680
7 133 683
7 133 685
7 133 687
7 133 690
7 133 708
7 133 710
7 133 712
7 133 713
7 133 725
7 133 738
7 133 740
7 86 725
79 154 639
79 97 772
169 86 647
122 145 434
122 145 435
122 145 436
122 145 437
122 145 438
122 145 443
122 145 449
122 145 450
122 145 453
122 145 461
122 145 462
122 145 472
122 145 488
122 145 504
122 36 434
122 36 449
122 36 455
122 36 457
122 36 460
122 36 461
122 36 462
122 36 464
122 36 465
122 36 466
122 36 468
122 36 469
122 36 470
122 36 472
122 36 473
122 36 479
122 36 484
122 36 486
122 36 488
122 36 500
122 36 501
122 36 502
122 36 504
122 36 514
122 36 515
122 36 518
122 36 519
122 88 446
122 110 599
122 110 602
122 110 612
122 110 615
122 110 618
122 110 621
122 110 626
122 110 633
122 110 634
122 110 661
122 110 662
122 110 664
122 110 764
122 110 765
122 110 768
122 110 771
122 110 801
122 110 814
122 110 820
122 110 834
122 110 836
122 110 839
122 110 845
122 110 846
122 110 848
122 110 851
122 110 852
122 110 854
122 110 856
122 110 857
122 110 858
122 110 859
122 110 860
122 110 861
122 110 862
122 110 863
122 110 868
122 110 870
122 110 883
122 110 888
122 110 889
122 110 890
122 110 891
122 110 893
122 110 894
122 110 903
122 110 904
122 110 905
122 69 616
122 69 618
122 69 620
122 69 621
122 69 625
122 69 626
122 69 646
122 69 647
122 69 655
122 69 661
122 69 672
122 69 673
122 69 692
122 69 701
122 69 702
122 69 707
122 69 710
122 69 711
122 69 718
122 69 721
122 69 734
122 69 735
122 69 736
122 69 737
122 69 738
122 69 744
122 69 745
122 69 748
122 69 752
122 69 762
122 69 767
122 69 768
122 69 769
122 69 770
122 69 771
122 69 772
122 69 792
122 69 800
122 69 803
122 69 815
122 69 820
122 69 823
122 69 834
122 69 839
122 69 840
122 69 842
122 69 845
122 69 846
122 69 847
122 69 854
122 69 857
122 69 858
122 69 859
122 69 870
122 69 876
122 69 877
122 69 890
122 77 802
122 77 804
122 77 821
122 77 883
122 77 887
122 95 821
122 95 865
122 95 872
122 95 883
122 95 884
122 95 885
122 95 886
122 95 887
131 69 571
131 69 574
131 69 575
131 69 581
131 69 582
131 69 607
131 69 610
131 69 619
131 69 632
131 69 659
131 69 660
131 149 636
131 26 636
131 26 637
131 26 654
131 26 683
131 26 685
131 26 686
131 26 755
131 19 637
131 19 691
131 19 704
131 19 705
131 19 706
131 66 647
131 66 653
131 66 655
131 66 666
131 66 675
131 66 676
131 66 677
131 66 678
131 66 716
131 66 719
131 66 720
131 66 722
131 66 735
131 66 738
131 66 739
131 66 741
131 66 744
131 66 745
131 66 749
131 66 751
131 66 752
131 66 758
131 158 650
131 158 663
131 158 675
131 158 676
131 158 761
131 37 654
131 75 717
131 38 717
131 38 719
131 38 721
131 38 722
131 101 745
131 101 746
129 32 425
129 32 426
129 32 427
129 32 428
129 32 430
129 32 431
129 32 432
129 32 433
129 32 441
129 32 442
129 32 445
129 32 446
129 32 447
129 32 448
129 32 544
129 32 545
129 36 425
129 36 426
129 36 439
129 36 440
129 36 441
129 36 445
129 36 447
129 36 534
129 36 544
36 88 446
36 80 515
36 80 526
36 80 532
32 38 683
32 41 710
32 97 765
32 97 766
32 97 778
32 97 783
32 150 797
145 142 800
145 142 807
145 142 809
145 142 814
145 142 850
145 142 864
145 142 875
145 66 800
145 66 802
145 66 803
145 66 804
145 66 811
145 66 813
145 66 814
145 66 817
145 66 831
145 66 838
145 66 842
145 66 871
145 66 872
145 66 873
145 66 878
145 66 880
145 66 881
145 66 882
145 66 883
145 66 885
145 66 888
145 57 814
145 57 818
145 57 832
145 57 850
145 57 854
145 57 858
145 57 901
145 57 906
145 86 901
91 97 680
91 97 681
91 97 687
91 97 691
91 97 692
91 97 731
91 97 732
91 97 733
91 97 734
91 97 737
91 97 738
91 97 779
91 97 788
91 97 789
91 97 790
91 97 791
91 41 701
91 41 735
91 41 737
91 41 738
91 41 739
91 41 748
91 41 749
91 26 712
91 170 713
91 170 721
91 170 722
91 170 731
91 46 732
91 46 734
91 46 737
91 46 741
91 38 742
91 38 743
91 38 744
91 38 745
91 38 746
91 38 786
91 38 787
91 38 789
91 38 791
88 133 541
88 133 546
88 133 547
88 133 548
88 133 550
88 133 559
88 133 560
88 133 564
88 133 585
88 133 586
88 133 587
88 133 596
88 133 597
88 133 603
88 133 616
88 133 618
88 133 629
88 133 631
88 133 648
88 133 649
88 133 650
88 133 653
88 133 658
88 133 659
88 133 664
88 133 672
88 133 673
88 133 674
88 133 676
88 133 679
88 133 682
88 133 684
88 133 688
88 133 689
88 133 692
88 133 696
88 133 697
88 133 700
88 133 702
88 133 704
88 133 709
88 133 714
88 133 717
88 133 720
88 133 732
88 133 733
88 133 734
88 133 735
88 133 736
88 133 737
88 133 739
88 95 547
88 56 711
80 70 905
80 70 906
80 70 1020
80 70 1042
80 92 910
80 92 911
80 92 913
80 92 914
80 92 915
80 92 916
80 92 918
80 92 919
80 92 921
80 92 923
80 92 925
80 92 928
80 92 931
80 92 937
80 92 938
80 92 943
80 92 944
80 92 945
80 92 946
80 92 948
80 92 974
80 92 980
80 92 1005
80 177 970
80 177 1024
80 177 1032
80 177 1033
80 142 1046
80 142 1049
80 142 1056
80 51 1077
113 150 760
113 150 761
113 150 762
113 150 763
113 150 767
113 150 768
113 150 769
113 150 772
113 150 773
113 150 777
113 150 778
113 150 780
113 150 781
113 150 782
113 150 784
113 150 785
113 150 788
113 150 789
113 150 790
113 150 791
113 150 792
113 150 794
113 150 795
113 150 796
113 150 797
56 45 670
56 45 680
56 45 686
56 45 688
56 97 670
56 97 710
56 97 728
56 97 729
56 97 734
56 97 737
56 97 740
56 97 741
56 97 742
56 97 743
56 46 680
56 46 681
56 46 682
56 46 684
56 46 685
56 46 708
56 46 709
56 46 713
56 46 727
56 46 734
56 46 737
56 46 738
56 46 739
56 46 740
56 46 741
56 46 742
56 46 750
56 46 751
56 46 753
56 46 754
56 46 767
56 46 768
56 46 780
56 46 786
56 46 787
56 41 682
56 41 683
56 41 686
56 41 687
56 41 688
56 41 690
56 41 691
56 41 692
56 41 700
56 41 704
56 41 705
56 41 706
56 41 707
56 41 708
56 41 709
56 41 710
56 41 712
56 41 713
56 41 730
56 41 731
56 41 741
56 41 742
56 41 743
56 41 744
56 41 751
56 41 752
56 41 764
56 41 771
56 41 777
56 41 781
56 41 786
56 41 787
56 49 711
149 114 553
149 108 638
149 53 638
149 53 639
149 53 640
149 53 695
149 165 639
149 165 651
149 4 643
149 4 644
149 4 653
149 4 657
149 4 658
149 4 672
149 97 681
149 86 682
149 51 705
95 75 537
95 75 539
95 75 540
95 75 541
95 75 542
95 75 543
95 75 546
95 75 548
95 75 558
95 75 560
95 75 561
95 75 571
95 75 576
95 75 578
95 75 582
95 75 590
95 75 591
95 75 593
95 75 602
95 75 603
95 75 605
95 75 607
95 75 608
95 75 609
95 75 619
95 75 620
95 75 623
95 75 624
95 75 626
95 75 629
95 75 634
95 75 665
95 75 666
95 75 668
95 75 670
95 75 673
95 75 675
95 75 676
95 75 677
95 75 681
95 75 682
95 75 689
95 75 693
95 75 697
95 75 702
95 75 703
95 75 704
95 75 709
95 75 712
95 75 720
95 66 690
95 49 718
95 86 814
95 86 822
95 86 823
95 86 883
95 86 884
95 86 885
95 86 886
95 86 895
95 77 823
86 133 549
86 133 550
86 133 571
86 110 599
86 110 600
86 110 601
86 110 620
86 110 667
86 110 677
86 110 701
86 110 711
86 110 712
86 110 732
86 110 738
86 110 739
86 110 741
86 110 747
86 110 748
86 110 749
86 110 750
86 110 753
86 110 755
86 110 756
86 110 758
86 110 759
86 110 760
86 110 761
86 110 762
86 110 845
86 110 846
86 110 888
86 110 903
86 110 904
86 110 905
86 115 599
86 115 620
86 115 621
86 115 625
86 115 626
86 115 628
86 115 634
86 115 673
86 115 677
86 115 691
86 115 693
86 115 709
86 115 727
86 115 728
86 115 729
86 115 730
86 115 735
86 115 736
86 115 737
86 115 742
86 115 743
86 115 744
86 115 745
86 115 746
86 115 747
86 115 748
86 115 749
86 115 763
86 115 769
86 115 830
86 115 841
86 115 854
86 115 855
86 115 856
86 115 857
86 115 858
86 115 859
86 115 871
86 115 888
86 115 889
86 115 893
86 115 901
86 115 903
86 115 904
86 115 905
86 69 620
86 69 621
86 69 625
86 69 626
86 69 634
86 69 635
86 69 663
86 69 664
86 69 666
86 69 833
86 136 649
86 66 682
86 53 851
86 53 896
86 53 898
86 53 902
75 133 558
75 133 571
75 133 573
75 133 576
75 133 706
75 97 558
75 97 571
75 97 575
75 177 616
75 42 717
75 101 765
75 101 766
75 101 767
75 101 772
75 101 774
75 101 777
75 101 778
75 26 768
75 26 772
75 26 773
75 165 768
75 19 772
75 19 773
114 177 600
114 177 608
114 177 623
114 177 624
114 177 625
114 177 631
114 177 632
114 177 635
114 177 636
114 177 645
114 177 894
114 177 922
114 177 923
114 177 927
114 177 928
114 177 929
114 177 941
114 177 942
114 177 943
114 177 945
114 177 946
114 177 1024
114 177 1039
114 133 739
114 133 740
114 133 741
114 97 739
114 97 740
114 57 1039
97 127 540
97 127 542
97 127 543
97 127 549
97 127 551
97 127 552
97 127 553
97 127 555
97 127 556
97 127 557
97 127 558
97 127 561
97 127 562
97 127 566
97 127 567
97 127 570
97 127 573
97 127 574
97 127 576
97 127 594
97 127 595
97 127 600
97 127 601
97 127 602
97 127 604
97 127 605
97 127 608
97 127 609
97 127 617
97 127 624
97 127 625
97 127 626
97 127 627
97 127 628
97 127 630
97 127 632
97 127 647
97 127 654
97 127 655
97 127 660
97 127 671
97 127 675
97 127 683
97 127 685
97 127 687
97 127 690
97 127 699
97 127 701
97 127 708
97 127 712
97 127 713
97 127 715
97 127 738
97 127 740
97 127 783
97 123 570
97 136 624
97 136 625
97 136 744
97 136 745
97 136 746
97 136 748
97 136 749
97 42 680
97 42 681
97 42 774
97 42 788
97 42 790
97 42 791
97 184 682
97 184 750
97 184 786
97 2 682
97 50 715
97 50 731
97 50 741
97 51 717
97 51 732
97 51 733
97 51 734
97 51 735
97 51 736
97 51 779
97 51 780
97 178 731
97 45 738
97 45 741
97 45 742
97 45 771
97 70 743
127 46 687
127 46 730
127 46 740
127 45 688
127 41 693
127 41 694
127 41 702
127 41 732
127 41 744
127 41 745
127 41 746
127 41 749
127 136 710
127 2 793
127 150 797
133 136 623
133 77 680
133 26 682
133 49 682
133 2 720
133 46 1027
133 46 1038
133 46 1039
133 46 1047
133 46 1048
133 46 1049
133 46 1052
133 46 1054
133 46 1066
133 46 1069
133 46 1071
133 46 1125
133 171 1047
133 171 1048
69 33 574
69 33 578
69 33 582
69 33 589
69 33 590
69 33 629
69 33 660
69 33 663
123 38 730
123 46 770
125 33 573
125 33 574
125 33 580
125 33 631
125 33 635
125 33 636
125 33 637
125 33 638
125 33 654
125 33 655
125 33 658
125 33 659
125 33 663
125 33 664
125 137 1329
33 163 652
33 163 653
33 177 864
33 177 865
33 177 873
33 177 884
33 177 885
33 177 886
33 177 887
33 177 894
33 177 895
33 177 910
33 177 917
33 177 918
33 177 919
33 177 920
33 177 921
33 177 922
33 177 923
33 177 926
33 177 929
33 177 932
33 177 934
33 177 939
33 177 941
33 177 942
33 177 943
33 177 944
33 177 953
33 177 956
33 177 972
33 177 980
33 177 995
33 177 996
33 177 997
33 177 1030
33 177 1032
33 177 1033
33 177 1039
33 71 956
33 71 961
33 71 962
33 57 1039
62 37 579
37 26 657
136 170 586
136 170 587
136 170 589
136 170 596
136 170 597
136 170 598
136 170 602
136 170 603
136 170 604
136 170 605
136 170 606
136 170 607
136 170 608
136 170 612
136 170 614
136 170 616
136 170 619
136 170 622
136 170 630
136 170 654
136 170 655
136 170 664
136 170 668
136 170 671
136 170 673
136 170 674
136 170 709
136 170 710
136 170 717
136 170 718
136 170 719
136 170 722
136 170 730
136 170 732
136 170 733
136 170 736
136 170 737
136 170 743
136 170 745
136 170 746
136 170 755
136 170 756
136 170 757
136 170 758
136 170 759
136 170 760
136 170 761
136 170 762
136 170 767
136 170 772
136 170 774
136 170 775
136 170 778
136 170 780
136 170 781
136 170 782
136 170 783
136 170 784
136 170 787
136 170 789
136 170 790
136 170 791
136 170 792
136 170 793
136 170 794
136 170 795
136 170 796
136 170 797
136 170 815
136 170 819
136 170 821
136 170 823
136 170 825
136 170 826
136 170 829
136 170 831
136 170 832
136 170 833
136 170 838
136 170 845
136 170 846
136 170 847
136 170 848
136 170 849
136 170 850
136 170 852
136 170 853
136 170 855
136 170 856
136 170 860
136 170 861
136 170 900
136 170 901
136 170 902
136 170 903
136 170 904
136 170 925
136 170 927
136 170 928
136 170 929
136 170 930
136 170 932
136 170 934
136 170 940
136 150 587
136 150 597
136 150 598
136 150 599
136 150 602
136 150 605
136 150 610
136 150 616
136 150 625
136 150 626
136 150 627
136 150 628
136 150 629
136 150 632
136 150 642
136 150 648
136 150 654
136 150 659
136 150 673
136 150 679
136 150 680
136 150 710
136 150 711
136 150 713
136 150 714
136 150 718
136 150 731
136 150 732
136 150 733
136 150 743
136 150 744
136 150 745
136 150 746
136 150 747
136 150 748
136 150 749
136 150 750
136 150 751
136 150 752
136 150 754
136 150 755
136 150 758
136 150 764
136 150 765
136 150 774
136 150 775
136 150 776
136 150 777
136 150 778
136 150 779
136 150 780
136 150 781
136 150 782
136 150 783
136 150 784
136 150 786
136 150 787
136 150 788
136 150 789
136 150 791
136 150 792
136 150 793
136 150 826
136 150 829
136 150 831
136 150 832
136 150 833
136 150 838
136 150 845
136 150 848
136 150 850
136 150 851
136 150 852
136 150 855
136 150 856
136 150 857
136 150 858
136 150 865
136 150 867
136 150 868
136 150 872
136 150 877
136 150 881
136 150 887
136 150 889
136 150 892
136 150 897
136 150 899
136 150 900
136 150 901
136 150 902
136 150 904
136 150 916
136 150 917
136 150 918
136 150 920
136 150 926
136 150 927
136 150 929
136 150 930
136 150 933
136 150 939
136 150 940
136 150 945
136 130 614
136 163 643
136 163 644
136 163 645
136 163 647
136 163 648
136 177 647
136 38 689
136 2 709
136 46 713
136 46 742
136 46 756
136 46 757
136 46 786
136 46 787
136 19 751
136 19 752
136 41 786
136 41 787
170 2 686
170 2 687
170 2 731
170 2 735
170 2 736
170 2 744
170 2 745
170 2 756
170 2 766
170 2 769
170 2 772
170 184 689
170 49 701
170 51 743
150 2 797
77 4 682
77 115 703
77 115 708
77 115 802
77 110 801
77 110 826
77 110 839
77 66 853
115 57 896
115 57 899
115 57 900
115 57 901
115 178 1089
115 178 1091
115 178 1095
115 178 1103
115 178 1113
115 178 1115
177 154 647
177 38 865
177 38 873
177 38 894
177 38 907
177 38 908
177 38 909
177 38 911
177 38 912
177 38 916
177 38 918
177 38 922
177 38 926
177 38 927
177 38 928
177 38 929
177 38 932
177 38 933
177 38 934
177 38 939
177 38 945
177 38 946
177 38 950
177 38 952
177 38 953
177 38 954
177 38 955
177 38 956
177 38 959
177 38 960
177 38 963
177 38 964
177 38 966
177 38 969
177 38 975
177 38 976
177 38 979
177 38 995
177 38 1024
177 38 1025
177 38 1026
177 38 1032
177 38 1033
177 38 1039
177 92 946
177 101 951
177 101 952
177 101 953
177 101 955
177 101 960
177 101 963
177 101 966
177 19 978
177 63 1039
130 70 683
130 70 684
130 70 685
130 70 686
130 70 698
130 70 699
130 70 702
130 70 703
130 70 708
130 70 720
130 70 726
130 70 731
49 4 629
49 4 650
49 4 656
49 4 661
49 4 663
49 4 664
49 4 665
49 4 668
49 4 670
49 4 704
49 4 744
49 4 745
49 4 753
49 4 763
49 4 764
49 4 777
49 46 681
49 46 683
49 154 700
4 19 641
4 19 642
4 19 652
4 19 653
4 19 663
4 19 664
4 19 665
4 19 681
4 19 682
4 19 683
4 19 698
4 19 699
4 19 727
4 19 767
4 165 641
4 165 646
4 165 656
4 165 664
4 165 665
4 165 670
4 165 672
4 158 646
4 158 665
4 158 744
4 158 752
4 66 646
4 66 663
4 66 666
4 66 668
4 66 670
4 66 671
4 66 672
4 66 673
4 66 700
4 66 743
4 26 650
4 26 661
4 26 662
4 26 670
4 26 673
4 26 743
4 26 745
4 26 759
4 26 777
4 101 662
4 101 763
4 101 765
4 101 766
4 101 774
4 101 777
4 2 739
158 53 643
158 53 691
158 53 693
158 53 736
158 53 739
158 53 757
158 165 673
158 165 755
158 165 761
158 63 682
19 165 645
19 165 701
19 165 702
19 41 654
19 53 663
19 53 664
19 53 665
19 53 667
19 53 669
19 53 670
19 53 671
19 53 672
19 53 707
19 108 769
19 51 773
19 70 900
19 70 901
19 70 902
19 70 903
19 70 904
19 70 905
19 70 962
19 70 968
19 70 969
19 70 1024
19 70 1034
19 70 1035
19 70 1040
19 70 1042
19 71 900
19 71 901
19 71 906
19 71 973
19 71 991
19 71 1019
19 71 1045
19 71 1072
19 71 1074
19 92 946
19 92 974
26 53 643
26 53 648
26 53 650
26 53 652
26 53 666
26 53 667
26 53 668
26 53 672
26 53 673
26 53 674
26 53 681
26 53 682
26 53 692
26 53 735
26 53 739
26 53 768
26 53 769
26 53 772
26 53 773
26 53 774
26 53 777
26 108 646
26 108 668
26 108 673
26 108 685
26 108 713
26 165 656
26 165 735
26 165 751
26 165 754
26 165 755
53 66 642
53 66 643
53 66 644
53 66 657
53 66 663
53 66 664
53 66 665
53 66 666
53 66 667
53 66 668
53 66 669
53 66 670
53 66 672
53 66 698
53 66 699
53 66 714
53 66 716
53 66 732
53 66 735
53 66 736
53 66 737
53 66 739
53 66 744
53 66 753
53 66 799
53 66 807
53 66 812
53 66 813
53 66 823
53 66 831
53 66 832
53 66 833
53 66 872
53 66 873
53 66 885
53 66 893
53 165 663
53 165 664
53 165 669
53 101 667
53 101 668
53 101 676
53 101 677
53 101 678
53 101 691
53 101 737
53 101 745
53 101 757
53 101 772
53 101 777
53 101 778
53 142 799
53 142 809
53 142 810
53 142 819
53 142 820
53 142 825
53 142 829
53 142 833
53 142 834
53 142 835
53 142 837
53 142 838
53 142 864
53 142 868
53 142 883
53 142 885
53 154 801
53 154 809
53 154 813
53 154 872
53 154 885
53 154 909
108 186 1052
108 186 1086
108 186 1087
108 186 1090
108 186 1096
108 186 1112
108 186 1114
165 101 698
154 70 699
154 184 700
154 50 807
154 50 808
154 50 809
154 50 811
154 50 813
154 50 817
66 50 807
66 50 814
66 50 815
66 50 817
66 50 831
66 50 850
66 50 858
66 50 866
66 50 869
66 50 871
66 50 874
66 50 875
66 50 880
66 50 897
66 50 898
66 50 899
66 50 900
66 50 901
66 70 899
163 46 1012
163 46 1026
163 46 1028
163 46 1031
163 46 1034
163 46 1035
163 46 1044
163 46 1046
163 46 1047
163 46 1048
163 46 1052
163 46 1058
163 46 1060
163 46 1064
163 46 1066
41 184 682
41 184 755
41 50 682
41 50 684
41 50 685
41 50 687
41 50 688
41 50 689
41 50 692
41 50 693
41 50 698
41 50 699
41 50 701
41 50 702
41 50 708
41 50 709
41 50 711
41 50 712
41 50 716
41 50 717
41 50 718
41 50 719
41 50 725
41 50 727
41 50 728
41 50 729
41 50 730
41 50 734
41 50 742
41 50 751
41 50 753
41 50 754
41 50 755
41 50 768
41 50 769
41 50 770
41 50 774
41 50 775
41 50 776
41 50 777
41 50 779
41 50 780
41 50 781
41 50 782
41 50 784
41 50 786
41 50 787
41 70 698
41 70 701
41 70 703
41 70 704
41 70 705
41 70 706
41 70 707
41 70 735
41 70 740
41 70 741
41 70 742
41 70 743
41 70 786
41 70 787
41 51 700
41 51 716
41 178 710
101 70 904
101 70 905
101 71 912
101 71 917
101 71 920
101 71 922
101 71 927
101 71 939
101 71 941
101 71 949
101 71 953
101 71 963
101 71 964
101 71 965
101 71 972
101 71 975
101 71 982
101 71 984
101 71 985
101 71 994
101 71 998
101 71 1004
101 71 1006
101 146 932
101 137 978
45 50 680
45 50 690
45 38 687
45 2 713
45 2 714
45 2 716
45 2 717
45 2 719
45 2 720
42 171 1011
42 171 1015
42 171 1018
42 171 1019
42 171 1020
42 171 1021
42 171 1024
42 171 1025
42 171 1029
42 171 1036
42 171 1037
42 171 1041
42 171 1042
42 171 1043
42 171 1045
42 171 1054
42 171 1059
42 171 1061
42 171 1062
42 171 1163
42 171 1164
42 171 1167
42 171 1168
50 38 685
50 38 686
50 38 687
50 142 800
50 142 805
50 142 810
50 142 811
50 142 823
50 142 830
50 142 831
50 142 870
50 142 871
50 142 872
50 142 873
50 142 880
50 142 881
50 142 895
50 142 897
50 142 898
50 142 899
50 142 900
50 142 901
50 57 809
50 57 810
50 57 812
50 57 813
50 57 814
50 57 819
50 57 820
50 57 822
50 57 825
50 57 831
50 57 836
50 57 838
50 57 846
50 57 847
50 57 849
50 57 850
50 57 858
50 57 859
50 57 865
46 184 682
46 184 750
46 184 754
46 184 767
46 70 698
46 70 700
46 70 720
46 70 721
46 70 722
46 70 743
46 70 744
46 70 745
46 70 746
46 70 758
46 70 759
46 70 760
46 70 761
46 70 764
46 70 765
46 70 766
46 70 769
46 70 770
46 70 786
46 70 787
46 51 717
46 51 732
46 51 760
46 51 761
46 51 766
46 2 781
70 2 721
70 2 722
70 38 730
70 38 767
70 38 768
70 38 769
70 38 770
70 38 781
70 38 969
63 179 1146
63 179 1148
63 179 1149
63 179 1164
184 38 709
38 51 779
38 71 947
38 71 949
38 71 963
38 71 964
38 71 965
38 71 967
38 71 1013
38 71 1024
38 71 1026
38 92 948
38 92 956
38 146 1009
38 57 1039
51 92 987
57 185 1034
185 71 952
185 71 959
185 71 966
185 71 1023
146 92 938
71 92 910
71 92 919
71 92 920
71 92 921
71 92 922
71 92 923
71 92 949
71 92 966
71 92 967
71 92 968
71 92 971
71 92 972
71 92 973
71 92 974
71 92 976
71 92 979
71 92 980
71 92 987
71 171 1142
71 171 1143
71 171 1145
71 171 1151
71 171 1153
71 171 1154
71 171 1155
71 171 1156
71 171 1157
71 171 1162
71 171 1165
71 171 1169
71 171 1170
71 171 1187
71 171 1190
71 171 1207
71 171 1208
71 171 1210
71 171 1211
71 171 1212
71 171 1213
71 171 1214
71 171 1215
71 171 1217
71 171 1218
71 171 1221
71 171 1222
71 171 1223
71 171 1225
71 171 1226
71 171 1227
71 171 1228
71 171 1229
71 171 1232
71 171 1234
71 171 1237
71 171 1238
71 171 1239
