58 71 0
58 71 10
58 71 11
58 71 31
58 71 32
58 71 57
58 71 60
58 71 61
58 71 63
58 71 64
58 71 65
58 71 66
58 71 70
58 71 75
58 71 76
58 71 81
58 71 91
58 71 97
58 71 98
58 54 466
58 54 486
58 54 526
58 54 546
58 54 547
58 54 548
58 54 574
58 54 576
58 31 466
58 31 469
58 31 476
58 31 482
58 31 486
58 31 493
58 31 494
58 31 514
58 31 538
58 31 541
58 31 542
58 31 561
58 31 562
58 31 572
58 31 575
58 31 576
58 31 577
58 31 578
58 82 469
58 82 474
58 82 489
58 82 490
58 82 491
58 82 505
58 82 507
58 82 509
58 82 519
58 82 537
58 82 538
58 40 474
58 40 475
58 40 476
58 40 477
58 40 478
58 40 481
58 40 482
58 40 483
58 40 490
58 40 495
58 40 509
58 40 530
58 40 536
58 40 556
58 40 559
58 40 561
58 40 562
58 40 573
58 40 574
58 40 575
58 40 576
58 40 577
58 40 578
58 94 489
58 69 499
58 23 536
71 19 45
71 19 47
71 19 48
71 19 49
71 19 60
71 19 68
71 19 69
71 19 80
99 67 45
99 67 67
99 67 71
99 67 78
99 67 79
99 67 80
99 19 45
99 19 61
99 19 80
99 25 418
99 25 422
99 25 424
99 25 425
99 25 426
99 25 428
99 25 429
99 25 431
99 25 433
99 25 435
99 25 437
99 25 440
99 25 441
99 25 442
99 25 443
99 25 448
99 25 450
99 25 451
99 25 452
99 25 453
99 25 454
99 25 457
99 25 458
99 25 459
99 25 460
99 25 461
99 25 462
99 25 463
99 25 464
99 25 465
99 25 466
99 25 482
99 25 490
99 25 504
99 25 507
99 25 508
99 25 514
99 25 516
99 25 518
99 25 521
99 25 525
99 25 526
99 25 527
99 25 536
99 25 537
99 25 541
99 25 562
99 25 563
99 25 702
99 25 703
99 25 704
99 25 705
99 25 706
99 25 707
99 25 712
99 25 713
99 25 714
99 25 720
99 25 721
99 25 722
67 65 78
67 15 813
67 48 814
19 4 373
19 4 375
19 4 380
19 4 386
19 4 387
19 4 388
19 4 389
19 4 390
19 4 391
19 4 392
19 4 395
19 4 435
19 4 436
19 4 437
19 4 438
19 4 439
19 4 444
19 4 466
19 4 470
19 4 471
19 4 472
19 33 373
19 33 374
19 33 376
19 33 380
19 33 386
19 33 409
19 33 435
19 33 438
19 33 470
19 33 492
65 35 71
65 35 74
65 35 83
65 35 88
65 35 90
65 35 91
65 35 92
65 35 94
65 35 95
65 35 98
65 35 107
65 35 111
65 35 113
65 35 114
65 35 115
65 35 116
65 35 122
65 35 127
65 35 129
65 35 142
65 35 144
65 35 145
65 35 171
65 35 173
65 35 182
65 35 207
65 61 498
35 26 132
35 4 373
35 4 377
35 4 379
35 4 388
35 4 389
35 4 390
35 4 391
35 4 392
35 4 395
35 4 417
35 4 435
35 4 436
35 4 437
35 4 438
35 4 444
35 4 492
35 60 457
35 20 488
35 20 489
35 20 493
35 20 495
37 61 72
37 61 108
37 61 110
37 61 112
37 61 128
37 61 132
37 61 133
37 61 140
37 61 141
37 61 143
37 61 172
37 5 873
37 5 917
37 5 944
37 5 963
37 5 1018
37 5 1019
37 95 894
37 95 986
37 95 987
37 95 988
37 95 989
37 95 999
37 95 1000
37 95 1001
37 47 982
37 47 986
37 47 1001
37 47 1002
37 47 1008
61 76 130
61 79 466
61 79 473
61 79 475
61 79 476
61 79 480
61 79 481
61 79 482
61 79 483
61 79 484
61 79 485
61 79 486
61 79 487
61 79 488
61 79 492
61 79 496
61 79 497
61 79 502
61 79 504
61 79 506
61 79 510
61 79 515
61 79 552
61 79 555
61 79 571
61 79 572
61 79 573
61 79 575
61 79 576
61 79 577
61 79 578
61 30 487
61 30 495
61 30 512
61 38 496
61 38 515
61 38 516
26 73 79
26 73 81
26 73 82
26 73 83
26 73 84
26 73 85
26 73 86
26 73 87
26 73 88
26 73 89
26 73 90
26 73 91
26 73 93
26 73 94
26 73 95
26 73 96
26 73 97
26 73 98
26 73 100
26 73 101
26 73 102
26 73 103
26 73 106
26 73 107
26 73 109
26 73 111
26 73 112
26 73 113
26 73 114
26 73 115
26 73 119
26 73 121
26 73 126
26 73 127
26 73 128
26 73 129
26 73 130
26 73 131
26 73 132
26 73 133
26 73 148
26 73 154
26 73 155
26 73 156
26 73 159
26 73 160
26 73 161
26 73 162
26 73 163
26 73 165
26 73 166
26 73 168
26 73 174
26 73 175
26 73 176
26 73 179
26 73 181
26 73 182
26 73 183
26 73 184
26 73 185
26 73 187
26 73 193
26 73 194
26 73 195
26 73 196
26 73 198
26 73 200
26 73 201
26 73 202
26 73 204
26 73 205
26 73 208
26 73 212
26 73 216
26 73 217
26 73 218
26 73 219
26 73 223
26 73 224
26 73 226
26 73 227
26 73 228
26 73 229
26 73 230
26 73 231
26 73 232
26 73 233
26 73 234
26 73 235
26 73 236
26 73 237
26 73 238
26 73 239
26 73 243
26 73 244
26 73 246
26 73 247
26 73 248
26 73 250
26 73 251
26 73 252
26 72 194
26 72 195
26 102 524
73 75 194
73 75 233
73 28 524
73 3 548
73 3 558
73 3 645
73 3 727
73 3 728
73 77 579
76 0 313
76 0 338
76 0 375
76 0 391
76 0 392
76 0 393
76 0 471
76 103 316
76 103 403
76 103 471
76 103 474
76 103 477
76 72 319
76 72 456
76 72 474
76 72 475
76 56 326
76 56 338
76 56 339
76 56 341
76 56 390
76 56 409
76 56 410
76 16 338
76 43 338
76 43 352
76 43 374
76 43 375
76 77 402
76 77 470
76 77 474
76 77 475
76 77 478
76 77 479
76 77 480
76 88 408
76 88 457
76 83 412
76 83 450
76 83 453
76 83 455
76 83 456
76 83 457
76 83 462
76 86 449
76 96 458
76 90 468
76 90 469
76 27 472
76 27 476
21 72 163
21 72 164
21 72 166
21 72 173
21 72 177
21 72 179
21 72 189
21 72 201
21 72 207
21 72 319
21 72 327
21 72 328
21 72 330
21 72 335
21 72 338
21 72 345
21 72 348
21 72 349
21 72 350
21 72 351
21 72 354
21 72 355
21 72 360
21 72 389
21 72 396
21 72 397
21 72 401
21 72 415
21 72 416
21 49 390
21 80 592
21 80 597
21 80 620
21 80 628
21 80 636
21 80 788
21 80 789
21 9 614
21 9 618
21 101 614
21 101 618
21 101 729
21 101 732
21 101 776
21 101 778
21 101 790
21 85 795
72 97 312
72 97 320
72 97 323
72 97 348
72 100 312
72 100 313
72 100 329
72 100 338
72 100 343
72 100 345
72 100 372
72 100 390
72 100 391
72 100 392
72 100 411
72 100 469
72 100 470
72 100 474
72 60 319
72 60 338
72 60 339
72 60 344
72 60 349
72 60 350
72 60 363
72 60 368
72 60 369
72 60 376
72 60 379
72 60 381
72 60 410
72 60 477
72 54 328
72 54 347
72 54 349
72 54 350
72 54 351
72 54 353
72 54 363
72 54 367
72 54 372
72 54 373
72 54 391
72 54 445
72 54 459
72 41 330
72 41 363
72 41 369
72 41 370
72 41 371
72 41 372
72 41 379
72 41 380
72 41 384
72 41 386
72 41 444
72 41 445
72 74 331
72 74 338
72 74 339
72 74 340
72 74 342
72 74 343
72 74 345
72 74 358
72 74 368
72 74 369
72 74 370
72 74 371
72 74 374
72 74 440
72 74 442
72 74 449
72 74 475
72 0 343
72 0 353
72 0 354
72 0 357
72 0 363
72 0 370
72 0 371
72 0 378
72 0 379
72 0 391
72 0 412
72 0 468
72 0 479
75 22 196
75 22 197
75 22 205
75 22 231
75 22 243
75 22 261
75 22 288
75 22 297
75 22 370
75 22 386
75 91 324
75 64 386
75 81 875
75 81 878
75 81 897
75 81 930
75 81 931
75 81 947
75 81 948
75 81 958
75 81 959
75 81 974
75 81 975
75 81 979
75 81 980
75 47 890
75 47 891
22 66 751
22 66 752
22 66 802
22 66 809
22 7 751
22 7 752
22 7 760
22 7 762
22 7 783
22 7 785
22 7 809
22 7 818
22 42 751
22 42 752
22 42 755
22 42 761
22 42 762
22 42 764
22 42 784
22 42 785
22 42 787
22 42 801
22 42 802
22 42 818
22 86 762
22 83 828
22 53 874
22 53 876
22 53 880
22 53 881
22 53 882
22 53 883
22 53 884
59 29 247
59 29 297
59 29 298
59 32 654
59 32 655
59 32 657
59 32 669
59 32 670
59 32 682
59 32 692
59 32 713
59 32 725
59 32 726
59 32 759
59 32 761
59 32 762
59 33 762
29 56 286
29 56 289
29 56 296
29 56 312
29 56 316
29 56 317
29 66 315
56 97 312
56 97 323
56 97 336
56 97 337
56 97 348
56 97 351
56 66 315
56 74 319
56 74 320
56 74 338
56 74 339
56 74 340
56 74 344
56 74 345
56 74 348
56 74 354
56 74 356
56 74 358
56 74 363
56 74 365
56 74 366
56 74 367
56 74 368
56 74 372
56 74 378
56 74 379
56 74 383
56 74 384
56 74 390
56 74 422
56 74 442
56 100 321
56 100 322
56 100 323
56 100 347
56 100 351
56 100 353
56 100 380
56 100 408
56 100 439
56 100 458
56 100 479
56 0 329
56 0 330
56 0 331
56 0 373
56 0 374
56 0 375
56 0 383
56 0 384
56 0 391
56 0 402
56 0 409
56 0 419
56 0 420
56 0 432
56 0 439
56 0 447
56 0 475
56 60 360
56 60 364
56 60 367
56 60 368
56 60 369
56 60 371
56 60 408
56 60 421
56 60 427
56 60 429
56 60 431
56 4 459
56 44 478
63 84 303
63 89 303
63 13 322
63 36 332
63 104 718
63 104 740
63 45 817
63 7 819
84 94 314
84 92 790
84 92 804
84 92 833
84 92 835
84 92 850
84 92 862
84 92 887
84 83 847
89 86 303
89 86 318
89 86 354
89 86 364
89 86 366
89 86 369
89 86 370
89 86 371
89 86 387
89 86 388
89 86 389
89 86 391
89 86 392
89 86 401
89 86 402
89 86 405
89 86 410
89 86 449
89 86 475
89 1 872
89 1 875
89 1 876
89 1 884
89 1 904
89 1 906
89 1 923
89 1 926
89 1 932
89 1 933
89 1 934
89 1 985
89 1 986
89 1 1000
89 1 1002
89 1 1030
89 45 874
89 45 875
89 45 876
89 45 883
89 45 884
89 45 885
89 45 886
89 45 889
89 45 895
89 45 900
89 45 904
89 45 918
89 45 920
89 45 921
89 45 922
89 45 923
89 45 924
89 45 925
89 45 926
89 45 928
89 45 936
89 45 938
89 45 942
89 45 945
89 45 950
89 45 952
89 45 953
89 45 954
89 45 955
89 45 956
89 45 957
89 45 958
89 45 959
89 45 960
89 45 961
89 45 962
89 45 964
89 45 965
89 45 966
89 45 970
89 45 973
89 45 976
89 45 978
89 45 979
89 45 982
89 45 983
89 45 993
89 45 994
89 45 995
89 45 997
89 45 1000
89 45 1001
89 45 1006
89 45 1016
89 45 1025
89 45 1026
89 45 1027
89 45 1028
89 45 1029
89 45 1030
89 45 1031
89 5 879
89 5 880
89 5 1030
89 5 1031
89 94 880
89 94 1030
89 94 1031
86 2 314
86 2 352
86 2 357
86 2 358
86 2 362
86 2 367
86 2 376
86 2 378
86 2 401
86 2 402
86 2 407
86 2 409
86 2 425
86 2 429
86 2 434
86 2 462
86 2 463
86 2 464
86 44 314
86 44 348
86 44 351
86 44 356
86 44 395
86 44 412
86 44 462
86 44 464
86 44 465
86 44 466
86 44 467
86 44 468
86 44 469
86 44 470
86 6 314
86 6 317
86 6 361
86 6 385
86 6 401
86 6 408
86 6 475
86 13 315
86 13 316
86 13 318
86 13 392
86 13 472
86 13 473
86 8 321
86 8 354
86 8 362
86 8 363
86 8 366
86 8 369
86 8 370
86 8 388
86 8 389
86 8 392
86 8 407
86 36 347
86 36 351
86 36 358
86 36 361
86 36 364
86 36 366
86 36 368
86 36 369
86 36 370
86 36 371
86 36 401
86 36 402
86 36 405
86 36 407
86 36 408
86 36 410
86 36 415
86 36 416
86 36 424
86 36 429
86 36 862
86 36 863
86 93 356
86 93 357
86 93 362
86 93 363
86 93 364
86 93 367
86 93 368
86 93 402
86 93 407
86 93 408
86 93 409
86 93 447
86 95 368
86 81 424
86 81 427
86 81 449
86 46 458
86 87 464
86 87 465
86 87 466
86 87 468
86 68 466
86 100 467
86 100 468
86 100 469
86 0 467
86 27 470
86 41 470
86 41 475
86 45 769
86 45 826
86 45 829
86 45 834
86 45 844
86 45 846
86 45 849
86 45 856
86 70 823
86 70 862
86 7 823
86 17 862
86 17 863
43 74 305
43 74 322
43 74 335
43 74 347
43 74 348
43 74 370
43 74 372
43 74 391
43 74 410
43 74 424
43 54 311
43 54 329
43 54 330
43 54 331
43 54 335
43 54 336
43 54 340
43 54 342
43 54 390
43 54 402
43 54 403
43 54 426
43 54 431
43 54 445
43 0 312
43 0 321
43 0 322
43 0 324
43 0 325
43 0 328
43 0 329
43 0 330
43 0 331
43 0 338
43 0 351
43 0 354
43 0 355
43 0 356
43 0 357
43 0 360
43 0 363
43 0 369
43 0 371
43 0 372
43 0 379
43 0 417
43 0 439
43 103 335
43 103 424
43 77 336
43 77 340
43 77 418
43 100 438
43 60 445
43 6 461
43 6 473
43 6 474
43 6 475
43 13 473
74 27 311
74 27 363
74 27 409
74 27 410
74 27 424
74 27 478
74 16 313
74 16 314
74 16 316
74 16 319
74 16 346
74 16 351
74 16 375
74 16 479
74 88 326
74 88 471
74 88 477
74 88 478
74 103 328
74 103 344
74 103 345
74 103 346
74 103 348
74 103 349
74 103 351
74 103 353
74 103 354
74 103 363
74 103 364
74 103 404
74 103 405
74 103 406
74 103 473
74 100 378
74 100 379
74 94 420
74 94 422
74 94 423
74 94 424
74 94 427
74 94 428
74 94 447
74 94 448
74 94 449
74 94 450
74 94 451
74 94 452
74 94 453
74 94 454
74 94 455
74 11 437
74 11 444
74 11 445
74 11 461
74 11 462
74 11 463
74 11 464
74 11 476
74 11 477
74 11 504
74 11 508
74 11 509
74 11 512
74 11 513
74 11 529
74 11 530
74 11 549
74 11 556
74 11 557
74 24 437
74 24 440
74 24 452
74 24 459
74 24 463
74 24 470
74 24 494
74 24 497
74 24 498
74 24 499
74 24 501
74 24 503
74 24 504
74 24 506
74 24 509
74 24 510
74 24 513
74 24 515
74 24 530
74 24 557
74 48 438
74 96 446
74 96 447
74 90 468
74 47 521
74 79 531
38 44 307
38 44 322
38 44 327
38 44 328
38 44 336
38 44 357
38 44 358
38 44 367
38 44 423
38 13 313
38 13 322
38 13 327
38 13 347
38 13 358
38 13 380
38 13 381
38 6 317
38 6 348
38 6 417
38 6 420
38 8 318
38 8 319
38 8 321
38 8 322
38 8 325
38 8 326
38 8 327
38 8 328
38 8 348
38 8 363
38 8 365
38 8 366
38 8 367
38 8 412
38 8 418
38 81 335
38 81 341
38 81 441
38 60 346
38 2 349
38 2 359
38 2 372
38 2 382
38 2 418
38 2 419
38 2 421
38 2 424
38 2 425
38 2 429
38 2 431
38 2 436
38 2 460
38 2 461
38 2 485
38 2 486
38 57 380
38 54 467
38 54 490
38 54 494
38 54 526
38 54 533
38 54 552
38 54 562
38 54 576
38 31 470
38 31 484
38 31 486
38 31 504
38 31 505
38 31 514
38 31 515
38 31 528
38 31 552
38 31 562
38 31 569
38 31 576
38 31 577
38 31 578
38 82 494
44 90 314
44 90 380
44 90 381
44 90 386
44 90 399
44 90 400
44 90 416
44 90 423
44 90 427
44 90 429
44 90 431
44 90 434
44 90 438
44 90 440
44 90 471
44 2 321
44 2 324
44 2 328
44 2 330
44 2 332
44 2 334
44 2 335
44 2 336
44 2 339
44 2 346
44 2 364
44 2 367
44 2 374
44 2 384
44 2 387
44 2 396
44 2 397
44 2 404
44 2 422
44 2 463
44 2 464
44 8 322
44 8 323
44 8 325
44 8 327
44 8 329
44 8 338
44 94 330
44 94 331
44 94 333
44 94 334
44 94 340
44 94 343
44 94 344
44 94 346
44 94 356
44 94 358
44 94 359
44 94 366
44 94 367
44 94 387
44 94 388
44 94 389
44 94 390
44 94 392
44 94 393
44 94 394
44 94 395
44 94 396
44 94 397
44 6 395
44 48 415
44 79 428
44 79 433
44 79 461
44 79 473
44 79 474
44 79 475
44 79 476
44 62 464
44 62 465
44 62 466
44 62 470
44 62 473
44 62 478
44 88 466
44 88 472
44 103 467
44 103 471
44 77 471
44 77 473
44 77 474
44 77 477
44 85 491
44 85 494
44 85 499
44 85 500
44 85 501
44 85 503
44 85 504
44 85 506
44 85 507
44 85 511
44 85 514
27 100 311
27 100 365
27 100 367
27 100 476
27 100 477
27 54 317
27 54 320
27 54 324
27 54 325
27 54 379
27 54 391
27 54 458
27 0 320
27 0 373
27 0 379
27 0 402
27 0 479
27 97 336
27 97 479
27 16 348
27 16 369
27 88 371
27 88 465
27 88 466
27 88 473
27 60 403
27 60 429
27 60 470
27 60 477
27 68 412
27 68 477
27 68 479
27 94 415
27 94 434
27 94 435
27 94 436
27 94 437
27 94 438
27 94 442
27 94 443
27 94 444
27 94 459
27 41 451
27 2 462
27 90 471
27 90 473
100 54 314
100 54 316
100 54 322
100 54 350
100 54 352
100 54 353
100 54 354
100 54 355
100 54 360
100 54 361
100 54 362
100 54 372
100 54 373
100 54 376
100 54 378
100 54 420
100 68 319
100 68 322
100 68 324
100 68 325
100 68 330
100 68 338
100 68 347
100 68 380
100 68 382
100 68 417
100 60 321
100 60 322
100 60 328
100 60 329
100 60 336
100 60 370
100 60 381
100 60 384
100 60 385
100 60 388
100 60 433
100 60 485
100 16 330
100 16 473
100 88 364
100 88 408
100 88 468
100 88 473
100 0 372
100 0 444
100 0 464
100 0 485
100 41 418
100 41 421
100 41 450
100 41 472
100 90 430
100 48 441
100 13 456
100 13 458
100 13 460
100 6 456
100 6 457
54 88 329
54 88 330
54 88 331
54 88 337
54 88 338
54 88 340
54 88 370
54 88 375
54 88 390
54 88 391
54 88 427
54 88 431
54 88 432
54 88 445
54 88 446
54 88 468
54 88 471
54 88 472
54 88 473
54 16 335
54 16 344
54 16 345
54 16 402
54 16 444
54 16 445
54 96 423
54 94 437
54 94 438
54 94 459
54 90 449
54 90 473
54 83 458
54 79 466
54 79 474
54 79 479
54 79 507
54 79 576
54 30 466
54 30 552
54 30 576
97 103 312
97 103 318
97 103 326
97 103 479
97 103 485
97 16 335
97 16 419
97 16 420
97 88 373
97 88 401
97 88 402
97 88 479
97 94 422
97 94 437
97 14 506
97 14 527
97 14 531
97 77 543
0 88 313
0 88 314
0 88 323
0 88 324
0 88 325
0 88 330
0 88 333
0 88 334
0 88 335
0 88 336
0 88 345
0 88 346
0 88 373
0 88 374
0 88 375
0 88 378
0 88 391
0 88 392
0 88 395
0 88 396
0 88 446
0 88 474
0 88 479
0 16 315
0 16 316
0 16 321
0 16 323
0 16 337
0 16 372
0 16 419
0 16 420
0 16 478
0 77 324
0 77 342
0 77 370
0 103 340
0 103 344
0 103 345
0 103 357
0 103 372
0 103 396
0 103 485
0 103 486
0 60 341
0 60 342
0 60 352
0 60 357
0 60 361
0 60 362
0 60 371
0 60 402
0 60 413
0 60 418
0 60 443
0 60 445
0 60 464
0 60 465
0 60 475
0 60 477
0 60 478
0 60 485
0 60 486
0 48 439
0 48 442
0 51 439
0 51 468
0 94 445
0 83 447
0 4 452
0 4 457
0 46 468
103 60 318
103 60 328
103 60 329
103 60 338
103 60 341
103 60 346
103 60 347
103 60 348
103 60 372
103 60 408
103 60 485
103 60 486
103 81 347
103 81 459
88 41 328
88 41 329
88 41 439
88 68 347
88 68 381
88 68 382
88 68 386
88 68 387
88 68 408
88 68 453
88 68 468
88 68 471
88 68 476
88 68 477
88 68 479
88 16 349
88 16 370
88 16 382
88 16 383
88 16 385
88 16 386
88 16 388
88 16 472
88 60 349
88 60 355
88 60 356
88 60 378
88 60 379
88 60 388
88 60 476
88 49 439
88 46 439
88 93 448
88 93 460
88 81 457
88 95 872
88 95 873
88 95 918
88 95 919
88 95 920
88 95 921
88 95 922
88 95 923
88 95 941
88 95 942
88 95 944
88 95 947
88 95 948
88 95 950
88 95 951
88 95 952
88 95 953
88 95 954
88 95 955
88 95 956
88 95 957
88 95 958
88 95 959
88 95 960
88 95 961
88 95 962
88 95 963
88 95 965
88 95 967
88 95 972
88 95 973
88 95 976
88 95 977
88 95 978
88 95 993
88 95 994
88 95 998
88 95 1006
88 47 878
88 5 900
88 5 903
88 5 904
88 5 905
88 5 906
88 5 908
88 5 941
88 39 903
88 39 904
88 39 906
16 41 335
16 41 336
16 41 338
16 41 348
16 41 419
16 60 371
16 60 420
16 60 421
16 60 442
16 60 445
16 94 444
16 94 447
16 93 445
16 90 450
16 90 461
16 90 462
16 90 468
16 68 473
13 2 314
13 2 316
13 2 321
13 2 387
13 2 454
13 2 455
13 6 314
13 6 316
13 6 317
13 6 318
13 6 321
13 6 322
13 6 323
13 6 324
13 6 325
13 6 326
13 6 358
13 6 359
13 6 365
13 6 366
13 6 367
13 6 368
13 6 373
13 6 378
13 6 380
13 6 381
13 6 382
13 6 384
13 6 385
13 6 386
13 6 388
13 6 391
13 6 392
13 6 397
13 6 413
13 6 416
13 6 417
13 6 421
13 6 422
13 6 424
13 6 425
13 6 432
13 6 439
13 6 440
13 6 441
13 6 442
13 6 443
13 6 444
13 6 455
13 6 456
13 6 457
13 6 458
13 6 459
13 6 460
13 6 467
13 6 468
13 6 469
13 6 470
13 6 471
13 6 472
13 6 473
13 90 317
13 90 318
13 90 326
13 90 335
13 90 357
13 90 358
13 90 386
13 90 387
13 90 470
13 8 320
13 8 321
13 8 322
13 8 323
13 8 324
13 8 325
13 8 326
13 8 327
13 8 335
13 8 373
13 8 385
13 8 386
13 8 391
13 8 392
13 8 411
13 94 354
13 94 358
13 94 359
13 94 388
13 94 390
13 94 391
13 94 412
13 94 457
13 46 366
13 46 382
13 46 387
13 46 388
13 46 417
13 60 380
13 81 383
13 81 420
13 48 415
13 31 472
90 36 315
90 36 325
90 36 368
90 36 369
90 36 370
90 36 423
90 36 441
90 8 317
90 8 329
90 8 330
90 8 332
90 8 333
90 8 336
90 8 337
90 8 338
90 8 339
90 8 340
90 8 341
90 8 342
90 8 350
90 8 354
90 8 358
90 8 361
90 8 365
90 8 366
90 8 374
90 8 392
90 8 394
90 8 401
90 8 402
90 8 406
90 6 317
90 6 329
90 6 333
90 6 335
90 6 358
90 6 385
90 6 396
90 6 398
90 6 399
90 6 401
90 6 403
90 6 409
90 6 416
90 6 420
90 6 465
90 6 474
90 6 475
90 93 317
90 93 318
90 93 326
90 93 327
90 93 331
90 93 336
90 93 354
90 93 359
90 93 369
90 93 370
90 93 373
90 93 389
90 93 390
90 93 391
90 93 394
90 93 402
90 93 405
90 93 406
90 93 408
90 93 412
90 2 323
90 2 325
90 2 328
90 2 330
90 2 331
90 2 335
90 2 336
90 2 337
90 2 339
90 2 340
90 2 352
90 2 353
90 2 361
90 2 365
90 2 369
90 2 373
90 2 374
90 2 393
90 2 412
90 2 414
90 2 419
90 2 421
90 2 423
90 62 380
90 57 380
90 81 423
90 81 441
90 81 442
90 95 474
90 95 475
90 41 474
90 41 475
90 33 563
90 33 581
90 33 589
90 33 593
90 33 594
90 33 600
90 33 601
90 33 602
90 33 603
90 33 604
90 33 606
90 33 607
90 33 614
90 33 631
90 33 633
90 33 656
90 80 611
90 80 614
94 2 314
94 2 323
94 2 324
94 2 325
94 2 330
94 2 331
94 2 332
94 2 336
94 2 337
94 2 338
94 2 339
94 2 340
94 2 342
94 2 343
94 2 344
94 2 345
94 2 346
94 2 347
94 2 359
94 2 360
94 2 361
94 2 362
94 2 363
94 2 364
94 2 367
94 2 368
94 2 369
94 2 370
94 2 371
94 2 372
94 2 373
94 2 374
94 2 382
94 2 393
94 2 397
94 2 409
94 2 410
94 2 411
94 2 414
94 2 461
94 2 467
94 2 484
94 2 485
94 95 317
94 95 323
94 95 326
94 95 327
94 95 330
94 95 333
94 95 334
94 95 366
94 95 384
94 95 387
94 6 331
94 8 332
94 8 394
94 8 396
94 8 406
94 8 407
94 8 412
94 8 413
94 81 333
94 81 334
94 81 336
94 81 410
94 36 350
94 36 351
94 36 357
94 36 364
94 36 370
94 36 380
94 36 413
94 36 414
94 36 415
94 36 485
94 41 424
94 60 427
94 60 429
94 60 430
94 60 431
94 60 432
94 60 433
94 60 434
94 60 435
94 60 436
94 60 441
94 60 442
94 60 445
94 68 447
94 68 448
94 68 449
94 68 457
94 68 458
94 20 491
94 5 873
94 5 910
94 5 986
94 5 1010
94 5 1011
94 5 1026
94 5 1027
94 5 1028
94 5 1029
94 5 1030
94 5 1031
94 5 1032
2 8 328
2 8 330
2 8 359
2 8 364
2 8 397
2 8 401
2 8 418
2 81 339
2 81 342
2 81 347
2 81 357
2 81 358
2 81 418
2 81 422
2 81 425
2 81 427
2 81 428
2 81 434
2 6 340
2 6 343
2 6 349
2 6 355
2 6 361
2 6 362
2 6 364
2 6 387
2 6 403
2 6 405
2 6 407
2 6 408
2 6 409
2 6 439
2 6 440
2 6 441
2 6 442
2 6 443
2 6 447
2 6 448
2 6 449
2 6 450
2 6 451
2 6 453
2 6 454
2 6 455
2 57 358
2 96 368
2 83 423
2 83 426
2 64 434
2 64 436
2 64 437
2 60 464
2 36 488
2 36 489
6 8 323
6 8 336
6 8 337
6 8 338
6 8 339
6 8 340
6 8 364
6 8 374
6 8 391
6 8 395
6 8 410
6 8 411
6 8 418
6 92 385
6 51 427
6 79 467
6 79 471
6 96 474
6 96 475
36 96 374
36 66 380
36 83 423
36 83 426
36 25 431
36 25 436
36 28 524
36 28 525
36 28 527
36 28 599
36 28 625
36 28 626
36 28 630
36 28 633
36 28 639
36 28 729
36 28 732
36 28 817
36 28 819
36 28 830
36 28 834
36 28 854
36 28 855
36 28 857
36 28 859
36 28 860
36 28 862
36 69 525
36 69 532
36 69 534
36 69 535
36 69 536
36 69 537
36 69 538
36 69 539
36 69 542
36 69 597
36 69 661
36 69 664
36 55 529
36 55 646
36 55 668
36 55 669
36 55 670
36 55 740
36 55 744
36 55 750
36 55 751
36 55 768
36 55 770
36 55 771
36 55 779
36 55 780
36 55 783
36 55 785
36 3 544
36 3 545
36 3 548
36 3 562
36 3 574
36 3 575
36 3 576
36 3 647
36 3 665
36 3 666
36 3 668
36 3 669
36 77 550
36 17 768
36 17 860
36 17 861
66 87 750
66 87 751
66 87 752
66 87 755
66 87 756
66 87 758
66 87 759
66 87 760
66 87 768
66 87 769
66 87 770
66 87 771
66 87 772
66 87 773
66 87 774
66 87 778
66 87 811
66 87 813
66 87 817
66 87 818
66 87 819
66 87 830
66 87 861
66 45 751
66 45 822
66 45 829
66 45 833
8 83 318
8 83 417
93 83 379
93 83 382
93 82 742
93 82 747
93 82 750
93 82 760
93 82 767
93 82 769
93 82 770
93 82 771
93 82 772
93 82 792
93 82 793
93 82 802
93 82 803
93 82 808
93 82 810
93 82 818
93 82 822
93 82 823
93 82 825
93 82 830
93 82 832
93 82 834
93 82 849
93 82 861
93 82 879
93 82 880
93 82 881
93 82 883
93 82 886
93 32 861
95 45 872
95 45 889
95 45 894
95 45 895
95 45 898
95 45 909
95 45 910
95 45 917
95 45 918
95 45 921
95 45 922
95 45 923
95 45 929
95 45 952
95 45 963
95 45 976
95 45 982
95 45 985
95 45 986
95 45 987
95 45 988
95 45 989
95 45 990
95 45 991
95 45 992
95 45 993
95 45 994
95 45 1010
95 45 1029
95 45 1030
95 45 1031
95 101 881
95 5 882
95 1 906
95 1 910
95 1 918
95 1 921
95 1 923
95 1 929
95 1 930
95 1 1027
95 1 1028
95 1 1029
60 77 344
60 77 345
60 77 346
60 77 369
60 77 371
60 77 416
60 77 421
60 77 439
60 81 357
60 83 448
60 4 453
60 79 458
60 79 478
83 68 455
83 68 457
83 34 788
83 34 793
83 34 806
83 34 807
83 34 815
83 34 828
83 34 830
83 34 831
83 34 832
83 34 833
83 34 837
83 34 840
83 34 841
83 34 843
83 34 845
83 34 847
83 34 849
83 34 854
83 34 855
83 34 859
83 34 862
83 34 893
83 34 900
83 34 912
83 34 914
83 34 915
83 34 918
83 34 920
83 34 921
83 45 829
68 49 405
68 49 406
68 49 410
68 49 411
68 48 441
68 18 488
68 18 499
68 18 500
68 18 501
68 18 502
68 18 504
68 18 505
68 18 506
68 18 507
68 18 509
68 18 511
68 18 512
68 18 513
68 18 515
68 18 519
68 18 521
68 18 523
68 18 606
91 10 547
91 10 548
91 10 549
91 10 552
91 10 553
91 10 555
91 10 558
91 10 559
91 10 562
91 10 569
91 10 570
91 10 572
91 10 573
91 10 575
91 10 576
91 10 580
91 10 590
91 10 592
91 10 593
91 10 601
91 10 602
91 10 603
91 10 610
91 10 611
91 10 615
91 10 616
91 10 617
91 10 620
91 10 634
91 10 646
91 10 647
91 10 648
91 10 652
91 10 653
91 10 654
91 10 655
91 10 657
91 10 659
91 10 660
91 10 661
91 10 666
91 10 667
91 10 668
91 10 708
91 10 709
91 10 710
91 10 711
91 10 712
91 10 713
91 10 715
91 10 717
91 10 726
91 10 737
91 10 738
91 10 739
91 10 740
91 10 741
91 10 742
91 10 743
91 10 756
91 10 757
91 10 759
91 10 760
91 10 761
91 31 547
91 31 550
91 31 556
91 31 562
91 31 565
91 31 566
91 31 569
91 31 570
91 31 576
91 31 577
91 31 578
91 31 605
91 31 648
91 31 654
91 31 655
91 31 659
91 31 660
91 31 705
91 31 706
91 31 707
91 31 708
91 31 709
91 31 710
91 31 711
91 31 712
91 31 713
91 31 722
91 31 725
91 31 727
91 31 746
91 31 747
91 31 748
91 31 751
91 31 760
91 31 761
91 3 557
91 98 569
91 98 571
91 30 569
91 40 571
91 28 652
91 28 738
91 28 739
91 69 652
91 69 662
91 69 663
91 55 662
91 34 710
91 39 737
91 82 757
91 82 758
91 82 759
77 20 529
77 20 533
77 20 534
77 20 556
77 20 576
77 20 577
77 20 578
77 20 654
77 20 655
77 20 658
77 20 792
77 20 799
77 20 800
77 20 801
77 101 529
77 101 537
77 101 567
77 101 575
77 101 578
77 101 579
77 101 799
77 101 800
77 17 542
77 17 579
77 28 542
77 28 548
77 28 550
77 28 567
77 28 568
77 28 579
77 14 543
77 3 544
77 3 545
77 3 557
77 3 569
77 3 632
77 57 556
77 57 558
77 24 654
77 104 681
18 64 325
18 64 326
18 64 327
18 64 328
18 64 330
18 64 331
18 64 335
18 64 337
18 64 342
18 64 352
18 64 354
18 64 356
18 64 363
18 64 364
18 64 368
18 64 370
18 64 373
18 64 377
18 64 379
18 64 389
18 64 390
18 64 392
18 64 405
18 64 411
18 64 429
18 64 433
18 64 468
18 64 470
18 64 508
18 64 514
18 64 525
18 64 527
18 64 528
18 64 529
18 64 542
18 64 564
18 64 567
18 64 568
18 64 569
18 64 571
18 64 572
18 64 574
18 64 578
18 64 579
18 64 605
18 57 352
18 49 399
18 49 406
18 49 407
18 46 405
18 46 431
18 11 544
18 24 544
64 48 410
41 48 440
41 96 474
41 96 475
41 80 642
41 80 643
41 80 644
41 80 648
41 80 649
41 80 650
41 80 651
41 80 652
41 80 653
41 80 654
41 80 657
41 80 658
41 80 659
41 80 660
41 80 661
41 80 662
41 80 663
41 80 664
41 80 665
41 80 666
41 80 667
41 80 668
41 80 669
41 80 670
41 80 671
41 80 672
41 80 673
41 80 674
41 80 675
41 80 676
41 80 677
41 80 678
41 80 679
41 80 680
41 80 681
41 80 686
41 80 689
41 80 690
41 80 697
41 80 710
41 80 711
41 80 715
41 80 716
41 80 726
41 80 727
41 80 728
41 80 729
41 80 730
41 80 732
41 80 735
41 80 736
41 80 738
41 80 741
41 80 742
41 80 743
41 80 744
41 80 745
41 80 746
41 80 747
41 101 672
81 46 335
81 46 338
81 46 418
81 79 347
81 79 449
81 79 451
81 79 452
81 79 454
46 51 382
46 51 388
46 51 389
46 51 391
46 51 392
46 51 393
46 51 398
46 51 406
46 51 407
46 51 412
46 51 417
46 51 423
46 51 435
46 51 436
46 51 453
46 51 455
46 51 456
46 51 457
46 51 458
46 51 460
46 51 462
46 51 463
46 51 464
46 51 465
46 51 466
46 51 467
46 51 469
46 51 470
46 4 388
30 57 346
30 57 350
30 57 353
30 57 356
30 57 359
30 57 360
30 57 361
30 57 372
30 57 373
30 57 376
30 57 377
30 57 380
30 57 381
30 57 383
30 57 385
30 57 386
30 57 388
30 57 390
30 57 391
30 40 492
30 40 509
30 28 570
57 3 539
57 3 544
57 3 545
57 3 548
57 3 553
57 3 554
57 3 572
57 3 660
57 3 661
57 3 662
57 3 663
57 34 582
57 34 583
57 34 584
57 34 774
57 34 778
57 69 591
57 17 831
79 31 466
79 31 467
79 31 468
79 31 469
79 31 472
79 31 492
79 31 493
79 31 507
79 31 508
79 31 512
79 31 525
79 31 533
79 31 534
79 31 556
79 31 572
79 31 573
79 31 575
79 31 576
79 31 577
79 31 578
79 31 579
79 40 467
79 40 471
79 40 472
79 40 473
79 40 474
79 40 475
79 40 476
79 40 477
79 40 478
79 40 479
79 40 481
79 40 485
79 40 486
79 40 487
79 40 489
79 40 490
79 40 491
79 40 493
79 40 495
79 40 496
79 40 497
79 40 498
79 40 507
79 40 509
79 40 513
79 40 518
79 40 519
79 40 521
79 40 532
79 40 534
79 40 563
79 40 569
79 40 573
79 40 575
79 40 576
79 40 577
79 40 578
79 40 579
79 69 500
79 14 520
96 53 840
96 53 842
96 53 857
96 53 882
96 53 886
96 53 900
96 53 901
96 53 902
96 53 903
96 53 909
96 53 910
96 53 912
96 53 922
96 53 923
96 53 926
96 53 927
4 51 386
4 20 489
4 20 491
4 20 495
4 33 489
4 33 495
33 10 551
33 10 555
33 10 556
33 10 570
33 10 572
33 10 576
33 10 579
33 10 588
33 10 591
33 10 592
33 10 593
33 10 600
33 10 602
33 10 603
33 10 606
33 10 607
33 10 633
33 10 639
33 10 691
33 10 699
33 10 700
33 10 702
33 10 706
33 10 720
33 10 722
33 10 725
33 10 726
33 10 728
33 10 740
33 10 748
33 10 749
33 10 751
33 34 640
51 24 463
51 7 859
51 98 860
51 98 861
48 49 383
48 49 384
48 49 385
48 49 386
48 49 387
48 49 390
48 49 394
48 49 396
48 49 397
48 49 399
48 49 405
48 49 410
48 49 413
48 49 414
48 49 415
48 49 419
48 49 420
48 49 421
48 49 422
48 49 427
48 49 428
48 49 429
48 49 430
48 49 434
48 49 437
48 49 439
48 49 441
48 49 442
48 49 443
48 49 444
48 49 446
48 49 454
48 49 459
48 49 461
48 15 799
48 15 804
48 15 813
48 15 841
48 15 844
48 15 848
48 15 858
48 15 861
48 15 862
48 15 863
48 15 864
48 15 865
48 15 868
48 15 870
48 15 871
48 80 801
48 45 802
48 45 837
48 45 871
48 34 830
48 55 835
48 7 836
48 7 837
48 7 871
48 87 837
48 42 862
48 42 863
48 42 864
48 42 866
48 42 868
49 50 502
49 50 518
49 50 523
92 85 766
92 85 803
92 85 861
92 50 832
25 12 608
25 12 610
25 12 611
25 12 613
25 12 614
25 12 622
25 12 637
25 12 640
25 12 763
25 12 774
25 12 776
25 12 789
25 12 819
25 20 654
11 23 440
11 23 463
11 23 476
11 23 479
11 23 486
11 23 487
11 23 488
11 23 506
11 23 507
11 23 514
11 23 532
11 23 533
11 23 540
11 23 542
11 23 545
11 23 553
11 23 556
11 70 487
11 70 505
11 70 511
11 70 514
24 12 605
24 12 606
24 12 607
24 12 609
24 12 612
24 12 617
24 12 618
24 12 619
24 12 620
24 12 621
24 12 635
24 12 636
24 12 638
24 12 639
24 12 641
24 12 642
24 12 643
24 12 644
24 12 645
24 12 646
24 12 647
24 12 648
24 12 650
24 12 651
24 12 652
24 12 653
24 12 654
24 12 655
24 12 656
24 12 657
24 12 658
24 12 659
24 12 660
24 12 661
24 12 662
24 12 663
24 12 664
24 12 665
24 12 666
24 12 667
24 12 668
24 12 669
24 12 670
24 12 671
24 12 672
24 12 673
24 12 674
24 12 675
24 12 678
24 12 679
24 12 680
24 12 681
24 12 682
24 12 683
24 12 684
24 12 685
24 12 686
24 12 687
24 12 689
24 12 690
24 12 691
24 12 692
24 12 693
24 12 694
24 12 695
24 12 696
24 12 697
24 12 698
24 12 699
24 12 700
24 12 701
24 12 702
24 12 703
24 12 704
24 12 705
24 12 706
24 12 707
24 12 708
24 12 709
24 12 710
24 12 711
24 12 712
24 12 713
24 12 714
24 12 715
24 12 718
24 12 720
24 12 723
24 12 724
24 12 725
24 12 726
24 12 732
24 12 737
24 12 740
24 12 741
24 12 742
24 12 743
24 12 744
24 12 745
24 12 746
24 12 748
24 12 751
24 12 752
24 12 753
24 12 754
24 12 757
24 12 758
24 12 760
24 12 761
24 12 762
24 12 764
24 12 765
24 12 766
24 12 770
24 12 772
24 12 773
24 12 775
24 12 777
24 12 778
24 12 779
24 12 780
24 12 781
24 12 782
24 12 783
24 12 784
24 12 785
24 12 786
24 12 787
24 12 788
24 12 806
24 12 812
24 12 813
24 12 816
24 12 818
24 3 650
23 70 442
23 70 461
23 70 462
23 70 474
23 70 475
23 70 478
23 70 481
23 70 482
23 70 484
23 70 485
23 70 486
23 70 487
23 70 488
23 70 489
23 70 490
23 70 491
23 70 492
23 70 493
23 70 496
23 70 500
23 70 502
23 70 505
23 70 507
23 70 508
23 70 511
23 70 517
23 70 522
23 70 549
23 70 556
23 70 807
23 70 830
23 70 859
23 87 751
23 87 752
23 87 782
23 87 783
23 87 785
23 87 804
23 87 823
23 87 824
23 87 832
23 87 837
23 87 838
23 87 839
23 87 858
23 87 859
23 45 788
23 45 805
23 45 807
23 45 808
23 45 810
23 45 815
23 45 817
23 45 820
23 45 821
23 45 825
23 45 835
23 45 836
23 45 856
23 55 803
23 55 805
23 55 811
23 55 829
23 55 837
23 55 838
23 55 859
23 55 861
23 55 868
23 55 894
23 7 806
23 7 810
23 7 811
23 7 815
23 7 819
23 7 820
23 7 822
23 7 832
23 7 833
23 7 834
23 7 835
23 7 842
23 7 852
23 7 853
23 7 854
23 15 831
23 34 833
23 50 834
23 50 837
70 7 751
70 7 752
70 7 794
70 7 795
70 7 796
70 7 797
70 7 798
70 7 799
70 7 800
70 7 801
70 42 752
70 42 755
70 42 756
70 42 764
70 42 795
70 42 797
70 42 798
70 34 862
87 7 751
87 7 752
87 7 755
87 7 756
87 7 759
87 7 760
87 7 761
87 7 762
87 7 766
87 7 801
87 7 802
87 7 815
87 7 822
87 42 751
87 42 752
87 42 753
87 42 754
87 42 755
87 42 760
87 42 761
87 42 762
87 42 768
87 42 770
87 42 771
87 42 773
87 42 774
87 42 778
87 42 779
87 42 783
87 42 797
87 42 811
87 31 760
87 53 763
87 53 819
87 53 832
87 53 855
87 53 859
87 15 837
31 52 484
31 98 573
31 80 610
31 32 762
40 104 584
40 104 593
40 104 606
40 104 634
40 104 641
40 104 656
40 104 790
40 104 806
40 104 840
40 104 852
40 15 865
40 50 865
40 50 867
82 47 516
82 47 534
82 85 791
82 85 861
82 34 791
82 34 831
82 45 825
52 47 501
52 47 503
52 47 504
52 47 506
52 47 510
52 47 513
52 47 516
52 47 525
52 47 532
52 47 533
52 47 537
52 47 538
52 47 539
52 47 541
52 47 542
52 47 543
52 47 545
52 47 546
52 47 548
20 98 529
20 98 545
20 98 546
20 98 548
20 98 549
20 98 550
20 98 564
20 98 565
20 98 576
20 98 619
20 98 686
20 98 712
20 98 722
20 98 723
20 98 724
20 98 725
20 98 726
20 98 736
20 98 737
20 98 738
20 98 745
20 98 746
20 98 747
20 98 775
20 98 777
20 98 792
20 98 800
20 98 801
20 9 529
20 9 704
20 9 749
20 9 783
20 9 800
20 9 801
20 3 539
20 3 571
20 34 542
20 28 550
20 32 795
85 32 781
85 32 782
85 32 783
85 32 784
85 32 785
85 32 787
85 32 792
85 32 794
85 32 795
85 32 796
85 32 797
85 32 799
85 32 800
85 32 801
85 32 802
85 32 803
85 32 804
85 32 805
85 32 812
85 32 813
85 32 814
85 32 834
85 32 850
85 32 851
85 32 852
85 32 853
85 32 856
85 32 860
85 32 861
85 32 863
85 32 864
85 32 892
85 32 894
85 32 895
85 32 896
85 32 898
85 32 899
85 32 906
85 32 910
85 32 911
85 32 913
85 32 916
85 32 917
85 32 919
85 32 922
69 3 524
69 3 583
69 3 584
69 3 585
69 3 586
69 3 595
69 3 596
69 28 525
69 28 529
69 28 530
69 28 532
69 28 535
69 28 536
69 28 537
69 28 538
69 28 539
69 28 540
69 28 541
69 28 546
69 28 549
69 28 579
69 28 580
69 28 581
69 28 582
69 28 583
69 28 584
69 28 585
69 28 586
69 28 592
69 28 593
69 28 596
69 28 604
69 28 605
69 28 611
69 28 652
69 28 669
69 101 580
69 17 582
69 17 605
69 17 651
69 17 667
47 1 872
47 1 875
47 1 895
47 1 898
47 1 904
47 1 910
47 1 911
47 1 916
47 1 917
47 1 921
47 1 922
47 1 923
47 1 924
47 1 925
47 1 926
47 1 927
47 1 928
47 1 936
47 1 982
47 1 983
47 1 998
47 1 999
47 1 1000
47 1 1009
47 1 1011
50 15 796
50 15 797
50 15 800
50 15 801
50 15 803
50 15 805
50 15 806
50 15 811
50 15 814
50 15 816
50 15 817
50 15 818
50 15 819
50 15 824
50 15 830
50 15 832
50 15 835
50 15 839
50 15 840
50 15 842
50 15 845
50 15 851
50 15 857
50 15 866
50 15 867
50 32 829
50 7 834
3 28 522
3 28 523
3 28 541
3 28 556
3 28 569
3 28 570
3 28 571
3 28 572
3 28 583
3 28 584
3 28 585
3 28 587
3 28 594
3 28 595
3 28 596
3 28 606
3 28 608
3 28 609
3 28 610
3 28 645
3 28 647
3 28 648
3 28 654
3 28 659
3 28 660
3 28 661
3 28 665
3 28 666
3 34 522
3 34 586
3 34 598
3 17 541
3 101 558
3 101 560
3 101 561
3 101 565
3 101 566
3 101 567
3 101 590
3 101 591
3 98 619
28 34 522
28 34 530
28 34 532
28 34 535
28 34 536
28 34 537
28 34 538
28 34 539
28 34 571
28 34 585
28 34 592
28 34 596
28 34 623
28 34 645
28 34 646
28 34 657
28 34 668
28 34 669
28 34 670
28 34 715
28 34 717
28 34 718
28 34 722
28 34 723
28 34 726
28 34 751
28 34 753
28 34 785
28 34 786
28 34 818
28 34 861
28 17 526
28 17 542
28 17 543
28 17 544
28 17 546
28 17 547
28 17 548
28 17 554
28 17 556
28 17 557
28 17 572
28 17 576
28 17 577
28 17 578
28 17 580
28 17 584
28 17 599
28 17 613
28 17 638
28 17 657
28 17 669
28 17 858
28 17 860
28 17 861
28 17 862
28 98 579
28 98 605
28 9 579
28 10 619
28 10 640
28 55 662
28 55 668
28 55 669
28 55 670
28 55 737
28 55 770
34 17 571
34 17 862
34 17 863
98 80 580
98 80 617
98 9 584
98 9 623
98 9 639
98 9 788
9 101 529
9 101 534
9 101 557
9 101 558
9 101 559
9 101 560
9 101 561
9 101 562
9 101 568
9 101 573
9 101 659
9 101 661
9 101 673
9 101 682
9 101 684
9 101 785
9 101 786
9 101 787
9 101 801
9 80 581
9 80 593
9 80 621
9 80 800
9 80 801
55 42 761
55 42 795
55 42 799
101 42 566
101 42 567
101 42 570
101 42 571
101 42 572
101 42 573
101 42 574
101 42 575
101 42 577
101 42 579
101 42 597
101 42 598
101 42 600
101 42 603
101 42 604
101 42 632
101 42 635
101 42 637
101 42 640
101 42 642
101 42 643
101 42 644
101 42 645
101 42 646
101 42 647
101 42 649
101 42 650
101 42 654
101 42 655
101 42 658
101 42 659
101 42 660
101 42 661
101 42 662
101 42 663
101 42 668
101 42 679
101 42 682
101 42 685
101 42 692
101 42 693
101 42 694
101 42 695
101 42 696
101 42 698
101 42 700
101 42 701
101 42 702
101 42 704
101 42 706
101 42 709
101 42 710
101 42 711
101 42 717
101 42 719
101 42 720
101 42 721
101 42 722
101 42 730
101 42 763
101 42 779
101 42 780
101 42 787
101 42 788
101 42 792
101 42 793
101 42 794
101 42 796
101 42 797
101 42 801
101 42 802
101 42 803
101 42 804
101 42 805
101 42 807
101 42 808
101 42 809
101 42 810
101 42 811
101 42 812
101 42 813
101 42 814
101 42 815
101 42 816
101 42 817
101 42 818
101 42 819
101 42 820
101 42 821
101 42 822
101 42 824
101 42 825
101 42 828
101 42 832
101 42 841
101 42 842
101 42 844
101 42 848
101 42 850
101 42 851
101 42 860
101 42 867
101 42 868
101 42 869
101 42 873
101 42 874
101 42 875
101 42 876
101 42 879
101 42 880
101 42 881
101 42 882
101 42 883
101 42 884
101 42 885
101 80 587
101 80 636
10 104 572
10 80 731
42 15 861
42 15 868
104 15 868
104 15 869
104 5 882
104 5 883
39 1 872
39 1 880
39 1 906
39 1 970
39 1 971
39 1 972
39 1 973
39 1 982
39 1 1007
39 45 880
39 45 887
39 45 1012
39 5 903
39 5 904
39 5 906
39 5 910
7 45 751
7 45 752
7 45 760
7 45 761
7 45 762
7 45 785
7 45 791
7 45 792
7 45 800
7 45 805
7 45 806
7 45 808
7 45 809
7 45 810
7 45 811
7 45 812
7 45 813
7 45 814
7 45 815
7 45 818
7 45 824
7 45 831
7 45 832
7 45 834
7 45 835
7 45 839
7 45 840
7 45 846
7 45 847
7 45 848
7 45 849
7 45 851
7 45 853
7 45 854
7 45 855
7 45 856
7 45 857
7 45 858
7 45 859
7 45 860
7 45 861
7 45 862
7 45 864
7 45 865
7 45 867
7 45 870
7 45 871
7 53 852
7 15 871
45 53 805
45 53 810
45 53 826
45 53 864
45 53 865
45 15 871
45 1 874
45 1 876
45 1 879
45 1 880
45 1 889
45 1 890
45 1 892
45 1 894
45 1 1020
45 5 882
45 5 883
45 5 909
45 5 910
45 5 912
45 5 984
45 5 1012
45 5 1015
45 5 1016
45 5 1020
45 5 1021
45 5 1022
45 5 1023
45 5 1024
45 5 1029
45 5 1030
45 5 1031
45 5 1032
1 5 878
1 5 879
1 5 910
1 5 942
1 5 945
1 5 962
1 5 967
1 5 978
1 5 979
1 5 984
1 5 985
1 5 987
1 5 1023
1 5 1027
1 5 1028
1 5 1029
78 78 876
78 78 877
