36 7 0
36 7 1
36 7 47
36 7 72
36 7 73
36 7 79
36 7 80
36 7 81
36 7 82
36 7 112
36 7 113
36 63 141
36 63 143
36 63 146
36 63 148
36 63 150
36 63 151
36 63 152
36 63 169
36 63 172
36 63 173
36 62 172
36 62 173
36 118 172
36 41 1195
36 41 1200
36 41 1201
36 41 1202
36 41 1203
36 41 1206
36 41 1207
36 41 1208
36 41 1209
36 41 1210
36 41 1211
36 41 1212
36 41 1213
36 41 1215
36 41 1216
36 41 1217
36 41 1218
36 41 1219
36 41 1222
36 41 1223
36 41 1224
36 41 1225
36 41 1228
36 41 1229
36 41 1230
36 41 1236
36 41 1237
36 41 1238
36 41 1239
36 41 1240
36 41 1243
36 41 1244
36 41 1245
36 41 1246
36 41 1247
36 41 1248
36 41 1255
36 41 1256
36 41 1257
36 41 1258
36 41 1259
36 41 1260
36 41 1262
36 41 1263
36 41 1268
36 41 1269
36 41 1272
36 41 1273
36 41 1281
36 41 1282
36 41 1295
36 41 1300
36 41 1305
36 41 1310
36 41 1312
36 41 1326
36 41 1331
36 41 1332
36 72 1208
36 72 1209
36 72 1210
36 72 1212
36 72 1213
36 72 1215
36 72 1216
36 72 1217
36 72 1218
36 72 1219
36 72 1220
36 72 1221
36 72 1222
36 72 1223
36 72 1224
36 72 1225
36 72 1227
36 72 1228
36 72 1229
36 72 1230
36 72 1231
36 72 1232
36 72 1233
36 72 1234
36 72 1236
36 72 1237
36 72 1240
36 72 1241
36 72 1242
36 72 1248
36 72 1250
36 72 1251
36 72 1253
36 72 1254
36 72 1255
36 72 1256
36 72 1257
36 72 1262
36 72 1263
36 72 1264
36 72 1266
36 72 1269
36 72 1271
36 72 1272
36 72 1273
36 72 1274
36 72 1275
36 72 1301
36 72 1311
36 72 1312
36 72 1317
36 72 1319
36 72 1326
36 72 1327
36 72 1329
36 72 1332
36 107 1300
7 3 0
7 3 2
7 3 5
7 3 22
7 3 24
7 3 25
7 3 26
7 3 27
7 3 28
7 3 29
7 3 35
7 3 38
7 3 39
7 3 41
7 3 50
7 3 55
7 3 56
7 3 74
7 3 75
7 3 95
7 3 133
7 3 138
7 3 139
7 3 140
7 3 141
7 3 154
7 3 156
7 3 157
7 3 158
7 3 159
7 3 160
7 3 161
7 3 162
7 3 163
7 3 166
7 3 167
7 3 171
7 3 172
7 3 174
7 3 175
7 3 176
7 3 177
7 3 178
7 3 179
7 3 181
7 3 182
7 3 183
7 3 186
7 3 197
7 118 1
7 118 2
7 118 8
7 118 9
7 118 11
7 118 39
7 118 52
7 118 55
7 118 56
7 118 74
7 118 79
7 118 120
7 118 121
7 118 122
7 118 123
7 57 17
7 57 18
7 57 19
7 57 20
7 57 21
7 57 58
7 57 114
7 57 115
7 57 122
7 57 123
7 57 124
7 57 125
7 57 127
7 57 128
7 57 129
7 57 131
7 57 132
7 57 133
7 57 134
7 57 135
7 57 136
7 57 141
7 57 153
7 57 154
7 57 155
7 57 158
7 57 159
7 57 160
7 57 161
7 57 162
7 57 163
7 57 164
7 57 167
7 57 170
7 57 175
7 57 176
7 57 177
7 57 179
7 57 180
7 57 181
7 57 182
7 57 185
7 57 186
7 57 196
7 57 197
7 57 198
7 66 623
7 66 624
7 66 625
7 66 626
7 66 627
7 66 628
7 66 629
7 66 630
7 66 636
7 66 637
7 66 639
7 66 643
7 66 644
7 66 645
7 66 647
7 66 648
7 66 650
7 66 652
7 66 653
7 66 666
7 66 667
7 66 672
7 66 673
7 66 676
7 66 678
7 66 684
7 66 685
7 66 690
7 66 700
7 66 701
7 66 702
7 66 703
7 66 727
7 66 731
7 66 734
7 121 637
7 121 699
7 121 701
7 121 702
7 121 706
7 121 708
7 121 709
7 121 713
7 121 716
7 121 720
7 121 721
7 121 722
7 121 725
7 121 726
7 121 734
7 121 735
7 99 639
3 63 2
3 63 50
3 63 55
3 63 56
3 63 89
3 63 90
3 83 187
3 55 1026
3 55 1043
3 55 1063
3 55 1064
3 55 1071
3 55 1073
3 55 1075
3 55 1076
118 59 2
118 59 61
118 59 119
118 59 121
118 59 122
118 59 123
118 59 124
118 5 3
118 5 7
118 5 14
118 5 23
118 5 24
118 5 25
118 5 26
118 5 27
118 5 28
118 5 37
118 5 38
118 5 39
118 5 40
118 5 41
118 5 43
118 5 55
118 5 56
118 5 107
118 5 108
118 5 110
118 63 56
118 63 72
118 63 112
118 63 113
118 63 166
118 38 88
118 75 172
118 61 172
118 62 172
118 62 173
59 75 187
59 14 628
59 54 628
59 54 629
59 54 636
59 54 637
59 54 643
59 54 644
59 54 645
59 15 629
59 15 633
59 15 643
59 15 644
59 71 636
59 86 637
63 5 55
63 5 56
63 5 64
63 5 65
63 5 66
63 5 76
63 5 77
63 5 78
63 5 80
63 5 81
63 5 82
63 5 83
63 5 84
63 5 88
63 5 89
63 5 98
63 57 59
63 57 60
63 61 172
63 9 642
63 9 646
63 9 649
63 9 671
63 9 696
63 9 726
63 9 730
63 9 732
63 9 733
63 9 736
63 121 651
63 121 656
63 121 690
63 121 691
63 121 692
63 121 694
63 121 695
63 121 696
63 121 698
63 121 699
63 121 709
63 121 733
63 121 734
63 121 735
63 121 736
5 57 50
5 57 61
5 57 65
5 57 66
5 57 72
5 57 75
5 57 76
5 57 77
5 57 78
5 57 79
5 57 88
5 57 117
5 57 121
5 57 141
5 57 154
5 57 158
5 57 159
5 57 160
5 57 162
5 57 163
5 57 165
5 57 166
5 57 167
5 57 177
5 57 185
5 57 186
5 57 187
5 57 189
5 57 197
57 38 165
57 38 166
57 83 187
57 1 1018
57 1 1019
57 1 1020
57 1 1021
57 1 1023
57 1 1025
57 1 1027
57 1 1029
57 1 1032
57 1 1033
57 1 1041
57 1 1049
57 1 1051
57 1 1053
57 1 1054
57 1 1057
57 1 1058
57 1 1059
57 1 1060
57 1 1062
57 1 1067
57 1 1068
57 1 1077
57 1 1078
57 1 1079
57 1 1084
57 1 1085
57 123 1018
57 123 1019
57 123 1020
57 123 1022
57 123 1023
57 123 1025
57 123 1027
57 123 1029
57 123 1032
57 123 1033
57 123 1041
57 123 1045
57 123 1047
57 123 1048
57 123 1049
57 123 1050
57 123 1054
57 123 1055
57 123 1057
57 123 1058
57 123 1059
57 123 1065
57 123 1066
57 123 1068
57 123 1077
57 123 1078
57 123 1080
57 123 1081
57 123 1084
57 123 1085
57 14 1067
57 14 1070
57 14 1078
57 14 1080
57 14 1081
57 14 1082
57 14 1084
38 62 147
38 62 149
38 48 456
38 48 461
38 48 466
38 48 469
38 48 476
38 48 488
38 48 489
38 48 490
38 48 494
38 48 495
38 48 497
38 48 499
38 48 500
38 48 501
38 48 511
38 48 519
38 48 520
38 48 523
38 48 524
38 48 528
38 48 530
38 48 531
38 48 533
38 48 534
38 48 539
38 48 540
38 48 541
38 48 542
38 48 560
38 48 561
38 48 562
38 48 563
38 48 566
38 48 568
38 48 578
38 48 580
38 48 586
38 120 459
38 120 501
38 120 512
38 14 468
38 14 470
38 14 480
38 14 493
38 14 508
38 14 511
38 14 512
38 14 514
38 14 520
38 14 525
38 14 526
38 14 529
38 14 532
38 14 562
38 14 594
38 14 597
38 14 598
38 142 470
38 142 525
38 45 475
38 45 494
38 45 495
38 45 508
38 45 510
38 53 476
38 53 519
38 53 560
38 53 563
38 53 566
38 53 572
38 97 478
38 97 493
38 97 502
38 97 517
38 97 520
38 97 521
38 97 535
38 97 561
38 97 577
38 2 530
38 2 532
38 2 578
38 2 586
38 2 587
38 22 551
38 22 555
38 22 557
38 22 560
38 22 596
38 22 597
38 22 598
38 72 593
44 134 95
44 134 96
44 134 97
44 134 98
44 134 103
44 134 106
44 134 107
44 134 108
44 134 110
44 134 111
44 134 114
44 134 123
44 134 128
44 134 129
44 134 131
44 134 132
44 134 133
44 134 134
44 134 135
44 134 136
44 134 137
44 134 139
44 134 140
44 134 144
44 134 147
44 134 149
44 134 153
44 134 154
44 134 156
44 134 169
44 134 171
44 134 172
44 134 173
44 134 175
44 134 176
44 134 177
44 134 178
44 134 179
44 134 182
44 134 187
44 134 188
44 134 189
44 134 196
44 134 198
44 134 199
44 134 218
44 134 222
44 134 223
44 134 224
44 134 225
44 134 232
44 134 236
44 134 242
44 134 243
44 134 244
44 134 245
44 134 250
44 134 253
44 134 255
44 134 257
44 68 171
44 94 220
44 104 1402
44 104 1418
44 104 1420
44 104 1421
44 104 1422
134 95 478
134 95 479
134 95 480
134 95 488
134 95 490
134 95 491
134 95 492
134 95 493
134 95 495
134 95 496
134 95 497
134 95 508
134 95 509
134 95 510
134 95 511
134 95 513
134 95 524
134 95 525
134 95 526
134 95 531
134 95 535
134 95 537
134 95 538
134 95 539
134 95 540
134 14 522
135 46 104
135 46 109
135 46 141
135 46 142
135 46 143
135 46 145
135 46 146
135 46 151
135 46 157
135 46 174
135 46 197
135 82 322
135 82 324
135 82 326
135 82 327
135 82 334
135 82 338
135 82 339
135 82 341
135 82 342
135 82 343
135 82 344
135 82 345
135 119 331
135 28 338
46 90 182
46 90 183
46 119 190
46 75 194
46 65 220
46 81 232
46 120 456
46 120 461
46 120 470
46 120 484
46 120 487
46 127 460
46 127 461
46 14 461
46 14 466
46 14 469
46 14 481
46 14 483
46 14 484
46 14 485
46 14 486
46 14 490
46 14 491
46 14 492
46 14 511
46 14 518
46 14 519
46 14 520
46 14 521
46 14 523
46 14 533
46 14 534
46 14 536
46 14 537
46 14 538
46 14 542
46 14 543
46 14 588
46 14 590
46 14 592
46 53 465
46 53 466
46 53 469
46 53 477
46 53 478
46 53 479
46 53 480
46 53 481
46 53 509
46 53 510
46 53 519
46 53 520
46 53 536
46 53 537
46 53 538
46 53 539
46 53 543
46 53 558
46 53 560
46 53 561
46 53 563
46 53 566
46 53 568
46 53 569
46 53 570
46 53 574
46 53 582
46 53 592
46 22 471
46 22 492
46 97 476
46 97 478
46 97 482
46 97 507
46 97 533
46 97 534
46 97 549
46 97 553
46 97 558
46 97 559
46 97 568
46 97 570
46 97 580
46 97 581
46 97 582
46 97 584
46 97 585
46 97 586
46 97 588
46 97 592
46 97 593
46 97 598
46 40 477
46 40 481
46 40 498
46 40 503
46 40 504
46 40 513
46 2 522
46 2 530
46 2 531
46 2 539
46 2 583
46 2 598
46 55 525
46 142 563
46 142 572
46 131 590
46 99 590
46 139 598
65 94 138
65 94 139
65 94 140
65 94 141
65 94 142
65 94 143
65 94 144
65 94 145
65 94 146
65 94 147
65 94 148
65 94 149
65 94 150
65 94 151
65 94 152
65 94 153
65 94 154
65 94 155
65 94 156
65 94 157
65 94 158
65 94 159
65 94 160
65 94 161
65 94 162
65 94 163
65 94 164
65 94 165
65 94 166
65 94 167
65 94 168
65 94 169
65 94 172
65 94 173
65 94 174
65 94 175
65 94 176
65 94 177
65 94 178
65 94 179
65 94 180
65 94 181
65 94 182
65 94 183
65 94 184
65 94 185
65 94 187
65 94 188
65 94 189
65 94 190
65 94 191
65 94 192
65 94 193
65 94 194
65 94 195
65 94 196
65 94 197
65 94 198
65 94 199
65 94 200
65 94 201
65 94 202
65 94 203
65 94 204
65 94 205
65 94 206
65 94 207
65 94 208
65 94 209
65 94 212
65 94 214
65 94 215
65 94 216
65 94 217
65 94 218
65 94 219
65 94 220
65 94 221
65 94 222
65 94 223
65 94 224
65 94 225
65 94 226
65 94 227
65 94 228
65 94 229
65 94 230
65 94 231
65 94 232
65 94 233
65 94 234
65 94 235
65 94 236
65 94 237
65 94 238
65 94 239
65 94 240
65 94 241
65 94 243
65 94 244
65 94 245
65 94 246
65 94 247
65 94 248
65 94 249
65 94 250
65 94 251
65 94 252
65 94 253
65 94 254
65 94 256
65 94 259
65 94 260
65 94 261
65 94 263
65 94 264
65 28 257
65 69 537
65 69 543
65 69 553
65 110 539
65 53 540
65 6 566
65 6 568
65 6 569
65 6 571
65 6 572
65 6 573
65 6 574
65 6 575
65 58 572
94 27 257
94 6 802
90 27 167
90 27 168
90 27 173
90 27 176
90 27 178
90 27 181
90 27 185
90 27 195
90 27 213
90 27 214
90 27 244
90 27 246
90 27 247
90 27 248
90 27 249
90 27 250
90 27 255
90 27 256
90 27 258
90 27 259
90 27 261
68 91 591
68 91 638
68 91 652
26 89 171
26 89 182
26 89 186
26 89 207
26 89 209
26 89 211
26 116 1057
89 81 177
89 115 877
89 115 878
89 115 879
89 115 880
89 115 881
89 115 883
89 115 886
89 115 887
89 115 888
89 115 890
89 115 891
89 115 892
89 115 893
89 115 894
89 115 895
89 115 896
89 115 897
89 115 899
89 115 900
89 115 901
89 115 902
89 115 903
89 115 905
89 115 907
89 115 908
89 115 909
89 115 916
89 115 919
89 115 928
89 115 929
89 115 930
89 115 931
89 115 932
89 115 934
89 115 935
89 115 936
89 115 937
89 115 938
89 115 946
89 115 950
89 115 951
89 115 958
89 115 959
89 115 961
89 115 962
89 115 963
75 119 261
75 35 1205
75 35 1226
75 35 1313
75 35 1320
75 35 1330
75 41 1229
75 41 1230
75 41 1236
75 41 1252
75 41 1257
75 41 1262
75 41 1274
75 41 1284
75 70 1302
75 107 1319
75 112 1319
61 85 628
61 85 629
61 85 633
61 85 636
61 85 644
61 85 645
81 119 249
81 119 250
81 119 251
81 119 252
81 119 253
81 119 254
81 119 255
81 119 256
81 119 257
81 119 258
81 28 257
81 78 261
81 56 1452
81 56 1456
81 56 1463
83 69 362
83 69 363
83 69 364
83 69 365
83 69 366
83 69 369
83 69 376
83 69 386
83 69 387
83 69 390
83 69 392
83 69 411
83 69 414
83 69 415
83 69 419
83 69 420
83 69 423
83 69 424
83 69 425
83 47 386
119 13 341
119 13 342
119 13 343
119 13 344
119 13 349
119 13 350
119 13 382
119 13 389
119 13 392
119 13 394
119 13 397
119 13 401
119 13 406
119 13 412
119 13 416
119 13 420
119 13 421
119 52 341
119 52 342
119 52 343
119 52 344
119 52 345
119 52 346
119 52 347
119 52 349
119 52 350
119 52 354
119 52 355
119 52 356
119 52 357
119 52 358
119 52 360
119 52 361
119 52 362
119 52 363
119 52 364
119 52 365
119 52 366
119 52 369
119 52 371
119 52 373
119 52 374
119 52 375
119 52 386
119 52 388
119 52 389
119 52 397
119 52 404
119 52 407
119 52 408
119 52 411
119 52 413
119 52 416
119 52 417
119 52 418
119 52 419
119 52 420
119 82 342
119 50 390
119 50 392
119 50 401
119 50 403
91 28 245
91 28 254
91 28 257
91 28 260
28 64 323
28 64 324
28 64 325
28 64 326
28 64 327
28 64 328
28 64 329
28 64 330
28 64 331
28 64 332
28 64 334
28 64 335
28 64 336
28 64 345
28 64 358
28 64 360
28 64 366
28 64 367
28 64 368
28 64 369
28 64 371
28 64 372
28 64 373
28 64 374
78 12 1444
78 58 1447
78 58 1448
78 58 1449
78 58 1455
78 58 1457
78 58 1458
78 58 1459
78 58 1460
78 58 1461
78 58 1462
78 58 1464
78 58 1465
78 58 1466
78 58 1468
78 58 1469
78 58 1470
78 58 1471
78 58 1472
78 58 1473
78 58 1474
78 58 1475
78 58 1476
78 58 1477
78 58 1478
78 58 1479
78 58 1480
78 58 1481
78 58 1482
78 58 1483
78 58 1484
78 58 1485
136 84 312
136 84 313
136 84 314
136 84 315
136 84 316
136 84 317
136 84 318
136 84 319
136 84 321
136 97 392
136 97 407
136 97 408
136 97 410
136 97 420
84 14 453
84 14 458
84 14 459
84 14 461
84 14 466
84 14 467
84 14 469
84 14 470
84 14 471
84 14 475
84 14 478
84 14 479
84 14 492
84 14 493
84 14 494
84 14 495
84 14 496
84 14 513
84 14 525
84 14 526
84 14 544
84 14 545
84 14 546
84 14 569
84 14 587
84 14 588
84 14 590
84 14 593
84 14 602
84 14 603
84 53 454
84 53 458
84 53 459
84 53 471
84 53 483
84 53 529
84 53 548
84 53 589
84 53 603
84 142 458
84 142 459
84 142 460
84 142 461
84 142 471
84 142 472
84 142 473
84 142 474
84 142 501
84 142 512
84 142 513
84 142 517
84 142 518
84 142 522
84 142 525
84 142 526
84 142 534
84 142 535
84 142 537
84 142 538
84 142 545
84 142 546
84 142 567
84 142 574
84 142 575
84 142 580
84 142 581
84 142 582
84 142 591
84 142 597
84 142 599
84 142 602
84 142 603
84 48 459
84 48 460
84 48 464
84 48 465
84 48 466
84 48 511
84 97 468
84 97 544
84 97 547
84 97 553
84 97 555
84 97 556
84 97 557
84 97 565
84 97 573
84 97 581
84 97 582
84 40 470
84 40 550
84 40 588
84 22 477
84 22 479
84 22 481
84 22 482
84 22 483
84 22 484
84 22 486
84 22 490
84 22 491
84 22 495
84 22 496
84 22 502
84 22 509
84 22 511
84 22 512
84 22 515
84 22 516
84 22 520
84 22 521
84 22 539
84 22 545
84 22 547
84 22 551
84 22 553
84 22 591
84 22 593
84 22 596
84 120 478
84 120 479
84 120 513
84 120 599
84 120 602
84 127 504
84 127 505
84 127 508
84 127 509
84 127 510
84 127 511
84 127 514
84 127 515
84 127 516
84 127 602
84 98 519
84 98 521
84 110 581
84 45 584
84 45 585
84 55 586
82 76 1245
82 76 1246
82 76 1247
82 76 1248
82 76 1250
82 76 1254
82 76 1255
82 76 1258
82 76 1259
82 76 1260
82 76 1261
82 76 1262
82 76 1263
82 76 1265
82 76 1269
82 76 1270
82 76 1271
82 76 1272
82 76 1273
82 76 1274
82 76 1278
82 76 1279
82 76 1280
82 76 1281
82 76 1282
82 76 1284
82 76 1286
82 76 1290
82 76 1297
82 76 1298
82 76 1323
82 76 1325
82 76 1328
82 76 1355
82 76 1356
82 76 1357
82 76 1358
82 76 1359
82 76 1360
82 76 1366
82 76 1367
82 76 1368
82 76 1369
82 76 1370
82 76 1373
82 76 1374
82 76 1378
82 76 1380
82 76 1381
82 76 1382
82 76 1383
82 76 1384
82 76 1390
82 147 1271
82 103 1271
82 133 1283
82 133 1288
64 73 1293
64 73 1294
64 73 1297
64 79 1293
13 50 341
13 50 342
13 50 343
13 50 344
13 50 391
13 50 401
13 50 406
13 50 407
13 50 419
13 50 420
13 87 760
13 87 762
13 87 765
13 56 833
13 56 835
13 56 838
13 56 841
13 56 844
13 56 849
13 56 850
13 56 852
13 56 860
13 56 866
13 56 869
13 56 872
13 56 873
13 56 874
13 56 883
13 56 885
13 56 900
13 11 853
52 15 629
52 15 633
52 15 635
52 15 636
52 15 637
52 15 638
52 15 639
52 15 640
52 15 641
52 15 642
52 15 643
52 15 644
52 15 645
52 15 646
52 15 647
52 15 650
52 15 653
52 15 654
52 15 655
52 15 657
52 15 660
52 15 661
52 15 670
52 15 679
52 15 683
52 15 684
52 15 707
52 15 715
52 15 733
52 15 737
52 15 738
52 15 739
52 15 740
52 15 746
52 23 641
52 86 650
52 86 656
52 86 660
52 86 664
52 86 665
52 86 668
52 86 677
52 86 688
52 86 693
52 86 708
52 86 718
52 86 730
52 86 731
52 86 741
52 86 746
50 128 700
50 128 701
50 128 705
50 128 706
50 128 713
69 37 383
69 95 538
69 8 563
69 76 574
69 14 595
143 21 371
143 21 382
143 21 393
143 21 404
143 20 632
143 20 633
143 20 635
143 20 636
143 20 637
143 20 639
143 20 643
143 20 644
143 20 645
143 20 648
143 20 650
143 20 651
143 20 653
143 20 654
143 20 656
143 20 657
143 20 658
143 20 665
143 20 672
143 20 673
143 20 677
143 20 679
143 20 680
143 20 681
143 20 682
143 20 683
143 20 685
143 20 689
143 20 691
143 20 693
143 20 694
143 20 695
143 93 684
21 137 372
21 97 373
21 100 725
21 100 726
21 100 732
21 100 733
21 100 734
21 100 735
21 100 737
21 100 738
21 100 739
21 100 740
21 100 742
21 100 743
21 100 744
21 100 745
21 100 747
21 100 749
21 100 752
21 100 758
21 100 759
21 100 771
21 100 773
21 100 774
21 100 776
21 100 780
21 100 784
21 100 785
21 100 788
21 100 789
21 100 790
21 100 791
21 100 792
21 100 793
21 100 796
21 100 798
21 100 799
21 100 802
21 100 807
21 100 808
21 100 809
21 100 810
21 100 811
21 100 820
21 100 822
21 100 823
21 100 841
21 100 850
21 100 876
21 100 877
21 100 879
21 100 883
21 100 885
21 100 886
21 100 887
21 100 888
21 100 889
21 100 895
21 100 896
21 100 897
21 100 899
21 100 900
21 100 901
21 100 902
21 100 903
21 100 904
21 100 905
21 100 906
21 100 907
21 100 908
21 100 909
21 100 910
21 100 912
21 100 913
21 100 914
21 100 915
21 100 916
21 100 917
21 100 918
21 100 920
21 100 921
21 100 922
21 100 923
21 100 924
21 100 925
21 100 926
21 100 927
21 100 929
21 100 930
21 100 931
21 100 933
21 100 934
21 100 936
21 100 939
21 100 940
21 100 941
21 100 942
21 100 943
21 100 944
21 100 945
21 100 946
21 100 947
21 100 948
21 100 949
21 100 950
21 100 951
21 100 952
21 100 953
21 100 954
21 100 955
21 100 956
21 100 957
21 100 958
21 100 960
21 100 961
21 100 963
21 100 969
21 100 970
21 100 971
21 100 972
21 100 973
21 100 974
21 100 976
21 100 977
21 100 978
21 100 979
21 100 980
21 100 982
21 100 986
21 100 987
21 100 988
21 100 989
21 100 990
21 100 991
21 100 992
21 100 993
21 100 994
21 100 996
21 100 997
21 100 998
21 100 999
21 100 1001
21 100 1002
21 100 1004
21 100 1005
21 100 1006
21 100 1007
21 100 1008
21 100 1009
21 100 1010
21 100 1012
21 100 1013
21 100 1014
21 100 1015
21 100 1017
21 100 1019
21 100 1021
21 100 1024
21 100 1025
21 100 1026
21 100 1028
21 100 1029
21 100 1030
21 100 1031
21 100 1032
21 100 1033
21 100 1034
21 100 1036
21 100 1037
21 100 1038
21 100 1039
21 100 1040
21 100 1041
21 100 1044
21 100 1045
21 100 1046
21 100 1054
21 100 1056
21 100 1058
21 100 1061
21 100 1063
21 100 1064
21 100 1065
21 100 1066
21 100 1067
21 100 1068
21 100 1069
21 100 1075
21 100 1076
21 100 1077
21 100 1079
21 100 1080
21 100 1081
21 100 1082
21 100 1090
21 100 1091
21 100 1092
21 100 1094
21 100 1095
21 100 1099
21 100 1104
21 100 1106
21 100 1107
21 100 1111
21 100 1118
21 100 1119
21 100 1120
21 100 1121
21 100 1122
21 100 1123
21 6 743
21 10 752
21 10 759
21 16 854
21 108 957
21 32 958
21 32 959
21 106 1123
21 106 1124
21 33 1123
21 33 1124
137 96 374
137 96 379
137 96 380
137 96 393
137 96 396
137 96 411
137 96 422
137 96 431
137 96 433
137 96 434
137 96 435
137 47 393
137 67 449
137 67 451
137 67 452
137 67 455
137 67 469
137 6 553
137 19 580
18 141 372
18 141 398
18 141 401
18 141 403
18 141 405
18 17 1311
18 17 1313
18 17 1319
18 72 1330
18 2 1331
18 2 1332
18 2 1335
18 2 1336
18 2 1337
18 2 1338
18 2 1341
18 2 1342
18 2 1343
18 2 1344
18 2 1350
18 2 1351
18 2 1365
18 2 1366
18 2 1375
18 2 1378
18 2 1379
18 2 1381
18 2 1382
18 2 1386
18 2 1387
18 2 1388
18 2 1392
18 2 1393
18 2 1395
18 2 1396
18 2 1398
18 2 1403
18 125 1334
18 32 1388
18 32 1398
18 32 1399
18 32 1403
141 144 744
141 144 748
141 144 752
141 144 759
141 144 760
141 144 763
141 144 765
141 144 774
141 144 775
141 144 776
141 144 777
141 144 778
141 144 779
141 144 780
141 144 783
141 144 784
141 144 790
141 144 791
141 144 792
141 144 795
141 144 796
141 144 797
141 144 798
141 144 800
141 144 801
141 144 813
141 144 816
141 144 825
141 144 833
141 144 834
141 10 744
141 10 745
141 128 774
97 19 456
97 19 473
97 19 474
97 19 552
97 19 585
97 19 586
97 11 465
97 140 477
97 140 598
97 51 478
97 51 531
97 51 536
97 51 551
97 51 560
97 51 563
97 51 567
97 51 569
97 51 570
97 120 481
97 120 502
97 120 507
97 120 521
97 120 530
97 120 531
97 120 565
97 120 567
97 120 568
97 120 569
97 120 570
97 120 577
97 120 582
97 0 488
97 0 523
97 0 581
97 0 586
97 0 598
97 43 533
97 43 534
97 43 535
97 43 568
97 127 543
97 6 551
97 144 572
97 144 577
97 144 589
131 98 373
131 98 374
131 98 381
131 98 385
131 98 400
131 98 407
131 98 409
131 98 410
131 98 411
131 98 412
131 98 413
131 98 417
131 98 418
131 98 419
131 98 420
131 98 421
131 98 422
131 98 423
131 98 424
131 98 425
131 98 468
131 98 469
131 98 471
131 98 534
131 98 538
131 98 560
131 98 570
131 99 599
131 99 600
131 99 601
131 99 602
131 99 604
131 99 605
131 99 628
131 99 629
131 99 632
131 99 633
131 99 636
131 92 629
131 30 642
131 74 650
131 74 656
131 74 658
131 74 663
131 74 664
131 74 665
131 74 667
131 74 669
131 74 671
131 74 678
131 74 687
131 74 688
131 74 690
131 74 692
131 74 693
131 74 694
131 74 695
131 74 698
131 74 702
131 74 708
131 74 710
131 74 716
131 74 721
131 74 722
131 74 726
131 74 728
131 74 729
131 74 731
131 74 733
131 74 735
131 74 738
131 74 743
131 74 745
131 74 746
131 74 747
131 74 748
131 74 754
131 74 755
131 74 759
131 74 760
131 74 762
131 74 767
131 74 768
131 74 771
131 100 762
131 100 763
131 86 769
98 22 454
98 22 458
98 22 470
98 22 471
98 22 472
98 22 475
98 22 483
98 22 487
98 22 489
98 22 490
98 22 491
98 120 457
98 120 458
98 120 492
98 120 505
98 48 459
98 48 477
98 48 479
98 48 480
98 48 483
98 48 486
98 48 487
98 48 488
98 48 489
98 48 490
98 48 491
98 48 501
98 48 506
98 127 459
98 127 470
98 142 462
98 142 529
98 142 531
98 53 462
98 53 471
98 53 477
98 53 479
98 53 480
98 14 466
98 14 587
98 14 588
98 14 592
98 110 479
98 110 480
98 40 487
98 40 488
98 40 489
98 2 587
96 14 523
96 110 526
96 110 538
45 39 375
45 39 376
45 39 377
45 39 386
45 39 393
45 39 404
45 0 471
45 0 472
45 0 481
45 0 482
45 0 483
45 0 487
45 0 491
45 0 495
45 0 562
45 19 493
45 19 494
45 19 548
45 120 503
45 120 504
45 120 543
45 120 545
45 120 548
45 120 568
45 120 586
45 127 567
45 127 572
45 127 585
45 127 586
39 66 386
39 102 738
39 102 747
39 102 792
39 102 793
39 102 795
39 102 797
39 102 802
39 102 803
39 102 859
39 102 862
39 102 864
39 102 865
37 47 380
37 47 383
37 47 385
37 47 396
37 47 398
37 47 399
37 47 400
37 47 401
37 47 402
37 47 405
37 31 1410
47 66 383
47 66 385
47 128 652
47 128 656
47 128 660
47 128 663
47 128 670
47 128 671
47 128 674
47 128 680
47 30 661
66 121 623
66 121 624
66 121 625
66 121 629
66 121 632
66 121 639
66 121 640
66 121 654
66 121 655
66 121 657
66 121 658
66 121 664
66 121 665
66 121 687
66 121 688
66 121 689
66 121 693
66 121 697
66 121 700
66 121 703
66 121 704
66 121 705
66 121 706
66 121 708
66 121 712
66 73 624
66 74 725
67 8 555
67 70 1285
67 70 1286
67 70 1288
67 70 1290
67 70 1291
67 70 1300
67 70 1301
67 70 1303
67 70 1314
67 70 1319
67 70 1324
67 70 1329
67 70 1332
67 70 1333
67 70 1335
67 70 1336
67 125 1285
67 125 1289
67 125 1315
67 125 1317
67 125 1325
67 125 1326
67 125 1327
67 125 1328
67 125 1329
67 125 1332
67 125 1333
67 125 1335
67 125 1336
67 107 1296
67 95 1296
14 144 453
14 144 456
14 144 458
14 144 459
14 144 460
14 144 461
14 144 464
14 144 468
14 144 469
14 144 471
14 144 472
14 144 475
14 144 476
14 144 477
14 144 501
14 144 502
14 144 508
14 144 513
14 144 525
14 144 527
14 144 529
14 144 530
14 144 537
14 144 545
14 144 553
14 144 555
14 144 586
14 144 587
14 144 598
14 144 599
14 144 601
14 144 603
14 51 453
14 51 457
14 51 462
14 51 463
14 51 465
14 51 466
14 51 469
14 51 472
14 51 485
14 51 513
14 51 514
14 51 515
14 51 519
14 51 521
14 51 528
14 51 536
14 51 537
14 51 538
14 51 539
14 51 540
14 51 541
14 51 542
14 51 543
14 51 548
14 51 549
14 51 550
14 51 584
14 51 593
14 51 594
14 19 460
14 19 494
14 19 495
14 19 526
14 19 528
14 19 529
14 19 530
14 19 531
14 19 532
14 19 533
14 19 534
14 19 535
14 19 536
14 19 537
14 19 544
14 19 545
14 19 546
14 19 547
14 19 549
14 19 561
14 19 564
14 19 569
14 19 572
14 19 573
14 19 574
14 19 576
14 19 577
14 19 578
14 19 579
14 19 583
14 19 584
14 19 585
14 19 590
14 19 593
14 19 596
14 19 597
14 19 598
14 120 460
14 120 462
14 120 467
14 120 478
14 120 479
14 120 484
14 120 485
14 120 492
14 120 496
14 120 530
14 120 542
14 120 554
14 120 590
14 120 595
14 120 596
14 120 599
14 120 600
14 120 601
14 120 602
14 120 603
14 127 465
14 127 501
14 127 502
14 127 503
14 127 505
14 127 507
14 127 508
14 127 524
14 127 525
14 127 546
14 127 547
14 127 548
14 127 549
14 127 552
14 127 555
14 127 562
14 127 563
14 127 565
14 127 566
14 127 569
14 127 571
14 127 574
14 127 575
14 127 577
14 127 578
14 127 580
14 127 581
14 127 582
14 127 585
14 127 586
14 127 587
14 127 594
14 127 599
14 110 468
14 110 501
14 53 468
14 53 531
14 0 472
14 0 528
14 0 556
14 0 561
14 0 566
14 0 567
14 0 570
14 0 573
14 140 532
14 43 542
14 43 555
14 43 556
14 43 558
14 43 567
14 43 570
14 58 580
14 6 582
14 132 591
14 99 599
14 85 628
144 53 453
144 53 462
144 53 463
144 53 471
144 53 472
144 53 605
144 48 455
144 48 508
144 48 509
144 22 461
144 22 477
144 127 461
144 127 476
144 127 477
144 127 479
144 127 482
144 127 493
144 127 496
144 127 499
144 127 601
144 127 602
144 2 554
144 2 556
144 85 601
144 85 605
53 19 456
53 19 458
53 19 470
53 19 483
53 19 531
53 19 536
53 19 537
53 19 546
53 19 548
53 19 549
53 19 551
53 19 558
53 120 458
53 120 465
53 120 515
53 120 524
53 120 531
53 120 542
53 120 545
53 120 546
53 120 563
53 120 566
53 120 567
53 120 569
53 120 574
53 120 580
53 120 594
53 120 605
53 133 468
53 133 469
53 127 471
53 127 529
53 127 546
53 127 548
53 127 549
53 0 476
53 43 476
53 43 526
53 43 527
53 43 558
53 43 580
53 140 477
53 110 520
53 110 521
53 110 531
53 110 532
53 110 533
53 110 534
53 110 542
53 110 543
53 110 545
53 110 548
53 110 553
53 110 554
53 110 576
53 110 577
53 110 580
53 110 581
53 110 582
53 110 583
53 110 585
53 110 586
53 139 532
53 139 533
53 139 541
53 139 542
53 139 543
53 139 544
53 139 545
53 139 546
53 139 547
53 139 548
53 139 549
53 139 550
53 139 552
53 139 553
53 139 564
53 139 567
53 139 576
53 139 577
53 139 578
53 139 580
53 139 581
53 139 583
53 139 588
53 111 536
53 76 536
53 72 538
53 2 575
53 2 598
51 40 467
51 40 477
51 40 493
51 40 502
51 127 470
51 120 501
51 2 527
51 2 558
51 142 532
51 142 572
51 142 574
51 142 595
51 142 596
51 142 598
51 72 580
51 85 605
51 128 719
51 128 720
51 128 727
51 128 729
51 128 730
51 128 731
51 128 732
51 128 742
51 128 763
51 128 768
51 128 769
51 128 771
51 30 785
22 120 461
22 120 492
22 120 593
22 120 596
22 127 469
22 127 472
22 127 515
22 127 539
22 127 545
22 127 591
22 127 593
22 127 598
22 127 599
22 11 471
22 11 476
22 11 477
22 11 486
22 11 496
22 110 473
22 43 492
22 0 493
22 0 494
22 114 1360
22 114 1368
22 114 1369
22 114 1372
22 114 1373
22 114 1374
22 114 1375
22 114 1377
22 114 1378
22 114 1379
22 114 1380
22 114 1381
22 114 1382
22 114 1383
22 114 1384
22 114 1385
22 114 1386
22 114 1387
22 114 1388
22 114 1390
22 114 1391
22 114 1400
22 114 1401
22 114 1405
22 114 1407
22 114 1408
22 114 1409
22 114 1410
22 114 1411
22 114 1412
22 114 1413
22 114 1428
22 114 1457
22 114 1461
22 114 1463
22 114 1481
22 114 1482
22 114 1493
22 114 1504
22 114 1505
22 114 1506
22 114 1507
22 114 1542
22 114 1543
22 42 1360
22 42 1361
22 42 1363
22 42 1364
22 42 1365
22 42 1366
22 42 1367
22 42 1368
22 42 1369
22 42 1370
22 42 1371
22 42 1372
22 42 1373
22 42 1374
22 42 1375
22 42 1376
22 42 1377
22 42 1378
22 42 1379
22 42 1380
22 42 1381
22 42 1382
22 42 1383
22 42 1385
22 42 1386
22 42 1387
22 42 1388
22 42 1390
22 42 1391
22 42 1392
22 42 1393
22 42 1394
22 42 1395
22 42 1398
22 42 1400
22 42 1401
22 42 1402
22 42 1403
22 42 1404
22 42 1405
22 42 1406
22 42 1407
22 42 1408
22 42 1409
22 42 1410
22 42 1411
22 42 1412
22 42 1413
22 42 1414
22 42 1423
22 42 1426
22 42 1427
22 42 1437
22 42 1442
22 42 1445
22 42 1453
22 42 1455
22 42 1459
22 42 1462
22 42 1463
22 42 1470
22 42 1475
22 42 1477
22 42 1478
22 42 1486
22 42 1503
22 42 1504
22 42 1505
22 42 1508
22 42 1512
22 42 1543
22 42 1557
22 42 1560
22 42 1561
22 117 1380
22 88 1390
120 127 454
120 127 456
120 127 458
120 127 461
120 127 465
120 127 466
120 127 467
120 127 468
120 127 471
120 127 474
120 127 477
120 127 512
120 127 588
120 127 594
120 127 595
120 127 600
120 127 601
120 127 602
120 19 458
120 19 462
120 19 465
120 19 468
120 19 474
120 19 491
120 19 527
120 19 530
120 19 590
120 48 460
120 48 462
120 48 463
120 48 467
120 48 471
120 48 491
120 48 492
120 48 503
120 48 504
120 48 507
120 48 513
120 48 518
120 48 563
120 48 565
120 48 566
120 48 577
120 48 581
120 48 583
120 40 462
120 40 503
120 40 504
120 40 505
120 40 513
120 40 521
120 40 524
120 40 529
120 40 563
120 40 565
120 40 566
120 40 569
120 40 595
120 142 473
120 142 529
120 142 531
120 142 571
120 142 575
120 142 576
120 142 577
120 142 579
120 142 592
120 142 593
120 142 601
120 142 602
120 142 603
120 142 605
120 0 494
120 43 494
120 43 510
120 85 570
120 85 574
120 85 587
120 85 592
120 85 593
120 85 596
120 85 601
120 85 605
120 72 579
120 72 580
120 72 593
120 99 591
127 19 456
127 19 457
127 19 458
127 19 462
127 19 463
127 19 465
127 19 466
127 19 467
127 19 468
127 19 470
127 19 473
127 19 474
127 19 477
127 19 508
127 19 510
127 19 516
127 19 517
127 19 518
127 19 523
127 19 524
127 19 525
127 19 526
127 19 527
127 19 544
127 19 546
127 19 549
127 19 562
127 19 563
127 19 564
127 19 575
127 19 576
127 19 578
127 19 579
127 19 581
127 19 583
127 19 587
127 19 588
127 19 589
127 19 590
127 19 594
127 11 464
127 11 476
127 11 477
127 11 504
127 11 506
127 11 512
127 11 600
127 11 601
127 40 465
127 40 526
127 40 560
127 40 595
127 40 598
127 142 480
127 142 495
127 142 497
127 142 498
127 142 501
127 142 502
127 142 526
127 142 538
127 142 545
127 142 548
127 142 555
127 142 556
127 142 557
127 142 587
127 142 588
127 85 503
127 85 521
127 85 522
127 85 523
127 85 525
127 85 526
127 85 528
127 85 529
127 85 530
127 85 531
127 85 533
127 85 534
127 85 544
127 85 558
127 85 588
127 85 590
127 85 593
127 85 595
127 48 548
127 48 561
127 48 569
127 48 570
127 2 567
127 2 573
48 19 457
48 19 460
48 19 463
48 19 475
48 19 482
48 19 483
48 19 489
48 19 491
48 19 493
48 19 494
48 19 555
48 19 567
48 19 569
48 19 585
48 19 586
48 43 474
48 43 492
48 43 494
48 43 495
48 43 503
48 43 504
48 43 505
48 43 523
48 43 557
48 43 558
48 43 559
48 43 582
48 43 583
48 0 477
48 0 488
48 0 494
48 0 495
48 0 511
48 128 695
48 128 696
48 128 697
48 128 699
48 128 703
48 128 704
48 128 708
48 128 711
48 128 712
138 70 456
138 70 463
138 70 464
138 70 465
138 70 467
138 70 484
138 70 489
138 70 490
138 23 678
138 4 734
138 4 735
138 4 737
138 4 749
138 4 753
138 4 757
138 4 769
138 4 784
138 4 786
138 4 798
138 4 800
138 4 807
138 4 808
138 4 809
138 4 811
138 4 814
138 121 735
138 146 793
70 125 1289
70 125 1290
70 125 1291
70 125 1316
70 125 1317
70 125 1328
70 125 1332
70 125 1335
70 125 1336
70 132 1293
19 40 462
19 40 470
19 40 512
19 40 524
19 40 525
19 40 526
19 40 550
19 40 552
19 40 556
19 40 585
19 40 586
19 142 517
19 142 521
19 142 522
19 142 529
19 142 538
19 142 539
19 142 543
19 142 545
19 142 583
19 142 589
19 85 517
19 85 519
19 85 522
19 85 526
19 85 527
19 85 528
19 85 538
19 85 540
19 85 543
19 85 544
19 85 546
19 85 550
19 85 552
19 85 558
19 85 587
19 85 588
19 85 589
19 85 590
19 85 594
19 139 532
19 2 542
19 2 560
19 2 574
19 2 586
19 8 552
19 8 578
19 23 885
19 23 889
19 23 893
19 23 894
19 23 906
19 23 908
19 23 917
19 23 936
19 23 937
19 122 892
19 87 935
142 0 500
142 0 501
142 43 551
142 43 555
142 43 556
142 132 598
142 35 1384
142 35 1402
142 35 1450
142 35 1480
142 35 1482
142 35 1484
142 35 1485
142 35 1486
142 35 1487
142 35 1490
142 35 1514
142 35 1525
142 146 1386
142 146 1390
142 146 1391
142 146 1392
142 146 1396
142 146 1397
142 146 1466
142 146 1524
142 113 1451
142 113 1455
142 113 1514
142 113 1524
142 113 1525
140 55 462
140 55 464
140 55 466
140 55 470
140 55 471
140 55 472
140 55 473
140 55 476
140 55 490
140 55 491
140 55 512
140 110 464
140 110 466
140 110 467
140 110 468
140 110 471
140 110 473
140 110 474
140 110 482
140 110 485
140 110 487
140 110 490
140 110 493
140 110 497
140 110 508
140 110 509
140 110 520
140 110 525
140 110 526
140 110 529
140 110 530
140 110 531
140 110 540
140 110 542
140 110 543
140 110 548
140 110 550
140 110 551
140 110 553
140 110 562
140 110 572
140 110 576
140 110 580
140 110 581
140 110 582
140 85 467
140 133 469
140 95 500
140 2 553
140 2 598
140 34 1385
140 34 1386
140 34 1394
140 34 1396
140 34 1400
140 34 1401
140 34 1403
140 34 1404
140 34 1405
140 34 1414
140 34 1417
140 34 1423
140 34 1435
140 34 1478
140 34 1479
140 34 1481
140 34 1483
140 34 1504
140 34 1505
140 34 1506
140 34 1524
140 148 1453
55 110 462
55 110 464
55 110 465
55 110 466
55 110 467
55 110 468
55 110 469
55 110 470
55 110 471
55 110 477
55 110 478
55 110 489
55 110 490
55 110 492
55 110 495
55 110 511
55 110 541
55 110 544
55 110 546
55 110 547
55 110 588
55 43 472
55 29 536
55 17 1017
55 17 1023
55 17 1024
55 17 1028
55 17 1029
55 17 1032
55 17 1033
55 17 1043
55 17 1044
55 17 1050
55 17 1051
55 17 1053
55 17 1069
55 17 1073
55 17 1074
55 17 1075
55 123 1026
55 123 1028
55 123 1040
55 123 1053
55 123 1056
55 123 1071
55 123 1073
55 123 1074
55 123 1075
55 123 1076
40 0 488
40 0 489
40 0 490
40 0 491
40 43 491
40 43 502
40 43 503
40 43 504
40 43 507
40 114 1360
40 114 1365
40 114 1367
40 114 1368
40 114 1369
40 114 1370
40 114 1371
40 114 1372
40 114 1373
40 114 1374
40 114 1375
40 114 1376
40 114 1377
40 114 1378
40 114 1379
40 114 1380
40 114 1381
40 114 1382
40 114 1383
40 114 1385
40 114 1386
40 114 1387
40 114 1388
40 114 1389
40 114 1390
40 114 1391
40 114 1394
40 114 1395
40 114 1399
40 114 1400
40 114 1401
40 114 1409
40 114 1410
40 114 1413
40 114 1427
40 114 1437
40 114 1438
40 114 1486
40 114 1487
40 114 1500
40 114 1504
40 114 1518
40 88 1390
40 25 1443
40 25 1444
40 25 1447
40 25 1454
40 25 1456
40 25 1458
40 25 1461
40 25 1480
40 25 1481
40 25 1482
40 25 1499
40 1 1553
40 1 1554
110 133 468
110 0 488
110 139 539
110 139 541
110 139 544
110 139 546
110 139 547
110 139 549
110 139 561
110 139 588
11 54 628
11 130 834
11 130 845
11 130 850
11 130 905
11 130 906
11 130 945
11 130 1034
11 130 1084
11 130 1106
11 130 1108
11 87 955
11 87 964
11 87 968
11 108 955
11 108 962
11 108 963
11 108 968
85 0 497
85 54 628
85 54 629
85 54 630
85 54 633
85 54 634
85 54 636
85 54 637
85 54 638
85 54 639
85 54 640
85 54 641
85 54 642
85 54 644
85 54 645
85 54 646
85 54 647
85 54 648
85 54 651
85 54 652
85 54 653
85 54 655
85 54 657
85 54 658
85 54 659
85 54 661
85 54 666
85 54 667
85 54 669
85 54 670
85 54 673
85 54 676
85 54 678
85 54 679
85 54 680
85 54 681
85 54 682
85 54 683
85 54 684
85 54 685
85 54 686
85 54 689
85 54 690
85 54 694
85 54 695
85 54 696
85 54 703
85 54 709
85 54 710
85 54 711
85 54 712
85 54 713
85 54 714
85 54 717
85 54 720
85 54 721
85 54 722
85 54 723
85 54 724
85 54 725
85 54 726
85 54 732
85 54 733
85 54 736
85 15 629
85 15 630
85 15 633
85 15 638
85 15 640
85 15 641
85 15 642
85 15 644
85 15 646
85 15 647
85 15 651
85 15 652
85 15 653
85 15 654
85 15 655
85 15 659
85 15 669
85 15 672
85 15 681
85 15 683
85 15 684
85 15 685
85 15 687
85 15 689
85 15 699
85 15 701
85 15 732
85 15 734
85 76 629
85 76 630
85 128 648
85 128 649
133 112 1303
133 112 1318
133 79 1389
133 20 1392
133 20 1415
0 33 1143
0 33 1144
0 33 1145
0 33 1148
0 33 1149
0 33 1150
0 33 1151
0 33 1152
0 33 1153
0 33 1154
0 33 1155
0 33 1156
0 33 1157
0 33 1158
0 33 1159
0 33 1160
0 33 1161
0 33 1163
0 33 1164
0 33 1167
0 33 1168
0 33 1184
0 33 1185
0 33 1186
0 33 1187
0 33 1188
0 33 1189
0 33 1190
0 33 1191
0 33 1192
0 33 1194
0 33 1195
0 33 1196
0 33 1199
0 33 1200
0 35 1201
0 35 1202
43 2 519
43 2 522
43 2 523
43 2 524
43 2 529
43 2 530
43 2 532
43 2 554
43 2 555
43 2 556
43 2 558
43 2 561
43 2 564
43 2 565
43 2 567
43 2 571
43 2 578
43 2 583
43 2 585
43 2 586
43 2 588
43 72 1196
43 72 1205
43 72 1206
43 72 1214
43 72 1215
43 72 1225
43 72 1226
43 72 1256
43 72 1263
43 72 1283
43 72 1289
43 72 1296
43 72 1312
43 72 1324
43 72 1331
43 35 1205
43 35 1226
43 35 1227
43 112 1316
95 112 1276
95 112 1279
95 112 1280
95 112 1290
95 112 1296
95 112 1297
95 112 1298
95 112 1299
95 112 1321
95 112 1322
73 111 517
73 111 518
73 111 519
73 111 520
73 111 528
73 111 529
73 111 530
73 111 531
73 111 532
73 111 533
73 111 534
73 111 536
73 111 537
73 111 538
73 111 540
73 111 555
73 111 556
73 111 568
73 111 569
73 111 570
73 111 576
73 111 577
73 111 578
73 111 579
73 111 583
73 111 584
73 111 585
73 111 586
73 111 587
73 111 588
73 111 589
73 111 590
73 111 592
73 111 593
73 111 594
73 111 596
73 111 597
73 111 601
73 111 605
73 111 607
73 111 609
73 111 610
73 111 615
73 111 616
73 111 617
73 111 619
73 111 620
73 111 622
73 111 623
73 111 624
73 111 625
73 111 626
73 111 627
73 111 631
73 111 634
73 111 635
73 111 637
73 29 604
73 29 607
73 29 608
73 29 609
73 29 610
73 121 624
73 15 631
73 76 1293
73 2 1334
111 29 520
111 29 524
111 29 529
111 29 531
111 29 534
111 29 536
111 29 538
111 29 539
111 29 540
111 29 568
111 29 569
111 29 570
111 29 571
111 29 574
111 29 577
111 29 578
111 29 579
111 29 582
111 29 585
111 29 586
111 29 587
111 29 589
111 29 590
111 29 592
111 29 593
111 29 595
111 29 597
111 29 607
111 29 609
111 29 610
111 76 599
111 76 600
111 76 602
111 76 603
111 76 628
111 76 629
111 76 630
111 76 632
111 76 633
111 76 636
29 76 519
29 76 520
29 76 521
29 76 524
29 76 525
29 76 526
29 76 527
29 76 528
29 76 529
29 76 531
29 76 533
29 76 534
29 76 535
29 76 536
29 76 538
29 76 539
29 76 540
29 76 542
29 76 543
29 76 545
29 76 555
29 76 568
29 76 569
29 76 570
29 76 572
29 76 574
29 76 577
29 76 581
29 76 582
29 76 583
29 76 584
29 76 585
29 76 590
29 76 592
29 76 598
29 99 602
76 12 630
76 20 633
76 145 633
76 103 1271
76 105 1328
76 117 1347
76 42 1392
2 20 1309
2 20 1313
2 20 1314
2 20 1315
2 20 1332
2 20 1333
2 20 1334
2 20 1336
2 20 1338
2 20 1342
2 20 1344
2 20 1345
2 20 1355
2 20 1356
2 20 1358
2 20 1365
2 20 1366
2 20 1373
2 20 1374
2 20 1375
2 20 1376
2 20 1377
2 20 1378
2 20 1379
2 20 1380
2 20 1381
2 20 1393
2 20 1396
2 20 1397
2 20 1398
2 20 1404
2 20 1405
2 20 1409
2 20 1413
2 20 1415
2 20 1418
2 20 1420
2 34 1309
2 34 1332
2 34 1335
2 34 1337
2 34 1342
2 34 1343
2 34 1350
2 34 1352
2 34 1354
2 34 1355
2 34 1356
2 34 1357
2 34 1374
2 34 1375
2 34 1376
2 34 1377
2 34 1420
2 112 1320
2 93 1320
2 117 1320
2 132 1357
2 88 1357
2 79 1378
2 109 1405
2 109 1414
2 12 1405
2 12 1413
2 104 1411
2 80 1419
2 80 1420
139 6 736
139 6 738
139 6 746
139 6 748
139 6 750
139 6 751
139 6 752
139 6 755
139 6 756
139 6 758
139 6 762
139 6 765
139 6 776
139 6 782
139 6 794
139 6 795
139 6 801
139 6 810
139 6 812
139 6 813
139 24 745
58 8 536
58 8 539
58 8 544
58 8 546
58 8 547
58 8 549
58 8 556
58 8 560
58 8 561
58 8 562
58 8 563
58 8 588
58 8 590
58 8 592
58 8 600
58 8 601
58 8 604
58 8 607
58 8 608
58 35 1330
58 148 1465
58 71 1475
58 126 1475
8 100 753
8 100 754
8 100 757
8 24 760
6 60 537
6 60 538
6 60 543
6 60 548
6 60 550
6 60 552
6 60 557
6 60 558
6 60 559
6 60 564
6 60 565
6 60 566
6 60 574
6 60 575
6 60 577
6 60 579
6 60 580
6 60 581
6 60 582
6 60 589
6 60 596
6 60 597
6 72 564
6 86 812
60 92 673
60 92 675
60 92 677
60 92 678
60 92 679
60 92 680
60 92 681
60 92 686
60 92 687
60 92 688
60 92 692
60 92 694
60 92 697
60 92 699
60 92 701
60 92 706
60 92 711
60 92 713
60 92 715
60 92 723
60 92 746
60 92 749
60 92 750
60 92 751
60 92 758
60 92 759
60 92 765
60 92 766
72 34 1330
132 99 588
132 99 590
132 99 592
132 99 593
132 99 594
132 99 595
132 99 596
132 99 597
132 99 598
132 99 606
132 99 607
132 99 608
132 99 609
132 99 610
132 99 620
132 99 621
132 99 622
132 99 624
132 99 625
132 99 626
132 99 627
132 99 631
132 99 634
132 99 637
132 99 638
132 99 641
132 99 642
132 99 643
132 77 644
132 77 645
132 77 651
132 77 654
132 77 657
132 77 670
132 77 672
132 77 681
132 77 682
132 77 683
132 77 684
132 77 685
132 77 686
132 77 689
132 77 691
132 77 696
132 77 703
132 77 709
132 77 711
132 77 734
132 77 736
132 77 740
132 77 744
132 77 770
132 129 1260
132 129 1262
132 129 1263
132 129 1268
132 129 1306
132 129 1307
132 129 1308
132 129 1309
132 129 1310
132 129 1312
132 129 1314
132 129 1315
132 129 1316
132 129 1317
132 129 1318
132 129 1319
132 129 1320
132 129 1321
132 129 1323
132 129 1324
132 129 1325
132 129 1326
132 129 1327
132 129 1328
132 129 1329
132 129 1330
132 129 1331
132 129 1332
132 129 1333
132 129 1334
132 129 1335
132 129 1336
132 129 1337
132 129 1338
132 129 1339
132 129 1340
132 129 1341
132 129 1342
132 129 1343
132 129 1344
132 129 1345
132 129 1346
132 129 1349
132 129 1352
132 129 1353
132 129 1354
132 129 1355
132 129 1356
132 129 1357
132 129 1358
132 129 1361
132 129 1362
132 129 1363
132 129 1364
132 129 1365
132 129 1372
132 129 1373
132 129 1374
132 129 1376
132 129 1386
132 129 1389
132 129 1390
132 129 1391
132 129 1396
132 129 1397
132 129 1398
132 129 1399
132 129 1400
132 129 1402
132 129 1409
132 129 1418
132 129 1419
132 125 1292
132 88 1305
132 88 1319
132 107 1318
92 71 590
92 71 594
92 20 684
71 126 1438
71 126 1439
71 126 1440
71 126 1443
71 126 1444
71 126 1445
71 126 1446
71 126 1447
71 126 1449
71 126 1450
71 126 1451
71 126 1452
71 126 1453
71 126 1454
71 126 1455
71 126 1456
71 126 1457
71 126 1458
71 126 1459
71 126 1460
71 126 1461
71 126 1462
71 126 1463
71 126 1464
71 126 1465
71 126 1466
71 126 1468
71 126 1469
71 126 1470
71 126 1471
71 126 1472
71 126 1474
71 126 1476
71 126 1478
71 126 1479
71 126 1480
71 126 1482
71 126 1483
71 126 1485
71 126 1488
71 126 1489
71 126 1490
71 126 1493
71 126 1496
71 126 1498
71 126 1499
71 126 1500
71 126 1505
71 126 1509
71 126 1510
71 101 1449
121 9 623
121 9 624
121 9 625
121 9 626
121 9 629
121 9 631
121 9 633
121 9 640
121 9 646
121 9 663
121 9 688
121 9 689
121 9 700
121 9 703
121 9 707
121 9 710
121 9 711
121 9 718
121 9 719
121 9 723
121 9 733
121 24 729
121 4 735
121 15 746
121 54 746
121 86 746
9 130 837
9 130 846
9 130 910
9 130 946
9 130 1019
9 130 1033
9 130 1037
9 130 1039
9 130 1042
9 130 1111
9 130 1126
9 32 954
9 32 955
9 32 968
54 12 630
54 12 632
54 12 634
54 128 648
54 128 649
54 16 761
54 16 762
54 16 763
54 16 764
54 16 765
54 16 768
54 16 769
54 16 772
54 16 773
54 16 774
54 16 776
54 16 777
54 16 778
54 16 779
54 16 780
54 16 783
54 16 784
54 16 786
54 16 787
54 16 788
54 16 789
54 16 790
54 16 791
54 16 792
54 16 793
54 16 794
54 16 795
54 16 796
54 16 797
54 16 798
54 16 799
54 16 800
54 16 809
54 16 810
54 16 811
54 16 812
54 16 814
54 16 817
54 16 818
54 16 832
54 16 834
54 16 836
54 16 840
54 16 842
54 16 845
54 16 846
54 16 851
54 16 855
54 16 857
54 16 858
54 16 859
54 16 861
54 16 862
54 16 863
54 16 864
54 16 865
54 16 867
54 16 868
54 16 870
54 16 880
54 16 881
54 16 882
54 16 884
54 16 890
54 16 891
54 16 892
54 16 893
54 16 895
54 16 896
54 16 898
54 16 899
54 16 901
54 87 762
54 87 765
54 87 767
54 87 845
54 87 853
54 87 855
54 87 857
54 87 858
54 87 875
54 87 876
54 87 877
54 87 878
54 87 884
54 122 764
54 122 766
54 122 770
54 122 821
54 122 848
54 122 851
54 122 856
54 122 857
54 122 858
54 122 859
54 122 889
54 122 891
54 122 899
15 128 648
15 20 1302
15 20 1310
15 20 1325
15 20 1326
15 20 1327
15 20 1328
15 20 1330
15 20 1332
15 20 1333
15 20 1336
15 20 1337
15 20 1338
15 20 1346
15 20 1355
15 20 1356
15 20 1357
15 20 1365
15 20 1366
15 20 1368
15 20 1370
15 20 1371
15 20 1379
15 20 1382
15 20 1396
15 20 1398
15 34 1318
15 34 1324
15 34 1333
15 34 1337
15 34 1338
15 34 1343
15 34 1377
15 34 1380
12 86 650
12 86 660
12 86 664
12 86 688
12 86 693
12 86 698
12 86 702
12 86 707
12 86 735
12 86 737
12 86 741
12 86 746
12 109 1383
12 109 1384
12 109 1385
12 109 1392
12 109 1393
12 109 1395
12 109 1398
12 109 1402
12 109 1405
12 109 1406
12 109 1407
12 109 1409
12 109 1413
12 109 1417
12 109 1418
12 109 1420
12 109 1423
12 109 1424
12 109 1425
12 109 1427
12 109 1428
12 109 1429
12 109 1449
12 109 1453
12 109 1457
12 109 1461
12 109 1464
12 124 1384
12 124 1385
12 124 1392
12 124 1393
12 124 1394
12 124 1421
12 124 1422
12 124 1423
12 124 1424
12 124 1425
12 124 1426
12 124 1427
12 124 1428
12 124 1429
12 124 1430
12 124 1432
12 124 1433
12 124 1434
12 124 1437
12 124 1438
12 124 1439
12 124 1464
12 31 1385
12 31 1386
12 31 1387
12 31 1388
12 31 1389
12 31 1392
12 31 1393
12 31 1394
12 31 1395
12 31 1396
12 31 1398
12 31 1399
12 31 1400
12 31 1402
12 31 1405
12 31 1406
12 31 1407
12 31 1408
12 31 1409
12 31 1410
12 31 1412
12 31 1413
12 31 1414
12 31 1415
12 31 1416
12 31 1417
12 31 1418
12 31 1419
12 31 1420
12 31 1421
12 31 1422
12 31 1424
12 31 1425
12 31 1427
12 31 1429
12 31 1430
12 31 1432
12 31 1433
12 31 1434
12 31 1435
12 31 1436
12 31 1439
12 31 1440
12 31 1441
12 31 1443
12 31 1444
12 31 1449
12 31 1450
12 31 1456
12 31 1461
12 31 1463
12 31 1464
12 101 1390
12 101 1392
12 101 1393
12 101 1398
12 101 1401
12 101 1402
12 101 1422
12 101 1428
12 101 1429
12 101 1431
12 101 1432
12 101 1433
12 101 1437
12 101 1438
12 101 1439
12 101 1461
12 148 1400
12 32 1409
12 129 1416
12 104 1416
12 56 1452
20 125 1334
20 101 1403
20 32 1404
20 32 1406
20 32 1407
20 32 1409
20 32 1415
20 32 1419
20 31 1405
20 10 1405
20 10 1406
20 77 1406
20 77 1416
20 77 1420
20 109 1414
20 129 1415
145 23 634
145 23 640
145 23 646
145 23 649
145 23 652
145 103 1121
145 103 1127
145 103 1129
145 103 1130
145 103 1134
145 103 1135
145 103 1136
145 103 1137
145 103 1139
145 103 1140
145 103 1141
145 103 1142
145 103 1154
145 103 1157
145 103 1172
145 103 1174
145 103 1188
145 103 1191
145 103 1193
145 103 1194
145 103 1195
145 103 1196
145 103 1198
145 103 1199
145 103 1206
145 103 1207
145 103 1208
145 103 1209
145 103 1210
145 103 1211
145 103 1212
145 103 1213
145 103 1214
145 103 1215
145 103 1216
145 103 1217
145 103 1219
145 103 1220
145 103 1229
145 103 1230
145 103 1231
145 103 1235
145 103 1236
145 103 1237
145 103 1238
145 103 1239
145 103 1240
145 103 1244
145 103 1245
145 103 1249
145 103 1254
145 103 1255
145 103 1257
145 103 1258
145 103 1259
145 103 1262
145 103 1263
145 103 1264
145 103 1265
145 103 1267
145 103 1268
145 103 1269
145 103 1272
145 103 1274
145 103 1282
145 103 1283
145 103 1284
145 103 1288
145 103 1292
145 103 1294
145 103 1295
145 103 1300
145 103 1303
145 103 1304
128 30 635
128 30 636
128 30 642
128 30 643
128 30 645
128 30 649
128 30 654
128 30 656
128 30 657
128 30 752
128 30 753
128 30 755
128 30 758
128 30 759
128 30 762
128 30 765
128 30 767
128 30 768
128 30 773
128 30 778
128 30 781
128 30 782
128 30 784
128 30 785
128 49 650
128 49 672
128 49 673
128 49 675
128 49 679
128 49 681
128 49 684
128 49 726
128 49 728
128 49 733
128 49 734
128 49 744
128 49 745
128 49 747
128 49 748
128 49 753
128 49 755
128 49 770
128 49 772
128 49 773
128 49 774
128 49 778
128 49 779
128 49 784
128 49 785
128 4 750
128 74 755
128 146 774
30 49 747
30 49 748
30 49 768
30 49 773
30 49 774
30 49 779
30 49 781
30 74 755
30 146 774
86 16 761
86 16 763
86 16 764
86 16 768
86 16 769
86 16 770
86 16 771
86 16 774
86 16 775
86 16 776
86 16 777
86 16 779
86 16 794
86 16 795
86 16 798
86 16 799
86 16 802
86 16 810
86 16 811
86 16 812
86 16 813
86 16 814
86 16 833
86 16 835
86 16 836
86 16 837
86 16 838
86 16 841
86 16 842
86 16 844
86 16 845
86 16 846
86 16 847
86 16 848
86 16 850
86 16 851
86 16 852
86 16 853
86 16 854
86 16 858
86 16 860
86 16 866
86 16 867
86 16 868
86 16 874
86 16 877
86 16 881
86 16 882
86 16 883
86 16 884
86 16 885
86 16 893
86 16 895
86 16 896
86 16 900
86 122 761
86 122 763
86 122 770
86 122 773
86 122 814
86 122 850
86 122 851
86 122 852
86 122 857
86 122 858
86 122 859
86 122 861
86 122 862
86 122 863
86 122 865
86 122 874
86 122 893
86 122 894
86 122 899
86 122 900
86 56 761
86 56 763
86 56 764
86 56 768
86 56 769
86 56 770
86 56 774
86 56 775
86 56 776
86 56 777
86 56 778
86 56 787
86 56 797
86 56 799
86 56 803
86 56 805
86 56 811
86 56 812
86 56 813
86 56 814
86 56 818
86 56 819
86 56 820
86 56 821
86 56 833
86 56 835
86 56 837
86 56 838
86 56 841
86 56 844
86 56 850
86 56 851
86 56 852
86 56 859
86 56 860
86 56 866
86 56 867
86 56 868
86 56 874
86 56 879
86 56 882
86 56 883
86 56 885
86 56 895
86 56 900
86 10 827
77 100 761
77 34 1420
74 101 1448
74 124 1449
93 107 1276
93 107 1277
93 107 1278
93 107 1279
93 107 1280
93 107 1283
93 107 1284
93 107 1286
93 107 1290
93 107 1291
93 107 1292
93 107 1294
93 107 1296
93 107 1297
93 107 1300
93 107 1304
93 107 1307
93 107 1308
93 107 1310
93 107 1320
93 107 1321
93 107 1322
93 112 1304
93 112 1310
102 41 700
102 41 701
102 41 702
102 41 703
102 41 704
102 41 709
102 41 710
102 41 711
102 41 712
102 41 713
102 41 714
102 41 716
102 41 721
102 41 723
102 41 724
102 41 725
102 41 728
102 41 729
102 41 730
102 41 731
102 41 732
102 41 733
102 41 734
102 41 736
102 41 737
102 41 740
102 41 741
102 41 742
102 41 743
102 41 748
102 41 749
102 41 750
102 41 752
102 41 753
102 41 756
102 41 774
102 41 775
102 41 782
102 41 788
102 41 789
102 41 791
102 41 798
102 41 801
102 41 804
102 41 805
102 41 807
102 41 808
102 41 809
102 41 810
102 41 811
102 41 814
102 41 816
102 41 819
102 41 821
102 41 822
102 41 826
102 41 827
102 41 831
102 41 832
102 41 834
102 41 839
102 41 840
102 41 842
102 41 847
102 41 848
102 41 852
102 41 853
102 41 866
102 41 867
102 41 868
102 41 869
102 41 870
102 41 882
102 41 883
102 41 884
102 41 885
102 41 886
102 100 700
102 100 701
102 100 708
102 56 859
41 100 703
41 112 1301
100 24 730
100 24 731
100 24 736
100 24 741
100 24 746
100 24 772
100 24 775
100 24 778
100 24 781
100 24 783
100 24 843
100 24 844
100 24 845
100 24 849
100 24 854
100 24 867
100 10 758
100 4 786
100 4 801
100 87 959
100 106 1123
100 106 1124
100 33 1124
24 87 958
24 87 959
24 116 1100
24 116 1114
24 116 1117
24 116 1121
24 116 1122
4 10 779
4 103 1303
4 107 1320
4 32 1403
4 32 1407
4 32 1409
4 32 1414
4 31 1410
4 31 1412
4 31 1413
4 31 1414
4 104 1410
4 104 1412
10 146 744
10 146 745
10 101 1380
10 101 1425
10 101 1430
10 101 1464
10 31 1381
10 31 1382
10 31 1383
10 31 1384
10 31 1423
10 31 1426
10 31 1452
10 31 1460
10 124 1383
10 109 1426
10 109 1452
10 109 1458
10 109 1463
146 34 1392
146 34 1393
146 34 1394
146 34 1395
146 34 1396
146 34 1397
146 34 1398
146 34 1399
146 34 1400
146 34 1401
146 34 1405
146 34 1406
146 34 1409
146 34 1417
146 34 1439
146 34 1453
146 34 1515
146 34 1516
146 34 1517
146 34 1519
146 34 1521
146 34 1524
87 122 762
87 108 919
87 108 920
87 108 921
87 108 922
87 108 923
87 108 924
87 108 925
87 108 928
87 108 930
87 108 931
87 108 932
87 108 934
87 108 935
87 108 938
87 108 939
87 108 942
87 108 943
87 108 948
87 108 949
87 108 951
87 108 952
87 108 955
87 108 956
87 108 957
87 108 958
87 108 959
87 108 960
87 108 961
87 108 962
87 108 963
87 108 964
87 108 965
87 108 966
87 108 968
87 108 969
87 108 970
87 108 971
87 108 972
87 108 974
87 108 975
87 108 976
87 108 980
87 108 981
87 108 987
87 108 988
87 108 990
87 32 920
87 32 921
87 32 922
87 32 923
87 32 924
87 32 925
87 32 926
87 32 927
87 32 928
87 32 929
87 32 930
87 32 931
87 32 932
87 32 933
87 32 934
87 32 935
87 32 936
87 32 938
87 32 939
87 32 940
87 32 942
87 32 943
87 32 944
87 32 945
87 32 951
87 32 952
87 32 953
87 32 954
87 32 955
87 32 956
87 32 957
87 32 958
87 32 959
87 32 960
87 32 961
87 32 962
87 32 963
87 32 964
87 32 967
87 32 968
87 32 970
87 32 979
87 32 980
87 32 987
87 115 945
16 122 761
16 122 762
16 122 763
16 122 764
16 122 765
16 122 813
16 122 814
16 122 828
16 122 829
16 122 833
16 122 848
16 122 849
16 122 850
16 122 851
16 122 852
16 122 854
16 122 873
16 122 890
16 122 891
16 122 892
16 122 893
16 122 894
16 122 895
16 122 900
16 32 935
122 56 761
122 56 762
122 56 822
122 56 849
122 56 850
122 56 852
122 56 866
122 56 868
122 56 890
122 56 900
56 109 1446
115 108 945
115 32 945
108 32 919
108 32 920
108 32 921
108 32 923
108 32 924
108 32 925
108 32 932
108 32 935
108 32 937
108 32 938
108 32 939
108 32 942
108 32 943
108 32 944
108 32 945
108 32 946
108 32 948
108 32 951
108 32 955
108 32 970
108 32 971
108 32 976
108 32 977
108 32 980
108 32 981
108 32 986
108 32 987
32 109 1406
32 109 1407
17 1 1018
17 1 1020
17 1 1023
17 1 1024
17 1 1026
17 1 1028
17 1 1029
17 1 1030
17 1 1031
17 1 1032
17 1 1033
17 1 1034
17 1 1036
17 1 1040
17 1 1041
17 1 1043
17 1 1044
17 1 1047
17 1 1048
17 1 1049
17 1 1050
17 1 1051
17 1 1052
17 1 1055
17 1 1056
17 1 1058
17 1 1064
17 1 1065
17 1 1066
17 1 1067
17 1 1070
17 1 1072
17 1 1073
17 1 1074
17 1 1075
17 1 1076
17 1 1077
17 1 1078
17 1 1082
17 1 1083
17 1 1084
17 123 1018
17 123 1019
17 123 1020
17 123 1028
17 123 1031
17 123 1034
17 123 1049
17 123 1071
17 123 1072
17 123 1073
17 123 1074
17 123 1075
17 123 1076
17 123 1077
17 123 1078
17 123 1080
17 123 1081
17 123 1082
17 123 1084
17 34 1310
17 34 1311
17 34 1320
17 34 1321
17 34 1328
17 34 1330
17 34 1337
17 34 1340
17 34 1343
17 34 1344
17 34 1346
17 34 1355
17 34 1356
17 34 1358
17 34 1362
17 34 1371
17 34 1372
17 34 1377
17 34 1397
17 34 1418
17 34 1420
1 123 1018
1 123 1019
1 123 1020
1 123 1024
1 123 1026
1 123 1027
1 123 1030
1 123 1032
1 123 1034
1 123 1037
1 123 1041
1 123 1043
1 123 1044
1 123 1047
1 123 1048
1 123 1049
1 123 1053
1 123 1058
1 123 1064
1 123 1067
1 123 1072
1 123 1073
1 123 1074
1 123 1075
1 123 1076
1 123 1077
1 123 1078
1 123 1079
1 123 1084
1 123 1085
1 25 1449
1 25 1450
1 25 1456
1 25 1458
1 25 1459
1 25 1467
1 25 1469
1 25 1471
1 25 1472
1 25 1476
1 25 1484
1 25 1492
1 25 1493
1 101 1462
1 114 1553
106 33 1077
106 33 1078
106 33 1081
106 33 1083
106 33 1084
106 33 1085
106 33 1087
106 33 1088
106 33 1089
106 33 1090
106 33 1091
106 33 1096
106 33 1100
106 33 1105
106 33 1111
106 33 1112
106 33 1121
106 33 1122
106 33 1123
106 33 1124
147 103 1120
147 103 1122
147 103 1143
147 103 1144
147 103 1145
147 103 1156
147 103 1173
147 103 1181
147 103 1189
147 103 1190
147 103 1192
147 103 1248
147 103 1260
147 103 1261
147 103 1266
147 103 1270
147 103 1273
147 103 1293
147 103 1296
147 103 1297
147 103 1298
147 103 1299
103 112 1282
103 88 1303
35 112 1300
35 112 1301
35 124 1389
129 105 1300
129 117 1300
129 112 1317
129 112 1318
129 107 1318
107 112 1279
107 112 1280
107 112 1282
107 112 1283
107 112 1284
107 112 1285
107 112 1286
107 112 1290
107 112 1291
107 112 1292
107 112 1293
107 112 1294
107 112 1296
107 112 1297
107 112 1300
107 112 1302
107 112 1304
107 112 1305
107 112 1306
107 112 1310
107 112 1311
107 112 1318
107 112 1321
107 112 1322
79 88 1314
79 88 1316
79 88 1317
79 88 1318
79 88 1319
79 88 1320
79 88 1321
105 117 1297
105 117 1300
105 117 1301
105 117 1302
105 117 1303
105 117 1304
105 117 1305
105 117 1306
105 117 1307
105 117 1308
105 117 1309
105 117 1310
105 117 1311
105 117 1312
105 117 1313
105 117 1314
105 117 1315
105 117 1316
105 117 1317
105 117 1318
105 117 1319
105 117 1322
105 117 1324
105 117 1325
105 117 1326
105 117 1327
105 117 1328
105 117 1333
105 117 1335
105 117 1336
105 117 1337
105 117 1338
105 117 1339
105 117 1340
105 117 1341
105 117 1342
105 117 1343
105 117 1346
105 117 1347
105 117 1348
105 117 1350
105 117 1354
105 117 1356
105 117 1359
105 117 1361
105 117 1364
105 117 1367
105 117 1373
105 117 1374
105 117 1375
105 117 1376
105 117 1377
105 117 1378
105 117 1379
105 117 1380
105 117 1381
105 117 1382
105 117 1383
105 117 1384
105 117 1385
105 117 1386
105 88 1355
105 88 1378
105 88 1379
105 101 1381
117 88 1378
117 88 1379
117 101 1382
88 80 1310
88 80 1311
88 80 1324
88 80 1325
88 80 1326
88 80 1328
88 80 1329
88 80 1330
88 80 1331
88 80 1333
88 80 1338
88 80 1341
88 80 1342
88 80 1347
88 80 1355
88 80 1356
88 80 1357
88 80 1358
88 80 1362
88 80 1363
88 80 1364
88 80 1374
88 80 1375
88 80 1376
88 80 1377
88 80 1386
88 80 1387
88 80 1388
88 80 1389
88 80 1390
88 80 1391
88 124 1390
34 109 1401
34 31 1406
34 31 1407
34 31 1408
34 31 1409
34 31 1411
34 104 1408
34 113 1465
34 113 1466
34 113 1467
34 113 1468
34 113 1469
34 113 1470
34 113 1515
34 113 1519
34 113 1523
34 113 1524
34 126 1477
114 25 1426
114 25 1458
114 25 1462
114 42 1439
114 42 1543
114 42 1544
114 42 1547
114 42 1548
114 42 1549
114 42 1550
114 42 1552
114 42 1553
114 42 1562
114 113 1497
42 104 1395
42 104 1404
42 104 1408
42 104 1410
42 104 1413
42 104 1415
42 104 1417
124 31 1380
124 31 1382
124 31 1383
124 31 1384
124 31 1386
124 31 1387
124 31 1389
124 31 1390
124 31 1392
124 31 1393
124 31 1394
124 31 1398
124 31 1402
124 31 1404
124 31 1425
124 31 1426
124 31 1427
124 31 1428
124 31 1429
124 31 1430
124 31 1431
124 31 1432
124 31 1433
124 31 1434
124 31 1435
124 31 1436
124 31 1437
124 31 1463
124 31 1464
124 101 1380
124 101 1387
124 101 1392
124 101 1393
124 101 1399
124 101 1400
124 101 1405
124 101 1406
124 101 1410
124 101 1411
124 101 1413
124 101 1414
124 101 1415
124 101 1416
124 101 1417
124 101 1418
124 101 1421
124 101 1422
124 101 1423
124 101 1424
124 101 1425
124 101 1426
124 101 1427
124 101 1428
124 101 1429
124 101 1430
124 101 1437
124 101 1438
124 101 1441
124 101 1443
124 101 1444
124 101 1445
124 101 1446
124 101 1447
124 101 1448
124 101 1449
124 101 1450
124 101 1451
124 101 1453
124 101 1454
124 101 1455
124 101 1456
124 101 1457
124 101 1459
124 101 1460
124 101 1462
124 101 1463
124 101 1464
124 109 1384
124 109 1385
124 109 1392
124 109 1393
124 109 1394
124 109 1395
124 109 1398
124 109 1399
124 109 1424
124 109 1425
124 109 1426
124 109 1430
124 109 1431
124 109 1432
124 109 1433
124 109 1434
124 109 1435
124 109 1436
124 109 1437
124 109 1438
124 109 1439
124 109 1440
124 109 1464
31 101 1380
31 101 1387
31 101 1388
31 101 1390
31 101 1391
31 101 1392
31 101 1393
31 101 1394
31 101 1398
31 101 1401
31 101 1404
31 101 1421
31 101 1422
31 101 1423
31 101 1424
31 101 1425
31 101 1426
31 101 1427
31 101 1432
31 101 1433
31 101 1434
31 101 1435
31 101 1436
31 101 1437
31 101 1464
31 109 1383
31 109 1384
31 109 1385
31 109 1387
31 109 1388
31 109 1389
31 109 1390
31 109 1392
31 109 1394
31 109 1395
31 109 1405
31 109 1406
31 109 1407
31 109 1408
31 109 1409
31 109 1410
31 109 1416
31 109 1417
31 109 1418
31 109 1419
31 109 1420
31 109 1423
31 109 1424
31 109 1427
31 109 1433
31 109 1435
31 109 1441
31 109 1444
31 109 1449
31 109 1450
31 109 1451
31 109 1452
31 109 1453
31 109 1454
31 109 1455
31 109 1460
31 109 1463
31 109 1464
101 109 1387
101 109 1388
101 109 1389
101 109 1390
101 109 1392
101 109 1393
101 109 1394
101 109 1395
101 109 1396
101 109 1397
101 109 1399
101 109 1403
101 109 1404
101 109 1421
101 109 1422
101 109 1423
101 109 1427
101 109 1430
101 109 1432
101 109 1433
101 109 1435
101 109 1438
101 109 1439
101 109 1440
101 109 1461
101 109 1463
101 109 1464
101 126 1448
101 126 1449
109 148 1389
109 148 1400
109 148 1401
148 113 1410
148 113 1415
148 113 1416
148 113 1429
148 113 1430
148 113 1432
148 113 1434
148 113 1445
148 113 1447
148 113 1450
148 113 1451
148 113 1452
148 113 1472
148 113 1473
148 113 1474
148 113 1488
148 113 1490
148 113 1491
148 113 1509
148 113 1514
148 113 1515
148 113 1516
148 113 1519
148 113 1522
148 113 1524
