85 13 0
85 13 5
85 13 6
85 13 7
85 13 8
85 13 90
85 38 81
85 80 196
85 50 690
85 50 691
85 50 693
85 50 695
85 50 696
85 50 699
85 50 700
85 50 701
85 50 702
85 50 703
85 50 704
85 50 710
85 50 712
85 50 724
85 50 725
85 50 726
85 50 727
85 50 729
85 50 730
85 50 731
85 50 732
85 50 734
85 50 735
85 50 736
85 50 737
85 50 740
85 50 745
85 50 746
85 50 747
85 50 748
85 50 749
85 50 750
85 50 751
85 50 752
85 50 774
85 50 783
85 50 784
85 50 786
85 50 788
85 50 789
85 50 790
85 50 794
85 50 795
85 50 796
85 50 804
85 50 805
85 50 814
85 50 817
85 50 818
85 50 819
85 50 820
85 50 821
85 50 822
85 50 830
85 50 831
85 50 832
85 50 837
85 50 844
85 50 868
85 50 871
85 50 873
85 50 875
85 50 889
85 50 890
85 50 892
85 50 895
85 18 782
85 18 783
13 15 9
13 15 31
13 50 9
13 50 12
13 53 20
13 53 22
13 53 24
13 53 25
13 53 28
13 53 29
13 53 30
13 53 31
13 38 31
13 38 76
13 83 36
13 82 36
13 82 52
13 82 53
13 82 54
13 82 55
13 82 57
13 82 58
13 82 59
13 82 63
13 82 64
13 82 65
13 82 66
13 82 67
13 82 68
13 82 69
13 82 74
13 82 76
13 82 77
13 82 81
13 82 88
13 82 93
13 82 98
13 82 99
13 82 100
13 82 101
13 82 102
13 82 103
13 82 104
13 82 105
13 82 106
13 82 107
13 82 108
13 82 109
13 82 110
13 82 111
13 82 112
13 82 113
13 82 114
13 82 115
13 82 116
13 82 117
13 82 118
13 82 119
13 82 120
13 82 121
13 82 122
13 82 123
13 82 124
13 82 125
13 82 126
13 82 127
13 82 128
13 82 129
13 82 130
13 82 131
13 82 135
13 82 136
13 82 137
13 82 138
13 82 139
13 82 141
13 82 142
13 82 143
13 82 144
13 82 145
13 82 146
13 82 147
15 50 2
15 50 3
15 50 4
15 50 5
15 50 7
15 50 8
15 50 9
15 50 19
15 50 30
15 50 31
15 50 33
15 50 34
15 50 35
15 50 36
15 50 39
15 50 40
15 50 41
15 50 42
15 50 43
15 50 44
15 50 45
15 50 46
15 50 47
15 50 48
15 50 49
15 50 50
15 50 51
15 50 52
15 50 53
15 50 55
15 50 56
15 50 61
15 50 62
15 50 63
15 50 64
15 50 66
15 50 70
15 50 71
15 50 74
15 50 75
15 50 76
15 50 78
15 50 79
15 38 31
15 38 68
15 0 78
15 0 79
15 7 78
15 18 79
50 22 78
50 32 78
50 19 79
50 12 773
50 17 783
50 105 901
50 105 902
50 105 904
50 105 905
50 105 906
50 105 909
50 105 911
50 105 912
50 105 916
50 105 917
50 105 918
50 105 922
50 105 926
50 105 927
50 105 931
50 105 933
50 105 934
50 105 937
50 105 938
50 105 940
50 105 941
50 105 942
50 105 943
50 105 944
50 105 945
50 105 946
50 105 948
50 105 949
50 105 950
50 105 951
50 105 952
50 105 953
50 105 954
50 105 956
50 105 959
50 105 960
50 105 961
105 80 18
105 80 19
105 80 20
105 80 33
105 80 34
105 80 35
105 80 36
105 80 38
105 80 41
105 80 42
105 80 44
105 80 45
105 80 46
105 80 47
105 80 48
105 80 52
105 80 56
105 80 57
105 80 59
105 80 62
105 80 63
105 80 65
105 80 66
105 80 68
105 80 90
105 80 99
105 80 110
105 80 113
105 80 119
105 80 120
105 80 121
105 80 124
105 80 137
105 80 142
105 80 147
105 80 152
105 80 157
105 80 161
105 80 162
105 80 166
105 80 175
105 80 183
105 80 184
105 80 187
105 80 188
105 80 191
105 80 197
105 80 198
105 80 199
105 98 18
105 98 19
105 98 36
105 98 48
105 98 199
105 98 200
105 82 196
80 37 161
80 34 1228
98 83 19
98 83 36
98 83 199
98 77 1065
98 77 1066
98 77 1068
98 77 1085
98 77 1086
83 107 51
83 107 60
83 107 61
83 107 67
83 107 75
83 107 76
83 107 77
83 107 79
83 107 80
83 107 84
83 107 85
83 107 105
83 107 106
83 107 107
83 107 114
83 107 118
83 107 122
83 107 134
83 107 135
83 107 136
83 107 139
83 107 141
83 107 144
83 107 148
83 107 149
83 107 150
83 107 151
83 107 156
83 107 160
83 109 1096
83 79 1104
53 38 31
53 4 818
53 4 819
53 4 820
53 4 821
53 4 822
53 4 826
53 4 830
53 4 831
53 4 833
53 4 838
53 4 839
53 4 841
53 4 846
53 4 849
53 4 854
53 4 856
53 4 857
53 4 858
53 4 861
53 4 862
53 4 863
53 4 864
53 4 865
53 4 866
53 4 867
53 4 868
53 4 869
53 4 870
53 4 871
53 4 872
53 4 873
53 4 874
53 4 875
53 4 876
53 4 877
53 4 879
53 4 884
53 4 885
53 4 886
53 4 892
53 4 894
53 4 895
53 4 897
53 4 898
53 4 899
53 4 900
53 4 901
53 4 902
53 4 904
53 4 905
53 29 819
53 29 820
53 29 821
53 29 822
53 29 824
53 29 825
53 29 826
53 29 828
53 29 837
53 29 841
53 29 842
53 29 845
53 29 846
53 29 847
53 29 855
53 29 856
53 29 861
53 29 863
53 29 864
53 29 867
38 61 83
38 111 106
38 76 606
38 76 607
38 76 609
38 76 611
38 76 616
38 76 617
38 76 620
38 76 621
38 76 622
38 76 623
38 76 636
38 76 651
38 76 656
38 76 659
38 76 661
38 76 663
38 76 665
38 76 666
38 76 667
38 76 668
38 76 669
38 76 670
38 76 671
38 76 672
38 76 673
38 76 674
38 76 675
38 76 676
38 76 677
38 76 678
38 76 679
38 76 680
38 76 681
38 76 682
38 76 683
38 76 684
38 76 685
38 76 686
38 76 687
38 76 693
38 76 695
38 76 696
38 76 697
38 76 698
38 76 699
38 76 702
38 76 703
82 59 1378
82 59 1380
82 59 1398
82 59 1462
82 59 1473
82 59 1474
82 59 1476
82 59 1478
82 59 1481
82 59 1482
82 59 1490
82 59 1494
82 59 1498
82 59 1517
82 59 1519
82 59 1527
82 59 1529
82 59 1530
82 59 1601
82 59 1602
82 59 1603
82 59 1606
82 59 1608
82 59 1609
82 59 1610
82 59 1611
82 59 1612
82 59 1614
82 59 1616
82 59 1618
82 59 1620
82 59 1622
82 59 1624
82 59 1626
82 59 1629
82 59 1631
82 59 1634
82 59 1636
82 59 1638
82 59 1639
82 59 1640
82 59 1642
82 59 1644
82 59 1646
82 59 1648
82 59 1650
82 59 1654
82 59 1656
82 59 1657
82 59 1658
82 59 1659
82 59 1660
82 59 1662
82 59 1663
82 59 1665
82 59 1667
82 59 1669
82 59 1676
82 25 1380
82 25 1381
82 25 1383
82 25 1387
82 25 1389
82 25 1394
82 25 1470
82 25 1519
64 44 49
64 44 60
64 44 61
64 44 62
64 44 63
64 44 64
64 44 79
64 44 83
64 44 84
64 44 100
64 44 102
64 44 111
64 44 127
64 44 129
64 44 146
64 44 164
64 91 56
64 91 58
64 91 64
64 91 68
64 91 70
64 91 71
64 91 74
64 91 75
64 91 76
64 91 98
64 91 99
64 91 104
64 91 109
64 91 118
64 91 121
64 91 137
64 91 153
64 91 162
64 91 163
64 47 60
64 47 142
64 100 60
64 100 61
64 100 62
64 100 63
64 100 94
64 100 100
64 100 103
64 100 104
64 100 108
64 100 111
64 100 114
64 100 115
64 100 117
64 100 118
64 100 127
64 67 65
64 0 65
64 0 69
64 0 70
64 0 73
64 0 120
64 0 133
64 60 66
64 60 67
64 60 104
64 60 106
64 60 112
64 46 66
64 46 79
64 46 82
64 46 97
64 46 99
64 46 104
64 101 67
64 101 81
64 101 110
64 101 133
64 101 135
64 101 139
64 101 157
64 54 67
64 54 72
64 54 74
64 54 103
64 54 109
64 54 139
64 54 140
64 54 153
64 74 74
64 84 76
64 84 80
64 84 84
64 84 102
64 84 103
64 84 142
64 61 82
64 61 83
64 61 93
64 61 102
64 61 128
64 61 129
64 61 144
64 58 87
64 58 91
64 58 121
64 58 126
64 56 89
64 32 99
64 32 121
64 32 144
64 32 158
64 93 118
64 19 120
64 19 121
64 19 135
64 19 148
64 19 149
64 19 150
64 19 151
64 19 153
64 19 155
64 19 159
64 111 120
64 21 125
64 21 142
64 30 126
64 7 135
64 22 159
64 22 160
64 35 163
44 61 69
44 61 87
44 61 89
44 61 90
44 61 91
44 61 105
44 58 78
44 58 84
44 58 119
44 19 122
44 22 124
44 22 126
44 39 253
100 74 49
100 54 59
100 54 61
100 54 73
100 54 79
100 54 81
100 54 87
100 54 96
100 54 98
100 54 99
100 54 100
100 54 108
100 54 109
100 54 134
100 54 140
100 54 145
100 54 150
100 54 155
100 0 61
100 0 62
100 0 137
100 0 138
100 0 143
100 0 163
100 91 92
100 91 93
100 91 94
100 91 95
100 91 96
100 91 100
100 91 110
100 84 95
100 84 120
100 60 103
100 67 121
100 67 129
100 7 134
100 7 135
100 111 144
100 30 1282
100 52 1284
100 52 1285
100 52 1286
100 52 1287
100 52 1288
100 52 1289
100 52 1290
100 52 1291
100 52 1292
100 52 1293
100 52 1294
100 52 1295
100 52 1296
100 52 1297
100 52 1298
100 52 1299
100 52 1300
100 52 1301
100 52 1302
100 52 1303
100 52 1304
100 52 1305
100 52 1306
100 52 1307
100 52 1308
100 52 1309
100 52 1310
100 52 1311
100 52 1312
100 52 1313
100 52 1314
100 52 1315
100 52 1316
100 52 1317
100 52 1318
100 52 1319
100 52 1320
100 52 1321
100 52 1322
100 52 1323
100 52 1324
100 52 1325
100 52 1326
100 52 1327
100 52 1328
100 52 1329
100 52 1330
100 52 1331
100 52 1332
100 52 1333
100 52 1334
100 52 1335
100 52 1336
100 52 1337
100 52 1338
100 52 1339
100 52 1340
100 52 1341
100 52 1342
100 52 1343
100 52 1344
100 52 1345
100 52 1346
100 52 1347
100 52 1348
100 52 1349
100 52 1350
100 52 1351
100 52 1352
100 52 1353
100 52 1354
100 52 1355
100 52 1356
100 52 1357
100 52 1358
100 52 1359
100 52 1360
100 52 1361
100 52 1362
100 52 1363
100 52 1364
100 52 1365
100 52 1366
100 52 1367
100 52 1368
100 52 1369
100 52 1370
100 52 1371
100 52 1372
100 52 1373
100 52 1374
100 52 1375
100 52 1376
100 52 1377
100 52 1378
100 52 1379
100 52 1380
100 52 1381
100 52 1382
100 52 1383
100 52 1384
100 52 1385
100 52 1386
100 52 1387
100 52 1388
100 52 1389
100 52 1390
100 52 1391
100 52 1392
100 52 1393
100 52 1394
100 52 1395
100 52 1396
100 52 1397
100 52 1398
100 52 1399
100 52 1400
100 52 1401
100 52 1402
100 52 1403
100 52 1404
100 52 1405
100 52 1406
100 52 1407
100 76 1288
100 76 1291
100 76 1307
100 76 1349
100 76 1350
100 76 1351
100 76 1352
100 76 1354
100 76 1357
100 76 1360
100 76 1361
100 76 1364
100 76 1365
100 76 1366
100 76 1367
100 76 1368
100 76 1373
100 76 1375
100 76 1380
100 76 1384
100 76 1394
100 76 1398
74 32 55
74 32 63
74 32 64
74 32 85
74 32 93
74 32 94
74 32 95
74 32 96
74 32 97
74 32 103
74 32 105
74 32 106
74 32 107
74 32 108
74 32 109
74 32 117
74 32 120
74 32 133
74 32 150
74 67 59
74 67 60
74 58 62
74 58 131
74 58 133
74 58 146
74 58 151
74 58 152
74 58 153
74 58 154
74 58 155
74 58 156
74 58 157
74 58 159
74 22 71
74 22 72
74 22 76
74 22 90
74 22 91
74 22 96
74 22 102
74 22 109
74 22 115
74 22 116
74 22 131
74 22 133
74 22 135
74 70 85
74 70 100
74 70 105
74 70 106
74 70 107
74 70 108
74 70 109
74 70 110
74 70 115
74 70 128
74 70 143
74 70 162
74 49 86
74 49 102
74 49 103
74 49 123
74 49 124
74 49 127
74 49 129
74 19 93
74 19 99
74 19 105
74 19 106
74 19 107
74 19 108
74 19 109
74 19 111
74 19 112
74 19 113
74 19 116
74 19 147
74 19 148
74 46 119
74 46 120
74 61 123
74 61 124
74 61 125
74 61 134
74 7 159
74 87 161
74 109 849
74 109 851
74 109 853
74 109 854
74 109 855
74 109 856
74 109 857
74 109 858
74 109 859
74 109 861
74 109 862
74 109 865
74 3 884
74 3 885
74 14 885
74 14 886
74 14 888
74 10 895
107 97 156
107 97 157
107 97 158
107 10 829
49 30 52
49 30 57
49 30 58
49 30 59
49 30 63
49 30 73
49 30 74
49 30 83
49 30 108
49 30 133
49 67 57
49 67 58
49 67 87
49 67 96
49 67 97
49 67 119
49 67 131
49 67 133
49 111 58
49 111 62
49 7 68
49 7 76
49 7 77
49 7 80
49 7 82
49 7 88
49 7 89
49 7 92
49 7 93
49 7 96
49 7 97
49 7 98
49 7 115
49 7 116
49 7 119
49 7 121
49 7 123
49 7 155
49 7 157
49 7 172
49 91 70
49 91 131
49 91 132
49 91 133
49 91 134
49 91 135
49 60 75
49 0 77
49 0 84
49 0 87
49 0 90
49 0 92
49 0 102
49 0 103
49 0 110
49 0 111
49 0 112
49 0 129
49 18 89
49 18 90
49 21 89
49 21 90
49 84 120
49 84 172
49 54 123
49 54 125
49 76 1291
49 76 1357
49 76 1364
49 76 1365
49 76 1367
49 76 1375
30 22 53
30 22 55
30 22 72
30 22 75
30 22 80
30 22 81
30 22 85
30 22 92
30 22 107
30 22 108
30 22 109
30 22 111
30 22 112
30 22 113
30 22 123
30 22 125
30 22 126
30 22 137
30 22 155
30 46 58
30 46 120
30 46 121
30 46 126
30 46 127
30 46 137
30 46 143
30 46 144
30 46 147
30 46 151
30 46 154
30 19 70
30 19 71
30 19 78
30 19 87
30 19 90
30 19 91
30 19 92
30 19 93
30 19 94
30 19 95
30 19 97
30 19 100
30 19 101
30 19 102
30 19 104
30 19 105
30 19 106
30 19 111
30 19 117
30 19 118
30 19 119
30 19 127
30 19 140
30 19 143
30 19 147
30 58 72
30 58 127
30 58 129
30 58 132
30 58 141
30 58 157
30 58 158
30 61 98
30 61 131
30 61 132
30 61 142
30 61 143
30 61 164
30 106 1045
30 106 1068
30 106 1069
30 106 1070
30 106 1071
30 41 1053
30 41 1072
30 41 1073
30 41 1076
30 41 1078
30 41 1079
30 41 1080
30 41 1082
30 41 1083
30 41 1085
30 41 1086
30 41 1087
30 41 1092
30 41 1094
30 41 1140
30 41 1173
30 110 1056
30 72 1084
30 72 1093
30 72 1103
30 72 1104
30 72 1105
30 72 1107
30 72 1159
30 72 1160
30 72 1161
30 72 1162
30 72 1163
30 72 1164
30 72 1171
30 72 1172
30 72 1175
30 72 1176
30 78 1250
30 102 1251
30 42 1271
30 73 1283
30 34 1285
22 67 55
22 67 68
22 67 70
22 67 72
22 67 75
22 67 86
22 67 87
22 67 92
22 67 100
22 67 101
22 67 111
22 67 112
22 67 113
22 67 114
22 67 115
22 67 117
22 67 130
22 47 60
22 47 76
22 47 82
22 47 83
22 47 85
22 47 88
22 47 93
22 47 94
22 47 95
22 47 96
22 47 100
22 47 101
22 47 102
22 47 103
22 47 111
22 47 114
22 47 115
22 47 117
22 47 118
22 47 119
22 47 142
22 47 156
22 47 295
22 47 315
22 47 384
22 63 60
22 63 126
22 18 64
22 18 65
22 18 66
22 18 73
22 18 88
22 18 95
22 18 118
22 18 158
22 0 65
22 0 66
22 0 68
22 0 69
22 0 70
22 0 71
22 0 72
22 0 78
22 0 86
22 0 89
22 0 100
22 0 104
22 0 116
22 0 117
22 0 118
22 0 157
22 0 158
22 0 165
22 91 69
22 91 125
22 91 126
22 7 78
22 7 79
22 7 92
22 7 93
22 7 94
22 7 122
22 7 165
22 60 121
22 60 145
22 56 130
22 101 145
22 54 145
22 84 148
22 84 150
22 84 151
22 84 153
22 84 157
22 84 158
22 62 294
22 62 297
22 62 298
22 62 306
22 62 330
22 62 335
22 62 336
22 62 339
22 62 340
22 62 342
22 62 343
22 62 346
22 62 350
22 62 351
22 62 352
22 62 353
22 62 354
22 62 355
22 62 356
22 62 357
22 62 358
22 62 359
22 62 362
22 62 363
22 62 364
22 62 365
22 62 368
22 62 369
22 62 370
22 62 371
22 62 372
22 62 373
22 62 375
22 62 376
22 62 377
22 62 378
22 62 383
22 62 385
22 62 395
22 62 421
22 62 432
22 68 295
22 68 308
22 68 324
22 68 333
22 68 335
22 68 336
22 68 375
22 68 376
22 68 377
22 68 380
22 68 382
22 68 384
22 68 385
22 68 390
22 68 392
22 68 393
70 111 54
70 111 62
70 111 72
70 91 62
70 91 63
70 91 144
70 60 67
70 0 77
70 0 78
70 0 79
70 0 84
70 0 87
70 0 89
70 0 91
70 0 94
70 0 95
70 0 98
70 0 100
70 0 101
70 0 112
70 0 127
70 0 135
70 0 150
70 0 152
70 0 153
70 0 154
70 0 155
70 0 156
70 0 157
70 0 158
70 0 163
70 7 79
70 7 80
70 7 81
70 7 87
70 7 92
70 7 96
70 7 98
70 7 100
70 7 115
70 7 121
70 7 136
70 7 137
70 7 146
70 47 80
70 47 84
70 47 85
70 47 91
70 47 101
70 47 117
70 47 118
70 47 144
70 18 89
70 18 767
70 18 769
70 18 816
70 54 127
70 54 132
70 54 147
70 84 139
70 88 743
70 65 759
70 65 762
70 45 766
70 14 795
70 66 815
70 103 815
70 48 816
70 48 817
70 48 818
111 32 58
111 32 103
111 19 61
111 19 64
111 19 68
111 19 77
111 19 136
111 91 62
111 91 63
111 58 76
111 54 82
111 46 85
111 7 103
111 77 127
111 0 136
111 61 138
111 61 163
111 61 165
111 67 138
111 39 162
111 39 163
67 32 55
67 32 58
67 32 59
67 32 99
67 32 101
67 32 105
67 32 107
67 32 109
67 32 111
67 32 112
67 32 113
67 32 114
67 32 133
67 19 58
67 19 80
67 19 91
67 19 97
67 19 105
67 19 106
67 19 107
67 19 108
67 19 109
67 19 110
67 19 111
67 19 150
67 19 152
67 19 153
67 19 154
67 19 155
67 19 162
67 54 60
67 54 61
67 54 78
67 54 84
67 54 94
67 54 98
67 54 100
67 54 101
67 54 105
67 54 108
67 54 109
67 54 118
67 54 119
67 54 140
67 54 144
67 54 146
67 54 163
67 54 164
67 0 61
67 0 63
67 0 65
67 0 66
67 0 67
67 0 68
67 0 125
67 0 127
67 0 129
67 0 132
67 0 133
67 0 143
67 0 144
67 0 146
67 0 147
67 0 148
67 0 149
67 0 150
67 0 152
67 0 155
67 0 160
67 91 64
67 91 68
67 91 75
67 91 80
67 91 94
67 91 109
67 91 110
67 61 69
67 61 120
67 61 121
67 61 133
67 61 152
67 61 155
67 61 158
67 47 70
67 47 71
67 84 77
67 84 85
67 84 95
67 84 96
67 84 105
67 84 106
67 84 158
67 60 103
67 60 104
67 58 122
67 58 124
67 7 131
67 77 142
32 91 63
32 91 98
32 91 120
32 91 123
32 91 125
32 91 126
32 91 127
32 91 129
32 91 136
32 47 75
32 47 114
32 47 115
32 47 116
32 47 118
32 47 134
32 47 156
32 7 82
32 7 86
32 7 95
32 7 96
32 7 103
32 7 112
32 7 113
32 7 147
32 7 150
32 7 151
32 7 155
32 7 156
32 7 157
32 7 158
32 7 172
32 0 86
32 0 87
32 0 90
32 0 91
32 0 92
32 0 96
32 0 97
32 0 99
32 0 100
32 0 101
32 0 102
32 0 106
32 0 117
32 0 119
32 0 120
32 0 121
32 0 143
32 18 806
32 18 807
32 18 830
32 18 833
32 48 882
32 48 887
32 48 888
32 48 895
32 48 896
32 48 897
32 48 901
32 48 902
32 48 918
32 48 921
91 46 57
91 46 64
91 46 72
91 46 77
91 46 78
91 46 80
91 46 84
91 46 85
91 46 87
91 46 89
91 46 90
91 46 91
91 46 92
91 46 93
91 46 94
91 46 105
91 46 107
91 46 118
91 46 126
91 46 133
91 46 154
91 46 160
91 19 61
91 61 66
91 61 67
91 61 77
91 61 87
91 61 89
91 61 90
91 61 91
91 61 92
91 61 95
91 61 97
91 61 99
91 61 108
91 61 109
91 61 132
91 61 141
91 61 142
91 61 148
91 61 153
91 61 160
91 61 163
91 0 68
91 0 121
91 0 125
91 0 162
91 87 70
91 87 71
91 87 75
91 87 76
91 87 84
91 87 100
91 87 101
91 87 102
91 87 105
91 87 113
91 87 145
91 77 72
91 77 138
91 56 72
91 56 94
91 56 99
91 56 101
91 56 102
91 56 103
91 56 105
91 56 121
91 56 124
91 56 125
91 56 127
91 56 132
91 56 138
91 56 147
91 56 148
91 56 149
91 56 150
91 56 151
91 56 152
91 56 153
91 56 154
91 56 155
91 56 159
91 56 164
91 58 92
91 58 93
91 58 100
91 58 106
91 58 107
91 58 119
91 58 127
91 58 131
91 96 111
91 7 145
91 7 153
91 7 155
91 7 156
91 14 755
91 3 755
91 3 775
91 3 881
91 3 882
91 3 883
91 3 884
91 3 885
91 3 886
91 3 888
91 3 889
91 3 896
91 3 898
91 3 899
91 3 905
91 3 906
91 3 916
91 3 917
91 10 775
46 54 65
46 54 66
46 54 67
46 54 68
46 54 69
46 54 70
46 54 71
46 54 72
46 54 73
46 54 74
46 54 75
46 54 88
46 54 94
46 54 95
46 54 97
46 54 103
46 54 113
46 54 115
46 54 116
46 54 117
46 54 123
46 54 132
46 54 139
46 54 146
46 101 69
46 101 92
46 101 93
46 101 110
46 0 72
46 0 121
46 0 124
46 0 133
46 0 134
46 0 135
46 84 80
46 84 105
46 84 137
46 84 161
46 63 103
46 63 107
46 63 109
46 63 110
46 63 128
46 63 160
46 60 103
46 60 115
46 60 117
46 60 137
46 56 109
46 56 110
46 56 128
46 56 136
46 47 135
46 18 758
46 18 761
46 18 762
46 18 763
46 18 765
46 18 768
46 18 772
46 18 774
46 18 775
46 18 776
46 18 778
46 18 779
46 18 780
46 18 781
46 18 785
46 18 786
46 18 794
46 18 795
46 18 797
46 18 798
46 18 799
46 18 803
46 18 804
46 18 806
46 18 807
46 18 809
46 18 813
46 18 814
46 18 815
46 18 816
46 18 821
46 18 825
46 18 830
46 18 834
46 18 836
46 18 838
46 18 840
46 18 841
46 18 842
46 18 843
46 18 844
46 18 846
46 18 847
46 18 848
46 18 849
46 18 853
46 18 854
46 18 855
46 18 856
46 18 857
46 18 864
46 18 868
46 18 869
46 18 870
46 18 871
46 18 872
46 18 876
46 18 877
46 18 931
46 18 933
46 18 934
46 45 923
46 45 934
46 45 935
46 45 936
46 45 937
46 45 938
46 45 939
46 45 940
46 45 941
58 18 58
58 18 59
58 18 74
58 18 75
58 18 119
58 18 126
58 18 129
58 18 143
58 18 146
58 18 150
58 18 159
58 7 65
58 7 66
58 7 67
58 7 146
58 7 155
58 7 160
58 7 162
58 47 68
58 47 144
58 60 72
58 60 75
58 60 82
58 60 87
58 60 96
58 60 163
58 84 76
58 84 96
58 84 100
58 63 80
58 63 81
58 63 84
58 63 96
58 101 82
58 101 92
58 101 95
58 101 96
58 101 106
58 101 108
58 101 1088
58 54 100
58 54 102
58 54 103
58 54 105
58 54 107
58 54 108
58 54 112
58 54 113
58 54 114
58 54 115
58 54 117
58 0 119
58 0 127
58 0 138
58 0 165
58 86 1087
58 86 1096
58 86 1097
58 86 1105
58 86 1106
58 86 1108
58 86 1111
58 86 1112
58 86 1117
58 86 1119
58 86 1120
58 86 1121
58 86 1126
58 86 1127
58 86 1133
58 86 1139
58 86 1140
58 86 1143
58 86 1147
58 86 1149
58 86 1167
58 86 1170
58 86 1171
58 75 1098
58 75 1099
58 42 1160
18 61 71
18 61 98
18 61 126
18 61 127
18 61 128
18 61 129
18 61 136
18 61 137
18 61 153
18 61 154
18 61 159
18 61 164
18 61 165
18 77 160
18 113 757
18 113 758
18 113 760
18 113 761
18 113 762
18 113 763
18 113 765
18 113 767
18 113 769
18 113 770
18 113 772
18 113 773
18 113 774
18 113 775
18 113 776
18 113 777
18 113 778
18 113 785
18 113 795
18 113 797
18 113 798
18 113 799
18 113 803
18 113 804
18 113 806
18 113 807
18 113 809
18 113 810
18 113 815
18 113 821
18 113 824
18 113 825
18 113 826
18 113 829
18 113 831
18 113 834
18 113 835
18 113 840
18 113 841
18 113 842
18 113 843
18 113 844
18 113 848
18 113 855
18 113 856
18 113 857
18 113 858
18 113 859
18 113 860
18 113 861
18 113 862
18 113 863
18 113 868
18 113 893
18 113 894
18 113 896
18 113 897
18 113 898
18 113 899
18 113 902
18 113 903
18 113 905
18 113 915
18 113 917
18 113 933
18 43 757
18 43 758
18 43 765
18 43 769
18 43 774
18 43 775
18 43 785
18 43 786
18 43 790
18 43 791
18 43 793
18 43 794
18 43 795
18 43 803
18 43 804
18 43 825
18 43 826
18 43 827
18 43 832
18 43 833
18 43 834
18 43 835
18 43 836
18 43 838
18 43 868
18 43 869
18 43 870
18 43 871
18 43 872
18 43 873
18 43 874
18 43 875
18 43 876
18 43 877
18 43 880
18 43 881
18 43 882
18 43 883
18 43 884
18 43 885
18 43 886
18 43 887
18 43 888
18 43 889
18 43 890
18 43 891
18 43 892
18 43 893
18 43 894
18 43 895
18 43 896
18 43 897
18 43 898
18 43 899
18 43 900
18 43 901
18 43 902
18 43 903
18 43 904
18 43 905
18 43 906
18 43 907
18 43 909
18 43 910
18 43 911
18 43 912
18 43 913
18 43 914
18 43 915
18 43 916
18 43 917
18 43 918
18 43 919
18 43 921
18 43 922
18 43 924
18 43 925
18 43 926
18 43 927
18 43 928
18 43 929
18 43 930
18 43 931
18 43 932
18 43 933
18 20 767
18 12 768
18 12 769
18 90 772
18 93 806
18 93 807
19 47 58
19 47 59
19 47 73
19 47 75
19 47 77
19 47 92
19 47 94
19 47 95
19 47 96
19 47 97
19 47 98
19 47 117
19 47 118
19 47 121
19 47 124
19 47 126
19 47 127
19 47 134
19 47 145
19 0 64
19 0 77
19 0 79
19 0 80
19 0 83
19 0 90
19 0 92
19 0 93
19 0 101
19 0 116
19 0 117
19 0 118
19 0 122
19 0 143
19 0 147
19 0 150
19 0 160
19 0 165
19 7 76
19 7 80
19 7 81
19 7 88
19 7 89
19 7 92
19 7 99
19 7 100
19 7 110
19 7 129
19 21 89
19 21 116
19 101 121
19 63 129
19 54 149
19 54 159
19 71 409
47 77 115
47 77 125
47 77 126
47 77 136
47 61 124
47 61 126
47 61 127
47 61 133
47 61 134
47 61 139
47 61 141
47 61 142
47 65 295
47 65 315
47 65 335
47 65 340
47 65 342
47 65 374
47 65 384
47 65 397
47 65 421
47 65 423
47 65 433
47 75 308
47 75 313
54 77 59
54 77 127
54 0 61
54 0 62
54 0 121
54 0 123
54 0 124
54 0 125
54 0 127
54 0 139
54 0 140
54 0 144
54 0 145
54 0 146
54 0 155
54 0 159
54 0 160
54 0 161
54 0 163
54 61 77
54 61 82
54 61 83
54 61 85
54 61 109
54 61 134
54 61 148
54 61 152
54 61 153
54 61 154
54 61 155
54 61 159
54 61 160
54 16 116
54 112 444
54 112 445
54 112 446
54 112 447
54 112 448
54 112 450
54 112 451
54 112 453
54 112 454
54 112 455
54 112 458
54 112 459
54 112 460
54 112 461
54 112 465
54 112 466
54 112 468
54 112 469
54 112 470
54 112 473
54 112 478
54 112 479
54 112 481
54 112 500
54 112 501
54 112 502
54 112 503
54 112 505
54 112 509
54 112 512
54 112 513
54 112 514
77 0 64
77 0 70
77 0 74
77 0 87
77 0 110
77 0 115
77 0 118
77 0 120
77 7 76
77 7 82
77 7 93
77 7 95
77 7 96
77 7 110
77 7 119
77 7 142
77 7 146
77 84 128
77 63 142
77 56 160
77 35 1065
77 35 1066
77 35 1071
77 35 1072
77 35 1081
77 35 1086
77 35 1091
77 35 1097
77 35 1116
77 35 1118
77 59 1099
7 84 59
7 84 98
7 84 119
7 84 141
7 84 142
7 84 172
7 61 60
7 61 61
7 61 62
7 61 63
7 61 66
7 61 67
7 61 69
7 61 70
7 61 71
7 61 72
7 61 121
7 61 122
7 61 123
7 61 124
7 61 125
7 61 126
7 61 128
7 61 129
7 61 131
7 61 132
7 61 133
7 61 134
7 87 62
7 0 78
7 0 80
7 0 89
7 0 91
7 0 98
7 0 115
7 0 164
84 61 60
84 61 61
84 61 62
84 61 63
84 61 77
84 61 85
84 61 87
84 61 92
84 61 96
84 61 97
84 61 98
84 61 99
84 61 102
84 61 105
84 61 107
84 61 108
84 61 110
84 61 115
84 61 116
84 61 117
84 61 118
84 61 141
84 61 143
84 56 77
84 56 86
84 56 87
84 56 88
84 56 92
84 92 409
84 92 412
84 92 413
84 92 414
84 92 415
84 92 429
84 92 436
84 92 437
84 92 438
84 92 439
84 92 462
84 92 463
84 92 470
84 92 471
84 92 472
84 92 473
84 92 474
84 92 475
84 92 476
84 92 487
84 92 488
84 92 489
84 92 491
84 92 512
84 16 422
84 68 445
84 26 489
84 26 491
84 26 492
84 26 493
84 95 490
63 61 89
63 61 93
63 61 97
63 61 98
63 61 105
63 61 111
63 96 118
63 55 682
63 6 786
63 6 787
63 6 788
63 6 789
63 6 792
63 6 793
63 6 806
63 6 807
63 6 808
63 6 810
63 6 818
63 6 821
63 6 848
63 6 849
63 6 850
63 6 851
63 6 852
63 113 818
63 4 843
61 5 61
61 87 61
61 87 62
61 87 63
61 0 62
61 0 63
61 0 70
61 0 73
61 0 136
61 0 137
61 0 138
61 0 148
61 0 152
61 0 153
61 0 154
61 0 155
61 0 158
61 0 159
61 101 89
61 101 95
61 101 128
61 101 158
61 101 160
61 97 118
61 21 142
61 21 160
61 68 426
0 5 63
5 87 61
5 87 62
5 87 64
5 87 69
5 87 72
5 87 74
5 87 75
5 87 76
5 87 77
5 87 79
5 87 80
5 87 81
5 87 82
87 56 68
87 56 72
87 56 73
60 25 1366
60 25 1379
60 79 1379
60 79 1424
60 79 1432
60 79 1433
60 79 1434
60 79 1435
60 79 1436
60 79 1438
60 79 1440
60 79 1472
60 79 1475
60 79 1477
60 79 1479
60 79 1480
60 79 1483
60 79 1493
60 79 1497
60 79 1525
60 79 1526
60 79 1531
60 79 1555
60 79 1556
60 79 1557
60 79 1558
60 79 1561
60 79 1562
60 79 1563
60 79 1564
60 79 1565
60 79 1566
60 79 1567
60 79 1568
60 79 1569
60 79 1570
60 79 1571
60 79 1572
60 79 1573
60 79 1574
60 79 1575
60 79 1576
60 79 1577
60 79 1578
60 79 1579
60 79 1580
60 79 1581
60 79 1582
60 79 1583
60 79 1584
60 79 1585
60 79 1586
60 79 1587
60 79 1588
60 79 1589
60 79 1590
60 79 1591
60 79 1592
60 79 1593
60 79 1594
60 79 1595
60 79 1596
60 79 1597
60 79 1598
60 79 1599
60 79 1600
60 79 1604
60 79 1605
60 79 1607
60 79 1613
60 79 1615
60 79 1617
60 79 1619
60 79 1621
60 79 1623
60 79 1625
60 79 1627
60 79 1628
60 79 1630
60 79 1632
60 79 1633
60 79 1635
60 79 1637
60 79 1641
60 79 1643
60 79 1645
60 79 1647
60 79 1649
60 79 1651
60 79 1652
60 79 1653
60 79 1655
60 79 1661
60 79 1664
60 79 1666
60 79 1668
60 79 1670
60 79 1671
60 79 1672
60 79 1673
60 79 1674
60 79 1675
21 12 747
21 12 749
21 12 750
21 12 751
21 12 752
21 12 753
21 12 754
21 12 755
21 12 756
21 12 757
21 12 758
21 12 759
21 12 760
21 12 762
21 12 763
21 12 764
21 12 765
21 12 766
21 12 767
21 12 768
21 12 770
21 12 771
21 12 772
21 12 773
21 12 779
21 12 782
21 12 783
21 12 784
21 12 785
21 12 786
21 12 788
21 12 789
21 12 790
21 12 791
21 12 796
21 12 797
21 12 798
21 12 799
21 12 800
21 12 801
21 12 802
21 12 803
21 12 804
21 12 805
21 12 808
21 12 815
21 12 818
21 12 819
21 12 824
21 12 829
21 12 830
21 12 831
21 12 839
21 12 842
21 12 847
21 12 848
21 12 849
21 12 850
21 12 851
21 12 852
21 12 853
21 96 749
21 96 750
21 96 751
21 96 752
21 96 753
21 96 755
21 37 749
21 37 750
21 37 751
21 37 752
21 37 753
21 37 755
21 37 756
21 37 757
21 37 758
21 37 759
21 37 760
21 37 761
21 37 762
21 37 763
21 37 765
21 37 766
21 37 767
21 37 768
21 37 769
21 37 771
21 37 773
21 37 779
21 37 780
21 37 781
21 37 785
21 37 787
21 37 788
21 37 789
21 37 799
21 37 801
21 37 802
21 37 803
21 37 804
21 37 805
21 37 808
21 37 809
21 37 814
21 37 815
21 37 818
21 37 820
21 37 821
21 37 829
21 37 831
21 37 838
21 37 839
21 37 840
21 37 842
21 37 843
21 37 845
21 37 846
21 37 849
21 37 851
21 37 852
21 37 853
21 6 853
16 51 101
16 51 102
16 51 110
16 51 111
16 51 112
16 51 117
16 33 411
16 33 412
16 33 413
16 33 414
16 33 422
16 33 427
16 33 428
16 33 429
16 33 433
16 106 422
16 28 431
16 3 494
51 106 1039
51 106 1040
51 106 1044
51 106 1045
51 106 1046
51 106 1047
51 106 1049
51 106 1050
51 106 1051
51 106 1057
51 106 1058
51 106 1059
51 106 1060
51 106 1061
51 106 1062
51 106 1063
51 106 1064
51 106 1065
51 106 1066
51 106 1068
51 106 1069
51 106 1070
51 106 1071
51 106 1074
51 106 1075
51 106 1076
51 106 1077
51 106 1078
51 106 1079
51 106 1080
51 106 1081
51 106 1082
51 106 1083
51 106 1085
51 106 1086
51 106 1087
51 106 1088
51 106 1089
51 106 1094
51 106 1099
51 106 1100
51 106 1101
51 106 1102
51 106 1104
51 106 1105
51 106 1106
51 106 1107
51 106 1112
51 106 1114
51 106 1116
51 106 1117
51 106 1119
51 106 1121
51 106 1122
51 106 1123
51 106 1125
51 106 1126
51 106 1127
51 106 1128
51 106 1129
51 106 1130
51 106 1132
51 106 1133
51 28 1061
51 28 1062
51 28 1063
51 28 1064
51 28 1065
51 28 1066
51 28 1068
51 28 1070
51 28 1071
51 28 1072
51 28 1073
51 28 1113
93 97 103
93 97 104
93 97 108
93 97 111
93 97 115
93 97 122
93 97 124
93 97 125
93 97 127
93 97 129
93 97 130
93 97 137
93 97 141
93 97 142
93 97 145
93 97 159
93 97 166
93 97 167
93 97 168
93 97 169
93 88 152
93 39 171
93 34 789
93 34 790
93 34 791
93 34 792
93 34 793
93 34 794
93 34 795
93 34 796
93 34 797
93 34 798
93 34 799
93 34 800
93 34 801
93 34 802
93 34 803
93 34 804
93 34 805
93 34 806
93 34 807
93 34 808
93 34 819
93 34 820
93 34 821
93 34 822
93 34 823
93 34 824
93 34 825
93 34 826
93 34 827
93 34 828
93 34 829
93 34 830
93 34 831
93 34 832
93 34 833
93 34 834
93 34 835
93 34 836
93 34 844
93 34 880
93 34 908
93 34 909
93 34 911
93 34 917
93 34 931
93 34 932
93 34 933
93 34 934
93 34 935
93 34 936
93 34 937
93 34 940
93 34 943
93 34 944
93 34 945
93 34 948
93 34 950
93 34 951
93 34 952
93 34 957
93 34 958
93 34 959
93 34 961
93 34 962
93 34 963
93 34 964
93 34 965
93 34 969
93 34 970
93 34 971
93 8 791
93 8 817
93 113 806
93 103 817
96 88 129
96 94 181
96 94 183
96 94 184
96 94 192
96 94 193
96 94 194
96 94 195
96 94 199
96 94 200
96 12 749
96 12 750
96 12 753
96 12 776
96 39 752
96 39 753
96 39 755
96 39 777
88 40 230
102 35 134
102 35 140
102 35 142
102 35 156
102 35 158
102 35 159
102 35 161
102 35 165
102 35 166
102 35 178
102 35 179
102 35 180
102 86 1090
102 86 1091
102 86 1092
102 86 1096
102 86 1113
102 89 1217
102 89 1288
35 99 1066
35 99 1091
35 99 1111
35 99 1112
35 99 1113
35 41 1097
37 103 135
37 103 136
37 103 137
37 103 138
37 103 141
37 103 143
37 103 147
37 103 149
37 103 150
37 103 157
37 103 160
37 103 162
37 103 167
37 103 168
37 103 169
37 103 176
37 103 177
37 103 181
37 103 184
37 103 185
37 95 748
37 95 749
37 95 750
37 95 751
37 95 754
37 95 756
37 95 757
37 95 758
37 95 759
37 95 760
37 95 761
37 95 762
37 95 763
37 95 764
37 95 765
37 95 767
37 95 768
37 95 769
37 95 770
37 95 771
37 95 772
37 95 778
37 95 779
37 95 780
37 95 781
37 95 782
37 95 783
37 95 784
37 95 785
37 95 786
37 95 787
37 95 788
37 95 789
37 95 790
37 95 792
37 95 793
37 95 794
37 95 795
37 95 796
37 95 797
37 95 798
37 95 801
37 95 802
37 95 803
37 95 804
37 95 805
37 95 808
37 95 813
37 95 814
37 95 815
37 95 816
37 95 817
37 95 818
37 95 819
37 95 830
37 95 831
37 95 832
37 95 839
37 95 840
37 95 842
37 95 844
37 95 853
37 12 748
37 12 749
37 12 750
37 12 751
37 12 753
37 12 774
103 8 778
103 8 783
103 8 784
103 8 785
103 8 786
103 8 787
103 8 788
103 8 789
103 8 790
103 8 792
103 8 793
103 8 794
103 8 795
103 8 796
103 8 797
103 8 798
103 8 799
103 8 800
103 8 808
103 8 809
103 8 811
103 8 812
103 8 816
103 8 817
103 8 819
103 8 820
103 8 822
103 8 824
103 8 825
103 8 828
103 8 836
103 8 837
103 8 838
103 8 839
103 8 843
103 8 844
103 8 845
103 8 846
103 8 847
103 8 848
103 8 849
103 8 850
103 8 851
103 8 852
103 8 853
103 8 854
103 8 861
103 8 866
103 8 867
103 113 834
103 108 839
39 12 752
39 12 754
39 12 755
39 12 756
39 12 757
39 12 758
39 12 759
39 12 760
39 12 762
39 12 763
39 12 764
39 12 765
39 12 766
39 12 767
39 12 768
39 12 769
39 12 770
39 12 771
39 12 772
39 12 773
39 12 776
39 12 777
39 12 779
39 12 781
39 12 782
39 12 787
39 12 788
39 12 789
39 12 790
39 12 791
39 12 792
39 12 793
39 12 795
39 12 796
39 12 797
39 12 798
39 12 799
39 12 801
39 12 802
39 12 803
39 12 805
39 12 806
39 12 808
39 12 809
39 12 810
39 12 811
39 12 814
39 12 815
39 12 824
39 12 827
39 12 828
39 12 829
39 12 832
39 12 833
39 12 834
39 12 835
39 12 836
39 12 837
39 12 839
39 12 840
39 12 841
39 12 842
39 12 845
39 12 846
39 12 847
39 12 849
39 12 850
39 12 851
39 12 852
39 12 853
39 20 754
39 20 770
39 20 777
39 4 843
39 6 852
39 6 853
94 11 474
94 11 475
94 11 476
94 11 483
94 11 492
94 11 493
94 11 495
94 11 496
94 11 497
94 11 498
94 11 499
94 11 500
94 11 502
94 11 504
94 11 506
94 11 507
94 11 508
94 11 509
94 11 510
94 11 511
94 11 513
94 11 514
94 11 515
94 11 516
94 11 517
94 11 518
94 11 519
94 11 551
94 11 569
94 11 570
94 11 572
94 11 573
94 11 574
94 11 575
94 11 579
94 11 581
94 11 589
94 11 593
94 11 594
94 11 604
94 11 606
94 11 607
94 11 608
94 11 610
94 11 613
94 11 614
94 26 491
40 69 665
40 69 683
40 69 684
40 69 686
40 69 688
40 69 689
40 69 692
40 69 694
40 69 696
40 69 698
40 69 701
40 69 702
40 69 704
40 69 706
40 69 708
40 69 766
40 69 767
40 69 768
40 69 791
40 69 792
40 69 793
40 69 894
40 69 895
40 69 898
40 69 903
40 69 944
40 69 945
40 69 946
62 65 294
62 65 295
62 65 298
62 65 330
62 65 331
62 65 335
62 65 336
62 65 337
62 65 375
62 65 378
62 65 384
62 65 385
62 65 386
62 65 408
62 65 421
62 65 429
62 65 432
62 45 294
62 45 295
62 45 298
62 45 300
62 45 303
62 45 306
62 45 307
62 45 316
62 45 318
62 45 322
62 45 325
62 45 327
62 45 328
62 45 330
62 45 334
62 45 380
62 45 382
62 45 383
62 45 384
62 45 385
62 45 419
62 45 421
62 45 428
62 45 432
62 45 433
62 75 315
62 6 638
62 6 639
62 6 640
62 6 641
62 6 642
62 6 643
62 6 644
62 6 645
62 6 646
62 6 647
62 6 648
62 6 649
62 6 650
62 6 651
62 6 652
62 6 653
62 6 654
62 6 655
62 6 656
62 6 658
62 6 659
62 6 660
62 6 661
62 6 663
62 6 664
62 6 665
62 6 666
62 6 674
62 6 677
62 6 679
62 6 682
62 6 686
62 6 687
62 6 688
62 6 689
62 6 690
62 6 691
62 6 692
62 6 694
62 6 697
62 6 698
62 6 706
62 6 709
62 6 714
62 6 738
62 6 739
62 6 740
62 73 805
62 73 807
62 73 809
62 73 810
62 48 819
62 113 821
62 29 843
65 23 294
65 23 300
65 23 303
65 23 310
65 23 331
65 23 332
65 23 334
65 23 337
65 23 391
65 23 394
65 23 422
65 23 423
65 23 432
65 23 635
65 33 431
65 2 589
65 89 592
65 89 630
65 89 634
65 36 622
65 57 631
65 57 635
65 57 644
45 23 294
45 23 310
45 23 314
45 23 391
45 23 421
45 23 422
45 23 423
45 23 432
45 23 433
45 68 294
45 68 310
45 68 314
45 68 318
45 68 325
45 68 345
45 68 357
45 68 408
45 68 422
45 68 430
45 68 432
45 92 425
45 28 432
45 113 757
45 113 763
45 113 764
45 113 769
45 113 782
45 113 783
45 113 784
45 113 785
45 113 786
45 113 787
45 113 789
45 113 790
45 113 791
45 113 793
45 113 794
45 113 795
45 113 796
45 113 798
45 113 799
45 113 800
45 113 802
45 113 803
45 113 804
45 113 805
45 113 811
45 113 813
45 113 816
45 113 819
45 113 825
45 113 826
45 113 831
45 113 832
45 113 840
45 113 842
45 113 843
45 113 844
45 113 845
45 113 846
45 113 847
45 113 848
45 113 849
45 113 850
45 113 851
45 113 852
45 113 853
45 113 855
45 113 856
45 113 857
45 113 858
45 113 859
45 113 860
45 113 861
45 113 863
45 113 864
45 113 865
45 113 866
45 113 867
45 113 870
45 113 871
45 113 884
45 113 893
45 113 894
45 113 895
45 113 896
45 113 897
45 113 898
45 113 899
45 113 902
45 113 903
45 113 904
45 113 905
45 113 906
45 113 907
45 113 908
45 113 909
45 113 910
45 113 911
45 113 912
45 113 913
45 113 914
45 113 915
45 113 916
45 113 917
45 113 918
45 113 919
45 113 926
45 113 935
45 113 936
45 113 937
45 113 938
45 113 939
45 113 940
45 113 941
45 90 759
45 17 764
45 17 788
45 17 792
45 17 796
45 17 823
45 17 837
45 17 839
45 17 857
45 17 862
45 17 867
23 90 620
23 90 643
23 90 644
23 90 646
23 90 652
23 90 654
23 90 658
23 90 668
23 90 670
23 90 672
23 90 675
23 90 692
23 90 693
23 90 697
23 72 696
68 33 452
75 41 1012
75 41 1013
75 41 1017
75 41 1018
75 41 1020
75 41 1022
75 41 1026
75 41 1051
75 41 1067
75 41 1070
75 41 1082
75 41 1083
75 41 1086
75 41 1087
75 41 1092
75 41 1097
75 41 1099
75 41 1100
75 41 1108
75 41 1112
75 41 1118
75 41 1130
75 41 1136
75 28 1057
75 28 1070
75 28 1071
75 28 1072
75 28 1073
75 28 1083
75 28 1086
75 28 1092
75 28 1094
75 28 1102
75 28 1106
75 28 1170
75 48 1070
75 48 1071
75 48 1072
75 78 1230
71 1 366
71 1 367
71 1 368
71 1 372
71 1 377
71 1 378
71 1 381
71 1 396
71 1 397
71 1 403
71 1 404
71 1 407
71 1 408
71 1 409
71 1 410
71 1 411
71 1 427
71 1 428
71 1 431
71 1 432
71 1 433
71 1 435
71 1 439
71 1 445
71 1 446
71 1 447
71 1 449
71 1 450
71 1 453
71 1 454
71 1 455
71 1 456
71 1 457
71 108 860
71 108 873
71 108 874
71 108 875
71 108 893
71 108 896
71 108 897
71 108 898
71 108 899
71 108 900
71 108 901
71 108 904
71 108 905
71 108 907
71 14 884
71 14 887
71 4 893
1 20 387
1 106 437
1 106 439
1 106 442
1 17 453
1 36 608
20 95 748
20 95 754
20 95 756
20 95 757
20 95 758
20 95 759
20 95 760
20 95 762
20 95 763
20 95 764
20 95 765
20 95 768
20 95 769
20 95 770
20 95 773
20 95 774
20 95 777
20 95 779
20 95 782
20 95 783
20 95 784
20 95 786
20 95 789
20 95 799
20 95 801
20 95 802
20 95 803
20 95 804
20 95 805
20 95 809
20 95 812
20 95 813
20 95 814
20 95 815
20 95 818
20 95 819
20 95 830
20 95 831
20 95 832
20 95 839
20 95 841
20 95 842
20 95 843
20 95 846
20 95 853
20 12 748
20 12 774
106 92 408
106 92 409
106 92 410
106 92 415
106 92 423
106 92 426
106 92 429
106 92 443
106 92 444
106 92 445
106 92 446
106 92 447
106 92 448
106 92 449
106 92 450
106 92 451
106 92 461
106 92 465
106 92 466
106 92 468
106 92 488
106 92 497
106 92 509
106 92 511
106 81 409
106 81 410
106 81 413
106 81 414
106 81 415
106 81 418
106 81 422
106 81 429
106 81 435
106 81 462
106 81 472
106 81 474
106 81 495
106 81 497
106 31 424
106 42 1069
106 109 1071
106 109 1073
106 25 1128
92 17 469
92 28 488
92 28 489
92 28 490
92 11 492
81 3 491
81 3 493
81 28 1279
33 79 1092
33 79 1094
33 79 1111
33 79 1112
33 79 1113
33 79 1114
33 79 1115
33 79 1117
33 86 1104
33 86 1105
17 31 415
17 31 416
17 31 417
17 31 418
17 31 419
17 31 420
17 31 421
17 31 423
17 31 424
17 31 425
17 31 426
17 31 430
17 31 434
17 31 435
17 31 436
17 31 437
17 31 438
17 31 439
17 31 442
17 31 444
17 31 445
17 31 447
17 31 450
17 31 452
17 31 453
17 31 463
17 31 464
17 31 465
17 31 467
17 31 469
17 31 470
17 31 486
17 31 487
17 31 488
17 31 490
17 31 491
17 31 493
17 31 495
17 31 497
17 31 498
17 26 442
17 95 493
17 95 764
17 113 756
17 113 764
17 113 796
17 113 808
17 113 811
17 113 812
17 113 820
17 113 823
17 113 828
17 113 839
17 113 845
17 14 758
17 48 764
17 48 796
17 48 811
17 48 812
17 48 820
17 48 823
17 48 839
17 48 845
17 48 850
17 48 851
17 48 852
31 112 484
31 28 494
31 79 1408
3 26 428
3 26 430
3 26 431
3 26 434
3 26 435
3 26 436
3 26 437
3 26 438
3 26 439
3 26 440
3 26 445
3 26 446
3 26 452
3 26 457
3 26 458
3 26 459
3 26 460
3 26 461
3 26 462
3 26 463
3 26 466
3 26 467
3 26 468
3 26 470
3 26 471
3 26 472
3 26 475
3 26 476
3 26 478
3 26 481
3 26 486
3 26 489
3 26 491
3 26 495
3 26 496
3 26 497
3 10 754
3 10 755
3 10 770
3 10 774
3 10 776
3 10 777
3 10 876
3 10 877
3 10 878
3 10 879
3 10 880
3 10 881
3 10 882
3 10 883
3 10 884
3 10 885
3 10 886
3 10 888
3 10 895
3 10 903
3 10 904
3 10 905
3 10 909
3 10 913
3 10 916
3 10 917
3 14 755
3 14 756
3 14 757
3 14 760
3 14 762
3 14 764
3 14 765
3 14 766
3 14 768
3 14 769
3 14 770
3 14 774
3 14 775
3 14 777
3 14 778
3 14 781
3 14 782
3 14 783
3 14 790
3 14 798
3 14 800
3 14 846
3 14 848
3 14 849
3 14 855
3 14 881
3 14 884
3 14 885
3 14 888
3 14 896
3 14 916
3 14 917
3 113 781
3 73 794
3 73 795
3 108 891
26 42 1268
26 42 1269
26 42 1270
26 42 1271
26 42 1272
26 42 1279
26 42 1280
28 109 1042
28 109 1043
28 109 1044
28 109 1045
28 109 1046
28 109 1048
28 109 1049
28 109 1050
28 109 1051
28 109 1053
28 109 1054
28 109 1058
28 109 1062
28 109 1063
28 109 1064
28 109 1065
28 109 1066
28 109 1067
28 109 1068
28 109 1074
28 109 1075
28 109 1093
28 109 1098
28 109 1099
28 109 1101
28 109 1102
28 109 1103
28 109 1104
28 109 1105
28 109 1106
28 109 1107
28 109 1108
28 109 1110
28 109 1111
28 109 1112
28 109 1113
28 109 1114
28 109 1115
28 109 1116
28 109 1117
28 109 1125
28 109 1126
28 109 1127
28 109 1128
28 109 1133
28 109 1134
28 109 1135
28 109 1138
28 109 1139
28 109 1140
28 109 1141
28 109 1163
28 109 1164
28 109 1180
28 109 1188
28 109 1189
28 109 1193
28 109 1194
28 109 1229
28 109 1230
28 109 1246
28 109 1249
28 109 1250
28 109 1251
28 109 1253
28 109 1254
28 109 1255
28 109 1256
28 109 1258
28 109 1259
28 109 1261
28 109 1262
28 109 1268
28 109 1269
28 109 1270
28 109 1271
28 109 1279
28 109 1282
28 109 1287
28 109 1288
28 109 1290
28 109 1297
28 109 1298
28 109 1299
28 109 1300
28 109 1305
28 109 1319
28 109 1321
28 109 1323
28 109 1324
28 109 1339
28 109 1340
28 109 1341
28 109 1342
28 109 1343
28 109 1346
28 109 1348
28 109 1350
28 109 1353
28 109 1354
28 109 1356
28 109 1357
28 109 1358
28 109 1360
28 109 1377
28 109 1378
28 109 1379
28 109 1381
28 109 1382
28 109 1383
28 42 1074
28 42 1075
28 42 1077
28 42 1081
28 42 1084
28 42 1093
28 42 1095
28 104 1113
28 36 1270
28 36 1271
28 52 1281
112 52 515
11 9 613
95 12 748
95 12 752
95 12 754
95 12 755
95 12 756
95 12 757
95 12 759
95 12 760
95 12 762
95 12 763
95 12 764
95 12 765
95 12 767
95 12 768
95 12 769
95 12 770
95 12 771
95 12 772
95 12 773
95 12 774
95 12 775
95 12 777
95 12 778
95 12 779
95 12 781
95 12 782
95 12 787
95 12 788
95 12 789
95 12 796
95 12 797
95 12 798
95 12 799
95 12 800
95 12 801
95 12 802
95 12 803
95 12 804
95 12 806
95 12 809
95 12 810
95 12 815
95 12 819
95 12 820
95 12 821
95 12 829
95 12 830
95 12 831
95 12 832
95 12 833
95 12 834
95 12 835
95 12 837
95 12 838
95 12 839
95 12 840
95 12 853
95 6 853
52 73 1280
52 73 1283
52 73 1284
52 73 1285
52 73 1286
52 73 1287
52 73 1288
52 73 1289
52 73 1290
52 73 1292
52 73 1293
52 73 1294
52 73 1295
52 73 1296
52 73 1297
52 73 1298
52 73 1299
52 73 1300
52 73 1301
52 73 1302
52 73 1303
52 73 1304
52 73 1305
52 73 1306
52 73 1307
52 73 1308
52 73 1309
52 73 1310
52 73 1311
52 73 1312
52 73 1313
52 73 1314
52 73 1315
52 73 1316
52 73 1317
52 73 1318
52 73 1319
52 73 1320
52 73 1321
52 73 1322
52 73 1323
52 73 1324
52 73 1325
52 73 1326
52 73 1327
52 73 1328
52 73 1329
52 73 1330
52 73 1331
52 73 1332
52 73 1333
52 73 1334
52 73 1335
52 73 1336
52 73 1337
52 73 1338
52 73 1339
52 73 1340
52 73 1341
52 73 1342
52 73 1343
52 73 1344
52 73 1345
52 73 1346
52 73 1347
52 73 1348
52 73 1349
52 73 1350
52 73 1351
52 73 1352
52 73 1353
52 73 1354
52 73 1355
52 73 1356
52 73 1358
52 73 1359
52 73 1360
52 73 1361
52 73 1362
52 73 1363
52 73 1366
52 73 1368
52 73 1369
52 73 1370
52 73 1371
52 73 1372
52 73 1373
52 73 1374
52 73 1376
52 73 1377
52 73 1378
52 73 1379
52 73 1380
52 73 1381
52 73 1382
52 73 1383
52 73 1384
52 73 1385
52 73 1386
52 73 1387
52 73 1388
52 73 1389
52 73 1390
52 73 1391
52 73 1392
52 73 1393
52 73 1394
52 73 1395
52 73 1396
52 73 1397
52 73 1398
52 73 1399
52 73 1400
52 73 1401
52 73 1402
52 73 1403
52 73 1404
52 73 1405
52 73 1406
52 73 1407
52 73 1408
9 89 574
9 89 575
9 89 576
9 89 577
9 89 579
9 89 580
9 89 581
9 89 582
9 89 583
9 89 584
9 89 586
9 89 587
9 89 594
9 89 595
9 89 598
9 89 599
9 89 600
9 89 603
9 89 604
9 89 605
9 89 606
9 89 609
9 89 611
9 89 615
9 89 618
9 89 621
9 89 629
9 89 655
9 89 661
9 89 665
9 89 667
9 89 671
9 89 673
9 89 695
9 89 696
9 2 574
9 2 575
9 2 576
9 2 578
9 2 579
9 2 582
9 2 587
9 2 588
9 2 589
9 2 594
9 2 596
9 2 604
9 2 605
9 2 608
9 2 609
9 2 610
9 2 615
9 2 616
9 2 621
9 2 624
9 2 634
9 2 640
9 2 646
9 2 655
9 2 656
9 2 657
9 2 695
9 2 696
9 2 697
9 69 575
9 69 579
9 69 580
9 69 581
9 69 582
9 69 583
9 69 584
9 69 586
9 69 587
9 69 588
9 69 589
9 69 590
9 69 592
9 69 594
9 69 595
9 69 596
9 69 604
9 69 605
9 69 608
9 69 614
9 69 615
9 69 616
9 69 617
9 69 619
9 69 620
9 69 636
9 69 648
9 69 657
9 69 661
9 69 672
9 69 673
9 69 675
9 69 676
9 69 697
9 24 576
9 24 581
9 24 582
9 24 584
9 24 586
9 24 587
9 24 604
9 24 605
9 24 617
9 24 619
9 24 621
9 24 624
9 24 641
9 24 649
9 24 654
9 24 655
9 24 661
9 24 667
9 24 673
9 24 674
9 24 678
9 24 694
9 24 695
9 24 696
9 24 697
9 90 608
9 90 610
9 90 613
9 90 616
9 90 617
9 90 620
9 90 638
9 90 648
9 90 654
9 90 656
9 90 660
9 90 668
9 90 670
9 90 675
9 90 697
9 57 634
9 36 648
9 72 696
89 72 574
89 72 577
89 72 579
89 72 580
89 72 581
89 72 582
89 72 583
89 72 585
89 72 588
89 72 591
89 72 593
89 72 594
89 72 595
89 72 596
89 72 597
89 72 599
89 72 601
89 72 603
89 72 604
89 72 605
89 72 606
89 72 609
89 72 614
89 72 615
89 72 621
89 72 650
89 72 651
89 72 655
89 72 661
89 72 666
89 72 669
89 72 671
89 72 673
89 72 676
89 72 691
89 72 696
89 24 575
89 24 578
89 24 580
89 24 583
89 24 586
89 24 587
89 24 590
89 24 591
89 24 592
89 24 594
89 24 600
89 24 603
89 24 604
89 24 621
89 24 623
89 24 629
89 24 630
89 24 642
89 24 645
89 24 647
89 24 651
89 24 657
89 24 659
89 24 661
89 24 667
89 24 669
89 24 674
89 24 676
89 24 683
89 24 696
2 72 574
2 72 575
2 72 576
2 72 578
2 72 584
2 72 587
2 72 588
2 72 589
2 72 590
2 72 593
2 72 594
2 72 595
2 72 596
2 72 597
2 72 604
2 72 605
2 72 606
2 72 607
2 72 608
2 72 610
2 72 617
2 72 618
2 72 619
2 72 620
2 72 621
2 72 622
2 72 625
2 72 626
2 72 627
2 72 628
2 72 629
2 72 630
2 72 631
2 72 651
2 72 661
2 72 666
2 72 669
2 72 686
2 72 688
2 72 696
2 72 697
2 90 574
2 90 575
2 90 576
2 90 577
2 90 582
2 90 584
2 90 586
2 90 587
2 90 591
2 90 592
2 90 593
2 90 595
2 90 597
2 90 598
2 90 599
2 90 600
2 90 601
2 90 602
2 90 604
2 90 605
2 90 606
2 90 607
2 90 611
2 90 612
2 90 613
2 90 614
2 90 615
2 90 616
2 90 620
2 90 628
2 90 635
2 90 639
2 90 645
2 90 648
2 90 649
2 90 655
2 90 656
2 90 661
2 90 664
2 90 666
2 90 668
2 90 669
2 90 670
2 90 671
2 90 672
2 90 680
2 90 681
2 90 682
2 90 683
2 90 684
2 90 692
2 90 695
2 90 696
2 90 697
2 90 756
2 90 764
2 90 765
2 90 783
2 90 784
2 90 785
2 90 789
2 90 790
2 90 803
2 90 804
2 90 805
2 90 816
2 90 834
2 90 835
2 90 836
2 90 837
2 90 839
2 90 840
2 90 847
2 90 849
2 24 575
2 24 576
2 24 586
2 24 587
2 24 596
2 24 603
2 24 604
2 24 605
2 24 617
2 24 618
2 24 620
2 24 624
2 24 628
2 24 629
2 24 641
2 24 645
2 24 648
2 24 667
2 24 669
2 24 670
2 24 671
2 24 672
2 24 683
2 24 690
2 24 694
2 24 695
2 24 696
2 10 756
2 10 757
2 10 758
2 10 759
2 10 761
2 10 765
2 10 767
2 10 768
2 10 769
2 10 779
2 10 783
2 10 784
2 10 792
2 10 793
2 10 794
2 10 795
2 10 798
2 10 802
2 10 803
2 10 804
2 10 805
2 10 806
2 10 807
2 10 808
2 10 809
2 10 810
2 10 811
2 10 812
2 10 813
2 10 816
2 10 817
2 10 818
2 10 819
2 10 820
2 10 821
2 10 822
2 10 824
2 10 825
2 10 826
2 10 827
2 10 828
2 10 829
2 10 831
2 10 832
2 10 833
2 10 839
2 10 840
2 10 843
2 10 853
2 10 857
2 10 858
2 10 865
2 4 855
72 76 648
72 42 1011
72 42 1021
72 42 1023
72 42 1025
72 42 1027
72 42 1069
72 42 1074
72 42 1088
72 42 1096
72 42 1107
72 42 1109
72 42 1110
72 42 1111
72 42 1113
72 42 1114
72 42 1115
72 42 1116
72 42 1119
72 42 1121
72 42 1129
72 42 1133
72 42 1134
72 42 1135
72 42 1137
72 42 1179
72 42 1180
72 42 1188
72 42 1192
72 42 1195
72 42 1207
72 42 1228
72 42 1229
72 42 1236
72 42 1241
72 42 1242
72 109 1087
72 109 1088
72 109 1091
72 109 1097
72 109 1101
72 109 1103
72 109 1104
72 109 1105
72 109 1106
72 109 1107
72 109 1140
72 109 1156
72 109 1162
72 109 1163
72 109 1169
72 109 1172
72 104 1120
72 25 1241
90 69 612
90 69 613
90 69 616
90 69 617
90 69 620
90 69 622
90 69 643
90 69 644
90 69 648
90 69 656
90 69 670
90 69 675
90 69 687
90 69 697
90 36 648
90 14 756
90 14 758
90 14 763
90 14 765
90 14 766
90 14 767
90 14 769
90 14 774
90 14 776
90 14 777
90 14 779
90 14 780
90 14 782
90 14 783
90 14 787
90 14 796
90 14 819
90 14 828
90 14 829
90 14 842
90 14 844
90 14 847
90 14 848
90 14 849
90 14 855
90 14 884
90 14 885
90 14 889
90 14 893
90 14 896
90 14 907
90 14 912
90 14 913
90 14 916
90 14 917
90 10 756
90 10 757
90 10 763
90 10 764
90 10 766
90 10 767
90 10 768
90 10 769
90 10 772
90 10 776
90 10 777
90 10 779
90 10 787
90 10 794
90 10 802
90 10 804
90 10 805
90 10 820
90 10 821
90 10 822
90 10 823
90 10 834
90 10 837
90 10 839
90 10 840
90 10 849
90 10 881
90 10 882
90 10 883
90 10 885
90 10 886
90 10 887
90 10 888
90 10 889
90 10 916
90 113 759
90 113 773
90 73 794
90 73 795
90 73 796
90 29 855
90 29 896
90 4 855
90 108 892
90 108 893
24 69 576
24 69 585
24 69 586
24 69 592
24 69 594
24 69 599
24 69 601
24 69 602
24 69 603
24 69 604
24 69 618
24 69 620
24 69 621
24 69 628
24 69 635
24 69 636
24 69 638
24 69 639
24 69 640
24 69 653
24 69 655
24 69 656
24 69 661
24 69 662
24 69 664
24 69 665
24 69 668
24 69 669
24 69 670
24 69 671
24 69 680
24 69 682
24 69 689
24 69 691
24 69 692
24 69 693
24 36 608
24 76 676
24 43 1273
24 43 1274
24 43 1276
24 43 1277
24 43 1278
24 43 1281
24 43 1282
69 57 668
69 8 691
36 78 608
36 78 613
36 78 1222
36 78 1223
36 78 1225
36 78 1230
36 78 1232
36 78 1234
36 78 1243
36 78 1246
36 78 1248
36 78 1253
36 78 1256
36 78 1258
36 78 1260
36 42 1272
36 86 1287
78 42 1230
57 8 655
57 8 656
57 8 657
57 8 665
57 8 666
57 8 667
57 8 675
57 8 700
57 8 706
57 8 733
57 8 739
57 8 740
57 8 741
57 8 745
57 8 746
57 8 748
57 8 749
57 8 763
57 8 767
57 8 768
57 8 772
57 8 773
6 73 803
6 73 805
6 73 808
6 113 822
6 12 853
8 66 778
8 66 780
8 66 783
8 66 784
8 66 788
8 66 789
8 66 790
8 66 796
8 66 801
8 66 805
8 66 806
8 66 807
8 66 808
8 66 809
8 66 813
8 66 814
8 66 815
8 66 817
8 66 818
8 66 819
8 66 820
8 66 821
8 66 826
8 66 827
8 66 828
8 66 829
8 66 830
8 66 831
8 66 834
8 66 835
8 66 836
8 66 837
8 66 842
8 66 843
8 66 845
8 66 846
8 66 847
8 66 850
8 66 852
8 66 853
8 66 854
8 66 855
8 66 856
8 66 857
8 66 858
8 66 859
8 66 860
8 66 861
8 66 862
8 66 863
8 66 864
8 66 865
8 66 866
8 66 867
8 73 815
8 104 860
41 66 664
41 66 668
41 66 670
41 66 671
41 66 672
41 66 687
41 66 693
41 66 695
41 66 697
41 66 897
41 66 899
41 66 900
41 66 901
41 66 902
41 109 1070
41 109 1071
41 109 1073
41 109 1074
41 109 1075
41 109 1087
41 109 1091
41 109 1092
41 109 1096
41 104 1070
41 104 1071
41 104 1073
41 86 1164
41 25 1241
66 104 778
66 104 779
66 104 780
66 104 783
66 104 784
66 104 786
66 104 789
66 104 790
66 104 801
66 104 804
66 104 805
66 104 809
66 104 811
66 104 812
66 104 814
66 104 815
66 104 817
66 104 818
66 104 823
66 104 824
66 104 828
66 104 836
66 104 837
66 104 843
66 104 844
66 104 846
66 104 847
66 104 848
66 104 849
66 104 850
66 104 851
66 104 852
66 104 853
66 104 860
66 104 861
66 104 866
66 104 867
55 27 868
55 27 869
55 27 875
55 27 876
55 27 879
55 27 884
55 27 885
55 27 898
55 27 899
55 27 900
55 27 901
55 27 902
12 113 769
14 10 752
14 10 753
14 10 754
14 10 755
14 10 759
14 10 764
14 10 768
14 10 769
14 10 770
14 10 771
14 10 773
14 10 775
14 10 776
14 10 777
14 10 778
14 10 779
14 10 786
14 10 787
14 10 788
14 10 789
14 10 790
14 10 792
14 10 794
14 10 795
14 10 796
14 10 801
14 10 837
14 10 849
14 10 854
14 10 856
14 10 857
14 10 889
14 10 917
14 113 781
14 4 899
10 73 794
10 29 854
10 108 893
10 27 899
113 48 757
113 48 758
113 48 759
113 48 760
113 48 762
113 48 763
113 48 764
113 48 765
113 48 766
113 48 767
113 48 768
113 48 769
113 48 770
113 48 771
113 48 772
113 48 774
113 48 775
113 48 776
113 48 777
113 48 778
113 48 779
113 48 785
113 48 786
113 48 787
113 48 789
113 48 790
113 48 791
113 48 792
113 48 793
113 48 794
113 48 795
113 48 796
113 48 797
113 48 798
113 48 799
113 48 800
113 48 802
113 48 803
113 48 810
113 48 811
113 48 812
113 48 813
113 48 814
113 48 816
113 48 817
113 48 818
113 48 819
113 48 820
113 48 821
113 48 823
113 48 824
113 48 825
113 48 827
113 48 828
113 48 829
113 48 830
113 48 831
113 48 832
113 48 840
113 48 841
113 48 848
113 48 934
113 48 935
113 48 936
113 48 937
113 48 938
113 48 939
113 48 940
113 48 941
113 34 806
113 34 807
113 73 816
113 73 817
113 73 818
43 48 757
43 48 758
43 48 764
43 48 769
43 48 772
43 48 787
43 48 788
43 48 789
43 48 790
43 48 791
43 48 792
43 48 793
43 48 794
43 48 795
43 48 796
43 48 797
43 48 798
43 48 799
43 48 800
43 48 801
43 48 802
43 48 804
43 48 805
43 48 810
43 48 811
43 48 813
43 48 815
43 48 818
43 48 823
43 48 826
43 73 1281
48 109 1069
48 42 1069
48 104 1113
48 104 1118
73 108 813
73 99 1278
73 99 1284
73 99 1285
73 99 1286
73 99 1287
73 99 1289
73 99 1290
73 99 1292
73 99 1293
73 99 1294
73 99 1295
73 99 1296
73 99 1297
73 99 1298
73 99 1299
73 99 1300
73 99 1301
73 99 1302
73 99 1303
73 99 1304
73 99 1305
73 99 1306
73 99 1308
73 99 1309
73 99 1310
73 99 1311
73 99 1312
73 99 1313
73 99 1314
73 99 1315
73 99 1316
73 99 1317
73 99 1318
73 99 1319
73 99 1320
73 99 1321
73 99 1322
73 99 1323
73 99 1324
73 99 1325
73 99 1326
73 99 1327
73 99 1328
73 99 1329
73 99 1330
73 99 1331
73 99 1332
73 99 1333
73 99 1334
73 99 1335
73 99 1336
73 99 1337
73 99 1338
73 99 1339
73 99 1340
73 99 1341
73 99 1342
73 99 1343
73 99 1344
73 99 1345
73 99 1346
73 99 1347
73 99 1348
73 99 1353
73 99 1355
73 99 1356
73 99 1358
73 99 1359
73 99 1362
73 99 1363
73 99 1369
73 99 1370
73 99 1371
73 99 1372
73 99 1374
73 99 1376
73 99 1377
73 99 1378
73 99 1379
73 99 1381
73 99 1382
73 99 1383
73 99 1385
73 99 1386
73 99 1387
73 99 1388
73 99 1389
73 99 1390
73 99 1391
73 99 1392
73 99 1393
73 99 1395
73 99 1396
73 99 1397
73 99 1399
73 99 1400
73 99 1401
73 99 1402
73 99 1403
73 99 1404
73 99 1405
73 99 1406
73 99 1407
4 29 819
4 29 820
4 29 821
4 29 839
4 29 841
4 29 843
4 29 846
4 29 847
4 29 848
4 29 849
4 29 854
4 29 856
4 29 861
4 29 862
4 29 863
4 29 864
4 29 866
4 29 867
4 27 868
4 27 869
4 27 870
4 27 875
4 27 876
4 27 877
4 27 878
4 27 879
4 27 884
4 27 885
4 27 886
4 27 895
4 27 898
4 27 899
4 27 901
4 27 904
29 110 1394
29 110 1395
29 110 1396
29 110 1397
29 110 1398
29 110 1399
29 110 1400
29 110 1401
29 110 1402
29 110 1403
29 110 1404
29 110 1405
29 110 1406
29 110 1407
29 110 1409
29 110 1410
29 110 1417
29 110 1418
29 110 1420
29 110 1421
29 110 1423
29 110 1424
29 110 1425
29 110 1426
29 110 1428
29 110 1429
29 110 1430
29 110 1431
29 110 1432
29 110 1433
29 110 1434
29 110 1435
29 110 1436
29 110 1438
29 110 1442
29 110 1443
29 110 1444
109 42 1271
27 59 1347
27 59 1349
27 59 1350
27 59 1352
27 59 1353
27 59 1354
27 59 1355
27 59 1356
27 59 1358
27 59 1359
27 59 1360
27 59 1361
27 59 1363
27 59 1364
27 59 1365
27 59 1367
27 59 1369
27 59 1370
27 59 1371
27 59 1372
27 59 1373
27 59 1374
27 59 1375
27 59 1377
27 59 1378
27 59 1380
27 59 1411
27 59 1424
27 59 1463
27 59 1555
27 59 1556
27 59 1557
27 59 1558
27 79 1379
27 79 1388
27 79 1409
27 79 1411
27 79 1423
27 79 1432
27 79 1433
27 79 1438
27 79 1441
27 79 1442
27 79 1443
27 79 1444
27 79 1445
27 79 1447
27 79 1448
27 79 1449
27 79 1451
27 79 1452
27 79 1453
27 79 1455
27 79 1456
27 79 1464
27 79 1465
27 79 1466
27 79 1467
27 79 1468
27 79 1471
27 79 1525
27 79 1526
27 79 1557
27 79 1558
110 79 1408
110 59 1409
99 79 1111
99 79 1112
99 79 1113
