44 38 0
44 38 1
44 38 2
44 38 3
44 38 12
44 115 0
44 115 16
44 115 22
44 115 24
44 115 27
44 115 28
44 115 35
44 115 37
44 115 38
44 115 39
44 115 41
44 115 46
44 115 47
44 115 50
44 115 51
44 115 52
44 115 53
44 115 57
44 115 76
44 115 103
44 115 104
44 115 107
44 115 108
44 115 111
44 115 112
44 115 113
44 115 114
44 115 116
44 115 117
44 115 118
44 115 152
44 115 153
44 132 71
44 24 76
44 70 76
44 70 153
44 150 98
44 47 101
44 13 435
44 80 487
38 115 4
38 115 9
38 115 10
38 115 63
38 132 51
38 93 63
38 93 429
38 131 63
38 150 76
38 150 152
38 99 118
38 151 415
38 151 416
38 151 417
38 151 418
38 151 419
38 151 420
38 151 421
38 151 422
38 151 423
38 151 424
38 151 425
38 151 426
38 151 427
38 151 428
38 151 429
38 151 430
38 151 431
38 151 432
38 151 433
38 151 435
38 151 436
38 151 437
38 151 438
38 151 439
38 151 440
38 151 441
38 151 442
38 151 443
38 151 444
38 151 445
38 151 446
38 151 448
38 151 453
38 151 458
38 151 460
38 151 461
38 151 462
38 151 463
38 151 464
38 151 465
38 3 429
115 39 0
115 39 1
115 39 2
115 39 3
115 39 8
115 39 12
115 39 14
115 39 15
115 39 16
115 39 20
115 39 21
115 39 22
115 39 24
115 39 46
115 39 48
115 39 59
115 39 62
115 39 64
115 39 65
115 39 66
115 39 74
115 39 76
115 39 77
115 39 80
115 39 81
115 39 82
115 39 83
115 39 84
115 39 85
115 39 90
115 39 93
115 39 94
115 39 101
115 39 102
115 39 110
115 39 111
115 39 112
115 39 113
115 39 115
115 39 116
115 39 117
115 39 118
115 39 148
115 39 152
115 43 4
115 43 10
115 163 60
115 166 61
115 166 62
115 166 63
115 86 68
115 70 76
115 70 91
115 70 92
115 70 93
115 24 92
115 24 95
115 24 153
115 94 93
115 26 110
115 99 118
115 124 118
115 179 150
115 150 152
115 150 153
115 150 154
39 43 4
39 43 9
39 43 10
39 43 16
39 43 18
39 43 19
39 43 21
39 43 23
39 43 24
39 43 45
39 43 46
39 43 47
39 43 48
39 43 67
39 43 68
39 43 69
39 43 70
39 43 71
39 43 76
39 43 77
39 43 82
39 43 83
39 43 84
39 43 85
39 43 87
39 43 88
39 43 92
39 43 93
39 43 96
39 43 112
39 43 113
39 43 114
39 43 115
39 43 116
39 43 117
39 43 118
39 43 119
39 43 120
39 43 121
39 43 122
39 43 123
39 43 124
39 43 144
39 43 145
39 43 146
39 43 147
39 43 148
39 43 149
39 132 52
39 166 61
39 166 62
39 166 118
39 131 62
39 24 74
39 24 76
39 24 77
39 70 75
39 101 106
39 101 450
39 101 463
39 101 468
39 101 469
39 101 470
39 101 471
39 101 472
39 101 477
39 101 488
39 101 491
39 101 497
39 101 518
39 101 521
39 101 538
39 101 552
39 124 108
39 124 109
39 85 466
39 85 517
39 85 543
39 80 470
39 80 472
39 80 480
39 80 481
39 80 482
39 80 483
39 80 484
39 80 497
39 80 498
39 80 504
39 80 521
39 80 545
39 80 551
39 147 475
39 147 492
39 147 493
39 147 495
39 147 496
39 147 512
39 147 527
39 147 551
39 45 487
39 59 535
39 7 535
39 62 535
39 118 535
43 150 75
43 146 102
43 37 102
43 90 438
43 90 446
43 90 475
43 90 482
43 90 487
43 90 511
43 90 515
43 90 518
43 90 521
43 90 524
43 90 541
43 90 545
43 90 546
43 167 479
163 131 15
163 131 16
163 131 17
163 131 18
163 131 20
163 131 21
163 131 24
163 131 25
163 131 27
163 131 28
163 131 29
163 131 30
163 131 31
163 131 32
163 131 33
163 131 34
163 131 35
163 131 36
163 131 37
163 131 38
163 131 39
163 131 40
163 131 41
163 131 43
163 131 44
163 131 46
163 131 47
163 131 48
163 131 49
163 131 50
163 131 51
163 131 52
163 131 53
163 131 55
163 131 56
163 131 58
163 131 59
163 131 60
163 131 62
163 131 63
163 131 64
163 131 66
163 131 68
163 131 69
163 131 70
163 131 71
163 131 72
163 131 73
163 131 74
163 131 75
163 131 76
163 131 77
163 131 78
163 131 79
163 131 80
163 131 81
163 131 83
163 131 84
163 131 85
163 131 86
163 131 87
163 131 88
163 131 89
163 131 91
163 131 96
163 131 97
163 131 99
163 131 100
163 131 103
163 131 108
163 131 112
163 131 116
163 131 121
163 131 125
163 131 128
163 131 130
163 131 131
163 131 132
163 101 36
163 132 39
163 132 40
163 132 41
163 132 42
163 132 44
163 132 86
163 132 106
163 24 45
163 24 46
163 24 97
163 24 98
163 94 62
163 94 64
163 94 71
163 94 72
163 94 73
163 94 74
163 94 75
163 94 76
163 94 79
163 94 81
163 94 86
163 94 87
163 94 88
163 94 91
163 94 96
163 94 98
163 94 99
163 94 100
163 94 101
163 94 103
163 94 104
163 94 106
163 94 109
163 94 110
163 94 111
163 94 116
163 94 117
163 94 118
163 94 119
163 94 120
163 94 121
163 94 122
163 94 123
163 94 124
163 94 125
163 94 126
163 94 127
163 94 128
163 94 129
163 94 130
163 94 131
163 94 132
163 95 90
163 95 92
163 18 91
163 18 94
163 18 95
163 26 92
163 70 96
163 173 132
163 19 1206
163 19 1207
163 19 1208
163 19 1209
163 19 1210
163 19 1211
163 19 1212
163 19 1213
163 19 1214
163 19 1215
163 19 1217
163 19 1218
163 19 1219
163 19 1220
163 19 1221
163 19 1223
163 19 1225
163 19 1226
163 19 1227
163 19 1228
163 19 1229
163 19 1232
163 19 1233
163 19 1234
163 19 1235
163 19 1239
163 19 1240
163 19 1241
163 19 1242
163 19 1243
163 19 1244
163 19 1245
163 19 1246
163 19 1247
163 19 1248
163 19 1249
163 19 1250
163 19 1251
163 19 1252
163 19 1253
163 19 1254
163 19 1255
163 19 1256
163 19 1258
163 19 1259
163 138 1246
163 138 1249
163 138 1250
163 138 1251
163 138 1252
163 138 1253
131 12 32
131 25 34
131 126 35
131 126 36
131 132 39
131 132 40
131 132 41
131 132 43
131 132 45
131 132 90
131 132 98
131 86 41
131 86 43
131 86 44
131 24 44
131 24 45
131 24 46
131 70 46
131 70 96
131 70 98
131 93 63
131 93 64
131 93 66
131 93 67
131 93 68
131 93 73
131 93 75
131 93 76
131 93 77
131 93 87
131 93 89
131 93 94
131 93 95
131 93 96
131 93 98
131 93 99
131 93 100
131 93 101
131 93 103
131 93 108
131 93 109
131 93 110
131 93 116
131 93 127
131 93 130
131 93 131
131 94 65
131 94 69
131 94 70
131 94 71
131 94 72
131 94 81
131 94 82
131 94 85
131 94 86
131 94 88
131 94 90
131 94 92
131 94 93
131 94 105
131 94 107
131 94 112
131 94 113
131 94 135
131 166 65
131 175 118
131 146 135
131 37 135
131 18 135
126 101 23
126 101 24
126 101 25
126 101 26
126 101 27
126 101 28
126 101 29
126 101 30
126 101 31
126 101 33
126 101 36
126 101 37
126 101 38
126 101 39
126 101 43
126 101 44
126 101 45
126 101 46
126 101 47
126 101 48
126 101 49
126 101 50
126 101 51
126 101 52
126 101 53
126 101 54
126 101 55
126 101 57
126 101 58
126 101 59
126 101 61
126 101 62
126 101 63
126 101 154
126 101 155
126 101 156
126 101 157
126 101 159
126 101 160
126 101 161
126 101 162
126 101 174
126 101 179
126 101 180
126 101 195
126 101 199
126 101 200
126 101 202
126 101 205
126 101 207
126 101 219
126 101 221
126 101 222
126 101 223
126 101 224
126 26 25
126 26 26
126 26 83
126 26 84
126 26 132
126 26 133
126 26 134
126 26 140
126 26 141
126 26 142
126 166 34
126 166 35
126 24 88
126 24 89
126 173 176
126 104 242
126 104 243
126 104 247
126 104 248
126 104 249
126 104 253
126 104 254
126 104 258
126 104 265
126 104 266
126 104 277
126 104 288
126 104 289
126 104 290
126 104 291
126 104 292
126 104 293
126 104 295
126 104 296
126 104 297
126 104 298
126 104 299
126 104 300
126 104 301
126 104 302
126 104 303
126 104 304
126 104 305
126 104 306
126 104 307
126 104 308
126 104 309
126 104 310
126 104 311
126 104 312
126 104 313
126 104 314
126 104 315
126 104 316
126 104 317
126 104 318
126 104 319
126 104 320
126 104 321
126 104 322
126 104 323
126 104 324
126 104 325
126 104 326
126 104 327
126 104 328
126 104 329
126 104 330
126 104 333
126 104 334
126 104 335
126 104 336
126 104 337
126 104 338
126 104 341
126 104 342
126 104 343
126 104 344
126 104 345
126 104 346
126 104 349
126 104 350
126 104 351
126 104 353
126 104 354
126 104 355
126 104 358
126 104 359
126 104 360
126 104 361
126 104 362
126 104 363
126 104 364
126 104 365
126 104 366
126 104 367
126 104 368
126 104 370
126 104 371
126 104 372
126 104 373
126 104 374
126 104 375
126 104 376
126 104 377
126 104 378
126 104 379
126 104 380
126 104 381
126 104 382
126 104 383
126 104 384
126 104 388
126 104 391
126 104 392
126 79 389
126 79 390
126 103 395
126 97 396
101 94 25
101 94 27
101 94 28
101 94 30
101 94 31
101 94 34
101 94 36
101 94 37
101 94 52
101 94 53
101 94 62
101 94 65
101 94 66
101 94 67
101 94 68
101 25 25
101 25 456
101 25 457
101 25 458
101 25 459
101 25 467
101 25 477
101 25 486
101 25 488
101 25 503
101 25 504
101 25 530
101 25 532
101 25 534
101 25 535
101 25 536
101 25 537
101 25 538
101 25 539
101 25 545
101 25 546
101 25 551
101 25 552
101 25 554
101 25 555
101 167 454
101 167 479
101 167 495
101 167 497
101 167 520
101 167 525
101 167 527
101 167 528
101 167 533
101 167 534
101 167 541
101 167 542
101 167 543
101 167 552
101 52 455
101 52 469
101 52 506
101 48 456
101 48 463
101 48 498
101 61 468
101 61 474
101 61 476
101 116 468
101 159 470
101 159 473
101 159 476
101 6 475
101 6 485
101 6 487
101 6 490
101 6 491
101 6 495
101 6 498
101 6 507
101 6 510
101 6 511
101 6 540
101 6 542
101 6 543
101 6 554
101 6 555
101 118 477
101 118 487
101 118 498
101 118 500
101 118 506
101 118 507
101 58 506
101 58 509
101 58 510
94 124 25
94 124 33
94 124 34
94 124 35
94 124 37
94 124 74
94 124 75
94 124 78
94 124 79
94 124 81
94 124 82
94 124 85
94 124 87
94 124 90
94 26 30
94 26 34
94 26 36
94 26 50
94 26 83
94 26 84
94 26 92
94 24 31
94 24 88
94 24 89
94 70 31
94 11 44
94 132 64
94 150 83
94 150 114
94 150 115
94 150 116
94 86 91
94 37 93
94 37 135
94 146 133
94 146 135
94 146 136
94 48 133
124 99 72
124 99 73
124 99 74
124 99 75
124 99 76
124 99 77
124 99 78
124 99 79
124 99 82
124 99 83
124 99 85
124 99 86
124 99 89
124 99 95
124 99 98
124 99 99
124 99 100
124 99 101
124 99 102
124 99 105
124 99 108
124 99 109
124 99 110
124 99 111
124 99 112
124 99 113
124 99 114
124 99 115
124 99 116
124 99 117
124 99 118
124 99 122
124 99 125
124 99 126
124 99 129
124 99 130
124 99 132
124 99 133
124 99 134
124 99 137
124 99 138
124 99 139
124 99 140
124 99 141
124 99 142
124 99 143
124 99 145
124 99 147
124 99 148
124 99 150
124 99 152
124 99 153
124 58 86
124 25 87
124 175 140
124 175 142
124 175 143
124 102 175
124 108 1091
124 84 1093
124 84 1095
124 84 1096
124 84 1097
124 84 1098
124 84 1101
124 84 1102
124 84 1103
124 84 1104
124 84 1106
124 84 1107
124 84 1108
124 84 1110
124 84 1111
124 84 1113
124 84 1116
124 84 1117
124 84 1125
124 80 1096
26 99 26
26 99 27
26 99 83
26 99 93
26 99 131
26 99 132
26 99 133
26 99 139
26 99 140
26 99 141
26 99 142
26 99 143
26 99 144
26 24 31
26 175 137
26 175 138
26 175 139
26 175 140
26 175 142
26 175 143
26 42 168
26 133 431
25 95 89
25 7 443
25 7 444
25 7 445
25 7 446
25 7 460
25 7 519
25 7 544
25 7 553
25 7 554
25 7 555
25 7 556
25 40 444
25 40 446
25 40 477
25 40 482
25 40 488
25 40 520
25 40 540
25 40 544
25 40 545
25 40 547
25 40 551
25 40 553
25 40 554
25 40 555
25 62 445
25 62 446
25 62 454
25 62 469
25 62 517
25 62 530
25 59 450
25 59 468
25 59 502
25 59 513
25 59 531
25 53 451
25 53 511
25 53 513
25 53 514
25 53 531
25 53 541
25 53 543
25 49 452
25 49 456
25 49 515
25 49 516
25 80 458
25 80 459
25 80 460
25 80 485
25 80 486
25 80 489
25 80 490
25 80 499
25 80 500
25 80 548
25 80 551
25 118 461
25 118 478
25 118 494
25 118 544
25 71 461
25 71 484
25 160 462
25 147 469
25 147 470
25 147 472
25 147 474
25 147 475
25 147 478
25 147 494
25 164 481
25 164 482
25 164 483
25 164 484
25 164 485
25 164 489
25 164 493
25 164 506
25 164 544
25 164 547
25 164 548
25 164 551
25 164 554
25 45 488
25 116 511
99 166 37
99 166 91
99 166 92
99 95 74
99 95 75
99 95 78
99 95 79
99 95 80
99 95 81
99 95 87
99 95 89
99 95 90
99 57 86
99 70 95
99 18 98
99 18 99
99 18 100
99 179 140
99 179 142
99 179 143
99 168 172
99 104 181
99 76 360
70 24 30
70 24 31
70 24 32
70 24 33
70 24 34
70 24 35
70 24 36
70 24 37
70 24 38
70 24 39
70 24 40
70 24 41
70 24 42
70 24 43
70 24 44
70 24 45
70 24 46
70 24 47
70 24 48
70 24 49
70 24 50
70 24 53
70 24 54
70 24 55
70 24 61
70 24 62
70 24 64
70 24 65
70 24 66
70 24 69
70 24 70
70 24 72
70 24 73
70 24 74
70 24 75
70 24 78
70 24 81
70 24 82
70 24 83
70 24 90
70 24 91
70 24 92
70 24 93
70 24 94
70 24 99
70 24 100
70 24 101
70 24 102
70 24 103
70 24 104
70 24 106
70 24 107
70 24 108
70 24 109
70 24 110
70 24 111
70 24 112
70 24 113
70 24 114
70 24 115
70 24 118
70 24 119
70 24 123
70 24 124
70 24 140
70 24 141
70 24 144
70 24 145
70 24 146
70 24 147
70 24 149
70 24 150
70 24 151
70 24 153
70 166 45
70 166 46
70 132 54
70 132 55
70 132 83
70 132 85
70 132 97
70 150 96
70 150 152
70 150 153
70 11 99
70 102 145
24 132 45
24 132 54
24 132 55
24 132 83
24 132 84
24 132 96
24 132 97
24 12 99
24 173 147
24 150 153
12 166 32
12 166 33
12 166 34
12 132 42
12 169 401
12 169 402
12 92 403
12 157 407
12 157 423
12 157 430
12 176 407
12 176 410
12 167 423
166 86 40
166 86 41
166 93 63
166 93 65
166 93 68
166 37 92
166 37 95
166 150 96
166 72 296
166 72 299
166 72 330
86 132 37
86 132 38
86 132 41
86 132 43
86 132 51
86 132 53
86 132 59
86 132 61
86 132 62
86 132 65
86 132 69
86 132 70
86 132 74
86 132 75
86 132 76
86 132 86
86 132 94
86 132 97
86 132 99
86 132 100
86 132 101
86 132 103
86 132 105
86 132 106
86 132 109
86 132 110
86 132 111
86 132 112
86 132 113
86 132 114
86 132 116
86 132 117
86 132 118
86 132 119
86 132 120
86 132 121
86 132 122
86 132 123
86 132 130
86 132 131
86 132 132
86 132 133
86 132 136
86 132 138
86 132 140
86 132 141
86 132 148
86 132 151
86 132 152
86 132 154
86 132 155
86 132 156
86 132 159
86 132 160
86 132 161
86 132 162
86 132 163
86 132 164
86 132 167
86 132 168
86 132 173
86 132 174
86 132 181
86 132 182
86 132 183
86 132 184
86 132 185
86 132 187
86 132 188
86 132 189
86 132 190
86 132 191
86 132 192
86 132 193
86 132 194
86 132 195
86 132 196
86 132 197
86 132 199
86 132 200
86 132 202
86 132 203
86 132 204
86 132 206
86 132 207
86 132 212
86 132 213
86 132 214
86 132 215
86 132 219
86 132 231
86 132 232
86 132 237
86 132 238
86 132 239
86 132 240
86 57 74
86 96 239
86 96 240
86 45 239
86 45 240
86 32 239
86 32 240
132 58 73
132 58 74
132 93 84
132 93 85
132 93 87
132 93 90
132 93 98
132 60 104
132 96 239
132 96 240
132 32 239
132 32 240
132 46 239
132 45 240
11 58 56
11 41 109
11 143 748
11 143 749
11 143 750
11 143 751
11 143 752
11 143 754
11 143 755
11 143 758
11 143 759
11 143 760
11 143 761
11 143 771
11 143 772
11 143 773
11 143 774
11 143 776
11 143 782
11 143 783
11 143 785
11 143 786
11 143 787
11 143 788
11 143 789
11 143 790
11 143 791
11 143 792
11 143 793
11 143 797
11 143 801
11 143 809
11 143 812
11 143 813
11 143 816
11 143 817
11 143 820
11 143 983
11 143 984
11 143 985
11 143 994
11 143 1005
11 143 1006
11 143 1007
11 143 1008
11 143 1009
11 143 1010
11 143 1011
11 143 1012
11 143 1013
11 143 1014
11 143 1015
11 143 1016
11 143 1017
11 143 1018
11 143 1019
11 143 1020
11 143 1021
11 143 1025
11 143 1026
11 143 1028
11 143 1031
11 143 1032
11 143 1034
11 143 1035
11 112 1015
58 150 47
58 150 48
58 150 49
58 150 50
58 95 87
58 40 450
58 40 457
58 40 515
58 40 516
58 40 537
58 53 455
58 53 457
58 53 458
58 53 463
58 53 466
58 53 467
58 53 468
58 53 470
58 53 471
58 53 472
58 53 482
58 53 487
58 53 488
58 53 490
58 53 491
58 53 492
58 53 494
58 53 496
58 53 497
58 53 498
58 53 499
58 53 500
58 53 501
58 53 506
58 53 507
58 53 509
58 53 510
58 53 511
58 53 512
58 53 513
58 53 519
58 53 520
58 53 521
58 53 531
58 53 533
58 53 534
58 53 540
58 53 549
58 53 553
58 116 459
58 116 461
58 116 463
58 116 466
58 116 468
58 116 470
58 116 471
58 116 483
58 116 484
58 116 485
58 116 486
58 116 487
58 116 489
58 116 492
58 116 493
58 116 494
58 116 497
58 116 498
58 116 499
58 116 502
58 116 503
58 116 504
58 116 508
58 116 510
58 116 511
58 116 512
58 116 513
58 116 514
58 116 515
58 116 516
58 116 519
58 116 520
58 116 522
58 116 523
58 116 541
58 116 544
58 116 546
58 116 547
58 116 553
58 116 554
58 147 467
58 147 480
58 147 481
58 147 503
58 147 504
58 147 532
58 147 541
58 147 542
58 147 543
58 147 544
58 147 552
58 80 479
58 80 494
58 80 556
58 49 479
58 49 481
58 49 518
58 49 542
58 49 543
58 49 545
58 49 546
58 49 547
58 118 480
58 118 506
58 118 507
58 118 508
58 118 509
58 118 514
58 164 503
58 164 504
58 164 531
58 164 532
58 160 511
58 160 519
58 144 556
150 5 111
150 179 120
93 18 92
93 18 132
93 18 135
93 18 136
93 4 390
93 4 393
93 4 394
93 4 405
93 4 406
93 4 407
93 4 408
93 4 409
93 4 422
93 4 424
93 4 428
93 4 429
93 4 430
93 157 391
93 157 393
93 157 402
93 157 403
93 157 431
93 167 391
93 100 397
93 100 398
93 100 399
93 100 404
93 100 406
93 97 400
93 97 401
93 97 423
93 97 428
93 97 439
93 87 400
93 87 418
93 98 404
93 98 435
93 176 409
93 176 410
93 176 414
93 176 415
93 176 420
93 143 410
93 143 413
93 143 428
93 143 430
93 143 435
93 143 437
93 47 410
93 47 435
93 151 429
93 45 436
52 117 71
52 117 72
52 117 77
52 117 78
52 117 79
52 117 80
52 117 81
52 117 88
52 117 101
52 117 102
52 117 106
52 117 109
52 117 110
52 117 115
52 117 121
52 117 122
52 117 123
52 117 125
52 117 129
52 117 130
52 117 138
52 117 139
52 117 153
52 117 157
52 5 73
52 5 75
52 5 77
52 5 78
52 5 79
52 5 81
52 5 82
52 5 106
52 5 109
52 5 110
52 5 113
52 5 115
52 5 123
52 5 125
52 5 126
52 5 129
52 5 157
52 5 160
52 40 448
52 40 457
52 40 458
52 40 466
52 40 542
52 49 448
52 49 461
52 49 463
52 49 477
52 49 479
52 49 480
52 49 481
52 49 482
52 49 483
52 49 484
52 49 485
52 49 516
52 49 523
52 49 535
52 49 536
52 49 548
52 49 553
52 49 556
52 80 457
52 80 484
52 80 485
52 80 494
52 80 498
52 80 499
52 80 508
52 151 463
52 147 483
52 147 484
52 147 486
52 147 522
52 147 545
52 118 483
52 118 484
52 118 486
52 118 507
52 118 508
52 118 522
52 162 489
52 164 503
52 160 534
52 59 558
117 5 73
117 5 74
117 5 81
117 5 82
117 5 122
117 5 124
117 5 127
117 5 159
117 5 160
117 51 135
117 51 136
117 51 137
117 51 142
117 51 154
117 51 155
117 51 158
117 51 160
117 114 159
5 175 121
5 48 123
5 91 337
5 91 338
5 91 339
5 91 340
5 91 342
5 91 343
5 91 345
5 91 346
5 91 347
5 91 348
5 91 349
5 91 350
5 91 351
5 91 352
5 91 353
5 91 354
5 91 355
5 91 356
5 91 358
5 91 359
5 91 360
5 91 361
5 91 362
5 91 366
5 91 367
5 91 368
5 91 369
5 91 370
5 91 371
5 91 373
5 91 374
5 91 375
5 91 376
5 91 377
5 91 378
5 91 379
5 91 380
5 91 381
5 91 382
5 91 383
5 91 384
5 91 385
5 91 386
5 91 387
5 120 337
5 120 339
5 120 340
5 120 349
5 120 354
5 120 355
5 120 358
5 120 369
5 120 370
5 120 376
5 120 378
5 120 382
5 120 384
5 106 387
57 153 755
57 153 756
57 153 757
57 7 760
57 7 761
57 138 769
57 138 770
57 138 772
57 8 786
57 8 787
57 8 788
57 8 789
57 8 790
57 8 791
57 8 792
57 8 793
57 8 794
57 8 795
57 8 796
57 8 797
57 8 798
57 8 799
57 8 800
57 8 801
57 8 802
57 8 803
57 8 804
57 8 805
57 8 806
57 8 809
57 8 810
57 8 811
57 8 812
57 8 813
57 8 833
57 8 834
57 8 850
57 8 853
57 8 855
57 8 857
57 8 859
57 8 863
57 8 865
57 8 868
57 8 869
57 8 870
57 8 871
57 8 875
57 8 876
57 8 877
57 8 878
57 8 879
57 8 881
57 8 882
57 8 886
57 8 893
57 8 894
57 8 895
57 8 896
57 8 906
57 8 907
57 8 909
57 128 788
57 128 793
57 66 801
57 160 810
95 125 389
95 125 390
95 125 394
95 125 395
95 125 401
95 125 409
95 125 410
95 125 411
95 133 393
95 133 414
95 133 419
95 73 407
95 73 423
95 27 426
95 27 436
95 174 452
95 174 453
95 174 457
95 174 459
95 174 460
95 174 461
95 174 463
95 174 466
95 23 460
37 18 77
37 18 78
37 18 80
37 18 84
37 18 85
37 18 89
37 18 95
37 18 97
37 18 100
37 18 102
37 18 105
37 18 106
37 18 107
37 18 115
37 18 117
37 18 118
37 18 124
37 18 125
37 18 126
37 18 129
37 18 133
37 18 135
37 47 77
37 47 78
37 47 79
37 47 80
37 47 81
37 47 82
37 47 83
37 47 84
37 47 86
37 47 88
37 47 89
37 47 90
37 47 92
37 47 95
37 47 97
37 47 98
37 47 100
37 47 102
37 47 107
37 47 109
37 47 115
37 47 116
37 47 118
37 47 124
37 47 125
37 47 126
37 47 127
37 47 128
37 47 129
37 47 131
37 47 132
37 146 78
37 146 79
37 146 83
37 146 84
37 146 85
37 146 88
37 146 102
37 146 107
37 146 116
37 146 118
37 146 127
37 146 128
37 146 135
18 48 77
18 48 78
18 48 79
18 48 80
18 48 81
18 48 83
18 48 84
18 48 89
18 48 90
18 48 92
18 48 94
18 48 95
18 48 97
18 48 98
18 48 102
18 48 103
18 48 104
18 48 105
18 48 106
18 48 111
18 48 112
18 48 117
18 48 118
18 48 120
18 48 122
18 48 124
18 48 125
18 48 126
18 48 127
18 48 128
18 48 129
18 48 130
18 48 131
18 48 132
18 146 78
18 146 79
18 146 81
18 146 83
18 146 84
18 146 85
18 146 87
18 146 88
18 146 90
18 146 91
18 146 94
18 146 96
18 146 99
18 146 100
18 146 101
18 146 102
18 146 105
18 146 106
18 146 108
18 146 111
18 146 112
18 146 113
18 146 114
18 146 119
18 146 123
18 146 124
18 146 125
18 146 126
18 146 128
18 146 130
18 146 131
18 146 132
18 146 135
18 146 136
18 6 123
18 168 129
18 102 130
18 148 1130
47 146 78
47 146 82
47 146 83
47 146 84
47 146 86
47 146 88
47 146 92
47 146 94
47 146 119
47 146 120
47 146 121
47 146 127
47 146 130
47 146 132
47 146 133
47 100 384
47 100 385
47 100 387
47 100 402
47 98 384
47 98 386
47 110 391
47 110 392
47 110 417
47 3 404
47 75 404
47 75 432
47 125 407
47 125 413
47 125 417
47 125 418
47 125 429
47 125 430
47 125 431
47 125 437
47 96 413
47 50 413
47 87 415
47 27 419
47 133 420
47 133 423
47 133 427
47 102 421
47 102 435
47 102 439
47 102 440
47 180 424
47 174 442
48 59 113
48 104 129
48 40 452
48 40 456
48 40 475
48 40 490
48 40 491
48 40 493
48 40 496
48 40 498
48 40 513
48 40 522
48 40 533
48 40 534
48 118 467
48 118 468
48 118 471
48 118 472
48 118 473
48 118 475
48 118 480
48 118 483
48 118 484
48 118 485
48 118 491
48 118 557
48 118 558
48 118 559
48 147 470
48 147 471
48 147 473
48 147 475
48 147 482
48 147 483
48 147 484
48 147 512
48 147 513
48 147 520
48 147 521
48 147 538
48 147 543
48 147 544
48 147 552
48 147 553
48 147 554
48 80 522
48 80 553
48 80 554
48 144 556
48 144 557
48 27 557
48 62 557
48 62 558
48 62 559
48 62 560
146 104 130
146 106 722
146 106 723
146 106 724
146 106 725
146 106 726
146 106 727
146 106 729
146 106 730
146 106 731
146 106 732
146 106 733
146 106 734
146 106 735
146 106 736
146 106 737
146 106 738
146 106 739
146 106 740
146 106 741
146 106 742
146 106 743
146 106 746
146 106 747
146 106 748
146 106 749
146 106 750
146 106 751
146 106 752
146 106 754
146 106 755
146 106 756
146 106 758
146 106 761
146 106 762
146 106 763
146 106 764
146 106 766
146 106 767
146 106 769
146 106 770
146 106 771
146 106 772
146 106 774
146 106 776
146 106 777
146 106 778
146 106 779
146 106 780
146 106 783
146 10 724
146 170 725
146 66 749
146 145 756
146 139 768
146 135 776
41 59 94
41 59 98
41 59 99
41 59 102
41 59 103
41 59 108
41 59 114
41 59 116
41 59 118
41 59 119
41 59 120
41 59 121
41 59 122
41 59 123
41 59 124
41 59 125
41 59 127
41 59 134
41 114 134
41 114 135
41 61 155
41 61 156
41 61 157
41 61 158
41 61 159
41 61 160
41 61 161
41 61 162
41 61 163
41 61 164
41 61 165
41 61 169
41 61 170
41 61 171
41 61 172
41 61 173
41 61 174
41 61 175
41 61 176
41 61 177
41 61 178
41 61 179
41 61 180
41 61 181
41 61 185
41 102 167
41 32 186
41 96 186
59 88 134
59 71 453
59 71 479
59 6 453
59 6 507
59 6 508
59 6 509
59 6 510
59 6 511
59 6 512
59 6 513
59 6 514
59 6 516
59 6 523
59 6 536
59 6 537
59 116 458
59 116 467
59 116 557
59 116 558
59 61 466
59 61 480
59 61 482
59 61 531
59 61 532
59 61 533
59 61 543
59 61 553
59 118 535
59 118 536
60 42 182
60 42 184
60 42 187
60 42 188
175 49 301
175 106 304
175 72 329
175 10 669
175 10 670
175 10 671
175 10 672
175 10 674
175 10 676
175 10 679
175 10 681
175 10 683
175 10 684
175 10 688
175 10 689
175 10 692
175 10 700
175 10 702
175 10 707
175 10 735
175 56 671
175 56 678
175 56 679
175 56 691
175 56 693
175 56 694
175 56 695
175 56 697
175 56 698
175 56 699
175 56 702
175 56 704
175 56 707
175 56 710
175 56 715
175 56 716
175 56 717
175 56 718
175 56 719
175 56 723
175 56 725
175 56 729
175 56 731
175 56 732
175 56 733
175 56 735
175 56 736
175 56 737
175 56 738
175 56 739
175 56 740
179 88 150
179 96 186
179 42 186
179 72 305
6 114 159
6 40 442
6 40 443
6 40 444
6 40 445
6 40 446
6 40 456
6 40 463
6 40 475
6 40 477
6 40 478
6 40 479
6 40 480
6 40 481
6 40 482
6 40 483
6 40 484
6 40 495
6 40 505
6 40 509
6 40 515
6 40 516
6 40 523
6 40 529
6 40 539
6 40 540
6 40 544
6 40 546
6 40 547
6 40 552
6 40 553
6 40 554
6 40 555
6 62 444
6 62 445
6 62 446
6 62 450
6 62 472
6 62 488
6 62 505
6 62 515
6 62 520
6 49 445
6 49 455
6 49 472
6 49 491
6 49 494
6 49 497
6 49 498
6 49 516
6 49 520
6 49 521
6 49 523
6 49 534
6 49 537
6 49 551
6 49 552
6 147 455
6 147 489
6 147 491
6 147 513
6 147 520
6 147 546
6 147 547
6 147 548
6 53 455
6 53 476
6 53 477
6 53 507
6 53 510
6 53 511
6 53 512
6 53 513
6 53 531
6 53 536
6 118 455
6 118 456
6 118 457
6 118 472
6 118 491
6 118 498
6 118 507
6 118 508
6 118 509
6 118 510
6 118 514
6 118 520
6 118 533
6 118 534
6 118 536
6 118 538
6 80 459
6 80 467
6 80 475
6 80 542
6 80 543
6 80 544
6 80 546
6 80 547
6 80 548
6 164 467
6 164 472
6 164 476
6 164 481
6 164 482
6 164 485
6 164 494
6 164 495
6 164 542
6 164 543
6 164 544
6 164 546
6 164 547
6 164 548
6 164 554
6 164 555
6 116 476
6 116 511
6 116 513
6 116 514
6 162 487
6 89 519
6 89 543
102 173 128
102 173 131
102 173 132
102 173 134
102 173 135
102 173 137
102 173 140
102 173 143
102 173 145
102 173 147
102 173 148
102 173 150
102 173 151
102 173 154
102 173 156
102 173 157
102 173 159
102 173 160
102 173 161
102 173 162
102 173 163
102 173 165
102 173 166
102 173 167
102 173 169
102 173 172
102 173 173
102 173 175
102 173 176
102 173 177
102 173 178
102 173 179
102 173 180
102 173 182
102 173 183
102 173 186
102 173 188
102 173 189
102 173 192
102 173 193
102 173 195
102 173 197
102 173 200
102 173 201
102 173 202
102 173 203
102 173 205
102 173 206
102 173 207
102 173 210
102 173 211
102 173 212
102 173 215
102 173 217
102 173 218
102 173 219
102 173 220
102 114 162
102 164 162
102 97 391
102 97 392
102 97 393
102 97 394
102 143 397
102 143 406
102 143 407
102 143 412
102 143 424
102 143 428
102 98 404
102 98 407
102 98 409
102 98 410
102 98 412
102 98 415
102 98 421
102 98 426
102 98 429
102 98 430
102 98 431
102 98 432
102 98 433
102 98 438
102 98 439
102 51 414
102 157 424
102 157 442
102 157 455
102 87 429
102 109 429
102 45 440
173 20 131
173 114 162
173 88 164
173 42 167
173 15 965
173 15 966
173 15 967
173 15 968
173 15 969
173 15 970
173 15 971
173 15 972
173 15 973
173 15 974
173 15 975
173 15 976
173 15 977
173 15 978
173 15 979
173 15 980
173 15 981
173 15 982
173 15 983
173 15 986
173 15 987
173 15 988
173 15 989
173 15 990
173 15 991
173 15 992
173 15 993
173 15 994
173 15 995
173 15 996
173 15 997
173 15 998
173 15 1002
173 15 1006
173 15 1008
173 15 1009
173 15 1010
173 15 1011
173 15 1012
173 15 1013
173 15 1014
173 15 1015
173 15 1016
173 15 1017
173 15 1018
173 15 1019
173 15 1020
104 168 129
104 168 130
104 168 133
104 168 136
104 168 138
104 168 139
104 168 141
104 168 144
104 168 146
104 168 149
104 168 152
104 168 153
104 168 155
104 168 158
104 168 168
104 168 170
104 168 171
104 168 174
104 168 181
104 168 184
104 168 185
104 168 187
104 168 190
104 168 191
104 168 194
104 168 196
104 168 198
104 168 199
104 168 208
104 168 209
104 168 216
104 88 148
104 42 168
168 36 158
168 36 197
168 36 201
168 36 211
168 50 209
161 114 130
161 114 131
161 114 132
161 114 133
161 114 134
161 114 135
161 114 136
161 114 137
161 114 138
161 114 139
161 114 140
161 114 141
161 114 142
161 114 143
161 114 144
161 114 145
161 114 146
161 114 149
161 114 150
161 114 151
161 114 152
161 114 159
161 114 161
161 114 162
161 114 173
161 114 180
161 114 182
161 114 184
161 114 185
161 114 186
161 114 187
161 114 188
161 114 189
161 114 190
161 114 191
161 114 192
161 114 194
161 114 196
161 114 197
161 114 198
161 114 199
161 114 200
161 114 201
161 49 203
161 68 911
161 68 912
161 68 916
161 68 920
161 68 925
161 68 933
161 68 1012
161 68 1024
161 68 1025
161 68 1027
161 68 1033
161 68 1038
161 68 1040
161 68 1047
114 88 131
114 88 132
114 88 133
114 164 158
114 164 160
114 164 179
114 164 181
114 164 193
114 164 195
114 164 203
114 85 177
114 84 178
114 46 185
114 50 197
114 50 213
114 36 213
114 36 214
114 36 218
114 36 226
114 36 230
114 36 252
114 36 255
114 36 259
114 36 260
114 36 261
114 36 267
114 36 271
114 36 272
114 36 273
114 36 280
114 36 281
114 36 282
114 36 311
114 36 317
114 36 319
114 36 403
114 36 425
114 36 426
114 36 429
114 36 430
114 36 431
114 36 432
114 36 433
114 36 434
114 96 235
114 96 238
114 74 269
114 22 269
88 164 131
88 164 133
88 40 134
88 34 656
164 84 178
164 118 452
164 118 453
164 118 455
164 118 487
164 127 465
164 61 469
164 61 474
164 61 477
164 61 530
164 61 531
164 116 477
164 103 554
20 171 765
20 171 777
20 171 781
20 171 783
20 171 793
20 171 798
20 171 805
20 171 822
20 171 823
20 171 829
20 171 835
40 61 445
40 61 446
40 61 466
40 61 471
40 61 475
40 61 515
40 61 534
40 71 451
40 71 472
40 167 456
40 167 457
40 167 463
40 167 468
40 167 469
40 167 470
40 167 471
40 167 472
40 167 477
40 167 480
40 167 481
40 167 482
40 167 483
40 167 488
40 167 493
40 167 495
40 167 496
40 167 497
40 167 498
40 167 522
40 167 540
40 167 541
40 167 544
40 167 545
40 167 547
40 167 551
40 167 552
40 167 554
40 105 458
40 127 463
40 165 487
40 118 488
40 118 490
40 118 510
40 118 511
40 118 515
40 118 518
40 118 534
40 118 543
40 159 509
40 159 510
40 159 511
40 159 512
40 159 513
40 116 530
40 116 531
40 116 533
40 103 554
40 103 555
51 110 387
51 110 446
51 110 447
51 110 448
51 110 449
51 110 450
51 110 451
51 110 452
51 110 453
51 110 456
51 110 458
51 110 459
51 110 460
51 110 462
51 110 464
51 110 466
51 125 387
51 125 389
51 125 390
51 125 393
51 125 394
51 125 396
51 125 398
51 125 400
51 125 401
51 125 402
51 125 405
51 125 410
51 125 411
51 125 412
51 125 413
51 125 421
51 96 389
51 96 390
51 96 393
51 96 394
51 96 400
51 96 401
51 96 407
51 96 408
51 96 410
51 96 411
51 96 412
51 96 419
51 96 424
51 96 425
51 96 426
51 96 427
51 96 430
51 96 433
51 96 434
51 96 435
51 96 436
51 96 437
51 96 438
51 96 439
51 96 441
51 96 443
51 96 444
51 96 445
51 96 446
51 96 447
51 96 448
51 96 449
51 96 450
51 96 451
51 96 452
51 96 453
51 96 456
51 96 457
51 96 458
51 96 459
51 96 460
51 96 461
51 96 462
51 96 463
51 96 464
51 96 466
51 133 390
51 133 393
51 133 404
51 133 409
51 3 395
51 3 405
51 73 407
51 27 436
51 169 439
51 174 446
51 174 447
51 174 448
51 174 449
51 174 450
51 174 451
51 174 452
51 174 453
51 174 456
51 174 457
51 174 458
51 174 459
51 174 460
51 174 461
51 174 462
51 174 463
51 174 464
51 174 466
61 85 171
61 89 177
61 49 445
61 49 446
61 49 458
61 49 459
61 49 467
61 49 470
61 49 475
61 49 477
61 49 480
61 49 483
61 49 488
61 49 507
61 49 508
61 49 510
61 49 511
61 49 534
61 49 540
61 49 543
61 49 544
61 49 548
61 49 551
61 49 552
61 49 554
61 33 455
61 53 455
61 53 483
61 53 485
61 53 486
61 53 514
61 53 531
61 53 533
61 53 540
61 53 552
61 118 463
61 118 464
61 118 468
61 118 471
61 118 474
61 118 485
61 118 498
61 118 511
61 118 515
61 118 516
61 118 521
61 118 524
61 118 525
61 118 528
61 118 530
61 118 531
61 118 532
61 147 466
61 147 468
61 147 477
61 147 478
61 147 481
61 147 483
61 147 489
61 147 500
61 147 515
61 147 516
61 147 524
61 147 525
61 147 554
61 160 474
61 80 477
61 80 489
61 80 525
61 80 554
61 80 556
61 45 488
61 116 522
61 116 534
61 7 535
61 27 557
61 152 558
42 89 164
42 89 166
42 89 177
42 89 434
42 89 435
42 89 443
42 85 175
42 85 435
42 85 436
42 85 437
42 85 438
42 85 439
42 85 440
42 85 446
42 85 447
42 85 448
42 85 451
42 85 457
42 85 458
42 85 459
42 85 460
42 85 461
42 85 462
42 85 463
42 85 464
42 85 465
42 85 466
42 85 467
42 85 468
42 85 469
42 85 470
42 85 471
42 85 472
42 85 473
42 85 475
42 85 476
42 85 477
42 85 480
42 85 483
42 85 484
42 85 485
42 85 486
42 85 488
42 85 493
42 85 499
42 85 500
42 85 501
42 85 504
42 85 511
42 85 513
42 85 514
42 85 515
42 85 517
42 85 518
42 85 520
42 85 522
42 85 524
42 85 526
42 85 538
42 85 539
42 85 540
42 85 541
42 85 542
42 85 543
42 85 544
42 85 545
42 85 546
42 45 186
42 33 451
42 33 452
89 167 543
85 90 439
85 90 440
85 90 443
85 90 444
85 90 446
85 90 457
85 90 474
85 90 475
85 90 478
85 90 479
85 90 484
85 90 501
85 90 511
85 90 513
85 90 517
85 90 519
85 90 520
85 90 521
85 90 524
85 90 525
85 90 526
85 90 527
85 90 530
85 90 534
85 90 535
85 90 536
85 90 537
85 90 541
85 90 544
85 90 545
85 90 546
85 167 464
85 118 543
85 103 543
84 69 1105
84 30 1118
84 149 1123
96 32 182
96 32 184
96 32 185
96 32 187
96 32 194
96 32 205
96 32 206
96 32 208
96 32 209
96 32 211
96 32 214
96 32 215
96 32 217
96 32 218
96 32 230
96 32 234
96 32 235
96 32 236
96 32 238
96 32 239
96 32 240
96 74 233
96 45 239
96 45 240
96 4 389
96 98 390
96 98 408
96 98 413
96 98 421
96 98 430
96 87 395
96 87 396
96 87 397
96 87 398
96 87 409
96 87 412
96 87 422
96 100 397
96 100 398
96 100 399
96 100 400
96 100 401
96 100 407
96 100 417
96 100 432
96 100 455
96 100 456
96 92 399
96 79 400
96 169 400
96 169 446
96 169 447
96 169 448
96 169 449
96 169 450
96 169 451
96 169 455
96 169 456
96 169 458
96 169 462
96 169 464
96 169 465
96 169 467
96 165 409
96 97 421
96 109 430
96 109 434
96 109 435
96 109 436
96 109 437
96 109 446
96 109 447
96 109 448
96 109 449
96 109 450
96 109 451
96 109 452
96 109 453
96 109 455
96 109 456
96 109 457
96 109 458
96 109 459
96 109 460
96 109 461
96 109 462
96 109 463
96 109 464
96 109 465
96 109 466
96 103 439
96 151 465
32 97 183
32 97 186
32 97 189
32 97 207
32 97 210
32 97 212
32 97 213
32 97 216
32 97 219
32 97 220
32 97 221
32 97 222
32 97 225
32 97 226
32 97 228
32 97 237
32 45 186
32 45 187
32 45 239
32 45 240
32 50 230
32 22 232
32 74 233
32 74 235
97 100 383
97 100 384
97 3 388
97 3 417
97 3 422
97 3 423
97 3 425
97 3 429
97 3 433
97 3 434
97 73 393
97 133 393
97 87 393
97 87 394
97 75 397
97 50 404
97 50 405
97 125 405
97 27 431
46 4 384
46 98 388
46 98 389
46 98 390
46 98 391
46 98 393
46 98 394
46 98 395
46 98 396
46 98 397
46 98 398
46 98 399
46 98 400
46 98 401
46 98 411
46 98 412
46 98 413
46 98 418
46 98 419
46 98 421
46 98 422
46 98 423
46 98 424
46 98 425
46 98 433
46 98 435
46 98 439
46 100 389
46 100 416
46 100 422
46 100 433
46 100 434
46 100 438
46 100 441
46 157 416
46 157 425
46 143 429
46 143 430
46 143 431
46 143 432
46 143 435
45 50 204
45 50 442
45 133 440
45 125 440
45 156 440
45 92 486
45 145 487
45 167 488
159 49 190
159 49 198
159 49 199
159 49 209
159 49 333
159 49 341
159 49 347
159 49 351
159 49 353
159 49 357
159 49 358
159 49 372
159 49 377
159 49 463
159 49 542
159 49 543
159 23 399
159 80 456
159 80 477
159 80 483
159 80 517
159 80 568
159 147 512
49 23 263
49 91 297
49 33 376
49 116 454
49 116 463
49 116 479
49 116 480
49 116 523
49 116 544
49 116 547
49 116 548
49 167 456
49 167 477
49 167 493
49 167 494
49 167 497
49 167 498
49 167 522
49 118 490
49 118 536
50 158 191
50 158 192
50 158 204
50 158 205
50 158 210
50 158 221
50 158 234
50 158 256
50 158 260
50 158 261
50 158 264
50 158 301
50 158 302
50 158 307
50 158 320
50 158 328
50 158 330
50 158 337
50 158 342
50 158 346
50 158 354
50 158 355
50 158 356
50 158 359
50 158 361
50 158 364
50 158 365
50 158 367
50 158 368
50 158 370
50 158 371
50 158 374
50 158 376
50 141 264
50 98 389
50 98 407
50 98 408
50 98 429
50 98 430
50 98 431
50 100 389
50 100 400
50 100 401
50 100 402
50 100 407
50 100 420
50 100 430
50 100 456
50 75 398
50 79 401
50 103 403
50 103 408
50 87 416
50 87 421
50 87 424
50 87 425
50 87 426
50 87 431
50 109 457
50 109 461
50 109 463
158 119 654
158 119 658
158 119 659
158 119 668
158 78 705
74 22 222
74 22 223
74 22 224
74 22 226
74 22 228
74 22 230
74 22 231
74 22 232
74 22 233
74 22 234
74 22 235
74 22 236
74 22 237
74 22 238
74 22 239
74 22 240
74 22 241
74 22 242
74 22 243
74 22 244
74 22 245
74 22 246
74 22 247
74 22 248
74 22 249
74 22 250
74 22 251
74 22 254
74 22 256
74 22 257
74 22 258
74 22 259
74 22 260
74 22 263
74 22 264
74 22 267
74 22 268
74 22 270
74 22 271
74 22 272
74 22 273
74 23 225
74 23 227
22 111 846
22 111 847
22 111 848
22 111 849
22 111 850
22 111 851
22 111 854
22 111 855
22 111 857
22 111 858
22 111 859
22 111 871
22 111 873
22 111 874
22 111 875
22 111 876
22 111 878
22 111 880
22 111 882
22 111 889
22 111 890
22 111 891
22 79 846
22 79 847
22 79 852
22 79 856
22 79 861
22 79 869
22 79 874
22 79 884
22 79 907
22 79 908
23 165 394
23 165 395
23 165 396
23 165 397
23 165 398
23 165 401
23 165 402
23 165 403
23 165 404
23 165 414
23 165 417
23 165 419
23 165 420
23 165 424
23 165 425
23 165 438
23 165 439
23 165 440
23 165 446
23 165 454
23 165 458
23 165 459
23 165 460
23 75 394
23 75 398
23 75 409
23 75 418
23 75 420
23 103 395
23 103 397
23 103 398
23 103 400
23 103 401
23 103 402
23 103 403
23 103 404
23 103 405
23 103 406
23 103 407
23 103 410
23 103 411
23 103 412
23 103 413
23 103 414
23 103 415
23 103 416
23 103 420
23 103 421
23 103 422
23 103 423
23 103 424
23 103 427
23 103 428
23 103 429
23 103 430
23 103 433
23 103 435
23 103 436
23 103 437
23 103 438
23 103 439
23 103 440
23 103 441
23 103 442
23 103 444
23 103 446
23 103 447
23 103 449
23 103 451
23 103 460
23 103 461
23 128 395
23 127 398
23 73 400
23 73 401
23 73 407
23 73 418
23 73 421
23 73 426
23 73 431
23 73 434
23 73 437
23 73 439
23 73 441
23 73 442
23 73 443
23 73 444
23 73 445
23 73 451
23 73 452
23 73 457
23 73 460
23 87 404
23 143 434
23 100 434
128 106 244
128 106 245
128 106 251
128 106 257
128 106 259
128 106 267
128 106 386
128 106 387
128 81 778
128 81 779
128 81 780
128 81 781
128 81 782
128 81 783
128 81 784
128 81 785
128 81 786
128 81 788
128 81 789
128 81 794
128 81 795
128 81 797
128 81 803
128 81 805
128 81 815
128 81 825
128 81 827
128 81 829
128 81 835
128 81 857
128 81 861
128 81 886
128 81 887
128 81 898
128 81 902
128 153 783
128 9 792
128 63 902
128 136 903
106 143 756
141 80 1046
141 80 1048
141 80 1050
141 80 1052
141 80 1061
141 80 1063
141 80 1064
141 80 1067
141 80 1068
141 80 1069
141 80 1070
141 80 1071
141 80 1072
141 80 1073
141 80 1074
141 80 1075
141 80 1077
141 80 1078
141 80 1079
141 80 1080
141 80 1084
141 80 1085
141 80 1086
141 80 1088
141 80 1089
141 80 1090
141 80 1091
141 80 1092
141 80 1093
141 80 1097
141 108 1049
141 108 1050
141 108 1067
141 108 1068
141 108 1070
79 76 269
79 76 270
79 76 284
79 76 286
79 76 287
79 76 288
79 76 292
79 76 293
79 76 295
79 76 298
79 76 300
79 76 301
79 76 302
79 76 304
79 76 310
79 76 317
79 76 318
79 76 330
79 76 338
79 76 342
79 76 343
79 76 350
79 76 361
79 76 363
79 76 374
79 76 375
79 76 390
79 76 395
79 76 396
79 76 397
79 76 398
79 76 400
79 76 401
79 76 402
79 76 404
79 76 406
79 76 407
79 76 408
79 91 388
79 87 398
79 111 846
79 111 849
79 111 850
79 111 851
79 111 852
79 111 855
79 111 858
79 111 859
79 111 872
79 111 874
79 111 875
79 111 890
79 111 891
79 9 896
79 148 907
79 81 907
79 35 907
79 35 908
76 142 282
76 81 351
76 81 358
76 81 362
76 90 388
142 27 536
142 27 537
142 27 538
142 27 540
142 27 541
142 27 542
142 27 543
142 27 544
142 27 545
142 27 546
142 27 547
142 27 548
142 27 549
142 27 550
142 27 551
142 27 552
142 27 553
142 27 554
142 27 557
142 27 558
142 27 559
142 27 560
142 27 561
142 27 562
142 27 563
142 27 564
142 27 565
142 27 566
142 27 567
142 27 568
142 27 569
142 27 570
142 27 571
142 27 574
142 27 578
142 27 579
142 27 580
142 27 581
142 27 582
142 27 583
142 27 585
142 27 586
142 27 587
142 27 588
142 27 589
142 27 592
142 27 593
142 80 555
142 80 556
142 62 557
142 152 560
142 152 582
142 65 582
91 155 286
91 155 287
91 155 288
91 155 289
91 155 290
91 155 291
91 155 292
91 155 294
91 155 295
91 155 297
91 155 303
91 155 304
91 155 305
91 155 306
91 155 307
91 155 308
91 155 309
91 155 311
91 155 312
91 155 313
91 33 378
155 149 1254
155 149 1255
155 149 1256
155 149 1266
155 149 1270
155 149 1271
155 149 1272
155 149 1273
155 149 1280
155 149 1286
155 149 1288
155 149 1289
155 149 1295
155 149 1298
155 149 1299
155 149 1300
155 149 1302
155 149 1303
155 149 1304
155 149 1307
155 149 1310
155 149 1316
155 149 1317
155 149 1320
155 149 1321
155 149 1322
155 149 1323
155 149 1324
155 149 1325
155 149 1329
155 149 1338
155 149 1348
155 149 1349
155 149 1350
155 149 1351
155 137 1279
155 137 1280
155 137 1281
155 137 1282
155 137 1283
155 137 1284
155 137 1285
155 137 1286
155 137 1289
155 137 1299
155 137 1303
72 171 295
72 171 312
72 171 321
72 171 331
90 120 336
90 120 338
90 120 339
90 120 344
90 120 345
90 120 346
90 120 348
90 120 349
90 120 350
90 120 351
90 120 352
90 120 353
90 120 354
90 120 355
90 120 359
90 120 360
90 120 361
90 120 362
90 120 363
90 120 365
90 120 366
90 120 367
90 120 368
90 120 369
90 120 370
90 120 371
90 120 372
90 120 373
90 120 374
90 120 375
90 120 376
90 120 377
90 120 378
90 120 379
90 120 380
90 120 381
90 120 382
90 120 383
90 120 384
90 120 385
90 120 386
90 120 387
90 120 388
90 120 389
90 120 390
90 120 393
90 120 394
90 120 395
90 120 396
90 120 397
90 120 398
90 120 400
90 120 401
90 120 402
90 120 405
90 120 407
90 120 408
90 120 410
90 120 413
90 120 414
90 120 415
90 4 388
90 4 389
90 4 391
90 4 392
90 4 394
90 4 395
90 4 396
90 4 397
90 4 398
90 4 400
90 4 401
90 4 402
90 4 406
90 4 407
90 4 408
90 4 410
90 4 411
90 4 413
90 4 414
90 4 415
90 27 412
90 105 480
120 4 388
120 4 389
120 4 390
120 4 391
120 4 392
120 4 396
120 4 398
120 4 400
120 4 409
120 4 415
120 27 412
81 147 904
81 21 907
81 111 907
33 73 437
33 167 453
33 145 454
33 82 455
33 127 456
33 121 651
33 121 652
33 121 653
33 121 654
33 121 655
33 121 656
33 121 657
33 121 658
33 121 659
33 121 660
33 121 661
33 121 663
33 121 665
33 121 666
33 121 667
33 121 668
33 121 669
33 121 670
33 121 671
33 121 673
33 121 675
33 121 677
33 121 678
33 121 679
33 121 680
33 121 686
33 121 687
33 121 688
33 121 689
33 121 690
33 121 691
33 121 692
33 121 693
33 121 694
33 121 695
33 121 696
33 121 697
33 121 698
33 121 699
33 0 668
33 0 673
33 56 695
33 139 697
4 100 383
4 100 384
4 100 386
4 98 383
4 98 384
4 98 386
4 98 387
4 87 386
4 125 388
4 125 389
4 125 390
4 125 391
4 125 393
4 125 395
4 125 418
4 125 419
4 133 389
4 133 390
4 133 414
4 133 424
4 133 425
4 133 432
4 75 408
4 180 430
100 87 386
100 87 393
100 87 394
100 87 409
100 87 417
100 110 392
100 73 394
100 73 404
100 73 434
100 172 397
100 125 400
100 125 401
100 125 402
100 125 413
100 143 407
100 143 435
100 3 411
100 3 427
100 157 416
100 133 418
100 133 419
100 133 426
100 156 425
98 110 391
98 110 407
98 110 429
98 75 396
98 75 430
98 73 404
98 73 434
98 3 415
98 3 417
98 3 428
98 87 429
98 87 431
98 143 432
98 143 439
98 174 442
87 110 390
87 110 391
87 110 392
87 110 394
87 110 395
87 110 399
87 110 400
87 110 404
87 110 430
87 110 431
87 73 393
87 73 394
87 143 400
87 143 414
87 143 433
87 143 436
87 143 437
87 125 409
87 125 410
87 125 412
87 125 433
87 167 410
87 167 413
87 3 418
87 133 418
110 143 409
110 169 465
110 28 637
110 28 638
110 28 639
110 28 645
110 28 646
110 28 649
110 28 650
110 28 651
110 28 652
110 28 656
110 28 664
110 28 669
110 28 672
110 28 673
125 92 395
125 92 418
125 165 398
125 165 425
125 13 408
125 75 410
125 75 439
125 143 414
125 143 415
125 143 416
125 143 429
125 143 431
125 143 433
125 176 418
125 176 419
125 176 440
125 109 424
125 73 425
125 157 429
125 157 430
125 157 435
125 157 436
125 154 1254
125 154 1255
125 154 1256
125 154 1270
125 154 1271
125 154 1272
125 154 1273
125 154 1276
125 154 1277
125 154 1278
125 154 1279
125 154 1280
125 154 1281
125 154 1282
125 154 1283
125 154 1284
125 154 1286
125 154 1287
125 154 1288
125 154 1289
125 154 1290
125 154 1291
125 154 1292
125 154 1293
125 154 1294
125 154 1295
125 154 1296
125 154 1297
125 154 1298
125 154 1299
125 154 1301
125 154 1302
125 154 1303
125 154 1304
125 154 1307
125 154 1317
125 154 1318
125 154 1319
125 154 1320
125 154 1321
125 154 1322
125 154 1323
125 154 1324
125 154 1325
125 154 1326
125 154 1327
125 154 1329
125 154 1330
125 154 1331
125 154 1334
125 154 1335
125 154 1336
125 154 1337
125 154 1338
125 154 1339
125 154 1340
125 154 1341
125 154 1342
125 154 1347
125 154 1348
125 154 1349
125 154 1350
125 154 1351
125 149 1255
125 149 1272
125 149 1276
125 149 1277
125 149 1278
125 149 1279
125 149 1280
125 149 1281
125 149 1282
125 149 1283
125 149 1284
125 149 1287
125 149 1288
125 149 1289
125 149 1290
125 149 1291
125 149 1292
125 149 1293
125 149 1294
125 149 1295
125 149 1296
125 149 1297
125 149 1298
125 149 1309
125 149 1315
125 149 1317
125 149 1320
125 149 1321
125 149 1323
125 149 1324
125 149 1325
125 149 1337
125 149 1341
125 149 1342
125 149 1343
125 149 1345
125 149 1347
125 149 1348
125 149 1349
125 149 1350
125 149 1355
125 149 1356
125 149 1358
125 149 1359
125 149 1369
125 149 1403
125 149 1404
125 137 1274
3 157 392
3 157 412
3 157 428
3 157 432
3 13 411
3 13 413
3 176 411
3 176 431
3 167 412
3 143 427
3 143 428
3 165 435
3 148 1120
3 148 1123
3 148 1131
3 148 1132
3 148 1142
3 148 1153
3 148 1156
3 148 1161
3 148 1162
3 148 1163
3 148 1164
3 148 1171
3 148 1173
3 148 1174
3 148 1175
3 148 1191
3 148 1192
3 148 1193
3 148 1201
3 148 1202
3 148 1203
3 148 1204
3 148 1205
3 148 1206
3 63 1143
3 31 1204
133 127 389
133 127 390
133 127 393
133 92 394
133 92 419
133 92 420
133 92 433
133 73 394
133 73 400
133 167 398
133 167 400
133 167 407
133 167 408
133 167 412
133 167 416
133 156 399
133 157 400
133 157 401
133 157 405
133 157 407
133 157 410
133 157 411
133 157 413
133 157 416
133 157 420
133 157 423
133 157 425
133 157 427
133 157 431
133 157 432
133 157 433
133 157 438
133 157 441
133 157 442
133 75 400
133 75 407
133 75 408
133 75 428
133 75 431
133 75 433
133 75 435
133 75 436
133 75 437
133 75 438
133 75 439
133 75 440
133 75 441
133 75 442
133 176 405
133 176 436
133 176 438
133 176 441
133 176 442
133 103 409
133 165 409
133 165 436
133 143 414
133 151 428
127 71 459
127 73 459
167 156 390
167 156 392
167 156 412
167 156 413
167 156 420
167 156 424
167 156 426
167 73 391
167 75 395
167 180 427
167 147 455
167 147 497
167 147 512
167 147 518
167 147 529
167 147 531
167 147 546
167 147 547
167 147 548
167 118 461
167 118 462
167 118 491
167 118 509
167 118 510
167 118 511
167 118 530
167 118 531
167 80 463
167 80 464
167 80 467
167 80 468
167 80 470
167 80 471
167 80 472
167 80 476
167 80 485
167 80 490
167 80 492
167 80 508
167 80 509
167 80 510
167 80 511
167 80 512
167 80 513
167 80 514
167 80 537
167 80 538
167 80 539
167 80 540
167 80 541
167 80 542
167 80 546
167 80 551
167 160 507
156 13 395
156 13 412
156 13 424
156 143 423
156 143 424
156 143 429
156 35 1071
156 35 1072
156 35 1073
156 35 1074
156 35 1075
156 35 1076
156 35 1077
156 35 1078
156 35 1079
156 35 1080
156 35 1081
156 35 1082
156 35 1083
156 35 1084
156 35 1085
156 35 1086
156 35 1087
156 35 1088
156 35 1089
156 35 1090
156 35 1091
156 35 1092
156 35 1094
156 35 1095
156 35 1096
156 35 1097
156 35 1098
156 35 1099
156 35 1105
156 35 1106
156 35 1107
156 35 1110
156 35 1111
156 35 1112
156 35 1113
156 35 1114
156 35 1115
156 35 1116
156 35 1117
156 35 1118
156 35 1119
156 35 1120
156 35 1121
156 35 1122
156 35 1123
156 35 1124
156 35 1125
156 35 1126
156 35 1127
156 35 1128
156 35 1129
156 35 1130
156 35 1131
156 35 1132
156 35 1133
156 35 1134
156 35 1135
156 35 1136
156 35 1137
156 35 1138
156 35 1139
156 35 1140
156 35 1141
156 35 1142
156 35 1143
156 35 1144
156 35 1145
156 35 1146
156 35 1147
156 35 1148
156 35 1149
156 35 1150
156 69 1107
157 172 391
157 172 393
157 172 395
157 172 400
157 172 408
157 172 415
157 172 422
157 172 423
157 172 425
157 180 395
157 180 406
157 180 415
157 180 437
157 180 438
157 180 439
157 180 440
157 180 441
157 180 442
157 73 400
157 75 406
157 75 431
157 75 432
157 75 437
157 75 438
157 75 441
157 75 442
157 119 633
157 119 634
157 119 636
157 119 641
157 119 652
157 119 657
157 119 669
157 119 670
157 119 671
157 119 672
157 119 674
157 119 682
157 119 683
157 119 685
157 119 686
157 119 687
157 119 690
157 119 691
157 119 692
157 119 693
157 119 695
157 119 697
157 119 698
157 119 702
157 119 703
157 119 704
157 119 705
157 119 706
157 119 707
157 0 664
157 0 665
157 34 683
157 34 691
157 34 692
157 170 698
172 143 423
172 13 433
172 13 435
172 13 437
172 122 850
172 122 851
172 122 852
172 122 854
172 122 855
172 122 856
172 122 857
172 122 858
172 122 860
172 122 861
172 122 862
172 122 863
172 122 865
172 122 867
172 122 869
172 122 870
172 122 874
172 122 876
172 122 877
172 122 878
172 122 880
172 122 882
172 122 884
172 122 886
172 122 887
172 122 891
172 122 892
172 122 894
172 122 895
172 122 900
172 122 901
172 122 907
172 122 911
172 122 913
172 122 914
73 92 391
73 92 405
73 176 395
73 75 400
73 75 402
73 75 411
73 75 412
73 75 414
73 75 415
73 75 416
73 75 420
73 75 421
73 75 424
73 75 425
73 75 426
73 103 401
73 103 406
73 103 407
73 103 408
73 103 418
73 103 421
73 103 424
73 103 426
73 103 430
73 103 433
73 103 439
73 103 442
73 103 444
73 103 445
73 103 446
73 103 447
73 103 449
73 103 451
73 103 455
73 103 456
73 103 458
73 103 460
73 165 405
73 165 406
73 165 422
73 165 424
73 165 425
73 165 426
73 165 430
73 165 443
73 165 444
73 165 451
73 165 460
73 27 439
92 75 405
92 75 433
92 62 470
92 62 471
13 169 392
13 75 392
13 180 394
13 180 395
13 180 405
13 180 406
13 180 411
13 180 413
13 180 414
13 180 420
13 180 424
13 180 427
13 180 428
13 180 429
13 135 707
13 135 708
13 135 709
13 135 710
13 135 711
13 135 712
13 135 713
13 135 714
13 135 715
13 135 716
13 135 717
13 135 718
13 135 719
13 135 720
13 135 721
13 135 723
13 135 728
13 135 729
13 135 730
13 135 731
13 135 732
13 135 733
13 135 734
13 135 735
13 135 736
13 135 737
13 135 738
13 135 740
13 135 741
13 135 742
13 135 743
13 135 744
13 135 745
13 135 747
13 135 748
13 135 752
13 135 753
13 135 755
13 135 756
13 135 757
13 135 758
13 135 759
13 135 760
13 135 761
13 135 762
13 135 764
13 135 765
13 135 766
13 135 767
13 135 769
13 135 770
13 135 771
13 135 772
13 135 773
13 135 774
13 135 775
13 135 776
13 135 778
13 135 779
13 135 780
13 135 781
13 135 782
13 135 783
13 135 784
13 135 785
13 135 786
13 135 787
13 135 788
13 135 789
13 135 790
13 135 791
13 135 792
13 135 793
13 135 794
13 135 795
13 135 796
13 135 797
13 135 798
13 135 799
13 135 800
13 135 801
13 135 802
13 135 803
13 135 813
13 135 816
13 135 817
13 139 707
13 139 708
13 8 708
13 8 709
13 8 717
13 8 740
13 8 751
13 8 752
13 8 758
13 8 759
13 8 760
13 66 762
169 75 393
169 75 398
169 75 418
169 75 421
169 75 422
169 103 395
169 103 396
169 103 397
169 103 398
169 103 402
169 103 403
169 103 405
169 103 406
169 103 411
169 103 417
169 103 423
169 103 424
169 103 439
169 103 440
169 103 460
75 165 392
75 165 394
75 165 400
75 165 424
75 165 436
75 103 394
75 103 405
75 103 420
75 103 424
75 105 398
75 105 407
75 105 409
75 105 418
75 105 421
75 174 403
75 176 406
75 176 438
75 27 425
75 180 439
165 105 458
165 105 461
180 109 416
180 143 422
103 27 425
103 151 436
103 80 459
103 80 475
103 80 477
103 80 540
103 80 541
103 80 542
103 174 459
103 147 517
103 147 530
103 144 553
176 122 848
176 122 853
176 122 859
176 122 866
176 122 871
176 122 879
176 122 883
176 122 888
176 122 889
176 122 890
176 122 893
176 122 903
176 122 904
176 122 905
176 122 908
176 122 912
143 174 439
143 174 1045
143 130 1015
143 130 1059
143 154 1039
143 154 1040
143 154 1041
143 154 1043
143 154 1044
143 154 1045
143 154 1046
143 154 1047
143 154 1048
143 154 1049
143 154 1050
143 154 1052
143 154 1056
143 154 1058
143 154 1059
143 154 1060
143 154 1062
143 154 1063
143 154 1064
143 154 1065
143 154 1068
143 137 1039
143 137 1040
143 137 1042
143 137 1043
143 137 1048
143 137 1049
143 137 1050
143 137 1053
143 137 1058
143 137 1059
143 137 1060
143 137 1063
143 137 1064
143 137 1068
143 78 1041
143 68 1041
143 29 1054
105 77 460
105 77 461
105 77 464
105 77 484
105 77 500
105 77 512
105 77 513
105 77 514
105 77 522
105 77 523
105 77 536
105 77 562
105 77 563
105 77 567
105 77 568
105 77 569
105 77 570
105 77 636
105 77 647
105 77 648
105 77 649
105 77 650
105 77 651
105 77 652
105 77 653
105 77 654
105 77 655
105 77 656
105 77 657
105 77 658
105 77 659
105 77 660
105 77 669
105 77 670
105 77 671
105 77 672
105 77 673
105 77 674
105 77 675
105 77 676
105 77 677
105 77 678
105 77 679
105 77 680
105 77 682
105 77 683
105 77 684
105 77 685
105 77 686
105 77 696
105 77 703
105 77 704
174 109 446
174 109 447
174 109 448
174 109 449
174 109 450
174 109 451
174 109 452
174 109 455
174 109 456
174 109 457
174 109 458
174 109 459
174 109 460
174 109 461
174 109 462
174 109 463
174 109 464
174 30 1034
174 30 1036
27 109 429
27 0 545
27 65 554
27 152 554
27 116 557
109 64 1151
7 116 450
7 71 477
7 118 535
7 135 702
7 135 706
7 135 708
7 135 711
7 135 717
7 135 720
7 135 747
7 135 758
7 135 759
62 118 533
62 118 546
62 118 547
62 118 548
62 118 549
62 118 550
62 118 551
62 118 552
62 118 557
62 118 558
62 118 559
62 54 878
62 54 880
62 54 881
62 54 889
62 54 890
62 54 892
62 54 893
62 54 894
62 54 895
62 54 896
62 54 898
62 54 899
62 54 901
62 54 904
62 54 906
62 54 907
62 54 908
62 54 909
62 1 919
116 147 458
116 147 503
116 147 504
116 147 541
116 147 544
116 147 551
116 53 463
116 53 467
116 53 468
116 53 469
116 53 470
116 53 471
116 53 475
116 53 476
116 53 477
116 53 479
116 53 480
116 53 487
116 53 491
116 53 492
116 53 497
116 53 498
116 53 506
116 53 510
116 53 511
116 53 513
116 53 515
116 53 516
116 53 518
116 53 519
116 53 520
116 53 523
116 53 540
116 53 541
116 53 552
116 53 553
116 118 506
147 118 451
147 118 452
147 118 453
147 118 455
147 118 473
147 118 474
147 118 475
147 118 476
147 118 477
147 118 478
147 118 481
147 118 488
147 118 492
147 118 503
147 118 504
147 118 515
147 118 516
147 118 518
147 118 520
147 118 524
147 118 530
147 118 532
147 118 539
147 118 540
147 118 545
147 118 555
147 118 556
147 71 457
147 71 463
147 71 464
147 35 844
147 35 845
147 35 846
147 35 851
147 35 852
147 35 854
147 35 855
147 35 856
147 35 857
147 35 858
147 35 859
147 35 860
147 35 873
147 35 875
147 35 877
147 35 878
147 35 880
147 35 883
147 35 884
147 35 891
147 35 894
147 35 898
147 35 899
147 35 903
147 35 904
147 111 849
147 77 903
118 80 454
118 80 456
118 80 491
118 80 515
118 53 458
118 53 540
118 53 543
118 53 544
118 53 545
118 53 549
118 53 550
118 53 551
118 53 555
118 53 556
53 71 466
53 71 475
53 71 476
53 71 478
53 63 882
53 63 883
53 63 884
53 63 891
53 63 897
53 63 900
53 63 902
53 63 903
53 63 905
53 63 912
53 63 914
53 63 915
53 63 917
53 63 919
53 63 920
53 63 930
53 63 933
53 63 934
53 63 935
53 63 936
53 63 937
53 63 938
53 63 939
53 63 951
53 63 952
53 63 959
53 1 920
53 68 956
145 80 454
145 80 458
145 80 494
145 80 515
145 80 516
145 80 547
145 80 548
145 80 553
145 80 559
145 80 560
145 80 561
145 80 562
145 80 563
145 80 564
145 80 566
145 80 567
145 80 568
145 80 1067
145 21 558
145 160 568
145 10 907
145 112 1015
145 112 1056
145 54 1015
145 54 1054
80 35 968
80 35 969
80 123 1020
80 68 1034
80 107 1046
80 107 1067
80 107 1068
80 107 1069
80 107 1070
80 107 1097
80 107 1098
80 154 1067
82 123 1122
82 123 1126
77 111 902
77 111 903
160 153 730
160 153 733
160 153 750
160 153 765
160 153 770
160 153 774
160 153 818
160 153 824
160 153 825
160 153 826
160 153 827
160 68 902
160 68 903
162 69 1091
162 69 1095
162 69 1096
162 69 1097
162 69 1098
162 69 1100
162 69 1150
0 144 545
0 144 546
0 144 547
0 28 667
144 152 552
144 19 552
144 19 560
144 108 1133
144 108 1134
144 108 1135
144 108 1138
144 108 1139
144 108 1140
144 108 1141
144 108 1142
144 108 1143
144 108 1144
144 108 1145
144 108 1146
144 108 1147
144 108 1148
144 108 1149
144 108 1150
144 108 1151
144 108 1152
144 108 1155
144 108 1156
144 108 1157
144 108 1158
144 108 1159
144 108 1160
144 108 1161
144 108 1172
144 108 1173
144 108 1174
144 108 1175
144 108 1228
144 108 1230
144 108 1237
144 108 1238
144 108 1239
144 31 1230
65 19 548
65 19 549
65 19 550
65 19 551
65 19 553
65 19 556
65 19 560
65 19 563
65 19 570
65 19 575
65 19 577
65 19 578
65 19 581
65 19 582
65 19 586
65 19 587
65 152 554
65 152 566
65 152 567
65 152 569
65 152 581
65 152 586
65 152 587
19 152 548
19 152 550
19 152 551
19 152 553
19 152 554
19 152 556
19 152 581
19 152 582
19 152 584
19 152 586
19 152 587
21 35 862
21 111 906
21 111 907
21 148 907
134 138 600
134 138 602
134 138 603
134 138 604
134 138 605
134 138 607
134 138 608
134 138 611
134 138 613
134 138 615
134 138 617
134 138 619
134 138 620
134 138 623
134 138 625
134 138 631
134 138 632
134 138 633
134 138 635
134 138 643
134 138 646
134 138 647
134 138 648
134 138 655
134 138 656
134 138 661
134 138 663
134 138 664
134 138 673
134 138 676
134 138 682
134 138 683
134 119 705
138 170 693
138 170 694
138 10 694
138 121 696
138 34 696
138 119 704
138 135 707
138 56 721
138 17 1228
138 17 1229
138 17 1236
138 17 1238
138 17 1239
138 17 1240
138 17 1241
138 17 1242
138 17 1243
138 17 1244
138 17 1245
138 17 1246
138 17 1247
138 17 1248
138 17 1249
138 17 1250
138 17 1251
138 17 1252
138 17 1253
119 170 698
119 9 698
28 139 814
28 139 820
28 139 848
28 139 849
28 139 852
28 139 865
28 139 866
28 139 867
28 139 868
28 139 886
28 139 887
28 139 898
28 139 907
28 139 912
28 139 920
28 139 947
28 139 948
28 139 969
28 139 970
28 139 978
28 139 1002
28 139 1003
28 139 1004
28 1 851
28 1 852
28 1 864
28 1 866
28 1 906
28 1 916
28 1 976
28 1 1000
28 1 1001
28 1 1002
28 1 1003
28 1 1004
28 67 866
28 67 884
121 34 674
121 56 695
34 129 860
34 15 877
34 148 881
34 148 907
34 64 997
10 55 670
10 55 680
10 55 681
10 55 685
10 55 690
10 55 692
10 55 696
10 55 720
10 55 724
10 55 726
10 55 730
10 170 711
10 107 737
55 170 670
55 170 673
55 170 677
55 170 681
55 170 682
55 170 685
55 170 690
55 170 692
55 170 720
55 170 724
55 112 974
55 112 978
55 112 981
55 112 982
55 112 983
55 112 984
55 112 985
55 112 986
55 112 987
55 112 988
55 112 989
55 112 995
55 112 997
55 112 1001
55 112 1002
55 112 1003
55 112 1004
55 112 1005
55 112 1006
55 112 1007
55 112 1009
55 112 1010
55 112 1012
55 112 1015
55 112 1016
55 112 1018
55 112 1019
55 112 1020
55 112 1021
55 112 1023
55 112 1028
55 112 1035
55 112 1040
55 112 1052
55 112 1061
55 112 1063
55 129 978
55 129 1002
55 129 1036
55 129 1037
55 129 1038
55 129 1039
55 129 1040
55 129 1061
55 129 1063
55 16 1048
170 9 675
170 9 677
170 9 678
170 9 680
170 9 682
170 9 685
170 9 686
170 9 687
170 9 690
170 9 691
170 9 693
170 9 694
170 9 695
170 9 696
170 9 698
170 9 703
170 9 704
170 9 706
170 9 708
170 9 709
170 9 710
170 9 711
170 9 712
170 9 714
170 9 716
170 9 717
170 9 718
170 9 719
170 9 720
170 9 724
170 9 725
170 9 726
170 9 730
170 9 731
170 9 733
170 9 734
170 9 737
170 9 738
170 9 739
170 9 740
170 139 681
56 9 671
56 9 674
56 9 678
56 9 679
56 9 691
56 9 697
56 9 698
56 9 699
56 9 700
56 9 701
56 9 704
56 9 705
56 9 707
56 9 710
56 9 714
56 9 715
56 9 717
56 9 718
56 9 719
56 9 725
56 9 727
56 9 728
56 9 729
56 9 731
56 9 732
56 9 733
56 9 734
56 9 735
56 9 737
56 9 738
56 9 739
56 9 740
56 9 814
56 9 827
56 9 831
56 9 835
56 9 849
56 9 851
56 9 852
56 9 856
56 9 866
56 9 867
56 9 884
56 9 897
56 9 898
56 9 899
56 9 910
56 9 911
9 153 738
139 1 821
139 1 862
139 1 865
139 1 867
139 1 887
139 1 888
139 1 893
139 1 894
139 1 897
139 1 898
139 1 918
139 1 924
139 1 948
139 1 996
139 1 997
139 1 1002
139 1 1003
139 1 1004
139 111 853
139 67 866
135 78 701
135 78 702
135 78 706
135 78 707
135 78 708
135 78 709
135 78 710
135 78 711
135 78 712
135 78 713
135 78 714
135 78 716
135 78 719
135 78 721
135 78 725
135 78 726
135 78 728
135 78 733
135 78 735
135 78 738
135 78 740
135 78 741
135 78 742
135 78 743
135 78 744
135 78 747
135 78 748
135 78 752
135 78 754
135 78 755
135 78 757
135 78 758
135 78 759
135 78 762
135 78 763
135 78 764
135 78 765
135 78 767
135 78 785
135 78 786
135 78 787
135 78 791
135 78 793
135 78 795
135 78 796
135 78 799
135 78 800
135 78 801
135 78 802
135 78 803
135 78 805
135 78 806
135 78 813
135 78 815
135 78 816
135 78 817
135 68 918
78 8 702
78 8 709
78 8 715
78 8 752
78 8 758
78 8 759
78 14 704
78 14 707
78 14 708
78 14 709
78 14 711
78 14 712
78 14 714
78 14 716
78 14 717
78 14 718
78 14 719
78 14 720
78 14 723
78 14 724
78 14 725
78 14 726
78 14 727
78 14 728
78 14 729
78 14 730
78 14 731
78 14 732
78 14 733
78 14 734
78 14 735
78 14 736
78 14 737
78 14 738
78 14 739
78 14 740
78 14 741
78 14 742
78 14 743
78 14 744
78 14 750
78 14 751
78 14 753
78 14 754
78 14 755
78 14 756
78 14 757
78 14 758
78 14 759
78 14 760
78 14 761
78 14 762
78 14 764
78 14 766
78 14 768
78 14 772
78 14 774
78 14 775
78 14 778
78 14 779
78 14 781
78 14 782
78 14 784
78 14 785
78 14 786
78 14 787
78 14 788
78 14 790
78 14 791
78 14 792
78 14 793
78 14 794
78 14 796
78 14 797
78 14 798
78 14 799
78 14 800
78 14 801
78 14 802
78 14 803
78 14 814
78 14 815
78 14 816
78 14 817
78 14 818
78 68 999
78 140 1047
78 140 1049
78 140 1053
78 140 1054
78 140 1056
78 140 1057
78 140 1058
78 140 1062
78 108 1049
78 108 1053
78 108 1054
78 108 1055
78 108 1056
78 2 1059
8 153 813
14 67 860
14 67 862
14 67 863
14 67 866
14 67 867
14 67 868
14 67 869
14 67 870
14 67 874
14 67 875
14 67 877
14 67 878
14 67 880
14 67 881
14 67 882
14 67 885
14 67 886
14 67 888
14 67 890
14 67 891
14 67 892
14 67 893
14 67 894
14 1 864
153 66 798
107 66 743
107 140 1046
107 140 1047
107 130 1103
140 29 813
140 29 819
140 29 968
140 29 971
140 1 820
140 1 892
29 1 817
29 1 818
29 1 819
29 1 887
29 1 888
29 1 894
29 1 895
29 1 898
29 1 920
29 1 997
29 1 998
29 1 999
29 178 1033
29 178 1035
29 178 1037
29 178 1038
29 178 1050
129 83 814
129 83 816
129 83 818
129 83 820
129 83 822
129 83 823
129 83 824
129 83 826
129 83 830
129 83 831
129 83 832
129 83 836
129 83 837
129 83 838
129 83 840
129 83 852
129 83 854
129 83 855
129 83 856
129 83 859
129 83 860
129 83 888
129 83 896
129 83 897
129 83 899
129 83 900
129 83 901
129 83 903
129 123 1030
129 68 1032
129 68 1033
129 154 1055
83 35 860
83 63 902
83 136 903
83 136 904
83 148 907
83 113 1300
83 113 1303
83 113 1305
83 113 1307
83 113 1308
83 113 1312
83 113 1313
83 113 1314
83 113 1315
83 113 1319
83 113 1321
83 113 1322
83 113 1326
83 113 1328
83 113 1329
83 113 1330
83 113 1338
83 113 1339
83 113 1341
83 113 1342
83 113 1343
83 113 1344
83 113 1347
83 113 1348
83 113 1349
83 113 1354
83 113 1370
83 113 1373
83 113 1374
83 113 1375
83 113 1376
1 68 970
1 54 994
1 64 1002
35 111 849
111 67 891
111 136 904
122 15 882
122 67 889
15 123 1003
15 123 1004
54 112 972
54 112 973
54 112 980
54 112 990
54 112 994
54 112 996
54 112 999
54 112 1008
54 112 1011
54 112 1022
54 112 1024
54 112 1025
54 112 1026
54 112 1041
54 112 1051
54 112 1053
54 112 1054
54 112 1055
54 112 1057
54 112 1058
54 112 1060
54 112 1062
54 130 974
54 130 976
54 130 977
54 130 979
54 130 980
54 130 981
54 130 982
54 130 983
54 130 984
54 130 985
54 130 988
54 130 999
54 130 1001
54 130 1003
54 130 1004
54 130 1005
54 130 1006
54 130 1007
54 130 1008
54 130 1009
54 130 1010
54 130 1011
54 130 1012
54 130 1013
54 130 1014
54 130 1015
54 130 1016
54 130 1017
54 130 1018
54 130 1019
54 130 1021
54 130 1022
54 130 1023
54 130 1024
54 130 1025
54 130 1026
54 130 1027
54 130 1028
54 130 1029
54 130 1032
54 130 1033
54 130 1035
54 130 1057
54 130 1058
54 130 1059
54 130 1060
54 130 1062
54 123 1017
54 123 1030
54 123 1053
54 68 1031
54 68 1032
54 2 1049
54 17 1049
68 136 917
68 178 1037
68 154 1041
136 154 1039
136 154 1042
136 154 1043
136 154 1044
136 154 1047
136 154 1048
136 154 1049
136 154 1054
136 154 1055
136 154 1058
136 154 1059
136 154 1060
136 154 1061
136 154 1062
136 154 1063
136 154 1064
136 154 1068
130 112 971
130 112 974
130 112 975
130 112 976
130 112 977
130 112 980
130 112 981
130 112 982
130 112 983
130 112 984
130 112 985
130 112 988
130 112 999
130 112 1000
130 112 1001
130 112 1002
130 112 1004
130 112 1005
130 112 1006
130 112 1007
130 112 1008
130 112 1009
130 112 1010
130 112 1011
130 112 1012
130 112 1014
130 112 1015
130 112 1018
130 112 1021
130 112 1022
130 112 1023
130 112 1024
130 112 1025
130 112 1026
130 112 1035
130 112 1054
130 112 1055
130 112 1058
130 112 1059
130 112 1060
130 112 1061
130 112 1062
130 112 1063
130 112 1064
130 30 1104
130 30 1105
130 30 1107
130 30 1109
130 30 1110
130 30 1112
130 30 1113
130 30 1114
130 30 1115
130 30 1119
130 30 1120
130 30 1121
130 30 1124
130 30 1126
130 30 1127
130 30 1128
130 30 1134
130 30 1136
130 30 1137
130 30 1138
130 30 1141
130 30 1142
130 30 1143
130 30 1144
130 30 1147
130 30 1148
130 30 1151
130 30 1153
130 30 1155
130 30 1157
130 30 1160
130 69 1137
112 154 1054
16 177 984
16 177 985
16 177 1003
16 177 1005
16 177 1007
16 2 1033
16 2 1034
16 2 1035
16 2 1036
16 2 1038
16 2 1040
16 2 1041
16 2 1043
16 2 1049
16 2 1057
16 2 1058
177 123 1003
177 123 1004
64 31 1198
64 31 1201
64 31 1202
64 31 1203
64 31 1204
64 31 1205
64 31 1206
64 31 1208
64 31 1209
64 31 1214
64 31 1215
64 31 1216
64 31 1217
64 31 1222
64 31 1223
64 31 1224
64 31 1225
64 31 1226
64 31 1235
64 31 1236
64 31 1237
64 31 1239
64 31 1240
64 31 1241
64 31 1242
64 31 1244
64 31 1249
64 31 1250
64 31 1278
64 31 1282
64 31 1286
64 31 1287
64 31 1291
64 31 1292
64 31 1294
64 31 1297
64 31 1299
64 31 1300
64 31 1313
123 178 1050
123 178 1051
178 2 1036
154 108 1067
149 113 1351
