1 24 0
1 24 2
1 24 4
1 24 14
1 24 34
1 24 35
1 24 40
1 24 41
1 24 42
1 24 43
1 24 45
1 24 48
1 24 61
1 24 62
1 24 63
1 24 64
1 24 65
1 24 66
1 24 67
1 24 68
1 24 69
1 24 70
1 24 71
1 24 75
1 24 76
1 24 78
1 24 88
1 136 0
1 136 1
1 136 2
1 136 4
1 136 5
1 136 11
1 136 13
1 136 14
1 136 28
1 136 29
1 136 35
1 136 52
1 136 54
1 136 63
1 136 64
1 136 65
1 136 66
1 136 67
1 136 68
1 136 69
1 136 70
1 136 71
1 136 73
1 136 75
1 136 76
1 136 78
1 136 88
1 136 89
1 9 19
1 9 20
1 9 21
1 9 22
1 63 20
1 72 65
1 59 71
1 134 79
1 134 83
1 134 84
1 134 85
1 29 334
1 29 335
1 29 336
1 29 338
1 29 339
1 29 340
1 29 341
1 29 342
1 29 343
1 29 344
1 29 345
1 29 346
1 29 347
1 29 348
1 29 349
1 29 350
1 29 351
1 29 352
1 29 353
1 29 354
1 29 355
1 29 356
1 29 357
1 29 358
1 29 360
1 29 362
1 29 363
1 29 364
1 29 365
1 29 366
1 29 367
1 29 368
1 29 369
1 29 372
1 29 373
1 29 374
1 29 375
1 29 381
1 29 383
1 29 384
1 29 385
1 29 386
1 29 387
1 29 388
1 29 389
1 29 390
1 29 391
1 29 392
1 29 393
1 29 394
1 29 395
1 29 396
1 32 349
1 30 388
1 97 389
1 52 391
1 144 395
24 136 4
24 136 11
24 136 13
24 136 14
24 136 29
24 136 33
24 136 35
24 136 36
24 136 57
24 136 63
24 136 67
24 136 68
24 136 69
24 136 70
24 136 71
24 136 88
24 11 23
24 77 64
24 77 65
24 77 66
24 63 71
24 113 288
24 113 297
24 113 301
24 113 303
24 113 316
24 113 321
24 113 322
24 113 336
24 113 338
24 113 340
24 113 341
24 113 342
24 113 348
24 113 353
24 113 356
24 113 362
24 113 363
24 113 364
24 113 365
24 113 366
24 113 367
24 71 289
24 71 290
24 71 291
24 71 292
24 71 293
24 71 294
24 71 295
24 71 296
24 71 297
24 71 298
24 71 299
24 71 300
24 71 302
24 71 303
24 71 304
24 71 306
24 71 307
24 71 308
24 71 312
24 71 313
24 71 314
24 71 315
24 71 316
24 71 317
24 71 318
24 71 319
24 71 320
24 71 321
24 71 322
24 71 323
24 71 324
24 71 326
24 71 327
24 71 328
24 71 329
24 71 330
24 71 331
24 71 332
24 71 334
24 71 335
24 71 338
24 71 339
24 71 340
24 71 341
24 71 342
24 71 343
24 71 344
24 71 347
24 71 348
24 71 349
24 71 352
24 71 353
24 71 354
24 71 355
24 71 356
24 71 357
24 71 360
24 71 362
24 71 363
24 71 364
24 71 365
24 71 366
24 71 367
24 73 358
24 135 362
24 135 363
24 135 367
24 51 363
24 51 364
136 25 0
136 25 1
136 25 2
136 25 3
136 25 5
136 25 6
136 9 18
136 141 28
136 72 71
25 156 68
25 158 274
25 158 275
25 158 280
25 158 282
25 158 283
25 158 284
25 158 286
25 158 287
25 158 288
25 158 302
25 158 303
25 158 304
25 158 308
25 158 312
25 158 313
25 158 320
25 158 430
25 158 431
25 158 432
25 158 433
25 158 434
25 158 435
25 158 436
25 158 437
25 158 442
25 158 445
25 158 447
25 158 448
25 158 449
25 158 450
25 158 452
25 158 453
25 158 454
25 158 455
25 158 456
25 158 457
25 158 458
25 158 461
25 158 462
25 158 464
25 158 465
25 158 466
25 158 467
25 158 468
25 158 474
25 158 475
25 76 298
25 26 371
25 26 372
143 121 3
143 121 5
143 121 6
143 9 72
143 156 87
143 72 87
143 72 88
143 59 87
143 59 96
143 95 592
143 66 593
121 153 858
121 130 860
121 130 861
121 67 862
121 29 862
121 109 862
121 109 866
121 109 927
121 109 933
121 109 934
121 109 955
121 109 956
121 16 865
121 16 866
121 16 928
121 16 929
121 16 930
121 16 931
121 16 934
121 84 875
121 84 926
121 33 881
121 33 882
121 33 883
121 33 884
121 33 886
121 33 887
121 33 888
121 33 889
121 33 891
121 33 892
121 33 894
121 33 900
121 33 907
121 33 915
121 33 916
121 33 920
121 33 921
121 33 922
121 33 934
121 33 935
121 33 936
121 33 937
121 33 938
121 33 952
121 33 965
121 33 966
121 33 973
121 33 974
121 33 975
121 33 976
121 33 979
121 33 980
121 33 989
121 33 993
121 33 994
121 33 995
121 33 996
121 33 997
121 33 998
121 33 999
121 33 1000
121 33 1003
121 33 1004
121 33 1005
121 33 1006
121 148 925
118 141 4
118 141 8
118 141 9
118 141 10
118 141 16
118 141 17
118 141 19
118 141 28
118 141 30
118 141 31
118 141 32
118 141 33
118 141 34
118 141 35
118 141 36
118 141 37
118 141 38
118 141 39
118 141 40
118 141 41
118 141 42
118 141 43
118 141 44
118 141 45
118 141 46
118 141 54
118 141 55
118 141 56
118 141 57
118 141 58
118 141 59
118 141 60
118 141 61
118 141 62
118 141 63
118 141 64
118 141 65
118 141 66
118 141 67
118 141 68
118 141 69
118 141 70
118 141 71
118 141 90
118 141 91
118 141 106
118 141 109
118 141 110
118 141 111
118 12 329
118 12 332
118 12 337
118 12 348
118 12 361
118 12 366
118 12 384
118 12 386
118 12 389
118 12 392
118 68 331
118 68 334
118 68 335
118 68 340
118 68 357
118 68 361
118 68 362
118 68 367
118 68 368
118 68 379
118 68 383
118 68 393
118 68 395
118 68 400
118 68 403
118 32 332
118 32 337
118 32 351
118 32 357
118 32 360
118 32 361
118 32 362
118 32 366
118 32 367
118 32 368
118 32 386
118 32 400
118 0 332
118 0 334
118 0 335
118 0 336
118 0 338
118 0 339
118 0 344
118 0 348
118 0 352
118 0 357
118 0 361
118 0 362
118 0 363
118 0 364
118 0 365
118 0 366
118 0 369
118 0 375
118 0 376
118 0 379
118 0 380
118 0 381
118 0 383
118 0 384
118 0 389
118 0 390
118 0 391
118 0 392
118 0 393
118 0 394
118 0 395
118 0 400
118 0 402
118 0 403
118 0 404
118 119 336
118 144 336
118 26 337
118 26 338
118 26 345
118 26 358
118 26 394
118 86 337
118 86 340
118 86 386
118 86 389
118 86 390
118 160 339
118 160 348
118 160 357
118 160 359
118 160 360
118 160 364
118 160 373
118 160 384
118 160 395
118 160 396
118 160 398
118 160 399
118 64 340
118 64 377
118 64 379
118 137 348
118 29 370
118 104 383
118 84 385
118 52 397
118 5 397
141 106 1160
141 106 1161
141 106 1162
141 106 1163
141 106 1164
141 106 1165
141 106 1166
141 106 1167
141 106 1168
141 106 1169
141 106 1170
141 106 1171
141 106 1172
141 106 1173
141 106 1176
141 106 1177
141 106 1178
141 106 1179
141 106 1180
141 106 1181
141 106 1182
141 106 1183
141 106 1184
141 106 1185
141 106 1186
141 106 1187
141 106 1188
141 106 1189
141 106 1191
141 106 1192
141 106 1193
141 106 1198
141 106 1199
141 106 1200
141 106 1201
141 106 1202
141 106 1203
141 106 1204
141 106 1205
141 106 1207
141 106 1208
141 106 1209
141 106 1210
141 106 1211
141 106 1212
141 106 1213
141 106 1214
141 106 1215
141 106 1216
11 63 8
11 63 9
11 63 10
11 63 11
11 63 12
11 63 13
11 63 14
11 63 15
11 63 16
11 63 17
11 63 19
11 63 20
11 63 22
11 63 23
11 63 25
11 63 27
11 63 29
11 63 30
11 63 31
11 63 32
11 63 33
11 63 35
11 63 37
11 63 40
11 63 59
11 63 60
11 63 61
11 63 62
11 63 63
11 63 66
11 63 67
11 63 69
11 63 71
11 63 74
11 63 87
11 63 90
11 63 94
11 63 97
11 63 106
11 63 107
11 63 108
11 63 119
11 63 120
11 63 122
11 63 124
11 63 127
11 63 130
11 63 132
11 12 144
11 12 145
11 87 364
11 87 371
11 87 372
11 87 374
11 87 375
11 87 376
11 87 382
11 87 383
11 87 385
11 87 386
11 87 387
11 87 388
11 87 389
11 87 390
11 87 395
11 87 399
11 87 401
11 87 405
11 87 410
11 87 411
11 87 414
11 87 428
11 87 429
11 87 431
11 87 435
11 87 436
11 87 455
11 103 366
11 103 372
11 103 373
11 103 374
11 103 375
11 103 376
11 103 378
11 103 381
11 103 385
11 103 400
11 103 401
11 103 402
11 103 403
11 103 405
11 103 406
11 103 407
11 103 408
11 103 411
11 103 412
11 103 413
11 103 414
11 103 415
11 103 416
11 103 417
11 103 418
11 103 420
11 103 427
11 103 434
11 103 435
11 103 436
11 103 455
11 103 456
11 103 457
11 103 459
11 81 366
11 81 367
11 81 370
11 81 375
11 81 390
11 81 391
11 81 409
11 81 410
11 81 412
11 81 413
11 81 417
11 81 418
11 81 419
11 81 420
11 81 430
11 81 431
11 84 372
11 84 374
11 84 375
11 84 377
11 84 378
11 84 383
11 84 384
11 84 390
11 84 393
11 84 394
11 84 396
11 84 398
11 84 399
11 84 400
11 84 404
11 84 407
11 84 408
11 84 410
11 84 420
11 84 434
11 84 435
11 84 437
11 84 444
11 84 447
11 84 448
11 84 449
11 84 455
11 84 457
11 84 458
11 6 376
11 6 390
11 6 391
11 6 392
11 6 416
11 6 417
11 6 418
11 6 422
11 6 425
11 6 435
11 6 438
11 6 439
11 6 440
11 6 455
11 160 383
11 146 421
63 72 49
63 72 50
63 72 51
63 72 53
63 72 55
63 72 60
63 72 61
63 72 62
63 72 63
63 72 65
63 72 66
63 72 67
63 72 68
63 72 75
63 72 84
63 72 85
63 72 87
63 72 89
63 72 91
63 72 92
63 72 94
63 72 96
63 72 97
63 72 98
63 72 99
63 72 101
63 72 102
63 72 104
63 72 108
63 72 111
63 72 112
63 72 113
63 156 50
63 156 56
63 156 57
63 156 59
63 156 61
63 156 65
63 156 68
63 156 87
63 156 88
63 156 90
63 156 91
63 156 93
63 156 94
63 156 95
63 156 96
63 156 97
63 156 98
63 156 99
63 156 100
63 156 103
63 156 104
63 156 105
63 156 107
63 156 108
63 156 109
63 156 110
63 156 112
63 23 127
63 23 128
63 23 130
9 67 28
9 67 34
9 67 36
9 67 38
9 67 41
9 67 58
9 67 72
9 67 73
9 67 86
9 67 95
9 67 105
9 67 121
9 67 123
9 67 126
9 67 131
9 67 133
9 67 134
9 67 135
9 67 136
9 67 138
9 67 140
9 67 142
9 67 143
9 67 144
9 67 145
9 67 146
9 75 146
9 75 147
9 40 626
9 40 627
9 40 628
9 40 630
9 40 631
9 40 633
9 40 636
9 40 637
9 40 644
9 40 645
9 40 646
9 40 653
9 40 672
9 40 673
9 40 674
9 40 675
9 40 676
67 22 129
67 12 144
67 70 145
67 70 146
67 120 851
67 120 854
67 120 858
67 120 862
67 120 863
67 120 868
67 120 869
67 120 873
67 120 876
67 120 882
67 120 885
67 120 892
67 120 893
67 120 912
67 120 913
67 33 851
67 33 853
67 33 856
67 33 857
67 33 860
67 33 861
67 33 862
67 33 863
67 33 865
67 33 868
67 33 869
67 33 871
67 33 874
67 33 891
67 33 892
67 33 893
67 33 894
67 33 907
67 33 912
67 139 852
67 139 853
67 139 855
67 139 857
67 139 863
67 139 873
67 139 874
67 139 876
67 139 885
67 139 886
67 139 892
67 139 893
67 139 894
67 139 895
67 139 907
67 139 908
67 139 909
67 139 911
67 139 912
67 139 913
67 45 873
67 108 910
67 50 912
72 159 51
72 159 52
72 159 60
72 159 62
72 159 63
72 159 67
72 159 69
72 159 70
72 159 71
72 159 72
72 159 74
72 159 76
72 159 77
72 159 78
72 159 79
72 159 81
72 159 82
72 159 83
72 159 85
72 159 111
72 159 113
72 139 854
72 139 858
72 139 888
72 122 861
72 29 864
72 29 867
72 29 913
72 47 883
72 47 884
72 47 893
77 156 49
77 156 50
77 156 59
77 156 61
77 156 68
77 156 73
77 156 75
77 156 80
77 156 88
77 156 90
77 156 91
77 156 92
77 156 93
77 156 98
77 156 99
77 156 102
77 156 108
77 156 112
77 7 472
77 7 473
77 7 474
77 7 475
77 7 476
77 7 486
77 7 488
77 7 490
77 7 495
77 7 497
77 7 513
77 7 521
77 7 523
77 7 525
77 7 531
77 7 536
77 7 537
77 7 538
77 153 482
77 153 488
77 153 489
77 153 490
77 153 513
77 153 531
77 153 532
77 153 537
77 56 535
156 41 951
156 41 952
156 41 953
156 41 967
156 41 968
156 41 969
156 41 970
156 41 971
156 41 979
156 41 981
156 41 982
156 41 983
156 41 997
156 41 998
156 41 1000
156 41 1001
156 41 1002
156 41 1007
156 94 953
156 94 961
156 94 962
156 94 985
156 94 992
156 94 993
156 94 997
156 94 1001
156 94 1002
156 94 1003
156 94 1004
156 94 1006
156 94 1007
156 130 960
156 130 985
156 130 996
156 130 998
156 130 1001
156 86 979
156 86 987
156 86 995
156 86 996
156 86 997
156 86 998
156 86 1001
156 21 998
156 21 1002
156 30 1007
159 59 51
159 59 52
159 59 58
159 59 60
159 59 62
159 59 63
159 59 64
159 59 66
159 59 67
159 59 71
159 59 74
159 59 82
159 59 84
159 59 85
159 59 86
159 59 111
159 59 113
159 59 114
59 87 1055
59 87 1062
59 87 1070
59 87 1084
59 87 1086
59 87 1087
59 87 1088
59 87 1089
59 87 1091
59 87 1093
59 87 1094
59 87 1095
59 87 1097
59 87 1098
59 87 1102
59 87 1103
59 87 1104
59 87 1105
59 131 1069
59 131 1070
59 131 1072
59 131 1077
59 131 1080
59 131 1083
59 131 1084
59 131 1085
59 131 1104
59 109 1086
59 109 1087
59 109 1093
31 117 60
31 117 69
31 117 70
31 117 71
31 117 72
31 117 73
31 117 74
31 117 75
31 117 76
31 117 78
31 117 79
31 117 80
31 117 81
31 117 82
31 117 83
31 117 84
31 117 85
31 117 86
31 117 88
31 117 91
31 117 92
31 134 180
31 134 181
31 134 182
31 134 183
31 134 184
31 12 185
31 144 190
31 112 225
31 88 1253
31 88 1258
31 88 1259
31 88 1277
31 88 1278
31 88 1283
31 88 1284
31 88 1287
31 88 1288
31 88 1295
31 88 1296
31 88 1345
31 88 1346
31 88 1403
31 73 1258
31 73 1259
31 73 1260
31 73 1302
31 73 1305
31 73 1309
31 73 1316
31 73 1317
31 73 1318
31 73 1321
31 73 1331
31 73 1337
31 73 1338
31 73 1339
31 73 1340
31 73 1426
31 94 1264
31 94 1280
31 94 1283
31 94 1284
31 94 1288
31 94 1290
31 94 1293
31 94 1311
31 94 1316
31 94 1325
31 94 1345
31 94 1346
31 94 1352
31 94 1355
31 94 1374
31 94 1387
31 94 1388
31 94 1394
31 96 1270
31 96 1299
31 96 1305
31 96 1318
31 96 1320
31 96 1321
31 96 1323
31 96 1324
31 96 1327
31 96 1328
31 96 1330
31 96 1334
31 96 1336
31 96 1337
31 96 1338
31 96 1339
31 96 1340
31 96 1341
31 96 1342
31 96 1343
31 96 1344
31 96 1350
31 96 1352
31 96 1374
31 96 1375
31 96 1380
31 96 1390
31 96 1401
31 96 1402
31 96 1418
31 20 1281
31 20 1283
31 20 1284
31 4 1411
31 4 1412
31 4 1414
31 4 1415
31 92 1414
31 133 1427
117 96 230
117 96 232
117 96 233
117 96 236
117 96 237
117 96 238
117 96 256
117 96 257
117 96 258
117 96 300
134 113 114
134 113 152
134 113 153
134 113 155
134 14 170
134 14 171
134 14 172
134 14 174
134 14 180
134 14 181
134 14 182
134 14 185
134 55 232
134 55 255
134 55 256
134 52 242
134 54 274
134 101 324
134 135 325
134 51 326
113 76 301
113 76 306
113 76 311
113 76 313
113 76 316
113 76 326
113 76 327
113 76 328
113 76 329
113 76 333
113 76 338
113 76 340
113 76 341
113 76 342
113 76 346
113 76 348
113 76 352
113 76 356
113 76 357
113 76 358
113 76 362
113 76 363
113 76 364
113 76 365
113 76 366
113 76 367
113 64 359
113 135 363
113 54 363
113 54 364
113 54 366
23 114 291
23 114 308
23 114 315
22 86 953
22 86 955
22 86 956
22 86 1008
22 41 964
22 41 979
22 41 993
22 41 996
22 41 997
22 94 971
22 94 993
22 130 994
22 148 1008
22 30 1008
14 144 135
14 144 136
14 144 144
14 144 150
14 144 153
14 144 155
14 144 157
14 144 158
14 144 159
14 144 164
14 144 176
14 144 177
14 144 196
14 144 198
14 144 199
14 144 202
14 144 209
14 144 215
14 144 223
14 144 228
14 144 247
14 144 251
14 144 252
14 144 253
14 144 254
14 144 263
14 144 269
14 144 282
14 144 284
14 144 439
14 144 509
14 144 511
14 144 512
14 144 513
14 144 514
14 144 516
14 144 518
14 144 520
14 144 525
14 144 527
14 80 1254
14 80 1255
14 80 1256
14 80 1257
14 80 1314
14 80 1315
14 80 1316
14 80 1318
14 80 1320
14 80 1383
14 80 1384
14 80 1401
14 80 1402
14 80 1403
14 46 1255
14 46 1256
14 46 1282
14 46 1292
14 46 1293
14 46 1294
14 46 1295
14 46 1300
14 46 1301
14 46 1302
14 46 1335
14 46 1336
14 46 1341
14 46 1342
14 46 1343
14 46 1348
14 46 1349
14 46 1350
14 46 1351
14 46 1352
14 46 1353
14 46 1354
14 46 1355
14 46 1356
14 46 1357
14 46 1358
14 46 1359
14 46 1376
14 46 1377
14 46 1378
14 46 1380
14 46 1381
14 46 1383
14 46 1384
14 46 1401
14 46 1402
14 46 1403
14 46 1404
14 46 1405
14 46 1407
14 46 1408
14 46 1409
14 46 1414
14 46 1417
14 46 1418
14 46 1419
14 46 1420
14 46 1421
14 46 1423
14 46 1424
14 46 1425
14 46 1426
14 46 1430
14 88 1256
14 88 1258
14 88 1318
14 88 1404
14 96 1257
14 96 1260
14 96 1261
14 96 1298
14 96 1311
14 96 1322
14 96 1324
14 96 1325
14 96 1326
14 96 1329
14 96 1330
14 96 1335
14 96 1337
14 96 1338
14 96 1339
14 96 1405
14 96 1407
14 96 1409
14 96 1411
14 96 1412
14 96 1413
14 96 1414
14 96 1417
14 100 1257
14 100 1341
14 100 1342
14 100 1374
14 100 1383
14 100 1384
14 100 1401
14 100 1404
14 10 1257
14 10 1305
14 35 1258
14 35 1259
14 35 1324
14 35 1330
14 35 1336
14 35 1337
14 35 1338
14 35 1339
14 35 1352
14 35 1405
14 35 1407
14 35 1424
14 35 1425
14 35 1426
14 35 1428
14 51 1261
14 94 1296
14 94 1298
14 94 1301
14 94 1302
14 94 1315
14 94 1324
14 94 1325
14 94 1341
14 94 1348
14 39 1297
14 73 1299
14 73 1302
14 73 1329
14 73 1337
14 73 1338
14 73 1339
14 73 1348
14 73 1409
14 73 1416
14 73 1417
14 73 1418
14 73 1421
14 73 1422
14 73 1425
14 73 1428
14 73 1429
14 73 1430
14 8 1301
14 8 1302
14 8 1343
14 8 1353
14 8 1355
14 8 1356
14 8 1376
14 8 1377
14 8 1403
14 8 1407
14 8 1408
14 8 1412
14 8 1414
14 8 1415
14 8 1417
14 8 1418
14 8 1420
14 105 1304
14 105 1326
14 105 1356
14 105 1358
14 105 1359
14 105 1360
14 105 1361
14 105 1362
14 105 1363
14 105 1364
14 105 1365
14 105 1366
14 105 1367
14 105 1371
14 105 1372
14 105 1373
14 105 1374
14 105 1378
14 105 1379
14 105 1380
14 105 1381
14 105 1384
14 105 1386
14 105 1387
14 105 1388
14 105 1389
14 105 1391
14 105 1393
14 105 1394
14 105 1395
14 105 1396
14 105 1397
14 105 1398
14 105 1399
14 105 1400
14 105 1420
14 105 1421
14 105 1422
14 105 1425
14 105 1429
14 116 1305
14 116 1362
14 62 1320
14 62 1330
14 62 1331
14 4 1359
144 73 321
144 73 325
144 73 326
144 73 327
144 73 328
144 73 330
144 73 331
144 73 336
144 73 337
144 73 339
144 73 340
144 73 341
144 73 345
144 73 347
144 73 359
144 73 378
144 60 322
144 60 325
144 60 326
144 60 327
144 60 328
144 60 329
144 60 330
144 60 331
144 60 336
144 60 337
144 60 339
144 60 340
144 60 342
144 60 343
144 60 344
144 60 347
144 60 349
144 60 355
144 60 358
144 60 359
144 60 370
144 60 372
144 60 374
144 60 375
144 60 376
144 60 383
144 60 384
144 64 339
144 61 390
144 61 391
144 61 392
144 61 393
144 61 396
144 61 398
144 61 399
144 61 400
144 61 402
144 61 405
144 61 408
144 61 409
144 61 410
144 61 411
144 61 414
144 61 415
144 61 416
144 61 419
144 61 420
144 61 421
144 61 432
144 0 402
12 147 262
12 147 266
12 147 268
12 147 285
12 147 305
12 147 313
12 147 375
12 147 376
12 147 394
12 147 413
12 147 482
12 147 515
12 147 517
12 147 519
12 56 524
70 69 378
70 69 380
70 69 381
70 69 386
70 69 394
70 69 397
70 69 398
70 69 400
70 69 404
70 69 405
70 69 406
75 73 1255
75 73 1276
75 73 1277
75 73 1278
75 73 1279
75 96 1257
75 96 1258
75 96 1259
75 96 1264
75 96 1271
75 96 1299
75 96 1301
75 96 1302
75 96 1311
75 96 1322
75 96 1415
75 96 1417
75 96 1423
75 4 1257
75 4 1433
75 4 1435
75 4 1436
75 4 1437
75 4 1439
75 4 1440
75 4 1441
75 4 1442
75 94 1259
75 94 1270
75 94 1276
75 35 1265
75 35 1268
75 35 1286
75 35 1288
75 35 1403
75 88 1268
75 88 1273
75 46 1272
75 46 1273
75 46 1274
75 46 1276
75 46 1280
75 46 1312
75 46 1367
75 46 1369
75 46 1370
75 46 1371
75 46 1372
75 46 1373
75 46 1374
75 46 1387
75 46 1396
75 46 1403
75 46 1407
75 46 1408
75 46 1409
75 100 1272
75 100 1305
75 100 1359
75 100 1374
75 100 1384
75 109 1286
75 109 1287
75 62 1317
75 10 1448
85 111 198
85 120 218
85 120 219
85 120 220
85 120 221
85 96 221
85 27 226
85 27 227
85 150 227
85 20 1283
85 20 1284
85 73 1307
85 73 1343
85 73 1345
85 73 1346
85 92 1411
85 92 1412
85 92 1452
85 4 1452
85 4 1453
85 10 1452
85 10 1453
85 149 1452
85 149 1453
111 97 295
111 97 296
111 135 298
111 135 299
111 16 837
111 16 838
111 16 840
111 16 846
111 16 847
111 16 848
111 16 850
111 16 852
111 16 856
111 16 866
111 16 867
111 16 868
111 16 870
111 16 893
111 16 894
111 16 900
111 16 907
111 16 908
111 16 918
111 16 922
111 16 925
111 16 930
111 16 938
111 16 939
111 16 941
111 16 943
111 131 1062
111 131 1064
111 131 1093
55 80 201
55 80 203
55 120 251
55 96 251
55 96 252
55 60 355
55 44 493
55 140 1032
55 140 1033
55 140 1034
80 152 225
80 8 1257
80 8 1260
80 8 1261
80 8 1263
80 8 1274
80 8 1277
80 8 1278
80 8 1291
80 8 1292
80 8 1293
80 103 1258
80 103 1264
80 103 1381
80 145 1261
80 2 1267
80 2 1268
80 95 1284
80 95 1285
80 95 1295
80 95 1304
80 95 1306
80 95 1383
80 95 1393
80 116 1296
80 107 1305
80 58 1318
80 6 1388
80 6 1424
120 101 221
120 101 229
120 101 231
120 101 234
120 101 235
120 29 851
120 29 855
120 29 858
120 29 863
120 29 866
120 29 868
120 29 869
120 29 876
120 29 877
120 29 878
120 29 879
120 29 881
120 29 882
120 29 883
120 29 888
120 29 889
120 29 891
120 29 892
120 29 894
120 29 895
120 29 912
120 29 913
120 29 914
120 139 851
120 139 853
120 139 855
120 139 858
120 139 859
120 139 862
120 139 863
120 139 865
120 139 866
120 139 874
120 139 875
120 139 876
120 139 880
120 139 881
120 139 882
120 139 883
120 139 884
120 139 885
120 139 888
120 139 890
120 139 891
120 139 892
120 139 893
120 139 894
120 139 895
120 139 896
120 139 899
120 139 903
120 139 904
120 139 906
120 139 907
120 139 910
120 139 912
120 139 913
120 47 859
120 47 884
120 47 888
120 47 892
120 47 893
120 47 894
120 47 895
120 47 896
120 47 899
120 47 901
120 47 903
120 47 904
120 47 905
120 47 906
120 47 912
120 104 875
120 39 879
120 105 909
120 105 910
96 152 228
96 8 1255
96 8 1257
96 8 1258
96 8 1293
96 8 1314
96 8 1349
96 8 1352
96 8 1358
96 8 1359
96 8 1382
96 8 1383
96 8 1385
96 42 1256
96 42 1307
96 42 1308
96 42 1312
96 42 1332
96 42 1390
96 42 1393
96 42 1398
96 42 1399
96 42 1405
96 42 1406
96 42 1407
96 42 1409
96 42 1410
96 42 1412
96 42 1414
96 42 1417
96 42 1420
96 42 1421
96 42 1434
96 2 1257
96 2 1258
96 2 1268
96 2 1281
96 2 1282
96 2 1283
96 2 1296
96 2 1299
96 2 1301
96 2 1302
96 2 1314
96 2 1343
96 2 1361
96 2 1365
96 2 1373
96 2 1384
96 2 1427
96 154 1268
96 95 1269
96 95 1270
96 95 1271
96 95 1272
96 95 1285
96 95 1287
96 95 1288
96 95 1299
96 95 1300
96 95 1301
96 95 1343
96 95 1344
96 95 1345
96 95 1346
96 95 1347
96 95 1348
96 95 1349
96 95 1350
96 95 1362
96 95 1363
96 95 1364
96 95 1365
96 95 1366
96 95 1373
96 95 1375
96 95 1376
96 95 1377
96 95 1378
96 95 1379
96 95 1382
96 95 1389
96 95 1400
96 95 1409
96 95 1410
96 95 1430
96 6 1270
96 6 1271
96 6 1272
96 6 1274
96 6 1276
96 6 1277
96 6 1278
96 6 1280
96 6 1281
96 6 1284
96 6 1289
96 6 1292
96 6 1293
96 6 1294
96 6 1296
96 6 1305
96 6 1343
96 6 1344
96 6 1346
96 6 1348
96 6 1349
96 6 1350
96 6 1356
96 6 1357
96 6 1383
96 6 1384
96 6 1386
96 6 1390
96 6 1392
96 6 1401
96 6 1402
96 6 1403
96 6 1404
96 6 1405
96 6 1406
96 6 1407
96 6 1410
96 6 1417
96 6 1421
96 6 1424
96 6 1426
96 6 1429
96 6 1430
96 116 1273
96 116 1288
96 116 1291
96 116 1293
96 116 1294
96 116 1349
96 116 1354
96 116 1356
96 116 1358
96 116 1382
96 116 1383
96 107 1274
96 107 1300
96 107 1311
96 107 1321
96 103 1277
96 103 1281
96 103 1282
96 103 1283
96 103 1287
96 103 1288
96 103 1289
96 103 1290
96 103 1291
96 103 1292
96 103 1293
96 103 1294
96 103 1296
96 103 1302
96 103 1326
96 103 1327
96 103 1404
96 58 1281
96 68 1311
96 68 1388
96 68 1392
96 91 1324
96 91 1333
96 91 1334
96 89 1412
96 37 1430
101 97 288
101 97 290
101 97 291
101 97 293
101 97 295
101 97 297
101 97 303
101 97 304
101 97 306
101 97 307
101 97 308
101 97 316
101 97 323
101 97 324
101 97 326
101 97 327
101 97 328
101 97 330
101 97 331
101 97 332
101 97 340
101 97 341
101 97 342
101 97 343
101 97 344
101 97 345
101 97 346
101 97 349
101 97 354
101 97 355
101 97 356
101 97 357
101 97 358
101 97 359
101 97 360
101 97 362
101 97 363
101 97 364
101 97 365
101 97 366
101 97 367
101 97 369
101 97 370
101 97 371
101 97 372
101 97 373
101 97 376
101 97 379
101 97 380
101 97 383
101 97 385
101 97 386
101 97 387
101 97 388
101 97 389
101 97 390
101 97 391
101 97 392
101 97 393
101 97 394
101 97 395
101 97 396
101 97 397
101 97 398
101 97 399
101 29 368
101 103 386
101 47 398
152 27 232
152 27 250
152 27 260
152 27 262
152 27 288
152 27 309
152 83 1004
152 83 1006
152 83 1009
152 83 1013
152 83 1017
152 83 1024
152 83 1028
152 83 1036
152 83 1037
152 83 1038
152 83 1039
152 83 1045
152 83 1046
152 83 1049
152 83 1051
152 83 1053
152 83 1062
152 83 1079
152 83 1093
152 83 1094
152 83 1100
152 83 1102
152 83 1105
152 83 1107
152 83 1108
152 83 1113
152 83 1120
152 83 1145
152 83 1150
152 83 1183
152 83 1187
152 83 1188
152 83 1194
152 83 1197
152 83 1200
152 83 1202
152 83 1203
152 83 1204
152 83 1206
152 83 1207
152 83 1210
152 83 1218
152 83 1223
152 83 1226
152 83 1236
152 83 1241
152 83 1242
152 83 1244
152 83 1245
152 83 1246
152 58 1035
112 88 1126
112 88 1127
112 88 1128
112 88 1129
112 88 1130
112 88 1131
112 88 1132
112 88 1133
112 88 1134
112 88 1137
112 88 1138
112 88 1139
112 88 1140
112 88 1141
112 88 1147
112 88 1148
112 88 1152
112 88 1156
112 88 1158
112 88 1160
112 88 1162
112 88 1163
112 88 1165
112 88 1166
112 88 1167
112 88 1168
112 88 1171
112 88 1175
112 88 1176
112 88 1178
112 88 1179
112 88 1181
112 88 1182
112 88 1183
112 88 1184
112 88 1185
112 88 1186
112 88 1187
112 88 1192
112 88 1195
112 88 1203
112 88 1208
112 88 1210
112 88 1212
112 88 1239
27 155 323
27 155 324
27 155 325
27 155 326
27 155 337
27 155 338
27 155 341
27 155 344
27 155 387
27 155 388
27 155 389
27 155 390
27 155 391
27 155 392
27 155 395
27 155 397
27 155 398
27 155 399
27 155 400
27 155 401
27 155 402
27 155 405
27 155 406
27 155 407
27 155 408
27 155 409
27 155 410
27 155 411
27 155 412
27 155 413
27 155 414
27 155 415
27 155 417
27 137 470
150 30 233
150 30 259
150 30 263
150 30 279
150 30 317
150 30 387
150 30 401
150 41 935
150 17 999
150 86 1007
150 86 1009
30 89 963
30 58 990
30 140 993
30 140 1003
52 3 373
52 3 381
52 3 384
52 3 385
52 3 386
52 3 389
52 3 390
52 3 392
52 3 393
52 3 394
52 3 396
52 3 397
52 3 398
52 3 399
52 76 388
52 76 389
52 0 397
52 157 397
54 135 254
54 135 257
54 135 259
54 135 260
54 135 263
54 135 265
54 135 267
54 135 269
54 135 270
54 135 272
54 135 273
54 135 275
54 135 276
54 135 277
54 135 278
54 135 279
54 135 280
54 135 282
54 135 283
54 135 284
54 135 285
54 135 286
54 135 287
54 135 288
54 135 289
54 135 290
54 135 291
54 135 292
54 135 293
54 135 294
54 135 295
54 135 296
54 135 297
54 135 298
54 135 299
54 135 300
54 135 301
54 135 302
54 135 303
54 135 304
54 135 305
54 135 306
54 135 307
54 135 308
54 135 309
54 135 310
54 135 311
54 135 312
54 135 313
54 135 314
54 135 315
54 135 316
54 135 317
54 135 318
54 135 319
54 135 320
54 135 324
54 135 332
54 135 337
54 135 339
54 135 340
54 100 256
54 100 258
54 102 323
54 102 324
54 66 379
54 114 409
54 17 854
54 17 855
54 17 858
54 17 862
54 17 881
135 71 295
135 71 296
135 71 363
135 51 321
135 51 322
135 51 323
135 51 325
135 51 326
135 51 327
135 51 328
135 51 329
135 51 330
135 51 331
135 51 333
135 51 334
135 51 335
135 51 336
135 51 338
135 51 341
135 51 342
135 51 343
135 51 344
135 51 345
135 51 346
135 51 347
135 51 348
135 51 349
135 51 350
135 51 351
135 51 352
135 51 353
135 51 354
135 51 355
135 51 356
135 51 357
135 51 358
135 51 359
135 51 360
135 51 361
135 51 362
135 51 363
135 51 364
135 51 365
135 51 366
135 51 367
135 51 368
135 51 369
135 51 370
135 51 371
135 51 372
135 51 373
135 51 374
135 51 375
135 51 376
135 51 377
135 51 378
135 51 379
135 51 380
135 51 381
135 51 382
135 51 383
135 51 384
135 51 385
135 51 386
135 51 387
135 51 388
135 51 389
135 51 390
135 51 391
135 51 392
135 51 393
135 51 394
135 51 395
135 51 396
135 51 397
135 51 398
135 51 399
135 51 400
135 51 401
135 51 402
135 51 403
135 51 404
135 51 408
135 102 323
135 102 324
135 102 325
135 114 406
135 114 407
100 19 1246
100 58 1251
100 58 1254
100 58 1263
100 58 1268
100 58 1390
100 58 1391
100 58 1406
100 107 1254
100 107 1299
100 154 1263
100 6 1272
100 6 1286
100 6 1288
100 6 1289
100 6 1298
100 6 1344
100 6 1346
100 6 1347
100 6 1349
100 6 1351
100 6 1382
100 6 1391
100 6 1396
100 6 1398
100 6 1400
100 6 1409
100 6 1410
100 6 1430
100 8 1277
100 8 1279
100 8 1281
100 8 1282
100 8 1283
100 8 1297
100 8 1298
100 8 1299
100 8 1308
100 8 1389
100 8 1394
100 116 1278
100 116 1282
100 116 1296
100 116 1308
100 116 1377
100 116 1379
100 116 1381
100 116 1382
100 2 1285
100 2 1287
100 2 1299
100 2 1300
100 2 1301
100 2 1302
100 2 1313
100 2 1339
100 2 1359
100 2 1361
100 2 1365
100 2 1373
100 2 1390
100 2 1398
100 2 1400
100 2 1405
100 2 1406
100 2 1408
100 78 1285
100 103 1287
100 103 1288
100 103 1289
100 103 1351
100 103 1402
100 42 1434
100 42 1435
147 106 576
147 106 674
104 93 280
104 93 281
104 93 282
104 93 283
104 93 284
104 93 285
104 93 286
104 93 287
104 93 289
104 93 294
104 93 296
104 93 298
104 93 300
104 93 301
104 93 302
104 93 305
104 93 317
104 93 320
104 60 372
104 43 397
104 43 839
104 43 854
104 43 855
104 43 878
104 43 888
104 49 399
104 3 399
104 89 850
93 29 367
93 29 368
93 124 398
93 15 697
93 15 698
93 15 699
93 15 700
93 15 701
93 15 703
93 15 704
93 15 705
93 15 706
93 15 708
93 15 712
93 15 714
93 15 715
93 15 716
93 15 717
93 15 718
93 15 719
93 15 721
93 15 722
93 15 723
93 15 724
93 15 726
93 15 727
93 15 728
93 15 729
93 15 731
93 15 732
93 15 733
93 15 734
93 15 735
93 15 737
93 15 741
93 15 743
93 15 745
93 15 746
93 15 752
93 15 753
93 15 754
93 15 755
93 15 756
93 15 757
93 15 759
93 15 761
93 15 762
93 15 765
93 15 766
93 15 767
93 15 768
93 15 769
93 15 770
93 15 771
93 15 772
93 15 776
93 15 777
93 15 778
93 15 784
93 15 785
93 15 786
93 15 787
93 15 788
93 15 790
93 15 791
93 15 792
93 15 793
93 15 794
93 15 795
93 15 796
93 15 797
93 15 798
93 15 799
93 15 800
93 15 801
93 15 802
93 15 803
93 15 804
93 15 805
93 15 807
93 15 808
93 15 809
93 15 810
93 15 811
93 15 813
93 15 814
93 15 815
93 15 816
93 15 817
93 15 819
93 15 821
93 15 822
93 15 824
93 15 826
93 15 829
93 15 831
93 15 832
93 15 842
93 15 843
93 15 844
93 15 845
93 15 846
93 15 847
93 15 848
93 15 850
93 15 852
93 15 853
93 15 854
93 15 855
93 15 858
93 15 861
93 15 862
93 15 863
93 15 864
93 15 865
93 74 814
97 60 372
97 60 379
97 124 389
97 124 390
97 124 408
97 124 412
97 124 413
97 124 414
97 124 421
97 124 422
97 124 423
97 124 428
97 124 429
97 124 434
97 124 436
97 124 437
97 124 438
97 47 391
97 47 395
97 47 411
97 47 412
97 47 413
97 47 414
97 47 415
97 47 416
97 47 417
97 47 418
97 47 419
97 47 420
97 47 421
97 47 422
97 47 423
97 47 424
97 47 426
97 47 427
97 47 429
97 47 431
97 47 433
97 47 434
97 47 435
97 47 438
97 43 398
97 49 399
97 3 399
97 137 417
97 13 418
97 13 419
97 13 420
97 81 420
71 114 302
71 114 315
71 114 318
71 114 319
71 38 649
71 38 650
71 38 659
71 38 660
71 38 661
71 38 662
71 38 663
71 38 664
71 38 665
71 38 666
71 38 667
71 38 670
71 38 671
71 38 672
71 38 673
71 38 674
71 38 675
71 38 676
71 38 683
71 38 685
71 38 686
71 38 687
71 38 688
71 38 689
71 38 690
71 38 691
71 38 693
71 38 695
71 38 697
71 38 700
71 38 702
71 38 704
71 38 705
71 38 706
71 38 707
71 38 708
71 38 710
71 38 712
71 38 713
71 38 716
71 38 717
71 38 718
71 38 720
71 38 724
71 38 725
71 38 726
71 38 727
71 38 728
71 38 729
71 38 730
71 38 731
71 38 732
71 38 738
71 38 744
71 38 745
71 38 746
71 38 747
71 38 750
71 38 751
71 50 651
71 50 662
71 50 663
71 50 668
71 50 684
71 50 686
71 50 687
71 50 689
71 50 690
71 50 691
71 50 704
71 50 712
71 50 716
71 50 717
71 50 718
71 50 719
71 50 726
71 50 750
71 50 751
76 64 354
76 51 361
76 51 363
76 87 366
76 87 375
76 87 378
76 87 379
76 87 406
76 87 407
76 87 408
76 87 410
76 87 413
76 87 415
76 87 416
76 87 421
76 87 422
76 87 423
76 87 432
76 87 435
76 87 438
76 87 448
76 87 449
76 87 450
76 87 456
76 87 458
76 87 461
76 103 366
76 103 367
76 103 371
76 103 373
76 103 375
76 103 376
76 103 381
76 103 382
76 103 383
76 103 408
76 103 410
76 103 411
76 103 412
76 103 416
76 103 418
76 103 429
76 103 438
76 103 440
76 103 442
76 103 443
76 103 446
76 103 448
76 103 449
76 103 450
76 103 454
76 103 458
76 103 459
76 103 461
76 47 420
76 84 426
76 84 429
76 84 438
76 84 454
76 6 435
76 6 436
76 6 443
76 6 446
76 6 450
76 6 452
76 6 458
76 13 438
119 60 321
119 60 336
119 60 339
119 60 342
119 60 348
119 60 349
119 60 350
119 60 355
119 60 383
119 60 384
119 142 328
119 142 331
119 142 339
119 142 349
119 142 383
119 142 384
119 142 385
119 73 328
119 73 329
119 73 338
119 73 340
119 73 349
119 73 352
119 73 355
119 73 358
119 56 517
60 78 322
60 78 324
60 78 330
60 78 331
60 78 335
60 78 336
60 78 339
60 78 340
60 78 342
60 78 343
60 78 345
60 78 346
60 78 347
60 78 348
60 78 349
60 78 350
60 78 351
60 78 352
60 78 355
60 78 356
60 78 357
60 78 358
60 78 359
60 78 360
60 78 361
60 78 362
60 78 363
60 78 364
60 78 365
60 78 366
60 78 367
60 78 368
60 78 370
60 78 371
60 78 373
60 78 377
60 78 378
60 78 379
60 137 341
60 127 371
60 110 1162
51 124 389
51 95 1243
51 95 1261
51 95 1263
51 95 1264
51 95 1265
51 19 1246
51 154 1252
51 154 1255
51 154 1256
51 154 1257
51 154 1258
51 154 1263
51 154 1264
51 154 1267
51 154 1269
51 154 1270
51 154 1271
51 154 1273
51 154 1274
51 154 1277
51 154 1280
51 154 1281
51 154 1282
51 154 1283
51 154 1284
51 154 1286
51 154 1287
51 154 1288
51 154 1290
51 154 1292
51 154 1295
51 154 1297
51 154 1298
51 154 1300
51 154 1301
51 154 1302
51 154 1303
51 154 1309
51 154 1310
51 154 1311
51 154 1312
51 154 1313
51 154 1314
51 154 1316
51 154 1325
51 154 1327
51 154 1330
51 154 1342
51 154 1346
51 154 1352
51 154 1355
51 154 1356
51 154 1357
51 154 1358
51 154 1359
51 154 1374
51 154 1375
51 154 1376
51 154 1377
51 154 1378
51 154 1380
51 154 1381
51 154 1383
51 154 1384
51 154 1385
51 154 1386
51 154 1387
51 154 1388
51 154 1390
51 154 1391
51 154 1392
51 154 1393
51 154 1394
51 154 1395
51 154 1396
51 154 1398
51 154 1399
51 154 1400
51 154 1401
51 154 1402
51 154 1404
51 154 1405
51 154 1406
51 154 1407
51 154 1408
51 154 1409
51 58 1252
51 58 1255
51 58 1257
51 58 1261
51 58 1286
51 58 1287
51 58 1288
51 58 1289
51 58 1290
51 58 1294
51 58 1295
51 58 1302
51 58 1303
51 58 1305
51 58 1306
51 58 1309
51 58 1310
51 58 1311
51 58 1314
51 58 1343
51 58 1344
51 58 1345
51 58 1352
51 58 1353
51 58 1355
51 58 1356
51 58 1357
51 58 1358
51 58 1359
51 58 1360
51 58 1366
51 58 1367
51 58 1374
51 58 1375
51 58 1376
51 58 1377
51 58 1378
51 58 1379
51 58 1380
51 58 1382
51 107 1252
51 107 1253
51 107 1257
51 107 1327
51 107 1330
51 107 1342
51 107 1351
51 107 1352
51 107 1355
51 107 1358
51 107 1359
51 107 1367
51 107 1368
51 107 1372
51 107 1373
51 107 1387
51 107 1388
51 107 1392
51 107 1393
51 107 1396
51 107 1397
51 107 1399
51 107 1400
51 107 1401
51 107 1402
51 107 1404
51 107 1405
51 107 1406
51 107 1407
51 107 1408
51 107 1409
51 6 1275
51 2 1284
51 89 1325
51 89 1328
51 89 1329
51 89 1333
51 140 1330
73 87 381
73 42 1257
73 42 1258
73 42 1263
73 42 1264
73 42 1269
73 42 1271
73 42 1286
73 42 1290
73 42 1291
73 42 1301
73 42 1307
73 42 1348
73 42 1351
73 42 1393
73 42 1418
73 42 1421
73 42 1425
73 92 1260
73 92 1305
73 92 1307
73 92 1315
73 92 1318
73 92 1320
73 92 1321
73 92 1337
73 92 1338
73 92 1340
73 92 1351
73 92 1352
73 92 1393
73 6 1265
73 6 1267
73 6 1298
73 6 1299
73 6 1301
73 6 1342
73 6 1382
73 6 1388
73 2 1266
73 2 1267
73 2 1305
73 2 1343
73 2 1344
73 2 1359
73 2 1384
73 2 1385
73 2 1430
73 95 1273
73 95 1274
73 95 1377
73 95 1383
73 95 1391
73 95 1395
73 95 1396
73 91 1282
73 91 1307
73 91 1315
73 91 1316
73 91 1337
73 91 1342
73 91 1343
73 91 1344
73 91 1345
73 91 1346
73 91 1347
73 91 1352
73 91 1376
73 91 1377
73 91 1379
73 91 1393
73 103 1296
73 103 1349
73 103 1421
73 103 1425
73 103 1427
73 103 1428
73 103 1429
73 103 1430
73 58 1315
78 49 381
78 154 1005
78 154 1011
78 154 1012
78 154 1014
78 154 1018
78 154 1021
78 154 1022
78 154 1023
78 154 1032
78 154 1042
78 154 1043
78 154 1047
78 154 1050
78 154 1061
78 154 1065
78 154 1068
78 154 1077
78 154 1089
78 154 1101
78 154 1103
78 154 1104
78 154 1110
78 154 1115
78 154 1118
78 154 1122
78 154 1142
78 154 1143
78 154 1148
78 154 1159
78 154 1160
78 154 1177
78 154 1178
78 154 1179
78 154 1180
78 154 1181
78 154 1184
78 154 1185
78 154 1186
78 154 1189
78 154 1195
78 154 1196
78 154 1205
78 154 1211
78 154 1212
78 154 1213
78 154 1214
78 154 1215
78 154 1216
78 154 1217
78 154 1220
78 154 1221
78 154 1224
78 154 1225
78 154 1237
78 154 1238
78 154 1239
78 154 1240
78 154 1243
78 154 1271
78 154 1274
78 154 1277
78 154 1285
78 154 1286
78 154 1287
78 154 1290
78 154 1291
78 154 1292
78 151 1032
78 58 1035
78 38 1061
78 38 1063
78 38 1129
78 38 1130
78 38 1132
78 108 1067
78 108 1068
78 108 1080
78 108 1081
78 108 1082
78 108 1083
78 108 1086
78 140 1136
78 91 1269
78 132 1281
155 94 794
155 94 795
155 94 796
155 94 797
155 94 798
155 94 801
155 94 806
155 94 808
155 94 809
155 94 810
155 94 811
155 94 812
155 94 813
155 94 817
155 94 820
155 94 821
155 94 826
155 94 835
155 94 836
155 94 843
155 94 844
155 94 851
155 94 860
155 94 861
155 94 867
155 94 877
155 94 878
155 94 903
155 94 904
155 94 905
155 94 906
155 94 907
155 94 912
155 94 913
155 94 914
155 94 915
155 94 916
155 94 917
155 94 925
155 94 927
155 94 928
155 94 935
155 94 936
155 94 939
155 94 940
155 20 795
155 20 896
155 20 926
155 130 795
155 130 810
155 130 819
155 130 820
155 130 821
155 130 822
155 130 824
155 130 825
155 130 826
155 130 827
155 130 828
155 130 829
155 130 830
155 130 831
155 130 832
155 130 833
155 130 834
155 130 835
155 130 836
155 130 837
155 130 840
155 130 841
155 130 842
155 130 844
155 130 845
155 130 846
155 130 847
155 130 848
155 130 850
155 130 860
155 130 861
155 130 864
155 130 872
155 130 873
155 130 874
155 130 876
155 130 879
155 130 889
155 130 896
155 130 897
155 130 898
155 130 899
155 130 900
155 130 901
155 130 902
155 130 903
155 130 904
155 130 905
155 130 906
155 130 907
155 130 908
155 130 909
155 130 910
155 130 911
155 130 912
155 130 913
155 130 914
155 130 915
155 130 916
155 130 924
155 130 925
155 41 796
155 41 802
155 41 803
155 41 805
155 41 810
155 41 811
155 41 814
155 41 818
155 41 826
155 41 827
155 41 829
155 41 835
155 41 840
155 41 851
155 41 866
155 41 868
155 41 879
155 41 883
155 41 885
155 41 898
155 41 899
155 41 900
155 41 901
155 41 902
155 41 903
155 41 904
155 41 905
155 41 906
155 41 907
155 41 908
155 41 909
155 41 911
155 41 912
155 41 913
155 41 914
155 41 915
155 41 916
155 41 927
155 41 935
155 41 940
155 86 801
155 86 803
155 86 806
155 86 808
155 86 809
155 86 815
155 86 817
155 86 818
155 86 820
155 86 824
155 86 825
155 86 826
155 86 828
155 86 829
155 86 830
155 86 831
155 86 832
155 86 833
155 86 834
155 86 835
155 86 837
155 86 838
155 86 840
155 86 841
155 86 842
155 86 864
155 86 867
155 86 869
155 86 870
155 86 871
155 86 872
155 86 878
155 86 894
155 86 908
155 86 909
155 86 910
155 86 922
155 86 928
155 86 938
155 86 939
155 86 940
155 16 850
155 109 850
155 123 860
102 43 425
102 43 430
160 64 327
160 64 328
160 64 334
160 64 348
160 64 349
160 64 350
160 64 361
160 64 368
160 64 369
160 64 370
160 64 372
160 64 373
160 64 374
160 64 375
160 64 376
160 64 377
160 64 378
160 64 380
160 64 383
160 64 390
160 64 391
160 64 392
160 64 393
160 64 395
160 64 396
160 64 401
160 64 402
160 64 403
160 64 404
160 10 327
160 10 328
160 10 329
160 10 340
160 10 342
160 10 343
160 10 346
160 10 351
160 10 359
160 10 365
160 10 366
160 10 367
160 10 368
160 10 369
160 10 380
160 10 381
160 10 399
160 10 402
160 10 404
160 81 328
160 81 369
160 81 370
160 81 376
160 81 377
160 0 334
160 0 340
160 0 341
160 0 342
160 0 343
160 0 344
160 0 345
160 0 346
160 0 351
160 0 361
160 0 363
160 0 364
160 0 365
160 0 367
160 0 375
160 0 378
160 0 383
160 0 395
160 0 401
160 79 383
160 28 384
160 28 389
160 28 391
64 32 328
64 32 331
64 32 335
64 32 336
64 32 337
64 32 340
64 32 344
64 32 348
64 32 349
64 32 350
64 32 351
64 32 352
64 32 353
64 32 354
64 32 355
64 32 357
64 32 359
64 32 360
64 32 361
64 32 362
64 32 363
64 32 365
64 32 368
64 32 369
64 32 370
64 32 375
64 32 376
64 32 377
64 32 378
64 32 380
64 32 381
64 32 383
64 32 397
64 32 400
64 32 402
64 86 328
64 86 331
64 86 341
64 86 344
64 86 351
64 86 360
64 86 376
64 86 378
64 86 384
64 86 396
64 0 339
64 0 348
64 0 357
64 0 360
64 0 361
64 0 362
64 0 368
64 0 369
64 0 378
64 0 379
64 0 383
64 0 393
64 0 395
64 0 397
64 0 399
64 0 402
64 0 403
64 0 404
64 26 348
64 26 351
64 26 355
64 26 379
64 26 380
64 26 381
64 26 384
64 26 389
64 26 390
64 26 391
64 26 395
64 26 404
64 2 349
64 10 375
64 69 382
10 68 327
10 68 328
10 68 340
10 68 342
10 68 343
10 68 351
10 68 357
10 68 358
10 68 369
10 68 381
10 68 391
10 68 397
10 68 403
10 68 404
10 68 407
10 86 328
10 86 349
10 86 353
10 86 359
10 86 367
10 86 368
10 86 372
10 86 385
10 86 386
10 86 389
10 86 407
10 32 329
10 32 331
10 32 357
10 32 365
10 32 369
10 32 372
10 32 373
10 32 380
10 32 381
10 32 397
10 32 402
10 32 403
10 32 404
10 26 330
10 26 336
10 26 340
10 26 342
10 26 343
10 26 348
10 26 349
10 26 351
10 26 359
10 26 361
10 26 364
10 26 381
10 26 384
10 26 385
10 26 394
10 26 399
10 26 403
10 0 332
10 0 340
10 0 342
10 0 343
10 0 346
10 0 349
10 0 350
10 0 351
10 0 353
10 0 354
10 0 358
10 0 365
10 0 366
10 0 367
10 0 372
10 0 384
10 0 385
10 0 389
10 0 391
10 0 394
10 0 397
10 0 399
10 116 1254
10 116 1257
10 116 1259
10 116 1261
10 116 1268
10 116 1288
10 116 1290
10 116 1291
10 116 1292
10 116 1294
10 116 1296
10 116 1297
10 116 1298
10 116 1299
10 116 1303
10 116 1307
10 116 1324
10 116 1342
10 116 1355
10 116 1356
10 116 1357
10 116 1358
10 116 1359
10 116 1360
10 116 1370
10 116 1371
10 116 1372
10 116 1379
10 116 1383
10 116 1389
10 116 1390
10 116 1391
10 116 1395
10 116 1413
10 116 1414
10 116 1415
10 116 1423
10 116 1425
10 116 1427
10 116 1428
10 116 1429
10 116 1430
10 116 1431
10 116 1432
10 116 1433
10 116 1434
10 116 1435
10 116 1436
10 116 1440
10 116 1441
10 116 1442
10 116 1443
10 116 1444
10 116 1446
10 116 1447
10 116 1448
10 116 1450
10 107 1300
10 107 1305
10 107 1308
10 146 1433
10 146 1434
10 146 1449
10 146 1450
10 146 1452
10 146 1453
10 89 1433
10 89 1436
10 89 1447
10 89 1452
68 28 384
68 28 388
68 28 390
68 28 396
68 28 399
68 28 401
68 88 1252
68 88 1253
68 88 1288
68 88 1308
68 35 1252
68 35 1263
68 35 1265
68 35 1388
68 35 1404
68 94 1256
68 94 1281
68 94 1289
68 94 1300
68 94 1311
68 94 1390
68 94 1391
142 137 343
142 137 344
142 65 423
142 65 429
142 65 433
142 65 434
142 65 440
142 65 441
142 65 454
142 65 455
142 65 461
142 65 466
142 65 467
142 65 468
142 65 470
142 65 471
142 65 475
142 65 478
142 65 481
142 65 495
142 65 496
142 65 499
142 65 500
142 65 504
142 65 505
142 65 513
142 65 535
142 65 538
142 65 539
142 65 540
142 65 541
142 65 542
142 19 1243
142 19 1262
142 19 1268
142 19 1299
142 19 1304
142 19 1305
142 95 1243
142 48 1246
142 48 1249
142 48 1250
142 48 1251
142 48 1259
142 48 1267
142 48 1273
142 48 1275
142 48 1277
142 48 1278
142 48 1280
142 48 1281
142 48 1282
142 48 1283
142 48 1284
142 48 1287
142 48 1291
142 48 1292
142 48 1293
142 48 1294
142 48 1304
142 48 1306
142 48 1311
142 48 1314
142 48 1318
142 48 1319
142 48 1323
142 48 1324
142 48 1325
142 48 1326
142 48 1327
142 48 1328
142 48 1329
142 48 1332
142 48 1333
142 48 1337
142 48 1338
142 48 1339
142 48 1340
142 48 1341
142 48 1342
142 48 1343
142 48 1344
142 48 1345
142 48 1346
142 48 1347
142 48 1350
142 48 1351
142 48 1353
142 48 1383
142 48 1388
142 48 1389
142 48 1390
142 48 1391
142 48 1392
142 48 1394
142 48 1395
142 48 1396
142 48 1397
142 48 1401
142 48 1402
142 48 1404
142 48 1405
142 48 1406
142 48 1407
142 48 1408
142 48 1409
142 107 1249
142 107 1253
142 107 1254
142 107 1255
142 107 1260
142 107 1261
142 107 1262
142 107 1274
142 107 1276
142 107 1324
142 107 1325
142 107 1327
142 107 1328
142 107 1329
142 107 1330
142 107 1331
142 107 1332
142 107 1336
142 107 1341
142 107 1343
142 107 1344
142 107 1349
142 107 1350
142 107 1351
142 107 1352
142 107 1355
142 107 1363
142 107 1364
142 107 1365
142 107 1366
142 107 1367
142 107 1368
142 107 1369
142 107 1370
142 107 1371
142 107 1378
142 107 1379
142 107 1381
142 107 1389
142 107 1392
142 107 1396
142 107 1397
142 107 1400
142 107 1401
142 107 1402
142 107 1403
142 107 1404
142 107 1405
142 107 1406
142 107 1407
142 107 1408
142 107 1409
142 58 1251
142 58 1252
142 58 1253
142 58 1254
142 58 1255
142 58 1265
142 58 1266
142 58 1267
142 58 1282
142 58 1283
142 58 1285
142 58 1290
142 58 1292
142 58 1294
142 58 1296
142 58 1297
142 58 1299
142 58 1300
142 58 1304
142 58 1347
142 58 1350
142 58 1351
142 58 1353
142 58 1354
142 58 1360
142 58 1381
142 58 1396
142 154 1255
142 154 1261
142 154 1262
142 154 1272
142 154 1278
142 154 1280
142 154 1281
142 154 1283
142 154 1284
142 154 1290
142 154 1292
142 154 1297
142 154 1300
142 154 1301
142 154 1302
142 154 1306
142 154 1314
142 154 1320
142 154 1325
142 154 1331
142 154 1342
142 154 1383
142 154 1384
142 154 1388
142 154 1389
142 154 1390
142 154 1391
142 154 1392
142 154 1395
142 154 1396
142 154 1397
142 154 1399
142 154 1400
142 154 1401
142 154 1402
142 154 1403
142 154 1406
142 154 1407
142 154 1408
142 154 1409
142 154 1410
142 8 1269
142 6 1274
142 6 1282
142 6 1285
142 2 1282
142 92 1319
142 89 1325
142 89 1328
142 89 1329
142 89 1331
142 89 1332
142 36 1395
142 125 1410
32 81 328
32 81 345
32 157 329
32 157 334
32 157 344
32 157 345
32 157 348
32 157 350
32 157 351
32 157 360
32 157 361
32 157 365
32 157 370
32 157 375
32 157 376
32 157 377
32 157 378
32 157 380
32 157 381
32 157 382
32 157 385
32 157 403
32 157 404
32 0 337
32 0 346
32 0 348
32 0 351
32 0 362
32 0 365
32 0 366
32 0 367
32 0 368
32 0 372
32 0 373
32 0 378
32 0 394
32 0 397
32 106 674
81 0 336
81 0 349
81 0 353
81 0 354
81 0 358
81 0 366
81 0 367
81 0 368
81 0 379
81 0 385
81 0 386
81 0 387
81 0 389
81 26 349
81 26 356
81 26 360
81 26 361
81 26 386
81 26 387
81 26 396
81 79 366
81 79 379
81 79 380
81 79 386
81 79 388
81 79 389
81 79 390
81 79 403
81 79 404
81 79 408
81 79 415
81 79 416
81 79 427
81 79 430
81 79 431
81 79 436
81 79 459
81 4 370
81 4 375
81 4 376
81 4 377
81 4 378
81 4 380
81 4 381
81 4 386
81 4 388
81 4 390
81 4 391
81 4 392
81 4 393
81 4 394
81 4 395
81 4 396
81 4 397
81 4 398
81 4 399
81 4 400
81 4 401
81 4 402
81 4 413
81 4 415
81 4 416
81 4 418
81 4 441
81 4 445
81 4 451
81 4 459
81 99 427
81 99 436
81 99 441
81 99 444
81 99 445
81 99 447
81 99 451
81 99 452
81 99 453
81 82 434
81 82 436
81 82 441
81 82 451
81 82 452
81 82 453
81 82 459
86 98 797
86 98 800
86 98 801
86 98 804
86 98 808
86 98 810
86 98 813
86 98 815
86 98 818
86 98 823
86 98 825
86 98 829
86 98 832
86 98 833
86 98 835
86 98 836
86 98 837
86 98 846
86 98 927
86 98 945
86 98 956
86 98 958
86 98 981
86 98 1001
86 45 797
86 45 804
86 45 812
86 45 817
86 45 823
86 45 827
86 45 830
86 45 857
86 45 872
86 45 903
86 45 904
86 45 912
86 45 930
86 45 980
86 45 981
86 45 988
86 45 1000
86 45 1001
86 21 798
86 21 823
86 21 862
86 21 868
86 21 882
86 21 909
86 21 920
86 21 924
86 130 801
86 130 823
86 130 824
86 130 826
86 130 830
86 130 832
86 130 863
86 130 866
86 130 870
86 130 882
86 130 924
86 130 927
86 130 937
86 130 938
86 130 951
86 130 960
86 130 978
86 130 979
86 130 989
86 130 1001
86 130 1003
86 58 991
86 34 1007
86 34 1008
86 34 1009
157 26 340
157 26 341
157 26 342
157 26 343
157 26 344
157 26 351
157 26 352
157 26 359
157 26 380
157 26 384
157 26 391
157 26 395
157 26 399
157 29 371
157 19 1241
157 19 1243
157 19 1245
157 19 1247
157 107 1241
157 107 1245
157 107 1246
157 107 1250
157 107 1251
157 107 1252
157 107 1254
157 107 1255
157 107 1256
157 107 1257
157 107 1258
157 107 1259
157 107 1260
157 107 1264
157 107 1277
157 107 1278
157 107 1326
157 107 1342
157 107 1343
157 107 1344
157 107 1345
157 107 1352
157 107 1366
157 107 1389
157 107 1392
157 107 1395
157 107 1396
157 107 1397
157 107 1398
157 107 1399
157 107 1400
157 107 1401
157 107 1403
157 107 1404
157 107 1405
157 107 1406
157 107 1407
157 107 1408
157 107 1409
157 48 1241
157 48 1245
157 48 1246
157 48 1248
157 48 1249
157 48 1250
157 48 1251
157 48 1254
157 48 1259
157 48 1278
157 48 1326
157 48 1328
157 48 1332
157 48 1333
157 95 1243
157 95 1247
157 140 1243
157 140 1246
157 140 1329
157 58 1245
157 58 1247
157 58 1248
157 58 1249
157 58 1250
157 58 1251
157 58 1252
157 58 1255
157 58 1256
157 58 1257
157 58 1260
157 58 1261
157 58 1262
157 58 1285
157 58 1286
157 58 1287
157 58 1289
157 58 1291
157 58 1292
157 58 1293
157 58 1294
157 58 1295
157 58 1313
157 58 1314
157 58 1342
157 58 1350
157 58 1353
157 58 1355
157 58 1356
157 58 1357
157 58 1358
157 58 1362
157 58 1364
157 58 1365
157 58 1366
157 58 1367
157 58 1369
157 58 1370
157 58 1372
157 58 1373
157 58 1374
157 58 1375
157 58 1376
157 58 1377
157 58 1379
157 58 1380
157 58 1381
157 58 1382
157 58 1383
157 103 1266
157 103 1269
157 89 1325
157 89 1328
157 89 1331
157 89 1332
157 89 1334
26 0 332
26 0 337
26 0 340
26 0 341
26 0 342
26 0 343
26 0 344
26 0 346
26 0 348
26 0 353
26 0 358
26 0 359
26 0 360
26 0 364
26 0 376
26 0 383
26 0 384
26 0 385
26 0 395
26 0 400
26 0 402
26 0 403
26 28 332
26 28 337
26 28 346
26 28 352
26 28 380
26 28 389
26 28 390
26 28 399
26 28 404
26 79 393
26 69 395
26 3 397
26 56 514
26 56 516
26 56 518
26 56 520
26 56 521
26 56 522
26 56 526
26 56 527
26 56 528
26 56 529
26 56 530
26 56 531
26 56 532
26 56 535
26 56 540
26 56 541
26 56 543
26 56 545
26 56 548
26 56 550
26 56 551
26 56 552
26 56 553
26 56 554
26 56 562
26 56 564
26 56 565
26 56 570
26 48 517
26 48 521
26 48 525
26 48 529
26 48 530
26 48 532
26 48 535
26 48 536
26 48 537
26 48 538
26 48 539
26 48 540
26 48 541
26 48 542
26 48 547
26 48 548
26 48 560
26 48 562
26 48 564
26 48 565
0 28 384
0 28 387
0 28 396
28 45 522
29 137 343
29 43 396
29 139 850
29 139 852
29 139 856
29 139 857
29 139 858
29 139 860
29 139 861
29 139 866
29 139 867
29 139 877
29 139 880
29 139 884
29 139 885
29 139 888
29 139 889
29 139 890
29 139 891
29 139 893
29 139 894
29 139 907
29 139 909
29 139 912
29 139 913
29 139 914
137 66 389
137 66 390
137 43 415
137 43 416
137 98 465
137 98 466
2 148 1263
2 148 1272
2 148 1298
2 148 1389
2 148 1392
2 148 1393
2 148 1394
2 148 1395
2 148 1397
2 148 1398
2 148 1399
2 148 1400
2 148 1401
2 148 1402
2 148 1403
2 148 1404
2 148 1405
2 148 1406
2 148 1408
2 148 1409
2 35 1266
2 35 1274
2 35 1299
2 35 1300
2 35 1301
2 35 1305
2 35 1349
2 35 1377
2 35 1378
2 35 1410
2 35 1413
2 35 1430
2 88 1268
2 88 1295
2 88 1314
2 88 1318
2 88 1319
2 88 1320
2 88 1335
2 88 1341
2 88 1343
2 88 1358
2 88 1361
2 88 1365
2 88 1375
2 88 1376
2 88 1377
2 88 1378
2 88 1383
2 88 1395
2 88 1399
2 88 1401
2 88 1405
2 105 1270
2 105 1272
2 105 1273
2 105 1281
2 105 1282
2 105 1296
2 105 1298
2 105 1299
2 105 1301
2 105 1302
2 105 1307
2 105 1351
2 105 1359
2 105 1403
2 105 1408
2 105 1413
2 105 1414
2 105 1415
2 116 1272
2 116 1276
2 116 1277
2 116 1314
2 116 1316
2 116 1320
2 116 1375
2 116 1376
2 116 1382
2 62 1274
2 62 1282
2 62 1284
2 62 1390
2 46 1295
2 46 1361
2 46 1365
2 46 1373
2 132 1296
2 126 1337
2 94 1342
2 94 1390
2 92 1393
2 92 1395
2 92 1397
2 92 1398
2 92 1399
2 92 1401
2 92 1426
2 92 1429
2 92 1431
2 92 1432
2 129 1426
2 149 1426
2 41 1427
87 79 365
87 79 367
87 79 368
87 79 370
87 79 384
87 79 389
87 79 390
87 79 391
87 79 393
87 79 394
87 79 396
87 79 398
87 79 399
87 79 406
87 79 408
87 79 410
87 79 419
87 79 453
87 99 367
87 99 370
87 99 371
87 99 374
87 99 376
87 99 387
87 99 391
87 99 405
87 99 408
87 99 414
87 99 416
87 4 371
87 4 390
87 4 403
87 131 1055
87 131 1057
87 131 1060
87 131 1061
87 131 1066
87 131 1102
87 131 1103
87 108 1092
79 103 368
79 103 369
79 103 370
79 103 374
79 103 375
79 103 378
79 103 379
79 103 393
79 103 396
79 103 397
79 103 399
79 103 400
79 103 405
79 103 407
79 103 408
79 103 410
79 103 414
79 103 415
79 103 429
79 103 456
79 6 431
79 6 437
79 6 438
79 6 454
79 6 459
79 13 442
79 13 443
79 13 445
79 13 451
79 90 750
79 90 762
79 15 762
79 115 770
79 115 790
79 115 792
79 115 794
79 115 795
79 115 797
79 115 798
79 115 808
79 115 809
79 115 814
79 115 823
79 115 825
79 115 835
79 115 837
79 115 838
103 4 367
103 4 369
103 4 375
103 4 376
103 4 416
103 4 417
103 4 418
103 4 442
103 4 443
103 4 444
103 4 445
103 4 451
103 4 455
103 82 427
103 82 429
103 82 430
103 82 431
103 82 441
103 82 446
103 82 447
103 82 448
103 82 449
103 82 450
103 82 452
103 82 453
103 82 455
103 82 456
103 82 458
103 82 459
103 82 461
103 35 1261
103 35 1262
103 35 1299
103 35 1302
103 35 1328
103 35 1349
103 35 1403
103 46 1262
103 46 1299
103 46 1305
103 46 1316
103 46 1353
103 46 1357
103 46 1358
103 46 1378
103 46 1380
103 46 1381
103 46 1382
103 46 1420
103 46 1421
103 46 1423
103 46 1424
103 46 1425
103 94 1266
103 94 1309
103 94 1313
103 94 1348
103 88 1267
103 20 1267
103 62 1270
103 62 1274
103 62 1276
103 62 1280
103 62 1405
103 148 1271
103 148 1272
103 92 1401
99 84 427
99 6 436
99 6 446
99 6 449
99 6 450
99 6 454
99 6 458
99 35 1233
4 84 367
4 84 368
4 84 373
4 84 380
4 84 388
4 84 389
4 84 390
4 84 404
4 84 416
4 84 422
4 6 1267
4 6 1281
4 6 1283
4 6 1284
4 6 1296
4 6 1298
4 6 1335
4 6 1344
4 6 1357
4 6 1358
4 6 1373
4 6 1375
4 6 1376
4 6 1377
4 6 1378
4 6 1384
4 6 1385
4 6 1393
4 6 1400
4 6 1421
4 8 1271
4 8 1272
4 8 1276
4 8 1305
4 8 1307
4 8 1314
4 8 1315
4 8 1316
4 8 1335
4 8 1375
4 8 1376
4 8 1377
4 8 1382
4 8 1384
4 8 1395
4 8 1396
4 8 1397
4 8 1400
4 8 1429
4 8 1430
4 8 1442
4 8 1443
4 8 1445
4 8 1447
4 8 1449
4 8 1450
4 8 1452
4 8 1453
4 107 1287
4 107 1288
4 107 1289
4 107 1307
4 116 1307
4 116 1315
4 116 1317
4 116 1318
4 116 1319
4 116 1321
4 89 1414
4 89 1415
4 89 1416
4 89 1447
4 89 1448
4 89 1449
4 89 1452
4 92 1415
4 58 1433
4 58 1434
4 146 1442
4 146 1449
4 146 1450
4 146 1452
4 146 1453
84 82 430
84 82 435
84 82 436
84 82 445
84 82 455
84 82 456
84 17 867
127 124 432
127 65 434
127 61 436
3 74 392
3 46 727
6 82 427
6 82 435
6 82 436
6 82 439
6 82 440
6 82 448
6 82 449
6 82 450
6 82 451
6 82 454
6 82 458
6 82 459
6 82 461
6 94 1258
6 94 1268
6 94 1302
6 94 1391
6 94 1392
6 94 1396
6 148 1258
6 148 1259
6 148 1260
6 148 1359
6 148 1361
6 148 1362
6 148 1363
6 148 1364
6 148 1365
6 148 1366
6 148 1367
6 148 1368
6 148 1369
6 148 1370
6 148 1399
6 116 1260
6 116 1306
6 116 1336
6 116 1348
6 116 1349
6 116 1352
6 105 1260
6 105 1265
6 105 1275
6 105 1277
6 105 1287
6 105 1288
6 105 1291
6 105 1292
6 105 1293
6 105 1294
6 105 1298
6 105 1313
6 105 1352
6 105 1355
6 105 1356
6 105 1404
6 105 1405
6 105 1420
6 105 1434
6 35 1270
6 35 1271
6 35 1302
6 35 1305
6 35 1343
6 35 1344
6 35 1355
6 35 1378
6 35 1379
6 35 1380
6 35 1381
6 35 1388
6 35 1390
6 35 1391
6 62 1280
6 62 1281
6 62 1282
6 62 1283
6 62 1284
6 62 1285
6 20 1286
6 132 1296
6 88 1313
6 88 1375
6 88 1376
6 88 1377
6 88 1379
6 88 1380
6 88 1381
6 88 1396
6 46 1346
6 46 1352
6 46 1353
6 46 1355
6 46 1356
6 46 1361
6 46 1362
6 46 1363
6 46 1364
6 46 1392
6 46 1398
6 46 1399
6 46 1406
6 46 1407
6 46 1409
6 46 1410
6 46 1417
6 46 1418
6 46 1419
6 46 1426
6 41 1421
6 41 1424
6 41 1426
6 41 1430
69 115 739
69 115 740
69 115 742
69 115 747
69 115 748
69 115 749
69 115 752
69 115 753
69 115 754
69 115 756
69 115 757
69 115 759
69 115 762
69 115 764
69 115 765
69 115 766
69 115 767
69 115 768
69 115 769
69 46 767
69 46 792
66 74 387
66 74 388
66 74 389
66 74 390
66 74 391
66 74 392
66 74 393
66 74 395
66 74 396
66 74 401
66 74 407
66 74 408
66 74 410
66 74 411
66 74 412
66 74 415
66 74 416
66 74 418
66 65 415
66 40 560
66 40 561
66 40 562
66 40 568
66 40 569
66 40 683
66 40 684
66 40 730
66 40 736
66 108 560
66 108 561
66 108 568
66 108 569
66 108 595
66 108 623
66 108 624
66 108 638
66 108 684
66 108 685
66 108 686
66 108 701
66 108 703
66 108 716
66 46 736
49 74 392
49 74 393
49 83 724
49 83 725
49 83 726
49 83 727
49 83 728
49 83 729
49 83 730
49 83 731
49 83 732
49 83 733
49 83 734
49 83 735
49 83 736
49 83 737
49 83 738
49 83 739
49 83 740
49 83 742
49 83 743
49 83 744
49 83 746
74 115 769
74 115 793
74 115 796
74 115 802
74 115 803
74 115 804
74 115 805
74 115 806
74 115 807
74 115 811
74 115 817
74 115 821
74 115 824
74 115 826
74 115 830
74 115 831
74 115 832
124 43 390
124 43 391
124 43 393
124 43 395
124 43 404
124 43 406
124 43 407
124 43 408
124 43 409
124 43 410
124 43 412
124 43 413
124 43 417
124 43 418
124 43 434
124 43 436
124 39 1211
124 39 1218
124 39 1284
124 39 1287
124 39 1295
124 132 1274
43 47 879
61 18 1178
61 18 1179
61 18 1180
61 18 1181
61 18 1182
61 18 1183
61 18 1184
61 18 1185
61 18 1186
61 18 1187
61 18 1188
61 18 1189
61 18 1191
61 18 1192
61 18 1193
61 18 1194
61 18 1195
61 18 1196
61 18 1197
61 18 1198
61 18 1199
61 18 1200
61 18 1201
61 18 1202
61 18 1203
61 18 1204
61 18 1205
61 18 1206
61 18 1207
61 18 1208
61 18 1209
61 18 1210
61 18 1211
61 18 1212
61 18 1213
61 18 1214
61 18 1216
61 18 1217
61 18 1218
61 18 1220
61 18 1221
47 126 438
47 139 852
47 139 859
47 139 875
47 139 877
47 139 878
47 139 879
47 139 880
47 139 881
47 139 882
47 139 883
47 139 884
47 139 888
47 139 889
47 139 890
47 139 903
47 139 910
47 139 912
47 33 852
47 33 859
47 33 860
47 33 861
47 33 877
47 33 879
47 33 884
47 33 888
47 33 893
47 33 896
47 33 912
47 108 910
5 82 483
5 82 493
5 82 494
5 82 496
5 82 500
5 82 501
5 82 502
5 82 503
5 82 511
5 82 517
5 82 522
5 82 524
5 82 526
65 115 746
65 115 750
65 115 755
65 115 758
65 115 760
65 115 761
65 115 763
13 82 430
13 82 456
13 36 663
13 36 664
13 36 665
13 36 675
13 36 676
13 36 677
13 36 678
13 36 679
13 36 687
13 36 688
13 36 690
146 92 1419
146 92 1420
146 92 1421
146 92 1422
146 92 1423
146 92 1424
146 92 1425
146 92 1426
146 92 1427
146 92 1429
146 92 1439
146 92 1449
82 151 472
82 151 475
82 151 483
82 151 484
82 151 494
82 151 495
82 151 496
82 151 499
82 151 500
82 151 501
82 151 502
82 151 503
82 151 507
82 151 508
82 151 509
82 151 510
82 151 511
82 151 526
126 91 1330
125 98 451
125 98 452
125 98 453
125 98 454
125 98 457
125 98 463
125 98 464
125 98 465
125 98 467
125 98 468
125 98 469
125 98 470
125 98 471
125 98 473
125 98 488
125 98 489
125 98 490
125 98 491
125 98 492
125 98 493
125 98 496
125 98 499
125 98 500
125 98 505
125 98 506
125 98 507
125 98 509
125 98 511
125 98 513
125 98 514
125 98 515
125 40 1383
125 40 1393
125 40 1397
98 130 795
98 130 796
98 130 797
98 130 798
98 130 799
98 130 800
98 130 801
98 130 804
98 130 806
98 130 807
98 130 810
98 130 815
98 130 819
98 130 820
98 130 821
98 130 822
98 130 823
98 130 824
98 130 825
98 130 827
98 130 828
98 130 829
98 130 830
98 130 831
98 130 832
98 130 835
98 130 836
98 130 844
98 130 851
98 130 852
98 130 861
98 130 880
98 130 889
98 130 899
98 130 903
98 130 904
98 130 905
98 130 907
98 130 912
98 130 913
98 130 914
98 130 916
98 130 917
98 130 918
98 130 919
98 130 961
98 130 964
98 130 983
98 130 993
98 20 795
98 20 816
98 20 823
98 20 878
98 20 885
98 41 819
98 41 820
98 41 823
98 41 835
98 41 837
98 41 838
98 41 1004
98 41 1006
98 41 1007
98 153 853
98 153 859
98 21 1006
98 148 1007
7 151 471
7 151 472
7 151 476
7 151 485
7 151 494
7 151 503
7 151 505
7 151 506
7 151 511
7 151 513
7 151 524
7 151 525
7 151 532
7 151 535
7 151 537
7 151 538
7 45 535
7 95 582
7 95 583
7 95 584
7 95 585
7 95 586
7 95 587
7 95 588
7 95 589
7 95 590
7 95 591
7 95 592
7 95 593
7 95 594
7 95 595
7 95 597
7 95 598
7 95 599
7 95 600
7 95 601
7 95 602
7 95 603
7 95 607
7 95 608
7 95 611
7 95 612
7 95 613
7 95 614
7 95 615
7 95 626
7 95 627
7 95 628
7 95 629
7 95 630
7 95 631
7 95 632
7 95 633
7 95 637
7 95 638
7 95 639
7 95 640
7 95 642
7 95 643
7 95 644
7 95 645
7 95 646
7 95 648
7 95 649
7 95 650
7 95 651
7 95 652
7 95 653
7 95 673
7 95 675
7 95 676
7 95 678
7 95 679
7 95 681
7 95 682
7 95 685
7 95 686
7 95 689
7 95 690
7 95 691
7 95 692
7 95 694
7 95 704
7 95 708
7 95 709
7 95 711
7 95 712
7 95 713
153 130 854
153 130 858
153 130 887
153 45 859
153 45 881
153 45 882
153 45 886
153 45 887
153 45 888
153 21 882
153 89 882
44 108 559
44 108 560
44 108 572
44 108 573
44 108 574
44 108 575
44 108 576
44 108 578
44 108 582
44 108 584
44 108 585
44 108 692
44 108 719
44 108 720
44 108 727
44 108 738
44 46 736
44 115 737
56 45 514
56 45 516
56 45 518
56 45 519
56 45 524
56 45 527
56 45 528
56 45 530
56 45 531
56 45 532
56 45 533
56 45 534
56 45 535
56 45 536
56 45 537
56 45 539
56 45 540
56 45 541
56 45 547
56 45 556
56 45 557
56 45 560
56 45 561
56 45 562
56 45 563
56 45 564
56 45 566
56 138 526
56 131 1055
45 94 796
45 94 803
45 94 811
45 94 821
45 94 822
45 94 827
45 94 859
45 94 861
45 94 874
45 94 875
45 94 880
45 94 881
45 94 882
45 94 884
45 94 904
45 94 907
45 94 914
45 94 915
45 94 916
45 94 926
45 94 928
45 94 929
45 94 932
45 94 935
45 94 936
45 94 944
45 94 947
45 94 953
45 94 954
45 94 955
45 94 956
45 94 959
45 94 972
45 94 973
45 94 997
45 94 1000
45 94 1001
45 94 1002
45 94 1003
45 130 802
45 130 804
45 130 809
45 130 810
45 130 820
45 130 829
45 130 831
45 130 833
45 130 837
45 130 852
45 130 861
45 130 866
45 130 871
45 130 883
45 130 885
45 130 889
45 130 890
45 130 891
45 130 892
45 130 893
45 130 895
45 130 896
45 130 898
45 130 899
45 130 903
45 130 904
45 130 905
45 130 906
45 130 907
45 130 909
45 130 911
45 130 912
45 130 913
45 130 914
45 130 915
45 130 918
45 130 922
45 130 959
45 130 960
45 130 962
45 130 972
45 130 987
45 130 992
45 130 996
45 109 870
45 109 875
48 53 520
48 53 529
48 53 545
48 20 1241
48 20 1242
48 20 1245
48 20 1267
48 20 1287
48 20 1289
48 20 1290
48 20 1291
48 20 1292
48 20 1293
48 20 1295
48 20 1296
48 20 1297
48 20 1298
48 20 1307
48 20 1308
48 20 1309
48 109 1242
48 109 1245
48 109 1246
48 109 1247
48 109 1248
48 109 1249
48 109 1250
48 109 1251
48 109 1325
48 109 1326
48 109 1328
48 109 1329
48 109 1332
48 62 1247
48 62 1249
48 62 1250
48 62 1251
48 62 1275
48 35 1252
48 35 1278
48 94 1270
48 94 1399
48 46 1274
48 39 1288
48 132 1289
48 92 1322
48 92 1323
48 92 1327
48 92 1332
48 92 1334
48 92 1336
48 92 1346
48 92 1347
48 92 1355
48 92 1356
48 92 1361
48 92 1372
48 92 1378
48 92 1382
48 92 1384
48 92 1389
48 92 1390
48 92 1391
48 92 1392
48 92 1405
48 92 1406
48 92 1407
48 123 1408
48 123 1409
53 38 668
53 38 673
53 38 674
53 38 675
53 38 684
53 38 689
138 90 727
110 40 558
110 40 567
110 40 570
110 40 571
110 40 579
110 40 583
110 40 681
110 40 682
110 40 683
110 40 684
110 40 691
110 40 718
110 91 1143
110 91 1149
110 91 1157
110 91 1161
110 91 1164
110 91 1170
110 91 1173
110 91 1189
110 91 1193
110 91 1196
110 91 1206
110 91 1216
110 91 1219
110 91 1227
110 91 1251
110 91 1252
110 91 1254
110 91 1255
110 91 1259
110 91 1262
110 91 1263
110 91 1265
110 91 1267
110 91 1268
110 91 1269
110 91 1270
110 91 1271
110 91 1272
110 91 1273
110 91 1274
110 91 1275
110 91 1276
110 91 1277
110 91 1282
110 91 1285
110 91 1288
110 91 1290
110 91 1291
110 91 1292
110 91 1293
110 91 1294
110 91 1295
110 91 1296
110 91 1302
110 91 1303
110 91 1310
110 91 1311
110 83 1269
40 145 593
40 95 625
40 95 626
40 95 627
40 95 628
40 95 629
40 95 630
40 95 631
40 95 632
40 95 636
40 95 637
40 95 641
40 95 642
40 95 643
40 95 644
40 95 645
40 95 646
40 95 647
40 95 648
40 95 653
40 95 673
40 95 676
40 95 677
108 145 595
108 95 626
95 62 624
95 62 1250
95 62 1265
95 20 1247
95 20 1264
95 20 1268
95 46 1255
95 46 1275
95 46 1342
95 46 1351
95 46 1373
95 46 1374
95 46 1384
95 46 1396
95 46 1398
95 46 1410
95 46 1412
95 88 1257
95 88 1274
95 88 1364
95 88 1366
95 88 1367
95 88 1368
95 88 1369
95 88 1370
95 88 1373
95 88 1379
95 88 1380
95 88 1394
95 35 1257
95 35 1270
95 35 1300
95 35 1310
95 35 1344
95 35 1345
95 35 1381
95 35 1382
95 35 1403
95 35 1407
95 35 1427
95 35 1428
95 94 1276
95 94 1377
95 94 1381
95 94 1393
95 94 1396
95 94 1398
95 116 1281
95 116 1283
95 132 1296
95 148 1388
95 92 1393
95 8 1412
95 8 1414
95 8 1415
95 15 1412
95 15 1415
95 41 1427
95 41 1430
95 105 1434
95 105 1435
145 116 1262
145 116 1266
145 116 1267
145 116 1269
145 116 1270
145 116 1272
145 116 1274
145 20 1270
145 20 1279
145 20 1283
145 88 1274
145 88 1390
145 88 1391
145 88 1399
145 92 1395
145 92 1396
145 92 1397
145 92 1398
145 94 1396
145 46 1399
62 19 1246
62 19 1247
62 107 1246
62 107 1248
62 107 1250
62 107 1252
62 107 1253
62 107 1254
62 107 1255
62 107 1261
62 107 1262
62 107 1314
62 107 1342
62 107 1345
62 107 1349
62 107 1350
62 107 1351
62 107 1352
62 107 1354
62 107 1355
62 107 1359
62 107 1360
62 107 1396
62 8 1393
62 8 1406
62 8 1407
62 129 1411
62 129 1412
62 133 1412
50 42 656
50 42 658
50 42 659
50 42 660
50 42 662
50 42 663
50 42 676
50 42 683
50 42 685
50 42 686
50 42 687
50 42 690
50 42 691
50 42 693
50 42 704
50 42 705
50 42 710
50 42 712
50 42 713
50 42 714
50 42 715
50 42 716
50 42 717
50 42 718
50 42 719
50 42 720
50 42 721
50 42 722
50 42 723
50 42 725
50 42 746
50 42 750
50 42 751
42 88 1255
42 88 1273
42 88 1285
42 88 1290
42 88 1295
42 88 1373
42 88 1404
42 94 1256
42 94 1267
42 94 1268
42 94 1285
42 94 1286
42 94 1287
42 94 1288
42 94 1290
42 94 1292
42 94 1307
42 94 1327
42 94 1341
42 94 1392
42 94 1393
42 35 1257
42 35 1258
42 35 1261
42 35 1285
42 35 1286
42 35 1287
42 35 1288
42 35 1291
42 35 1293
42 35 1296
42 35 1302
42 35 1332
42 35 1390
42 35 1394
42 35 1424
42 35 1430
42 105 1317
42 105 1434
42 105 1435
42 105 1436
42 105 1437
42 92 1401
42 92 1430
42 8 1412
42 8 1414
42 8 1434
42 129 1435
42 129 1436
36 123 1382
36 123 1388
36 123 1389
36 123 1390
36 123 1392
36 123 1394
36 123 1395
36 123 1396
36 123 1398
36 123 1399
36 123 1400
36 123 1401
36 123 1402
36 123 1403
36 123 1404
36 123 1405
36 123 1406
36 123 1407
36 94 1403
16 90 696
16 90 702
16 90 713
16 90 720
16 90 725
16 90 730
16 90 736
16 90 742
16 90 751
16 90 758
16 90 760
16 90 763
16 90 764
16 90 860
16 57 808
16 57 813
16 57 826
16 57 827
16 57 828
16 57 829
16 57 832
16 57 833
16 57 834
16 57 835
16 57 836
16 57 837
16 57 845
16 57 846
16 57 852
16 57 857
16 57 870
16 57 871
16 57 874
16 57 875
16 57 879
16 57 880
16 57 898
16 57 899
16 57 900
16 57 903
16 57 904
16 57 906
16 57 907
16 57 908
16 57 909
16 57 910
16 57 911
16 57 912
16 57 913
16 57 914
16 57 915
16 57 916
16 57 922
16 57 923
16 57 945
16 57 951
16 57 953
16 139 861
16 89 877
16 34 925
16 37 939
16 37 940
16 37 941
90 128 863
90 131 1067
90 131 1069
90 131 1083
90 131 1085
90 131 1086
90 131 1089
90 131 1091
90 131 1104
83 123 1005
83 33 1010
83 34 1062
83 34 1090
83 34 1128
83 105 1079
83 105 1087
46 154 1265
46 154 1266
46 154 1267
46 154 1268
46 58 1268
46 58 1314
46 58 1315
46 107 1288
46 107 1298
46 116 1297
46 116 1362
46 8 1352
46 8 1360
46 8 1361
46 8 1362
46 8 1363
46 8 1364
46 133 1435
46 133 1436
94 21 799
94 21 817
94 21 822
94 21 843
94 21 855
94 21 861
94 21 862
94 21 871
94 21 886
94 21 887
94 21 888
94 21 889
94 21 891
94 89 803
94 89 805
94 89 806
94 89 831
94 89 834
94 89 840
94 89 841
94 89 844
94 89 847
94 89 848
94 89 852
94 89 853
94 89 859
94 89 876
94 89 881
94 89 928
94 89 929
94 89 935
94 89 939
94 89 940
94 89 941
94 89 943
94 89 957
94 89 959
94 89 992
94 89 993
94 89 996
94 89 997
94 89 998
94 17 852
94 130 853
94 130 884
94 92 1256
94 92 1273
94 92 1298
94 92 1306
94 92 1307
94 92 1313
94 92 1314
94 92 1315
94 92 1336
94 92 1352
94 92 1354
94 92 1355
94 92 1356
94 92 1357
94 92 1358
94 92 1359
94 92 1375
94 92 1376
94 92 1377
94 92 1380
94 92 1381
94 92 1382
94 92 1384
94 92 1385
94 92 1389
94 92 1392
94 92 1393
94 8 1259
94 8 1263
94 8 1277
94 8 1278
94 8 1279
94 8 1290
94 8 1291
94 8 1292
94 8 1293
94 8 1358
94 8 1359
94 8 1385
94 116 1261
94 116 1290
94 116 1348
94 116 1349
94 116 1354
94 116 1358
94 116 1359
94 154 1267
94 154 1270
94 154 1271
94 154 1272
94 154 1273
94 140 1273
94 140 1399
94 107 1273
94 107 1281
94 107 1284
94 107 1288
94 107 1296
94 107 1309
94 107 1310
94 107 1322
94 19 1282
94 35 1297
94 37 1422
20 89 822
20 89 921
20 89 930
20 107 1242
20 107 1243
20 107 1245
20 107 1262
20 107 1268
20 107 1272
20 107 1281
20 107 1282
20 107 1283
20 107 1284
20 58 1262
20 58 1263
20 58 1264
20 58 1265
20 58 1287
20 58 1289
20 58 1293
20 58 1294
20 58 1295
20 58 1297
20 58 1298
20 58 1299
20 58 1300
20 58 1304
20 58 1305
20 58 1306
20 58 1308
20 58 1309
20 140 1263
20 140 1264
20 140 1265
20 140 1287
20 140 1290
20 140 1295
20 140 1298
20 140 1300
20 140 1306
20 8 1270
20 8 1272
20 91 1284
20 154 1287
20 154 1289
20 154 1290
20 154 1293
20 154 1294
20 154 1295
20 154 1296
20 154 1297
20 154 1298
20 154 1299
20 154 1304
20 154 1306
20 35 1290
130 21 798
130 21 802
130 21 807
130 21 823
130 21 826
130 21 827
130 21 832
130 21 836
130 21 837
130 21 838
130 21 839
130 21 840
130 21 842
130 21 883
130 21 893
130 21 894
130 21 895
130 89 806
130 89 820
130 89 822
130 89 825
130 89 829
130 89 831
130 89 839
130 89 840
130 89 842
130 89 864
130 89 871
130 89 894
130 89 908
130 89 910
130 89 922
130 89 923
130 89 925
130 89 928
130 89 939
130 89 974
130 89 975
130 89 976
130 89 980
130 89 984
130 89 993
130 89 995
130 41 862
130 41 863
130 41 882
130 41 884
130 41 886
130 41 887
130 41 888
130 17 874
130 128 1008
130 128 1018
41 21 803
41 21 811
41 21 861
41 21 883
41 21 895
41 89 805
41 89 806
41 89 811
41 89 820
41 89 822
41 89 825
41 89 828
41 89 829
41 89 831
41 89 838
41 89 853
41 89 863
41 89 864
41 89 868
41 89 871
41 89 878
41 89 879
41 89 882
41 89 895
41 89 906
41 89 908
41 89 984
41 89 986
41 89 998
41 89 999
41 34 937
21 89 954
21 89 957
89 39 850
89 148 1008
89 148 1010
89 148 1011
89 109 1328
89 109 1329
89 109 1331
89 109 1332
89 128 1365
89 88 1401
89 88 1409
89 88 1410
89 35 1415
89 129 1427
89 116 1436
89 116 1447
89 149 1440
89 149 1441
89 149 1442
89 149 1452
57 109 808
57 109 830
57 109 840
57 109 841
57 109 845
57 109 847
57 109 852
57 109 853
57 109 854
57 109 862
57 109 900
57 109 904
57 109 906
57 109 907
57 109 908
57 109 909
57 109 910
57 109 923
57 19 1219
109 17 808
109 17 809
109 17 811
109 17 812
109 17 813
109 17 814
109 17 818
109 17 828
109 17 829
109 17 830
109 17 831
109 17 832
109 17 833
109 17 834
109 17 835
109 17 839
109 17 845
109 17 849
109 17 854
109 17 855
109 17 857
109 17 858
109 17 862
109 17 869
109 17 886
109 17 887
109 17 888
109 17 898
109 17 899
109 17 902
109 17 903
109 17 904
109 17 905
109 17 906
109 17 909
109 17 910
109 17 924
109 17 926
109 17 927
109 17 928
109 17 929
109 17 931
109 17 933
109 17 934
109 17 937
109 17 940
109 17 942
109 128 902
109 37 938
109 37 939
109 37 940
109 37 941
109 37 957
109 34 971
109 140 974
109 140 981
109 140 982
109 140 983
109 19 1246
109 116 1289
109 116 1298
109 116 1299
109 116 1300
109 116 1301
109 116 1303
109 154 1330
109 154 1331
17 123 932
17 33 942
17 140 968
17 140 969
17 140 970
17 140 972
17 140 973
17 140 975
17 140 976
17 140 983
17 140 984
17 140 985
17 140 986
17 140 987
17 140 988
17 140 989
17 140 990
17 140 991
17 140 992
17 140 993
17 140 994
17 140 995
17 140 996
17 140 997
17 140 998
17 140 999
17 140 1000
17 140 1001
17 140 1002
17 140 1003
17 140 1004
17 140 1005
17 140 1006
17 140 1007
17 140 1008
17 140 1009
17 140 1010
17 140 1011
17 140 1012
17 140 1013
17 140 1014
17 140 1015
17 140 1016
17 140 1017
17 140 1018
17 140 1019
17 140 1020
17 140 1021
17 140 1022
17 140 1023
17 140 1024
17 140 1025
17 140 1026
17 140 1027
17 140 1028
17 140 1029
17 140 1030
17 140 1031
17 140 1032
17 140 1033
17 140 1034
17 140 1043
17 140 1046
17 140 1047
17 140 1048
17 140 1049
17 140 1050
17 140 1054
17 140 1056
17 140 1057
17 140 1059
17 140 1060
17 140 1061
17 140 1065
17 140 1066
17 140 1067
17 140 1068
17 140 1069
17 140 1070
17 140 1071
17 140 1072
17 140 1076
17 140 1079
17 140 1080
17 140 1082
17 140 1083
17 140 1084
17 140 1085
17 140 1086
17 140 1087
17 140 1088
17 140 1089
17 140 1090
17 140 1091
17 140 1092
17 140 1093
17 140 1094
17 140 1095
17 140 1096
17 140 1097
17 140 1098
17 140 1099
17 140 1100
17 140 1101
17 140 1102
17 140 1103
17 140 1104
17 140 1105
17 140 1106
17 140 1114
17 140 1116
17 140 1118
17 140 1119
17 140 1120
17 140 1121
17 140 1122
17 140 1123
17 140 1124
17 140 1125
17 140 1126
17 140 1127
17 140 1128
17 140 1129
17 140 1130
17 140 1131
17 140 1132
17 140 1133
17 140 1134
17 140 1135
17 140 1136
17 140 1137
17 140 1138
17 58 987
17 58 988
17 58 1032
17 58 1034
17 34 993
107 39 838
107 39 840
107 39 841
107 39 842
107 39 845
107 39 846
107 39 847
107 39 848
107 39 850
107 39 857
107 39 868
107 88 1252
107 88 1283
107 88 1287
107 88 1288
107 88 1296
107 88 1298
107 88 1301
107 116 1269
107 116 1305
107 105 1275
107 105 1287
107 105 1307
107 105 1309
107 105 1330
107 105 1338
107 35 1283
107 35 1284
107 35 1285
107 35 1321
107 35 1322
107 8 1296
107 148 1309
107 92 1322
107 92 1323
107 92 1327
107 92 1336
107 92 1341
107 92 1346
107 92 1347
107 92 1350
107 92 1361
107 92 1363
107 92 1364
107 92 1365
107 92 1366
107 92 1367
107 92 1368
107 92 1369
107 92 1372
107 92 1374
107 92 1377
107 92 1381
107 92 1387
107 92 1392
107 92 1403
107 92 1405
107 92 1406
107 92 1407
107 123 1408
107 123 1409
39 132 1189
39 132 1190
39 132 1191
39 132 1192
39 132 1193
39 132 1195
39 132 1196
39 132 1197
39 132 1198
39 132 1199
39 132 1200
39 132 1201
39 132 1202
39 132 1203
39 132 1204
39 132 1205
39 132 1207
39 132 1210
39 132 1211
39 132 1217
39 132 1218
39 132 1219
39 132 1220
39 132 1222
39 132 1223
39 132 1224
39 132 1225
39 132 1226
39 132 1235
39 132 1237
39 132 1245
39 132 1246
39 132 1247
39 132 1248
39 132 1251
139 122 852
139 122 857
139 122 861
139 122 864
139 33 874
33 122 850
33 122 857
33 122 861
122 35 1188
122 35 1189
122 35 1196
122 35 1210
122 35 1223
122 35 1226
122 35 1227
122 35 1233
122 35 1241
122 35 1246
122 35 1248
122 35 1249
122 35 1250
122 35 1252
122 35 1263
122 35 1264
122 35 1275
122 35 1276
122 35 1278
122 35 1279
122 35 1280
122 35 1282
122 35 1283
122 35 1285
122 35 1286
122 35 1289
122 35 1290
122 35 1291
122 35 1292
122 35 1294
122 35 1296
122 35 1299
122 35 1300
122 35 1301
122 35 1302
122 35 1304
122 132 1190
122 132 1210
122 132 1218
122 132 1241
122 132 1242
122 132 1246
122 132 1247
122 132 1248
122 132 1250
122 132 1251
122 132 1253
122 132 1263
122 132 1266
122 132 1272
122 132 1273
122 132 1275
122 132 1279
122 132 1282
122 132 1299
122 132 1300
122 132 1301
122 132 1302
122 132 1304
122 132 1305
122 154 1288
122 91 1296
123 37 890
123 37 899
123 37 901
123 37 906
123 37 912
123 37 913
123 37 971
123 37 972
123 37 990
123 37 1007
123 140 1408
123 140 1409
123 154 1408
123 154 1409
123 154 1410
128 58 998
128 37 1014
128 149 1019
128 149 1025
128 149 1029
128 149 1031
128 149 1032
128 149 1036
128 149 1038
128 149 1039
128 149 1040
128 149 1041
128 149 1042
128 149 1043
128 149 1044
128 149 1045
128 149 1046
128 149 1047
128 149 1049
128 149 1050
128 149 1055
128 149 1056
128 149 1059
128 149 1060
128 149 1061
128 149 1062
128 149 1063
128 149 1065
128 149 1067
128 149 1069
128 149 1075
128 149 1076
128 149 1096
128 149 1098
128 149 1123
128 149 1124
128 149 1125
128 149 1126
128 149 1127
128 149 1128
128 149 1129
128 149 1130
128 149 1131
128 149 1132
128 149 1134
128 149 1135
128 149 1136
128 149 1137
128 149 1138
128 149 1364
128 149 1369
105 140 1058
105 140 1330
105 154 1067
105 154 1068
105 18 1094
105 8 1261
105 116 1291
105 92 1434
105 129 1435
105 129 1436
105 133 1435
105 133 1436
34 148 921
34 148 922
34 148 923
34 148 924
34 148 925
34 148 927
34 148 928
34 148 929
34 148 930
34 148 931
34 148 932
34 148 933
34 148 934
34 148 935
34 148 936
34 148 937
34 148 938
34 148 939
34 148 940
34 148 941
34 148 942
34 148 943
34 148 944
34 148 945
34 148 946
34 148 947
34 148 948
34 148 949
34 148 950
34 148 952
34 148 953
34 148 954
34 148 955
34 148 958
34 148 960
34 148 961
34 148 962
34 148 964
34 148 965
34 148 966
34 148 967
34 148 968
34 148 969
34 148 972
34 148 973
34 148 974
34 148 979
34 148 980
34 148 981
34 148 984
34 148 985
34 148 987
34 148 990
34 148 991
34 148 992
34 148 993
34 148 994
34 148 996
34 148 997
34 148 998
34 148 999
34 148 1001
34 148 1002
34 148 1003
34 148 1004
34 148 1005
34 148 1006
34 148 1007
34 148 1008
34 148 1009
34 18 1097
148 58 990
148 58 1390
148 8 1259
148 8 1266
148 8 1267
148 8 1268
148 8 1269
148 8 1270
148 8 1309
148 8 1336
148 8 1339
148 8 1340
148 8 1341
148 8 1342
148 8 1345
148 8 1346
148 116 1259
148 116 1268
148 116 1273
148 116 1291
148 116 1305
148 116 1308
148 116 1309
148 116 1340
148 116 1341
148 116 1342
148 116 1344
148 116 1345
148 116 1346
148 116 1347
140 88 1276
140 92 1321
140 92 1322
140 92 1323
140 92 1336
140 92 1340
140 92 1341
140 92 1346
140 92 1362
140 92 1363
140 92 1364
140 92 1365
140 92 1368
140 92 1369
140 92 1373
140 92 1374
140 92 1375
140 92 1376
140 92 1377
140 92 1380
140 92 1381
140 92 1382
140 92 1383
140 92 1384
140 92 1387
140 92 1388
140 92 1389
140 92 1390
140 92 1391
140 92 1392
140 92 1403
140 92 1405
140 92 1406
140 92 1407
58 35 1274
58 116 1276
58 132 1289
58 91 1298
58 92 1347
58 92 1348
58 92 1349
58 92 1351
58 92 1354
58 92 1358
58 92 1366
58 92 1367
58 92 1369
58 92 1373
58 92 1374
58 92 1375
58 92 1376
58 92 1378
58 92 1379
58 92 1381
58 92 1382
58 92 1383
58 129 1404
154 35 1276
154 88 1277
154 92 1321
154 92 1322
154 92 1323
154 92 1335
154 92 1336
154 92 1340
154 92 1341
154 92 1354
154 92 1355
154 92 1366
154 92 1383
154 92 1388
154 92 1389
154 92 1391
154 92 1392
154 92 1403
154 92 1405
154 92 1406
154 92 1407
149 116 1428
149 116 1429
149 116 1430
149 116 1431
149 116 1432
149 116 1433
149 116 1450
149 8 1429
149 8 1430
149 8 1431
149 8 1432
18 91 1217
88 19 1216
88 19 1268
88 91 1257
88 91 1259
88 91 1285
88 91 1287
88 91 1288
88 91 1300
88 91 1312
88 91 1313
88 91 1342
88 91 1343
88 91 1344
88 91 1345
88 91 1346
88 91 1360
88 91 1407
88 8 1264
88 8 1305
88 8 1314
88 8 1315
88 8 1373
88 8 1375
88 8 1376
88 8 1377
88 8 1389
88 8 1395
88 8 1396
88 8 1397
88 8 1400
88 132 1268
88 92 1278
88 92 1301
88 92 1307
88 92 1308
88 92 1313
88 92 1314
88 92 1315
88 92 1360
88 92 1361
88 92 1362
88 92 1363
88 92 1364
88 92 1365
88 92 1366
88 92 1367
88 116 1305
88 116 1316
88 116 1318
91 116 1262
91 133 1404
91 133 1405
91 129 1405
35 132 1194
35 132 1221
35 132 1236
35 132 1252
35 132 1263
35 132 1264
35 132 1268
35 132 1269
35 132 1270
35 132 1271
35 132 1272
35 132 1278
35 132 1279
35 132 1280
35 132 1281
35 132 1282
35 132 1284
35 132 1285
35 132 1286
35 132 1295
35 132 1296
35 132 1299
35 132 1300
35 132 1301
35 132 1302
35 132 1303
35 132 1304
35 116 1273
35 116 1280
35 8 1290
35 8 1293
35 8 1347
19 116 1270
19 116 1272
116 8 1255
116 8 1258
116 8 1259
116 8 1260
116 8 1266
116 8 1267
116 8 1269
116 8 1270
116 8 1272
116 8 1274
116 8 1276
116 8 1279
116 8 1280
116 8 1283
116 8 1284
116 8 1285
116 8 1286
116 8 1287
116 8 1308
116 8 1309
116 8 1314
116 8 1336
116 8 1341
116 8 1343
116 8 1345
116 8 1349
116 8 1352
116 8 1353
116 8 1361
116 8 1366
116 8 1367
116 8 1368
116 8 1373
116 8 1380
116 8 1381
116 8 1382
116 8 1383
116 8 1384
116 8 1392
116 8 1393
116 8 1394
116 92 1420
116 92 1421
116 92 1426
116 92 1432
116 92 1435
8 129 1407
8 129 1425
8 129 1426
8 133 1407
8 92 1414
8 92 1415
8 92 1427
8 92 1429
8 92 1430
8 92 1434
8 92 1439
8 92 1448
8 92 1449
129 133 1395
129 133 1396
129 133 1397
129 133 1398
129 133 1399
129 133 1400
129 133 1402
129 133 1404
129 133 1405
129 133 1406
129 133 1407
129 133 1408
129 133 1410
129 133 1411
129 133 1412
129 133 1413
129 133 1416
129 133 1417
129 133 1418
129 133 1419
129 133 1420
129 133 1421
129 133 1424
129 133 1425
129 133 1426
129 133 1427
129 133 1428
129 133 1429
129 133 1430
129 133 1433
129 133 1435
129 133 1436
