53 8 0
53 8 7
53 8 35
53 8 36
53 26 0
53 29 0
53 29 5
53 31 0
53 31 1
53 31 5
53 31 6
53 74 2
53 74 4
53 11 4
53 76 6
53 76 111
53 76 112
53 5 7
53 5 17
53 85 20
53 85 92
53 42 25
53 81 76
53 68 110
53 68 111
53 68 112
53 70 111
53 62 407
53 62 408
8 29 0
8 31 0
8 31 50
8 26 1
8 26 59
8 26 95
8 70 16
8 70 17
8 70 18
8 70 27
8 70 31
8 70 51
8 70 52
8 70 68
8 70 95
8 70 96
8 5 16
8 5 25
8 5 39
8 5 47
8 5 51
8 5 54
8 5 56
8 5 76
8 39 17
8 106 18
8 46 20
8 46 21
8 46 36
8 46 50
8 21 20
8 21 33
8 81 26
8 81 36
8 81 86
8 51 27
8 51 33
8 51 96
8 74 29
8 42 33
8 3 39
8 59 41
8 94 43
8 52 47
8 102 52
8 85 56
8 38 99
26 11 0
26 11 1
26 11 2
26 11 3
26 11 5
26 11 6
26 11 7
26 11 13
26 11 14
26 11 18
26 11 20
26 11 21
26 11 22
26 11 23
26 11 24
26 11 25
26 11 26
26 11 29
26 11 32
26 11 33
26 11 35
26 11 36
26 11 37
26 11 38
26 11 39
26 11 41
26 11 42
26 11 43
26 11 44
26 11 52
26 11 53
26 11 55
26 11 65
26 11 66
26 11 73
26 11 75
26 11 76
26 11 77
26 11 80
26 11 81
26 11 82
26 11 86
26 11 87
26 11 88
26 11 90
26 11 92
26 11 93
26 11 94
26 11 98
26 29 1
26 29 16
26 29 18
26 29 19
26 29 20
26 29 22
26 29 24
26 29 25
26 29 49
26 5 2
26 5 11
26 5 12
26 5 13
26 5 15
26 5 25
26 5 33
26 5 35
26 5 36
26 5 39
26 5 41
26 5 51
26 5 53
26 5 54
26 5 55
26 5 56
26 5 57
26 5 69
26 5 76
26 3 5
26 3 88
26 3 89
26 3 90
26 72 6
26 72 7
26 72 91
26 74 13
26 74 17
26 74 109
26 94 15
26 94 34
26 89 18
26 89 24
26 103 23
26 110 28
26 61 31
26 42 31
26 42 36
26 10 37
26 79 39
26 36 45
26 36 46
26 36 47
26 31 56
26 48 65
26 48 66
26 76 79
26 81 83
26 81 86
26 46 90
26 49 109
26 68 109
29 11 1
29 11 2
29 11 3
29 11 6
29 11 7
29 11 18
29 11 19
29 11 20
29 11 22
29 11 24
29 11 59
29 5 1
29 5 2
29 5 5
29 5 9
29 5 15
29 5 26
29 5 50
29 5 55
29 5 70
29 5 71
29 5 76
29 5 82
29 5 83
29 5 96
29 98 2
29 72 3
29 72 6
29 72 38
29 72 80
29 72 81
29 72 86
29 72 94
29 72 96
29 76 9
29 76 13
29 76 33
29 76 48
29 76 49
29 76 80
29 76 86
29 76 87
29 74 10
29 74 11
29 74 12
29 74 13
29 74 26
29 74 36
29 74 37
29 74 46
29 74 58
29 74 87
29 74 90
29 74 95
29 50 12
29 50 42
29 50 90
29 94 20
29 94 26
29 94 38
29 94 57
29 94 87
29 39 22
29 103 24
29 103 35
29 103 57
29 103 58
29 81 25
29 81 42
29 81 54
29 81 56
29 81 59
29 81 60
29 81 64
29 81 65
29 81 66
29 81 73
29 81 76
29 81 79
29 81 80
29 81 82
29 81 83
29 31 33
29 31 49
29 36 35
29 36 43
29 36 56
29 86 36
29 86 37
29 42 37
29 110 40
29 59 41
29 59 46
29 70 41
29 70 42
29 106 42
29 106 82
29 23 49
29 46 56
29 46 58
29 46 96
29 88 59
29 88 60
29 88 61
29 88 62
29 88 63
29 88 64
29 88 79
29 84 65
29 44 71
29 44 98
29 85 71
29 85 81
29 21 78
29 3 80
29 68 86
29 51 99
29 35 99
31 72 2
31 72 6
31 72 16
31 76 2
31 76 5
31 76 22
31 76 33
31 28 10
31 28 12
31 28 15
31 28 16
31 28 21
31 11 11
31 11 56
31 11 58
31 103 12
31 103 38
31 103 59
31 103 60
31 103 62
31 46 17
31 46 28
31 46 67
31 81 18
31 81 19
31 66 19
31 59 26
31 94 28
31 94 68
31 94 73
31 94 107
31 94 108
31 94 109
31 36 31
31 36 33
31 42 36
31 98 38
31 98 40
31 61 48
31 70 49
31 70 109
31 5 56
31 99 67
31 88 110
11 6 0
11 6 1
11 3 1
11 3 2
11 3 5
11 3 6
11 3 12
11 3 13
11 3 24
11 3 34
11 3 35
11 3 37
11 3 38
11 3 41
11 3 42
11 3 53
11 3 80
11 3 88
11 3 89
11 99 11
11 99 23
11 99 40
11 51 12
11 51 52
11 51 75
11 51 95
11 72 13
11 72 94
11 74 14
11 74 78
11 74 91
11 94 32
11 94 33
11 94 34
11 94 44
11 94 80
11 28 33
11 10 37
11 10 38
11 10 44
11 10 45
11 106 39
11 106 52
11 106 56
11 106 58
11 59 41
11 59 75
11 102 51
11 102 640
11 102 641
11 102 642
11 102 645
11 70 53
11 70 59
11 70 61
11 70 63
11 70 65
11 70 87
11 46 58
11 46 90
11 21 75
11 77 85
11 90 699
6 76 3
6 76 8
6 88 14
6 86 51
6 78 991
6 78 998
6 90 992
6 90 1000
6 90 1041
6 90 1043
6 90 1047
6 90 1048
6 90 1049
6 90 1053
6 90 1054
6 90 1055
6 90 1056
6 90 1057
6 90 1060
6 90 1061
6 93 992
6 110 992
6 9 992
6 9 998
6 2 1000
6 2 1001
6 2 1002
6 2 1003
6 2 1048
6 50 1000
6 50 1001
6 50 1003
6 50 1028
6 1 1005
6 1 1029
6 1 1030
6 1 1041
6 1 1042
6 58 1029
6 47 1043
6 47 1057
6 47 1061
6 30 1044
6 30 1046
5 72 5
5 72 7
5 72 8
5 72 13
5 72 18
5 72 19
5 72 20
5 72 21
5 72 22
5 72 68
5 72 96
5 94 11
5 94 17
5 94 18
5 94 19
5 94 20
5 94 21
5 94 32
5 94 93
5 94 94
5 94 97
5 28 11
5 28 46
5 51 12
5 51 18
5 51 20
5 51 22
5 51 76
5 89 17
5 89 34
5 89 38
5 89 41
5 89 44
5 49 25
5 49 59
5 49 62
5 77 25
5 77 26
5 77 36
5 77 67
5 77 82
5 77 83
5 77 87
5 102 30
5 102 44
5 82 30
5 46 31
5 46 80
5 99 34
5 39 36
5 70 38
5 70 74
5 70 82
5 75 39
5 75 44
5 75 46
5 10 44
5 74 45
5 106 51
5 106 56
5 59 60
5 59 63
5 59 75
5 59 90
5 44 61
5 21 70
5 21 71
5 21 86
5 21 93
5 68 82
5 38 98
5 90 697
5 90 702
5 90 704
5 90 708
5 90 709
5 90 710
5 90 711
5 90 714
5 90 717
5 90 724
5 90 728
5 90 729
5 90 732
5 90 733
5 90 734
5 90 735
5 90 737
5 90 740
5 90 741
5 90 743
5 90 744
5 90 747
5 90 748
5 90 749
5 90 750
5 90 751
5 90 752
5 90 753
5 90 757
5 90 759
5 90 762
5 90 766
5 90 767
5 90 769
5 90 782
5 90 787
5 90 788
5 90 800
5 90 801
5 90 802
5 90 803
3 59 1
3 76 7
3 76 90
3 42 26
3 42 31
3 42 32
3 42 36
3 42 92
3 86 50
3 85 53
3 85 71
3 85 81
3 85 91
3 81 86
3 79 89
3 70 90
3 70 92
3 106 92
3 52 95
3 74 97
3 48 97
3 90 996
3 90 997
3 90 999
3 108 997
3 50 1005
3 47 1006
3 23 1006
59 98 2
59 98 3
59 98 4
59 98 5
59 98 6
59 98 7
59 98 8
59 98 88
59 50 9
59 50 70
59 50 85
59 72 9
59 72 47
59 84 10
59 84 80
59 84 95
59 88 11
59 88 12
59 88 22
59 88 23
59 88 72
59 88 96
59 88 97
59 88 98
59 62 22
59 103 22
59 103 49
59 28 26
59 10 37
59 110 37
59 110 63
59 76 37
59 76 92
59 76 96
59 76 97
59 76 98
59 70 45
59 70 68
59 70 72
59 70 82
59 70 97
59 70 98
59 36 48
59 44 68
59 44 92
59 44 93
59 52 78
59 79 88
59 106 95
59 81 96
74 94 14
74 94 19
74 94 20
74 94 21
74 94 23
74 94 24
74 94 25
74 94 60
74 94 87
74 88 14
74 88 15
74 88 16
74 88 25
74 88 37
74 88 41
74 88 97
74 86 18
74 86 47
74 52 37
74 52 92
74 21 38
74 21 39
74 21 81
74 21 82
74 21 83
74 21 84
74 49 51
74 49 52
74 49 53
74 49 71
74 49 75
74 49 80
74 49 90
74 49 109
74 46 52
74 46 57
74 46 58
74 46 59
74 46 60
74 46 61
74 46 66
74 46 68
74 46 78
74 46 95
74 99 60
74 99 64
74 70 60
74 70 64
74 70 65
74 70 80
74 70 109
74 39 66
74 39 67
74 85 76
74 85 92
74 85 93
74 81 78
74 81 90
74 102 95
72 99 9
72 99 18
72 89 11
72 89 38
72 94 13
72 94 51
72 28 16
72 28 19
72 28 26
72 28 28
72 28 29
72 49 19
72 49 70
72 49 93
72 81 25
72 81 26
72 81 27
72 81 31
72 81 32
72 81 46
72 81 54
72 81 67
72 81 76
72 110 28
72 110 31
72 110 61
72 110 73
72 10 32
72 10 35
72 10 38
72 10 39
72 46 32
72 46 97
72 36 33
72 36 57
72 86 36
72 86 37
72 86 38
72 86 39
72 86 40
72 86 41
72 86 42
72 86 52
72 85 37
72 85 39
72 85 40
72 85 41
72 85 42
72 85 82
72 85 83
72 85 84
72 76 48
72 76 84
72 76 85
72 88 52
72 70 57
72 70 59
72 70 61
72 70 62
72 70 81
72 70 98
72 103 57
72 103 58
72 103 59
72 103 61
72 103 62
72 102 67
72 48 74
72 106 84
72 44 86
72 68 86
72 68 88
72 79 88
72 50 90
72 21 91
72 21 99
72 51 97
98 71 9
98 28 10
98 99 10
98 46 29
98 46 59
98 46 82
98 46 83
98 49 37
98 10 44
98 89 45
98 84 99
98 84 100
98 15 802
98 15 803
98 15 804
98 15 806
98 15 808
98 15 809
98 15 810
98 15 811
98 15 812
98 15 813
98 15 814
98 15 815
98 15 816
98 15 817
98 15 818
98 15 819
98 15 825
98 15 834
98 15 835
98 15 836
98 15 837
98 15 839
98 15 843
98 15 845
98 15 847
98 15 849
98 15 850
98 15 864
98 15 866
98 15 867
98 15 868
98 15 869
98 15 889
98 15 890
98 15 891
98 15 892
98 15 897
98 15 898
98 15 919
98 15 921
98 15 923
98 15 924
98 15 925
98 15 926
98 15 928
98 15 929
98 15 932
98 15 933
98 15 934
98 15 936
98 15 937
98 15 942
98 15 943
98 15 944
98 15 945
98 15 948
98 15 949
98 15 950
98 15 951
98 15 952
98 15 953
98 15 954
98 15 955
98 15 956
98 15 957
98 15 959
98 15 960
98 19 816
98 19 919
98 34 919
76 51 12
76 99 16
76 106 17
76 106 18
76 106 29
76 106 32
76 106 33
76 106 77
76 21 19
76 21 22
76 21 89
76 21 90
76 21 97
76 49 20
76 39 20
76 39 34
76 70 20
76 70 29
76 70 32
76 70 48
76 70 49
76 70 90
76 70 97
76 61 25
76 61 47
76 61 49
76 28 38
76 89 42
76 89 43
76 67 43
76 44 85
76 94 87
76 94 88
76 46 91
76 22 100
76 68 111
76 69 534
76 69 546
76 69 614
76 69 620
76 33 542
76 33 545
76 33 552
76 33 568
76 33 597
76 33 603
76 33 604
76 33 606
76 33 608
76 33 612
76 33 617
76 33 620
76 84 543
76 84 545
76 84 546
76 84 567
76 84 568
76 84 597
76 84 620
76 111 545
76 111 614
76 111 620
76 57 556
50 28 13
50 94 14
50 94 52
50 94 53
50 94 54
50 94 55
50 94 75
50 94 82
50 94 83
50 89 16
50 89 19
50 89 23
50 89 32
50 89 33
50 89 34
50 99 29
50 99 30
50 99 31
50 99 33
50 99 46
50 99 61
50 99 63
50 21 34
50 46 56
50 46 81
50 46 91
50 49 56
50 70 96
50 12 990
50 12 998
50 82 994
50 82 1005
50 82 1006
50 37 994
50 114 1052
99 88 18
99 88 22
99 88 30
99 88 50
99 88 56
99 52 20
99 52 24
99 52 32
99 52 46
99 85 21
99 85 23
99 85 53
99 85 54
99 106 27
99 106 32
99 94 33
99 70 57
99 27 357
99 27 363
99 27 364
99 27 368
99 27 369
99 27 380
99 27 407
99 27 408
99 27 409
99 27 417
99 62 364
99 62 380
99 62 395
99 62 398
99 54 397
99 54 398
99 54 418
99 54 419
71 52 12
71 52 14
71 52 29
71 52 31
71 110 20
71 110 51
71 88 23
71 88 25
71 28 25
71 28 30
71 85 34
71 85 76
71 85 81
71 81 89
71 42 93
71 42 94
71 55 320
71 55 321
71 95 399
71 95 400
71 27 399
71 27 452
71 27 453
71 27 454
71 27 455
71 27 456
71 103 440
71 62 453
71 62 454
71 62 455
71 62 456
84 94 10
84 85 36
84 81 66
84 52 79
84 35 99
84 35 535
84 35 568
84 35 572
84 35 585
84 35 588
84 35 589
84 35 590
84 35 591
84 35 592
84 35 593
84 35 595
84 35 596
84 35 597
84 35 616
84 35 618
84 35 620
84 69 535
84 69 536
84 69 546
84 69 554
84 69 560
84 69 561
84 69 562
84 69 575
84 69 580
84 69 581
84 69 582
84 69 584
84 69 588
84 69 592
84 69 593
84 69 595
84 69 596
84 69 598
84 69 611
84 69 614
84 69 620
84 57 547
84 57 548
84 57 550
84 57 556
84 57 557
84 57 560
84 57 561
84 57 564
84 57 584
84 57 600
84 57 601
84 57 610
84 57 612
84 57 618
84 107 560
84 107 583
84 107 584
84 107 601
84 107 604
84 107 617
84 107 618
84 65 584
84 97 588
94 85 31
94 85 36
94 85 53
94 85 54
94 85 64
94 85 65
94 23 32
94 103 36
94 103 54
94 103 60
94 103 67
94 81 39
94 81 94
94 28 45
94 106 46
94 106 47
94 110 48
94 110 50
94 110 51
94 110 60
94 110 61
94 110 62
94 110 65
94 110 66
94 110 69
94 88 48
94 88 110
94 36 64
94 44 67
94 42 69
94 42 91
94 42 92
94 52 81
94 52 83
94 70 82
94 70 83
94 70 93
94 70 99
94 70 109
94 70 110
94 70 111
94 79 88
51 28 10
51 103 10
51 103 32
51 103 42
51 103 65
51 85 33
51 85 69
51 42 39
51 36 66
51 110 68
51 68 71
51 52 81
51 88 92
51 45 568
51 45 616
51 45 619
51 45 620
28 103 11
28 110 17
28 110 19
28 110 21
28 110 24
28 36 17
28 46 18
28 46 24
28 66 18
28 66 41
28 49 19
28 49 20
28 70 20
28 70 35
28 52 29
28 52 99
28 106 33
28 10 41
28 88 42
28 88 43
28 88 44
28 88 46
28 89 45
28 42 47
28 85 50
28 81 51
28 68 99
103 61 19
103 61 21
103 61 41
103 10 26
103 89 31
103 89 32
103 46 56
103 46 63
103 46 67
89 36 28
89 88 29
89 79 38
89 79 39
89 106 43
89 55 253
89 55 263
89 32 345
88 49 31
88 102 45
88 102 46
88 46 49
88 46 80
88 21 59
88 21 61
88 21 62
88 21 97
88 77 60
88 77 71
88 77 88
88 68 72
88 81 78
88 70 86
88 70 97
88 70 110
88 63 691
88 63 695
88 63 706
88 63 707
88 63 730
88 63 742
52 46 18
52 46 80
52 46 82
52 46 83
52 39 25
52 102 32
52 49 73
52 44 92
52 21 94
52 68 99
52 68 109
52 60 568
52 60 569
52 60 573
52 60 585
52 60 593
52 60 595
52 60 602
52 60 603
52 60 604
52 43 569
52 43 585
52 43 611
52 43 612
52 43 613
52 43 614
52 43 615
52 43 617
52 43 618
52 43 621
52 43 622
52 43 623
52 43 624
52 43 625
52 43 628
70 21 17
70 21 18
70 21 27
70 21 81
70 39 17
70 39 19
70 39 20
70 39 23
70 39 53
70 39 62
70 39 66
70 46 18
70 46 19
70 46 33
70 46 34
70 46 35
70 46 59
70 46 60
70 46 61
70 46 63
70 46 64
70 46 65
70 46 66
70 46 72
70 46 73
70 49 21
70 42 23
70 42 96
70 81 26
70 81 32
70 81 78
70 110 27
70 110 28
70 110 29
70 110 34
70 110 71
70 110 72
70 61 32
70 61 33
70 61 34
70 61 51
70 68 90
70 68 93
70 68 111
70 24 110
46 62 18
46 62 33
46 62 34
46 62 36
46 36 19
46 36 26
46 36 54
46 23 21
46 23 26
46 86 26
46 86 46
46 86 52
46 81 31
46 81 32
46 81 51
46 81 52
46 81 54
46 81 89
46 81 96
46 67 49
46 48 53
46 48 65
46 48 66
46 48 90
46 48 97
46 110 54
46 110 58
46 85 72
46 85 73
46 85 78
46 85 98
46 85 99
46 68 72
46 42 95
46 41 1107
46 41 1109
46 41 1115
46 41 1154
46 41 1155
46 41 1160
46 41 1161
46 41 1166
46 41 1168
46 41 1170
46 41 1177
49 86 17
49 86 27
49 42 17
49 42 25
49 42 29
49 42 47
49 42 66
49 42 68
49 42 69
49 42 72
49 42 93
49 42 94
49 42 95
49 42 1050
49 42 1052
49 81 17
49 81 21
49 81 22
49 81 37
49 81 52
49 110 19
49 110 55
49 110 75
49 106 22
49 106 25
49 106 68
49 85 26
49 85 27
49 85 28
49 85 36
49 85 47
49 85 73
49 85 75
49 85 79
49 85 98
49 36 26
49 36 57
49 36 60
49 44 54
49 39 109
49 2 989
49 2 1000
49 2 1002
49 93 994
49 4 1002
49 78 1014
49 1 1028
49 90 1044
49 90 1048
49 108 1045
49 23 1046
49 23 1052
49 30 1052
86 61 17
86 61 18
86 39 18
86 39 26
86 39 40
86 77 18
86 77 51
86 21 20
86 21 26
86 21 37
86 21 42
86 21 43
86 106 24
86 44 39
86 81 39
86 81 43
86 109 108
86 100 768
86 7 789
86 7 793
42 66 17
42 102 22
42 102 23
42 102 25
42 102 31
42 102 33
42 102 34
42 102 35
42 102 36
42 102 60
42 102 62
42 102 63
42 102 64
42 102 66
42 102 68
42 102 69
42 102 70
42 102 77
42 102 78
42 102 79
42 102 81
42 102 83
42 39 38
42 21 41
42 21 42
42 21 93
42 82 42
42 81 46
42 81 75
42 81 91
42 109 108
42 114 1052
42 30 1052
81 102 21
81 102 40
81 102 82
81 39 36
81 44 37
81 44 93
81 106 40
81 106 54
81 61 48
81 82 52
81 67 53
81 68 83
81 38 99
21 36 17
21 36 18
21 110 22
21 48 26
21 85 33
21 85 69
21 85 82
21 85 83
21 85 84
21 106 57
21 68 68
21 14 133
21 14 139
21 14 165
21 14 166
21 14 173
21 14 203
21 14 204
21 14 240
21 14 291
21 14 326
21 14 331
21 91 212
21 91 213
36 7 762
61 110 37
61 108 1000
61 108 1001
61 9 1004
110 44 19
110 102 51
110 102 58
110 39 62
39 106 25
39 106 56
39 106 67
39 85 63
102 66 17
102 67 43
102 48 69
102 85 76
102 85 84
102 68 80
102 68 83
102 68 85
102 56 574
66 44 18
66 106 23
66 10 41
106 44 18
106 44 71
106 10 43
106 85 60
106 68 82
106 38 98
77 85 17
77 85 80
77 91 148
77 91 149
77 91 150
77 91 151
77 91 152
77 91 153
77 91 154
77 91 156
77 91 159
77 91 160
77 91 161
77 91 162
77 91 163
77 91 164
77 91 165
77 91 166
77 91 167
77 91 168
77 91 169
77 91 170
77 91 171
77 91 172
77 91 173
77 91 174
77 91 175
77 91 176
77 91 177
77 91 178
77 91 179
77 91 180
77 91 181
77 91 182
77 91 183
77 91 184
77 91 185
77 91 186
77 91 187
77 91 188
77 91 189
77 91 190
77 91 191
77 91 192
77 91 193
77 91 194
77 91 195
77 91 206
77 91 207
77 91 208
77 91 209
77 91 210
77 91 212
77 91 213
77 91 214
77 91 215
77 91 217
77 91 218
77 91 219
77 91 220
77 91 221
77 91 222
77 91 224
77 91 225
77 91 227
77 91 228
77 91 229
77 91 230
77 91 231
77 91 232
77 91 233
77 91 234
77 91 239
77 91 240
77 91 241
77 91 252
77 91 253
77 91 254
77 91 255
77 91 256
77 91 257
77 91 258
77 91 259
77 91 263
77 91 264
77 91 265
77 91 266
77 91 267
77 91 268
77 19 214
77 19 215
85 82 27
85 82 37
85 82 38
85 82 40
85 82 41
85 44 67
85 44 82
85 44 92
85 68 69
85 68 72
85 32 385
62 27 366
62 27 368
62 27 369
62 27 391
62 27 394
62 27 396
62 27 399
62 27 413
62 27 435
62 27 450
62 27 453
62 27 454
62 27 455
44 48 73
44 48 84
44 48 85
44 68 85
10 79 20
10 79 22
10 79 24
10 79 25
10 79 27
10 79 28
10 79 29
10 79 35
10 79 36
10 79 37
10 79 38
10 79 39
10 79 40
10 79 41
10 79 42
10 79 43
10 79 45
10 79 50
10 79 51
10 79 54
10 79 55
10 79 86
10 79 87
10 79 88
10 79 89
10 79 91
10 79 93
10 79 95
10 79 98
10 79 99
10 79 100
10 79 101
10 79 102
10 79 103
10 79 104
10 79 105
10 79 106
10 79 107
10 79 108
10 79 109
10 67 43
10 68 88
10 2 106
10 2 1003
10 1 993
10 1 995
10 1 996
10 1 997
10 1 998
10 1 999
10 1 1000
10 1 1001
10 1 1002
10 1 1003
10 1 1015
10 1 1016
10 1 1017
10 1 1021
10 1 1039
10 1 1048
10 1 1066
10 1 1067
10 1 1068
10 1 1069
10 1 1070
10 90 994
10 90 995
10 90 996
10 90 997
10 90 999
10 78 1005
10 78 1041
10 108 1031
79 64 76
79 64 78
79 0 100
79 0 112
79 13 119
23 112 1006
23 104 1007
23 45 1013
23 45 1041
23 114 1041
23 114 1049
23 114 1050
23 114 1052
23 95 1044
23 40 1049
23 40 1050
23 40 1052
23 40 1053
23 30 1052
48 38 1172
48 37 1186
48 37 1190
82 93 992
82 93 993
82 93 996
82 93 998
82 40 993
82 40 994
82 40 995
82 40 996
82 40 997
82 40 998
82 1 1006
82 1 1012
82 1 1025
82 1 1026
82 1 1028
82 1 1042
82 2 1007
82 2 1043
82 108 1013
82 108 1043
82 90 1013
82 90 1014
82 90 1026
82 90 1043
82 90 1053
75 13 110
75 13 111
75 13 112
75 13 113
75 13 114
75 13 116
75 13 117
75 13 121
75 13 125
75 13 127
75 13 128
75 13 129
75 13 134
75 13 140
75 64 118
75 40 998
38 2 68
38 2 69
38 2 70
38 2 72
38 2 74
38 92 74
38 92 75
38 92 80
38 92 95
38 92 96
38 92 103
38 92 108
38 92 121
38 92 176
38 92 179
38 92 180
38 92 181
38 92 182
38 92 183
38 92 199
38 92 204
38 92 213
38 92 214
38 92 215
38 92 221
38 92 225
38 92 226
38 92 227
38 92 228
38 92 232
38 92 233
38 92 239
38 92 240
38 92 241
38 92 242
38 92 250
38 92 251
38 92 252
38 92 253
38 92 255
38 92 256
38 92 257
38 92 258
38 92 259
38 92 260
38 92 261
38 92 269
38 92 270
38 92 271
38 92 272
38 92 277
38 92 278
38 92 281
38 92 284
38 92 285
38 92 287
38 92 288
38 92 289
38 92 290
38 92 291
38 92 299
38 92 300
38 92 301
38 92 302
38 92 307
38 92 308
38 92 309
38 92 310
38 92 311
38 92 312
38 92 313
38 92 325
38 92 332
38 92 333
38 92 342
38 92 343
38 92 344
38 92 348
38 92 349
38 92 356
38 92 357
38 24 110
38 24 111
2 22 70
2 22 71
2 22 74
2 64 75
2 18 78
2 34 89
2 95 1000
2 95 1001
2 95 1004
2 95 1027
2 95 1048
2 114 1040
2 114 1042
2 30 1042
18 16 69
18 16 72
18 16 84
18 16 96
18 16 100
18 16 101
18 20 389
18 20 391
18 20 394
18 20 395
18 20 419
18 20 426
18 20 427
18 20 428
18 20 435
18 20 437
18 20 438
18 20 442
18 20 443
18 20 446
18 20 447
18 20 448
16 100 740
16 100 741
16 100 743
16 100 747
16 100 748
16 100 752
16 100 753
16 100 754
16 100 755
16 100 756
16 100 757
16 100 758
16 100 761
16 100 764
16 100 765
16 100 766
16 100 770
16 100 774
16 100 775
16 100 776
16 100 777
22 35 69
22 35 70
22 35 74
22 35 75
22 35 76
22 35 78
22 35 80
22 35 82
22 35 83
22 35 85
22 35 88
22 35 93
22 35 94
22 35 95
22 35 96
22 35 103
22 35 108
22 35 113
22 35 122
22 35 126
22 35 128
22 35 158
22 35 159
22 35 160
22 35 161
22 35 162
22 35 166
22 35 167
22 35 168
22 35 169
22 35 170
22 35 171
22 35 172
22 35 174
22 35 175
22 35 176
22 35 177
22 35 178
22 35 179
22 35 180
22 35 181
22 35 183
22 35 184
22 35 185
22 35 186
22 35 187
22 35 188
22 35 189
22 35 190
22 35 191
22 35 192
22 35 193
22 35 194
22 35 195
22 35 198
22 35 199
22 35 200
22 35 201
22 35 202
22 35 203
22 35 204
22 35 205
22 35 206
22 35 207
22 35 208
22 35 209
22 35 210
22 35 211
22 35 212
22 35 213
22 35 214
22 35 215
22 35 216
22 35 217
22 35 218
22 35 219
22 35 220
22 35 221
22 35 222
22 35 223
22 35 224
22 35 225
22 35 226
22 35 227
22 35 228
22 35 229
22 35 230
22 35 231
22 35 232
22 35 233
22 35 234
22 35 235
22 35 236
22 35 237
22 35 238
22 35 239
22 35 240
22 35 241
22 35 242
22 35 243
22 35 244
22 35 245
22 35 246
22 35 247
22 35 248
22 35 249
22 35 250
22 35 251
22 35 252
22 35 253
22 35 254
22 35 255
22 35 256
22 35 257
22 35 258
22 35 259
22 35 260
22 35 261
22 35 262
22 35 263
22 35 264
22 35 265
22 35 266
22 35 267
22 35 268
22 35 269
22 35 270
22 35 271
22 35 272
22 35 273
22 35 274
22 35 275
22 35 276
22 35 277
22 35 278
22 35 279
22 35 280
22 35 281
22 35 282
22 35 283
22 35 284
22 35 285
22 35 286
22 35 287
22 35 288
22 35 290
22 35 291
22 35 292
22 35 293
22 35 294
22 35 295
22 35 296
22 35 297
22 35 298
22 35 299
22 35 300
22 35 301
22 35 302
22 35 303
22 35 304
22 35 305
22 35 306
22 35 307
22 35 308
22 35 309
22 35 311
22 35 312
22 35 313
22 35 314
22 35 315
22 35 316
22 35 317
22 35 318
22 35 321
22 35 322
22 35 323
22 35 324
22 35 325
22 35 326
22 35 327
22 35 328
22 35 329
22 35 330
22 35 331
22 35 332
22 35 333
22 35 334
22 35 335
22 35 336
22 35 337
22 35 338
22 35 339
22 35 340
22 35 341
22 35 342
22 35 343
22 35 344
22 35 345
22 35 346
22 35 347
22 35 348
22 35 356
22 35 357
22 92 72
22 92 74
22 92 80
22 92 95
22 92 100
22 92 103
22 92 105
22 92 107
22 92 108
22 92 113
22 92 114
22 92 123
22 92 124
22 92 130
22 92 134
22 92 135
22 92 136
22 92 137
22 92 138
22 92 139
22 92 140
22 92 141
22 92 142
22 92 143
22 92 144
22 92 146
22 92 147
22 92 149
22 92 153
22 92 154
22 92 155
22 92 156
22 92 161
22 92 164
22 92 167
22 92 168
22 92 169
22 92 176
22 92 177
22 92 179
22 92 180
22 92 181
22 92 182
22 92 183
22 92 184
22 92 185
22 92 186
22 92 187
22 92 188
22 92 189
22 92 194
22 92 195
22 92 196
22 92 197
22 92 199
22 92 200
22 92 204
22 92 206
22 92 210
22 92 211
22 92 212
22 92 213
22 92 214
22 92 215
22 92 221
22 92 222
22 92 223
22 92 224
22 92 225
22 92 226
22 92 227
22 92 228
22 92 229
22 92 230
22 92 232
22 92 233
22 92 234
22 92 235
22 92 236
22 92 237
22 92 238
22 92 239
22 92 240
22 92 241
22 92 242
22 92 243
22 92 245
22 92 247
22 92 248
22 92 249
22 92 250
22 92 251
22 92 252
22 92 253
22 92 255
22 92 256
22 92 257
22 92 258
22 92 259
22 92 260
22 92 261
22 92 262
22 92 263
22 92 264
22 92 265
22 92 266
22 92 267
22 92 268
22 92 269
22 92 270
22 92 271
22 92 272
22 92 273
22 92 274
22 92 275
22 92 276
22 92 277
22 92 278
22 92 279
22 92 280
22 92 281
22 92 284
22 92 285
22 92 286
22 92 288
22 92 289
22 92 290
22 92 291
22 92 293
22 92 294
22 92 295
22 92 296
22 92 298
22 92 299
22 92 300
22 92 301
22 92 302
22 92 303
22 92 304
22 92 305
22 92 306
22 92 307
22 92 308
22 92 309
22 92 310
22 92 311
22 92 312
22 92 313
22 92 314
22 92 316
22 92 317
22 92 318
22 92 319
22 92 320
22 92 322
22 92 323
22 92 325
22 92 328
22 92 329
22 92 330
22 92 331
22 92 332
22 92 333
22 92 337
22 92 338
22 92 339
22 92 340
22 92 341
22 92 342
22 92 343
22 92 344
22 92 345
22 92 346
22 92 347
22 92 348
22 92 355
22 92 356
22 92 357
22 101 148
22 101 457
22 96 156
22 15 392
22 15 429
22 15 436
22 15 450
22 15 451
22 15 457
22 15 459
22 15 460
22 15 462
35 0 160
35 0 164
35 0 165
35 0 166
35 0 182
35 0 183
35 0 184
35 0 185
35 0 186
35 0 189
35 0 191
35 0 192
35 0 194
35 0 195
35 0 196
35 0 197
35 0 198
35 0 199
35 0 200
35 0 201
35 0 202
35 0 203
35 0 204
35 0 205
35 0 206
35 0 207
35 0 208
35 0 209
35 0 210
35 0 211
35 0 212
35 0 213
35 0 214
35 0 215
35 0 216
35 0 217
35 0 218
35 0 219
35 0 220
35 0 221
35 0 222
35 0 223
35 0 224
35 0 225
35 0 226
35 0 227
35 0 228
35 0 229
35 0 230
35 0 231
35 0 232
35 0 233
35 0 234
35 0 235
35 0 236
35 0 237
35 0 239
35 0 241
35 0 242
35 0 243
35 0 245
35 0 247
35 0 249
35 0 250
35 0 251
35 0 252
35 0 253
35 0 259
35 0 260
35 0 261
35 0 262
35 0 263
35 0 264
35 0 265
35 0 266
35 0 267
35 0 271
35 0 272
35 0 273
35 0 275
35 0 277
35 0 278
35 0 288
35 0 289
35 0 290
35 0 291
35 0 292
35 0 293
35 0 294
35 0 295
35 0 296
35 0 297
35 0 298
35 0 299
35 0 300
35 0 301
35 0 302
35 0 303
35 0 304
35 0 305
35 0 306
35 0 307
35 0 308
35 0 309
35 0 310
35 0 311
35 0 312
35 0 313
35 0 314
35 0 315
35 0 316
35 0 318
35 0 319
35 0 320
35 0 321
35 0 322
35 0 323
35 0 324
35 0 327
35 0 328
35 0 330
35 0 331
35 0 332
35 0 336
35 0 337
35 0 338
35 0 339
35 0 340
35 0 341
35 0 342
35 0 343
35 0 344
35 0 345
35 0 347
35 0 348
35 0 349
35 0 351
35 0 353
35 0 354
35 0 355
35 0 356
35 0 357
35 57 535
35 111 538
35 111 545
35 111 556
35 111 593
35 111 620
35 80 554
35 80 563
35 80 605
35 80 607
35 80 610
35 80 611
35 80 613
35 80 618
35 69 585
35 69 589
35 69 592
35 69 593
35 69 596
35 69 597
35 14 588
35 60 607
13 20 70
13 20 73
13 20 74
13 20 95
13 20 97
13 20 98
13 20 114
13 20 115
13 0 111
13 64 119
20 105 453
20 107 453
20 107 455
20 107 458
92 0 73
92 0 74
92 0 75
92 0 76
92 0 126
92 0 137
92 0 140
92 0 141
92 0 142
92 0 161
92 0 169
92 0 170
92 0 182
92 0 183
92 0 196
92 0 212
92 0 215
92 0 259
92 0 261
92 0 262
92 0 263
92 0 265
92 0 266
92 0 275
92 0 276
92 0 290
92 0 298
92 0 309
92 0 311
92 0 312
92 0 313
92 0 316
92 0 320
92 0 322
92 0 324
92 0 325
92 0 326
92 0 327
92 0 328
92 0 332
92 0 338
92 0 339
92 0 340
92 0 343
92 0 344
92 0 345
92 0 356
92 0 357
92 64 75
92 78 459
92 78 460
92 78 461
92 78 462
92 78 464
92 78 465
92 78 466
92 78 467
92 78 468
92 78 469
92 78 470
92 78 471
92 78 472
92 78 473
92 78 474
92 78 475
92 78 476
92 78 477
92 78 478
92 78 479
92 78 480
92 78 481
92 78 486
92 78 491
92 78 492
92 78 493
92 78 494
92 78 495
92 78 498
92 78 500
92 78 501
92 78 503
92 78 504
92 78 505
92 78 506
92 78 507
92 78 508
92 78 510
92 78 511
92 78 512
92 78 513
92 78 514
92 78 515
92 78 520
92 78 521
92 78 522
92 78 523
92 78 525
92 78 526
92 78 527
92 78 528
92 78 530
92 78 531
92 78 532
92 78 533
92 78 535
92 78 540
92 78 541
92 78 542
92 78 544
92 78 545
92 78 546
92 78 547
92 78 548
92 78 549
92 78 550
64 83 72
64 83 77
64 83 79
64 83 93
64 83 102
64 83 103
64 83 126
64 83 127
64 83 135
64 83 136
64 83 137
64 83 139
64 83 141
64 83 143
64 83 146
64 83 149
64 83 151
64 83 152
64 83 153
64 83 154
64 83 155
64 83 156
64 83 157
64 83 159
64 83 161
64 83 166
64 83 173
64 83 174
64 83 179
64 83 180
64 83 181
64 83 183
64 83 192
64 83 194
64 83 197
83 91 982
0 24 137
0 24 139
0 24 145
0 24 146
0 24 160
0 24 164
0 24 166
0 24 168
0 24 181
0 24 182
0 24 183
0 24 184
0 24 185
0 24 186
0 24 187
0 24 188
0 24 190
0 24 192
0 24 193
0 24 194
0 24 195
0 24 197
0 24 198
0 24 199
0 24 200
0 24 201
0 24 202
0 24 203
0 24 204
0 24 205
0 24 206
0 24 207
0 24 209
0 24 210
0 24 211
0 24 212
0 24 213
0 24 214
0 24 215
0 24 216
0 24 217
0 24 218
0 24 219
0 24 220
0 24 221
0 24 222
0 24 223
0 24 224
0 24 225
0 24 226
0 24 227
0 24 228
0 24 229
0 24 230
0 24 231
0 24 232
0 24 233
0 24 234
0 24 235
0 24 236
0 24 237
0 24 238
0 24 241
0 24 242
0 24 243
0 24 244
0 24 245
0 24 246
0 24 247
0 24 248
0 24 249
0 24 250
0 24 251
0 24 252
0 24 253
0 24 259
0 24 260
0 24 261
0 24 262
0 24 263
0 24 264
0 24 265
0 24 266
0 24 267
0 24 271
0 24 272
0 24 273
0 24 274
0 24 275
0 24 276
0 24 277
0 24 291
0 24 292
0 24 296
0 24 307
0 24 309
0 24 310
0 24 313
0 24 314
0 24 315
0 24 316
0 24 321
0 24 328
0 24 330
0 24 331
0 24 332
0 24 336
0 24 337
0 24 338
0 24 339
0 24 340
0 24 341
0 24 342
0 24 343
0 24 344
0 24 348
0 24 356
0 24 357
0 19 228
34 17 796
34 17 797
34 17 798
34 17 799
34 17 802
34 17 804
34 17 805
34 17 806
34 17 807
34 17 810
34 17 811
34 17 812
34 17 813
34 17 814
34 17 815
34 17 816
34 17 817
34 17 818
34 17 819
34 17 822
34 17 824
34 17 826
34 17 828
34 17 830
34 17 831
34 17 832
34 17 834
34 17 835
34 17 836
34 17 837
34 17 838
34 17 839
34 17 840
34 17 841
34 17 848
34 17 849
34 17 852
34 17 853
34 17 855
34 17 856
34 17 857
34 17 858
34 17 859
34 17 860
34 17 861
34 17 862
34 17 863
34 17 864
34 17 866
34 17 867
34 17 869
34 17 870
34 17 871
34 17 873
34 17 874
34 17 875
34 17 881
34 17 882
34 17 883
34 17 884
34 17 885
34 17 886
34 17 888
34 17 889
34 17 890
34 17 891
34 17 892
34 17 894
34 17 897
34 17 900
34 17 901
34 17 902
34 17 904
34 17 905
34 17 906
34 17 908
34 17 909
34 17 910
34 17 911
34 17 912
34 17 917
34 17 918
34 17 921
34 17 946
34 17 948
34 17 966
34 17 970
34 17 973
34 17 979
34 17 981
34 12 826
34 12 919
109 56 379
109 56 381
109 56 385
109 56 394
109 56 396
109 56 397
109 56 413
109 56 414
109 56 418
109 56 419
109 56 426
109 56 427
109 56 428
109 56 435
109 56 438
109 56 440
109 56 444
109 56 445
109 56 453
109 56 496
109 56 510
109 56 511
109 56 514
109 56 515
109 56 517
109 56 518
109 56 519
109 56 520
109 56 521
109 56 522
109 56 523
109 56 527
109 56 528
109 56 529
109 56 530
109 56 531
109 56 532
109 56 533
109 56 534
109 56 535
109 56 536
109 56 537
109 56 538
109 56 539
109 56 540
109 56 541
109 56 542
109 56 543
109 56 545
109 56 546
109 56 547
109 56 548
109 56 549
109 56 550
109 56 551
109 56 552
109 56 553
109 56 557
109 56 558
109 56 560
109 56 561
109 56 562
109 56 564
109 56 565
109 56 566
109 56 567
109 56 568
109 56 571
109 56 575
109 56 576
24 87 110
24 87 111
24 87 112
87 73 903
87 73 904
87 73 905
87 73 906
87 73 915
87 73 922
87 73 923
87 73 924
87 73 925
87 73 926
87 73 934
87 73 935
87 73 936
87 73 960
87 73 961
87 73 962
87 73 965
87 73 969
87 73 971
87 73 972
87 73 975
87 73 976
87 73 982
87 73 983
87 73 984
87 73 986
87 73 987
87 73 988
87 73 995
87 73 996
87 73 997
87 73 999
96 56 111
96 56 112
96 56 155
96 56 157
96 56 165
96 56 166
96 56 169
96 56 178
96 56 179
96 56 183
96 56 184
96 56 185
96 19 214
56 33 563
56 14 574
56 14 575
14 97 541
14 97 542
14 97 543
14 97 544
14 97 545
14 97 546
14 97 547
14 97 548
14 97 549
14 97 550
14 97 551
14 97 554
14 97 555
14 97 556
14 97 557
14 97 558
14 97 559
14 97 566
14 97 567
14 97 568
14 97 572
14 97 573
14 97 574
14 97 575
14 97 576
14 97 577
14 97 578
14 97 579
14 97 580
14 97 581
14 97 582
14 97 583
14 97 584
14 97 585
14 97 586
14 97 587
14 97 588
14 97 589
14 97 590
14 97 594
14 97 595
14 97 596
14 97 597
14 97 599
14 97 600
14 97 601
14 97 604
14 97 605
14 97 606
14 97 610
14 97 611
14 97 612
14 97 613
14 97 614
14 97 616
14 97 617
14 97 618
14 97 619
14 97 620
14 97 627
14 97 628
14 97 629
14 97 636
14 97 637
14 97 638
14 97 639
14 97 643
14 97 646
14 97 647
14 97 648
14 97 675
14 97 678
14 97 682
14 97 699
14 97 700
14 97 701
14 97 705
14 97 707
14 97 708
14 97 709
14 97 710
14 97 711
14 97 712
14 97 713
14 97 714
14 97 715
14 97 716
14 97 717
14 97 718
14 97 719
14 97 720
14 97 721
14 97 722
14 97 723
14 97 724
14 97 726
14 97 727
14 97 728
14 97 729
14 97 730
14 97 731
14 97 732
14 97 733
14 97 734
14 97 735
14 97 736
14 97 737
14 97 738
14 97 739
14 97 740
14 97 741
14 97 742
14 97 743
14 97 744
14 97 745
14 97 747
14 97 748
14 97 749
14 97 751
14 97 752
14 97 760
14 97 761
14 97 762
14 97 763
14 97 764
14 97 765
14 97 766
14 97 767
14 97 768
14 97 769
14 97 770
14 97 771
14 97 772
14 97 773
14 97 775
14 97 776
14 97 777
14 97 778
14 97 779
14 97 780
14 97 781
14 97 782
14 97 783
14 97 786
14 97 787
14 97 788
101 107 296
101 107 297
101 107 299
101 107 300
101 107 301
101 107 303
101 107 311
101 107 312
101 107 313
101 107 315
101 107 316
101 107 317
101 107 318
101 107 324
101 107 325
101 107 326
101 107 328
101 107 329
101 107 331
101 107 332
101 107 333
101 107 334
101 107 335
101 107 336
101 107 337
101 107 338
101 107 340
101 107 341
101 107 342
101 107 343
101 107 344
101 107 345
101 107 346
101 107 347
101 107 348
101 107 349
101 107 350
101 107 351
101 107 352
101 107 354
101 107 355
101 107 357
101 107 358
101 107 359
101 107 360
101 107 361
101 107 362
101 107 365
101 107 366
101 107 367
101 107 369
101 107 371
101 107 375
101 107 376
101 107 380
101 107 382
101 107 383
101 107 384
101 107 385
101 107 386
101 107 387
101 107 389
101 107 390
101 107 394
101 107 395
101 107 396
101 107 398
101 107 413
101 107 414
101 107 415
101 107 416
101 107 417
101 107 420
101 107 421
101 107 424
101 107 425
101 107 426
101 107 427
101 107 428
101 107 431
101 107 434
101 107 438
101 107 446
101 107 450
101 107 451
101 107 452
101 107 456
101 107 457
101 107 459
101 107 460
101 107 461
101 107 462
101 107 463
101 107 464
101 107 465
101 107 466
101 107 467
101 107 468
101 107 469
101 107 470
101 107 471
101 107 478
101 107 482
101 107 485
101 107 490
101 107 492
101 107 493
101 107 494
91 40 1068
91 40 1069
91 40 1076
91 40 1078
91 40 1079
91 40 1084
91 40 1085
91 100 1068
91 100 1128
91 100 1129
104 54 193
104 54 195
104 54 197
104 54 198
104 54 199
104 54 200
104 54 201
104 54 206
104 54 212
104 54 213
104 54 218
104 54 222
104 54 225
104 54 226
104 54 241
104 54 243
104 54 245
104 54 246
104 54 247
104 54 252
104 54 253
104 54 254
104 54 257
104 54 259
104 54 260
104 54 262
104 54 263
104 54 269
104 54 280
104 54 281
104 54 282
104 54 283
104 54 284
104 54 285
104 54 289
104 54 292
104 54 294
104 54 300
104 54 301
104 54 305
104 54 308
104 54 310
104 54 311
104 54 312
104 54 314
104 54 322
104 54 324
104 54 334
104 54 336
104 54 337
104 54 338
104 54 339
104 54 340
104 54 342
104 54 343
104 54 344
104 107 334
104 40 990
104 40 991
104 40 1000
104 40 1016
104 40 1017
104 40 1022
104 40 1023
104 40 1024
104 40 1025
104 40 1026
104 40 1031
104 40 1032
104 40 1037
104 40 1042
104 40 1043
104 40 1044
104 40 1047
104 40 1051
104 40 1053
104 40 1054
104 40 1057
104 40 1058
104 40 1059
104 40 1062
104 40 1063
104 40 1064
104 40 1068
104 40 1075
104 40 1076
104 40 1078
104 40 1079
104 40 1080
104 40 1081
104 40 1082
104 40 1083
104 40 1084
104 40 1085
104 40 1086
104 40 1087
104 40 1088
104 40 1089
104 40 1090
104 40 1091
104 40 1092
104 40 1093
104 40 1094
104 40 1095
104 40 1097
104 40 1100
104 40 1106
104 40 1108
104 40 1110
104 40 1111
104 40 1116
104 40 1117
104 40 1120
104 40 1121
104 40 1122
104 40 1123
104 40 1124
104 40 1130
104 40 1131
104 40 1132
104 40 1134
104 40 1135
104 40 1140
104 40 1143
104 40 1144
104 40 1145
104 40 1146
104 40 1148
104 40 1152
104 40 1153
104 40 1154
104 40 1155
104 40 1156
104 40 1157
104 40 1158
104 40 1159
104 40 1160
104 40 1161
104 40 1162
104 40 1163
104 40 1164
104 40 1166
104 40 1167
104 40 1168
104 40 1170
104 40 1171
104 40 1177
104 40 1189
104 40 1190
104 40 1195
104 40 1202
104 40 1242
104 40 1243
104 40 1249
104 40 1258
104 40 1264
104 40 1272
104 40 1278
104 40 1279
104 40 1289
104 40 1297
104 40 1298
104 40 1300
104 40 1307
104 40 1308
104 40 1321
104 40 1322
104 40 1324
104 90 1000
104 90 1005
104 90 1054
104 90 1055
104 4 1000
104 4 1001
104 4 1054
104 4 1055
104 93 1005
104 47 1006
104 1 1007
104 1 1008
104 1 1010
104 78 1053
104 41 1187
104 41 1188
54 27 400
54 27 401
54 27 402
54 27 403
54 27 404
54 27 405
54 27 407
54 27 414
55 108 194
55 108 205
55 108 214
55 108 215
55 108 220
55 108 224
55 108 242
55 108 244
55 108 249
55 108 270
55 108 277
55 108 279
55 108 288
55 108 290
55 108 291
55 108 293
55 108 295
55 108 302
55 108 306
55 108 307
55 108 309
55 108 319
55 108 320
55 108 321
55 108 323
55 108 328
55 108 335
55 32 275
55 107 330
55 107 335
55 105 335
55 105 390
55 105 395
55 105 402
55 105 403
55 105 404
55 105 405
55 105 415
55 105 416
55 105 439
55 105 446
55 105 457
55 105 465
55 105 469
55 105 485
55 105 495
55 105 497
55 105 516
55 105 569
55 105 570
55 105 577
55 105 578
108 58 992
108 113 994
108 95 1007
108 12 1007
108 12 1040
108 25 1007
108 25 1041
108 25 1042
108 25 1045
108 37 1009
108 114 1012
108 114 1013
108 114 1043
108 114 1049
108 45 1013
108 30 1013
108 30 1014
108 30 1016
108 30 1017
108 30 1018
108 30 1021
108 30 1022
108 40 1044
19 17 205
19 17 211
19 17 239
19 17 306
19 17 327
19 17 328
19 17 335
19 37 803
19 37 893
19 37 895
19 37 896
19 37 947
19 37 952
19 37 953
19 37 963
19 37 975
19 37 980
19 37 984
19 37 985
19 37 987
19 37 988
19 12 919
17 7 798
17 90 802
17 15 811
17 15 821
17 15 825
107 33 534
107 33 535
107 33 536
107 33 543
107 33 561
107 33 574
107 33 575
107 33 577
107 33 585
107 33 594
107 33 597
107 33 598
107 33 599
107 33 600
107 33 601
107 33 602
107 33 603
107 33 618
107 57 535
107 57 537
107 57 554
107 57 560
107 57 584
107 57 586
107 57 597
107 57 616
107 80 544
107 80 555
107 80 600
107 80 603
107 80 618
107 65 584
107 65 585
107 9 603
27 95 389
27 95 394
27 95 396
27 95 397
27 95 399
27 95 410
95 47 996
95 47 999
95 47 1005
95 47 1044
95 47 1061
95 1 1002
95 1 1004
95 1 1014
95 1 1026
95 1 1031
95 1 1032
95 1 1041
78 37 991
78 37 1008
78 37 1015
78 12 999
78 12 1028
78 12 1036
78 45 1029
78 45 1030
78 114 1043
65 1 467
65 1 468
65 1 469
65 1 472
65 1 473
65 1 474
65 1 475
65 1 476
65 1 478
65 1 480
65 1 481
65 1 491
65 1 492
65 1 494
65 1 495
65 1 496
65 1 497
65 1 498
65 1 501
65 1 502
65 1 503
65 1 506
65 1 508
65 1 519
65 1 538
65 1 539
65 1 540
65 1 546
65 1 552
65 1 553
65 1 556
65 1 557
65 1 558
65 1 559
65 1 560
65 1 564
65 1 581
65 1 582
65 1 584
65 1 585
65 1 586
65 1 587
65 1 588
65 1 589
65 1 590
65 1 591
65 1 597
65 1 598
65 1 599
65 1 600
65 1 604
65 1 606
65 1 610
65 1 611
65 1 612
65 1 613
65 1 616
65 1 617
65 1 618
65 1 619
65 1 620
65 1 622
65 1 623
65 1 624
65 1 625
65 1 627
65 1 628
65 1 629
65 1 630
65 1 631
65 1 632
65 1 633
65 1 634
65 1 635
65 1 636
65 57 559
65 97 620
1 69 552
1 69 585
1 57 585
1 80 585
1 112 1002
1 112 1012
1 112 1022
1 112 1040
1 112 1041
1 4 1002
1 4 1008
1 4 1009
1 4 1012
1 4 1028
1 12 1004
1 12 1026
1 45 1007
1 37 1007
1 37 1008
1 37 1022
1 114 1008
1 114 1009
1 114 1010
1 114 1011
1 114 1012
1 58 1046
69 57 535
69 57 543
69 57 544
69 57 566
69 57 584
69 57 599
69 57 600
69 57 601
69 57 602
69 80 535
69 80 536
69 80 577
69 33 537
69 33 542
69 33 554
69 33 598
69 111 547
69 97 588
69 9 605
69 9 606
33 80 539
33 80 541
33 80 544
33 80 545
33 80 546
33 80 547
33 80 549
33 80 556
33 80 571
33 80 575
33 80 579
33 80 594
33 80 601
33 80 602
33 80 603
33 80 610
33 57 543
33 57 544
33 57 555
33 57 561
33 57 573
33 57 594
33 57 600
33 57 601
33 57 602
33 57 603
33 57 607
33 57 608
33 57 609
33 57 610
33 57 616
33 73 813
33 73 814
33 73 818
33 73 819
33 73 820
33 73 821
33 73 824
33 73 825
33 73 834
33 73 835
33 73 836
33 73 837
33 73 839
33 73 840
33 73 841
33 73 842
33 73 843
33 73 846
33 73 847
33 73 848
33 73 849
33 73 850
33 73 851
33 73 852
33 73 853
33 73 859
33 73 860
33 73 861
33 73 862
33 73 864
33 73 869
33 73 870
57 80 535
57 80 543
57 111 542
57 111 553
57 111 556
57 111 559
57 111 593
80 111 542
80 111 556
80 111 620
111 12 1027
111 12 1028
97 43 600
97 7 699
97 90 1000
97 90 1005
97 30 1000
45 60 568
45 60 569
45 60 572
45 60 582
45 60 583
45 60 595
45 60 596
45 60 597
45 60 599
45 90 1055
45 4 1056
45 4 1060
60 112 993
60 112 998
60 112 999
60 12 1006
43 7 694
43 7 695
43 7 713
43 7 716
43 7 723
43 7 732
43 7 733
43 7 735
43 7 736
43 7 744
43 7 746
43 7 758
43 7 759
43 7 761
43 7 786
43 7 797
43 7 799
43 7 800
43 7 801
43 90 695
43 90 696
43 90 697
43 90 700
43 90 701
43 90 705
43 90 706
43 90 707
43 90 708
43 90 710
43 90 712
43 90 713
43 90 715
43 90 716
43 90 717
43 90 721
43 90 722
43 90 723
43 90 726
43 90 728
43 90 730
43 90 732
43 90 733
43 90 734
43 90 735
43 90 738
43 90 739
43 90 740
43 90 741
43 90 742
43 90 743
43 90 744
43 90 754
43 90 755
43 90 756
43 90 757
43 90 758
43 90 759
43 90 760
43 90 762
43 90 764
43 90 765
43 90 766
43 90 769
43 90 776
43 90 779
43 90 781
43 90 786
43 90 787
43 90 788
43 90 789
43 90 790
43 90 796
43 90 803
63 93 710
63 93 715
63 93 716
63 93 718
63 93 720
63 93 723
63 93 728
63 93 731
63 93 743
63 93 744
63 41 729
63 100 743
7 12 1040
90 113 992
90 112 993
90 112 995
90 12 993
90 12 1007
90 12 1012
90 25 993
90 37 999
90 37 1053
90 37 1054
90 37 1055
90 37 1056
90 37 1057
90 4 1006
90 114 1040
90 114 1041
90 30 1041
93 37 992
93 37 993
93 37 994
93 37 995
93 37 996
93 37 997
93 37 998
93 37 1000
93 37 1003
93 30 998
93 30 1005
93 12 1001
93 12 1002
93 12 1003
93 4 1005
41 37 1179
41 37 1180
41 37 1182
41 37 1186
100 12 999
100 12 1000
100 37 1071
100 37 1101
100 37 1196
100 37 1198
100 37 1203
100 37 1208
100 37 1211
100 37 1212
100 37 1236
100 37 1238
100 37 1239
100 37 1240
100 37 1241
100 37 1245
100 37 1246
100 37 1247
100 37 1257
100 37 1273
100 37 1280
100 37 1281
100 37 1283
100 37 1285
100 37 1288
100 37 1301
100 37 1302
100 37 1303
100 37 1311
100 37 1312
100 37 1313
100 37 1314
100 37 1317
100 37 1320
100 37 1325
37 47 992
37 47 1013
37 4 1054
37 4 1055
37 4 1056
37 4 1057
37 58 1076
12 40 991
12 40 993
12 40 998
12 40 999
12 40 1000
12 40 1003
12 40 1007
12 40 1009
12 40 1013
12 40 1021
12 30 993
12 30 1007
12 30 1012
12 30 1028
12 4 997
12 4 1040
12 4 1044
12 58 1040
47 30 992
47 30 993
47 30 1025
47 112 998
47 4 1005
47 4 1006
47 25 1259
47 25 1264
47 25 1267
47 25 1274
47 25 1275
47 25 1276
47 25 1277
47 25 1278
47 25 1279
47 25 1284
47 25 1286
47 25 1287
47 25 1288
47 25 1289
47 25 1290
47 25 1291
47 25 1292
47 25 1293
47 25 1294
47 25 1295
47 25 1296
47 25 1303
47 25 1304
47 25 1307
47 25 1324
47 25 1333
47 25 1334
30 4 993
30 4 1002
30 112 995
30 113 998
30 114 1025
30 114 1040
30 114 1041
30 114 1049
30 114 1052
