112 13 0
112 13 1
112 13 17
112 13 18
112 13 25
112 13 26
112 13 34
112 13 38
112 13 39
112 13 41
112 13 42
112 13 45
112 13 51
112 13 52
112 13 53
112 13 54
112 13 55
112 13 56
112 13 57
112 13 63
112 13 64
112 13 65
112 13 66
112 13 67
112 13 71
112 13 72
112 13 79
112 13 83
112 13 85
112 13 86
112 13 87
112 13 91
112 13 92
112 13 93
112 13 94
112 13 97
112 13 98
112 13 99
112 13 100
112 13 101
112 13 102
112 13 103
112 13 104
112 13 105
112 13 106
112 13 107
112 13 108
112 13 109
112 13 110
112 13 111
112 13 128
112 13 129
112 13 130
112 13 131
112 13 133
112 13 134
112 13 135
112 13 137
112 13 139
112 13 140
112 13 141
112 13 142
112 13 143
112 13 146
112 13 148
112 13 149
112 13 150
112 13 166
112 13 167
112 87 200
112 87 201
112 87 204
112 87 205
112 87 221
112 87 222
112 87 223
112 87 225
112 87 226
112 87 228
112 87 229
112 87 240
112 87 243
112 87 258
112 87 259
112 87 268
112 87 269
112 87 270
112 87 271
112 87 272
112 87 273
112 87 274
112 87 275
112 87 276
112 87 278
112 87 279
112 87 287
112 87 288
112 87 290
112 87 302
112 87 303
112 87 307
112 87 308
112 87 311
112 87 312
112 87 314
112 87 315
112 87 331
112 87 333
112 87 335
112 87 336
112 87 339
112 87 340
112 87 341
112 87 342
112 87 344
112 87 345
112 87 346
112 87 347
112 87 348
112 87 349
112 87 351
112 87 353
112 87 372
112 87 381
112 87 383
112 87 386
112 87 387
112 41 200
112 41 201
112 41 202
112 41 204
112 41 206
112 41 210
112 41 211
112 41 212
112 41 213
112 41 214
112 41 215
112 41 216
112 41 217
112 41 219
112 41 220
112 41 221
112 41 222
112 41 225
112 41 226
112 41 228
112 41 229
112 41 230
112 41 249
112 41 251
112 41 253
112 41 254
112 41 258
112 41 259
112 41 265
112 41 266
112 41 267
112 41 268
112 41 269
112 41 270
112 41 271
112 41 272
112 41 273
112 41 274
112 41 275
112 41 276
112 41 279
112 41 290
112 41 291
112 41 297
112 41 304
112 41 305
112 41 306
112 41 324
112 41 325
112 41 329
112 41 330
112 41 355
112 41 372
112 41 380
112 41 381
112 41 383
112 41 384
112 41 385
112 41 386
112 41 387
13 18 785
13 58 789
10 111 79
10 111 80
10 111 81
10 111 87
10 111 88
10 111 89
10 111 139
10 111 141
10 111 142
10 111 143
10 111 158
10 111 160
10 111 173
10 111 174
10 43 79
10 43 80
10 43 86
10 43 94
10 43 111
10 43 124
10 43 125
10 43 126
10 43 127
10 43 138
10 43 139
10 43 151
10 43 159
10 43 173
10 102 80
10 102 82
10 102 84
10 102 85
10 102 86
10 102 92
10 102 93
10 102 94
10 102 95
10 102 96
10 102 97
10 102 98
10 102 99
10 102 100
10 102 101
10 102 102
10 102 103
10 102 104
10 102 105
10 102 107
10 102 108
10 102 109
10 102 110
10 102 111
10 102 112
10 102 115
10 102 116
10 102 117
10 102 125
10 102 126
10 102 127
10 102 128
10 102 129
10 102 130
10 102 131
10 102 132
10 102 133
10 102 136
10 102 137
10 102 138
10 102 139
10 102 140
10 102 142
10 102 143
10 102 144
10 102 145
10 102 147
10 102 148
10 102 151
10 102 159
10 102 166
10 102 168
10 102 173
10 47 103
10 47 144
10 85 172
111 98 81
111 98 83
111 98 113
111 98 114
111 98 137
111 98 142
111 98 150
111 98 158
111 98 161
111 98 170
111 98 173
111 40 86
111 40 160
111 40 170
111 40 173
111 67 641
111 67 642
111 67 643
111 67 644
111 67 645
111 67 646
111 67 647
111 67 648
111 67 649
111 67 650
111 67 651
111 67 652
111 67 653
111 67 654
111 67 655
111 67 656
111 67 657
111 67 658
111 67 659
111 67 661
111 67 662
111 67 663
111 67 664
111 67 665
111 67 666
111 67 667
111 67 668
111 67 672
111 67 673
111 67 674
111 67 681
111 67 682
111 67 683
111 67 689
111 67 691
111 67 697
111 67 698
111 67 706
111 67 707
111 67 708
111 67 711
111 67 716
111 67 717
111 67 718
111 67 723
111 67 726
111 67 728
111 67 729
111 67 735
111 67 788
111 67 789
111 67 790
111 67 791
43 98 80
43 98 82
43 98 85
43 98 86
43 98 87
43 98 88
43 98 89
43 98 90
43 98 91
43 98 92
43 98 93
43 98 94
43 98 95
43 98 96
43 98 97
43 98 98
43 98 99
43 98 100
43 98 101
43 98 102
43 98 103
43 98 104
43 98 105
43 98 106
43 98 107
43 98 108
43 98 109
43 98 110
43 98 111
43 98 112
43 98 113
43 98 114
43 98 117
43 98 118
43 98 119
43 98 120
43 98 123
43 98 124
43 98 125
43 98 126
43 98 127
43 98 128
43 98 134
43 98 135
43 98 136
43 98 138
43 98 139
43 98 140
43 98 141
43 98 143
43 98 144
43 98 145
43 98 146
43 98 151
43 98 159
43 98 160
43 98 168
43 98 169
43 98 170
43 98 171
43 98 172
43 98 173
43 47 103
43 47 104
43 85 149
43 85 151
43 85 152
43 85 153
43 85 162
43 85 163
43 85 166
43 85 167
43 85 175
43 85 180
43 85 183
43 85 192
43 85 233
43 85 242
43 85 243
43 85 255
43 85 259
43 85 260
43 106 170
102 47 103
102 47 104
102 47 106
102 47 144
102 67 170
102 106 170
102 99 185
102 91 186
102 91 189
102 91 192
102 91 196
102 91 205
102 91 208
102 91 254
102 91 266
102 91 267
102 91 268
102 91 272
102 91 276
102 91 277
102 91 294
102 91 303
102 91 311
102 91 312
102 91 315
102 91 323
102 91 326
102 2 186
102 2 187
102 2 188
102 2 189
102 2 193
102 2 194
102 2 195
102 2 196
102 2 202
102 2 203
102 2 205
102 2 221
102 2 254
102 2 255
102 2 256
102 2 260
102 2 265
102 2 267
102 2 268
102 2 287
102 2 288
102 2 289
102 2 290
102 2 292
102 2 296
102 2 299
102 2 300
102 2 303
102 2 312
102 2 317
102 2 318
102 2 320
102 2 322
102 2 323
102 2 329
102 109 239
102 109 240
102 109 245
102 65 239
102 31 244
98 46 171
98 8 552
98 8 584
98 8 592
98 90 566
40 46 171
40 46 933
40 33 601
40 33 604
40 101 733
40 69 733
40 72 744
47 104 105
47 104 107
47 104 137
47 104 140
47 104 145
47 104 146
47 104 155
47 104 156
47 104 159
47 104 160
47 104 161
47 104 164
47 104 172
47 104 173
47 104 174
47 104 175
47 104 176
47 104 177
47 19 177
47 65 194
47 65 207
47 56 208
47 61 293
47 61 294
47 61 295
47 61 296
47 61 297
47 61 298
47 61 299
47 61 304
47 61 307
47 61 324
47 61 335
47 61 338
47 61 339
47 61 423
47 79 293
47 79 294
47 63 341
47 63 344
47 63 347
47 63 348
47 63 349
47 63 350
47 63 352
47 63 354
47 63 360
47 63 363
47 63 364
47 63 375
47 63 378
47 63 379
47 63 382
47 63 385
47 63 386
47 63 387
47 63 389
47 63 390
47 63 391
47 63 392
47 63 393
47 63 394
47 63 395
47 63 396
47 63 398
47 63 399
47 63 405
47 63 409
47 63 410
47 63 411
47 63 412
47 63 413
47 63 414
47 63 415
47 63 416
47 63 420
47 63 421
47 63 422
47 63 425
47 63 426
47 63 427
47 63 428
47 63 429
47 63 430
47 63 432
47 63 434
47 63 438
47 63 439
47 63 444
47 63 445
47 63 449
47 63 455
47 63 457
47 63 464
47 63 465
47 32 378
47 21 387
47 57 456
47 42 465
104 87 666
104 87 667
104 87 675
104 87 696
104 87 717
104 87 718
104 87 719
104 45 717
104 18 765
104 18 766
104 9 786
104 51 787
104 3 802
104 33 849
67 19 148
67 19 149
67 19 150
67 19 153
67 19 154
67 19 155
67 19 156
67 19 158
67 19 159
67 19 164
67 19 165
67 19 175
67 19 183
67 19 185
67 19 192
67 19 194
67 19 195
67 19 204
67 19 208
67 19 213
67 19 234
67 19 241
67 19 242
67 19 244
67 19 245
67 19 246
67 19 248
67 46 149
67 46 150
67 46 162
67 46 167
67 46 179
67 109 149
67 109 150
67 109 151
67 109 153
67 109 158
67 109 159
67 109 160
67 109 161
67 109 162
67 109 168
67 109 170
67 109 173
67 109 175
67 109 185
67 109 192
67 109 193
67 109 199
67 109 215
67 109 216
67 109 217
67 109 218
67 109 230
67 109 234
67 109 249
67 97 152
67 97 153
67 97 158
67 97 160
67 97 161
67 97 200
67 97 202
67 97 234
67 97 248
67 97 255
67 97 693
67 65 153
67 65 154
67 65 155
67 65 156
67 65 157
67 65 158
67 65 160
67 65 170
67 65 186
67 65 191
67 65 193
67 65 194
67 65 195
67 65 196
67 65 202
67 65 203
67 65 209
67 65 210
67 65 211
67 65 213
67 65 217
67 65 248
67 68 164
67 68 255
67 4 165
67 4 167
67 4 188
67 4 200
67 4 209
67 4 216
67 7 167
67 7 192
67 7 199
67 7 200
67 7 209
67 7 211
67 7 232
67 7 234
67 7 248
67 7 255
67 31 168
67 31 170
67 31 173
67 64 660
67 64 661
67 56 687
67 5 706
67 37 789
19 106 150
19 106 151
19 106 153
19 106 164
19 106 181
19 106 185
19 106 193
19 106 207
19 106 216
19 106 220
19 60 152
19 60 153
19 60 154
19 60 156
19 60 157
19 60 162
19 60 172
19 60 173
19 60 181
19 60 188
19 60 209
19 60 218
19 60 233
19 60 237
19 60 248
19 60 249
19 92 153
19 92 155
19 92 158
19 92 161
19 92 196
19 92 231
19 92 232
19 92 233
19 92 234
19 62 162
19 62 165
19 62 195
19 62 200
19 62 204
19 62 208
19 28 162
19 28 189
19 28 195
19 28 196
19 28 197
19 28 200
19 28 207
19 28 214
19 28 215
19 28 218
19 28 220
19 28 225
19 28 230
19 28 236
19 28 238
19 7 162
19 7 173
19 7 181
19 7 203
19 7 220
19 7 249
19 3 186
19 3 218
19 3 220
19 3 230
19 55 207
19 54 586
19 61 682
46 106 150
46 106 162
46 78 159
46 78 160
46 78 164
46 78 165
46 78 182
46 78 227
46 78 229
46 78 232
46 78 234
46 78 235
46 78 236
46 78 244
46 63 926
46 58 932
46 58 933
109 7 154
109 7 249
109 92 165
109 92 191
109 92 196
109 92 239
109 28 165
109 28 167
109 28 195
109 28 196
109 28 199
109 28 204
109 28 205
109 28 207
109 28 208
109 28 209
109 28 210
109 28 211
109 28 212
109 28 220
109 28 236
109 28 237
109 28 238
109 62 167
109 62 191
109 62 192
109 62 193
109 62 200
109 62 201
109 62 220
109 62 229
109 3 168
109 3 173
109 3 175
109 3 243
109 3 244
109 55 910
109 55 955
109 55 977
109 55 979
109 55 987
85 106 173
85 94 733
106 97 152
106 97 160
106 97 161
106 97 164
106 97 178
106 97 199
106 65 152
106 65 153
106 65 157
106 65 160
106 65 164
106 65 165
106 65 191
106 65 193
106 65 199
106 65 200
106 65 201
106 65 227
106 65 234
106 65 238
106 65 239
106 65 240
106 65 243
106 65 244
106 65 245
106 65 249
106 65 250
106 31 164
106 31 168
106 31 169
106 31 173
106 31 175
106 31 179
106 31 181
106 31 183
106 68 168
106 68 169
106 68 182
106 68 183
106 68 244
106 95 186
106 95 192
106 7 187
106 7 203
106 7 207
106 7 234
106 4 192
106 4 203
106 4 205
106 4 208
106 4 213
106 4 225
106 4 229
106 49 194
106 49 195
106 2 245
7 73 151
7 73 154
7 73 175
7 73 183
7 97 152
7 97 153
7 97 155
7 97 171
7 97 172
7 97 173
7 97 174
7 97 176
7 97 181
7 97 182
7 97 183
7 97 184
7 97 185
7 97 246
7 97 249
7 97 255
7 65 152
7 65 155
7 65 162
7 65 179
7 65 181
7 65 183
7 65 184
7 65 187
7 65 189
7 65 191
7 65 199
7 65 211
7 65 216
7 65 232
7 65 234
7 65 238
7 65 242
7 65 249
7 3 160
7 3 165
7 3 167
7 3 173
7 3 177
7 3 178
7 3 179
7 3 181
7 3 182
7 3 187
7 3 189
7 3 191
7 3 192
7 3 196
7 3 200
7 3 202
7 3 203
7 3 204
7 3 208
7 3 209
7 3 212
7 3 213
7 3 216
7 3 220
7 3 244
7 3 247
7 31 160
7 31 175
7 31 176
7 31 178
7 31 183
7 68 179
7 68 255
7 92 193
7 92 196
7 92 198
7 92 200
7 92 202
7 92 203
7 92 204
7 92 209
7 92 211
7 92 212
7 92 213
7 92 215
7 92 220
7 92 232
7 92 234
7 92 238
7 28 194
7 28 207
7 28 208
7 62 204
7 62 209
7 62 212
7 16 232
7 16 248
7 60 241
7 60 244
7 60 245
7 60 248
73 62 165
73 62 195
73 62 208
73 62 209
73 62 437
73 62 441
73 62 445
73 62 464
73 62 465
73 62 467
73 62 469
73 62 476
73 62 509
73 62 510
73 62 565
73 62 566
73 62 567
73 62 580
73 62 581
73 62 583
73 62 588
73 62 590
73 62 591
73 62 594
73 62 595
73 62 596
73 62 597
73 62 598
73 62 599
73 62 600
73 62 602
73 62 604
73 62 605
73 62 606
73 62 607
73 62 608
73 62 609
73 62 610
73 62 611
73 62 612
73 62 613
73 62 614
73 62 615
73 62 616
73 62 618
73 62 619
73 62 623
73 62 625
73 62 627
73 62 638
73 62 656
73 3 168
73 3 173
73 28 188
73 28 193
73 28 196
73 28 200
73 28 203
73 28 204
73 28 215
73 28 230
73 28 231
73 92 217
73 92 240
73 64 437
73 64 442
73 64 446
73 64 451
73 64 452
73 64 453
73 64 454
73 64 464
73 64 465
73 64 467
73 64 468
73 64 470
73 64 471
73 64 472
73 64 475
73 64 476
73 64 488
73 64 489
73 64 500
73 64 501
73 64 502
73 64 503
73 64 504
73 64 509
73 64 514
73 64 515
73 64 522
73 64 523
73 64 524
73 64 525
73 64 531
73 64 532
73 64 557
73 64 558
73 64 559
73 64 565
73 64 580
73 64 587
73 64 588
73 64 591
73 64 594
73 64 595
73 64 596
73 64 597
73 64 598
73 64 599
73 64 600
73 64 603
73 64 604
73 64 605
73 64 608
73 64 610
73 64 612
73 64 613
73 64 614
73 64 615
73 64 616
73 64 617
73 64 618
73 64 619
73 64 620
73 64 621
73 64 624
73 64 626
73 64 627
73 64 628
73 64 629
73 64 648
73 64 650
73 64 651
73 64 652
73 64 670
73 81 470
73 81 471
73 81 472
73 81 473
73 81 476
73 35 477
73 75 653
73 6 656
73 6 659
97 60 152
97 60 153
97 60 159
97 60 164
97 60 172
97 60 173
97 60 179
97 60 183
97 60 184
97 60 241
97 60 242
97 60 243
97 60 244
97 3 161
97 3 175
97 3 176
97 3 178
97 3 179
97 3 182
97 3 184
97 3 248
97 3 249
97 3 725
97 28 170
97 28 243
97 28 247
97 16 172
97 62 204
97 38 627
97 38 631
97 38 633
97 38 636
97 38 640
97 38 674
97 38 676
97 38 677
97 38 678
97 38 686
97 38 697
97 38 706
97 38 725
97 38 726
97 38 729
97 38 730
97 38 731
97 38 734
97 38 735
97 38 736
97 38 739
97 38 741
97 38 742
97 38 748
97 38 751
97 38 752
97 82 627
97 82 636
97 82 653
97 82 669
97 82 672
97 82 673
97 82 675
97 82 694
97 82 695
97 82 696
97 82 705
97 82 719
97 82 732
97 82 736
97 82 739
97 82 745
97 82 748
97 82 749
97 82 750
97 82 751
97 82 752
97 94 628
97 94 630
97 94 631
97 94 633
97 94 634
97 94 636
97 94 655
97 94 656
97 94 660
97 94 661
97 94 662
97 94 663
97 94 664
97 94 665
97 94 666
97 94 668
97 94 670
97 94 671
97 94 672
97 94 673
97 94 676
97 94 677
97 94 687
97 94 688
97 94 705
97 94 706
97 94 731
97 94 732
97 94 734
97 94 739
97 94 740
97 94 745
97 94 746
97 94 749
97 94 750
97 94 751
97 94 752
97 42 641
97 54 674
97 103 722
97 70 724
97 51 725
65 92 154
65 92 160
65 92 165
65 92 167
65 92 168
65 92 170
65 92 181
65 92 182
65 92 187
65 92 189
65 92 190
65 92 202
65 92 204
65 92 207
65 92 213
65 92 218
65 92 231
65 92 232
65 92 233
65 92 234
65 92 236
65 92 237
65 92 238
65 62 162
65 62 188
65 62 189
65 62 190
65 62 200
65 62 201
65 62 209
65 62 213
65 62 227
65 62 239
65 28 162
65 28 165
65 28 167
65 28 186
65 28 187
65 28 189
65 28 190
65 28 193
65 28 194
65 28 196
65 28 199
65 28 200
65 28 201
65 28 203
65 28 207
65 28 213
65 28 239
65 28 240
65 3 164
65 3 172
65 3 173
65 3 179
65 3 181
65 3 182
65 3 183
65 3 185
65 3 187
65 3 193
65 3 199
65 3 202
65 3 204
65 3 207
65 3 218
65 3 231
65 3 236
65 3 237
65 3 240
65 3 241
65 3 242
65 3 243
65 3 244
65 16 201
65 16 211
65 16 212
65 16 232
65 76 1018
65 80 1032
65 80 1033
65 80 1045
65 80 1046
65 80 1047
65 80 1048
65 80 1049
65 108 1037
65 108 1045
60 31 164
60 31 185
60 31 242
60 31 248
60 68 170
60 68 179
60 68 185
60 95 194
60 95 214
60 15 249
92 4 162
92 4 163
92 4 165
92 4 186
92 4 188
92 4 189
92 4 191
92 4 194
92 4 195
92 4 196
92 4 199
92 4 202
92 4 203
92 4 204
92 4 205
92 4 206
92 4 207
92 4 209
92 4 212
92 4 213
92 4 217
92 4 218
92 4 220
92 4 222
92 4 223
92 4 224
92 4 225
92 4 230
92 4 231
92 4 236
92 4 237
92 4 239
92 4 240
92 68 162
92 68 169
92 68 170
92 68 179
92 68 209
92 68 210
92 68 211
92 68 213
92 68 220
92 31 162
92 31 179
92 31 190
92 31 246
92 88 594
92 88 595
92 88 596
92 88 598
92 88 600
92 88 656
92 88 661
92 88 675
92 88 705
92 88 706
92 88 712
92 88 717
92 88 722
92 88 736
92 69 595
92 69 596
92 69 608
92 69 619
92 69 622
92 69 641
92 69 652
92 69 653
92 69 656
92 69 657
92 69 675
92 69 676
92 69 677
92 69 709
92 69 711
92 69 712
92 69 726
92 69 736
92 42 595
92 42 643
92 42 646
92 42 647
92 42 649
92 42 652
92 42 655
92 42 663
92 42 693
92 42 713
92 42 736
92 91 706
92 80 736
28 68 158
28 68 168
28 68 170
28 68 176
28 68 179
28 68 247
28 68 248
28 68 249
28 4 187
28 4 188
28 4 209
28 4 231
28 4 233
28 4 235
28 93 624
28 93 625
68 3 159
68 3 176
68 3 178
68 16 166
68 16 171
68 110 436
68 110 438
68 110 465
68 110 466
68 110 467
68 110 481
68 110 510
68 110 537
68 110 538
68 110 539
68 110 543
68 110 545
68 110 547
68 110 548
68 110 549
68 110 550
68 110 551
68 110 553
68 110 561
68 110 564
68 110 565
68 110 570
68 110 571
3 31 159
3 31 160
3 31 169
3 31 174
3 31 181
3 31 246
3 31 247
3 31 248
3 2 246
3 49 670
3 49 671
3 49 674
3 49 676
3 49 688
3 49 689
3 49 690
3 49 691
3 49 692
3 49 693
3 49 694
3 49 698
3 49 699
3 49 700
3 49 701
3 49 702
3 49 704
3 49 705
3 49 706
3 49 707
3 49 708
3 49 709
3 49 710
3 49 713
3 49 725
3 49 726
3 49 727
3 49 730
3 49 731
3 49 732
3 49 733
3 49 734
3 49 735
3 49 736
3 49 737
3 49 738
3 49 741
3 49 742
3 49 743
3 49 744
3 49 745
3 49 746
3 49 747
3 49 748
3 49 749
3 49 750
3 49 751
3 49 752
3 49 753
3 49 754
3 49 756
3 49 757
3 49 758
3 49 759
3 49 760
3 49 761
3 49 762
3 49 763
3 49 764
3 49 778
3 49 781
3 49 782
3 49 784
3 49 785
3 49 786
3 49 787
3 49 788
3 49 790
3 49 791
3 49 792
3 49 793
3 49 794
3 49 797
3 49 798
3 49 799
3 49 800
3 49 801
3 49 802
3 49 803
3 49 804
3 49 805
3 49 806
3 49 807
3 49 808
3 49 809
3 49 810
3 49 812
3 49 813
3 49 814
3 49 815
3 49 816
3 49 817
3 49 818
3 49 819
3 49 820
3 49 821
3 49 822
3 49 823
3 49 824
3 49 825
3 49 826
3 49 827
3 49 828
3 49 829
3 49 830
3 49 831
3 49 832
3 49 833
3 49 834
3 49 836
3 49 837
3 49 838
3 49 839
3 49 840
3 49 841
3 49 842
3 49 843
3 49 844
3 49 845
3 49 846
3 49 847
3 49 848
3 49 849
3 49 850
3 49 851
3 49 852
3 49 853
3 49 854
3 49 855
3 49 856
3 49 857
3 49 858
3 49 859
3 49 860
3 49 861
3 49 865
3 49 866
3 49 867
3 49 871
3 49 872
3 49 873
3 49 874
3 49 875
3 49 880
3 49 881
3 49 884
3 49 885
3 64 680
3 64 711
3 64 880
3 37 712
3 39 727
3 45 883
31 62 159
31 62 160
31 62 162
31 62 167
31 62 178
31 62 185
31 62 186
31 62 190
31 62 195
31 62 200
31 62 201
31 62 202
31 62 220
31 62 222
31 62 223
31 62 226
31 62 227
31 62 229
31 16 161
31 16 173
31 48 874
31 48 879
78 99 696
78 99 697
78 99 698
78 99 699
78 99 700
78 99 703
78 99 710
78 99 711
78 99 723
78 99 724
78 99 735
78 99 740
78 99 744
78 99 752
78 99 774
78 99 777
78 91 716
78 35 716
78 35 717
78 35 718
62 4 165
62 4 186
62 4 203
62 4 210
62 4 211
62 110 442
62 81 580
62 64 678
16 4 192
16 49 206
16 17 338
16 17 339
16 17 341
16 17 343
16 17 424
16 32 355
16 32 356
16 63 398
16 38 445
16 24 448
16 24 449
16 24 450
16 50 448
16 50 449
16 50 450
4 8 378
4 8 379
4 32 456
4 93 489
4 37 496
100 49 162
100 49 163
100 49 202
100 49 203
100 49 206
100 49 207
100 49 208
100 49 217
100 49 222
100 49 223
100 49 225
100 49 227
100 49 231
100 49 234
100 49 235
100 49 236
100 49 238
100 49 239
100 49 240
100 88 518
100 93 532
100 90 569
49 55 208
49 6 719
49 9 804
49 25 850
49 70 880
49 48 883
99 84 694
99 84 696
99 84 697
99 84 699
99 84 700
99 84 703
99 84 705
99 84 707
99 84 710
99 84 724
99 84 725
99 84 726
99 84 727
99 84 728
99 84 729
99 84 730
99 84 731
99 84 732
99 84 733
99 84 734
99 84 735
99 84 753
99 84 754
99 84 773
99 84 777
99 51 726
95 91 191
95 56 193
95 56 194
95 2 202
95 2 203
95 2 204
95 2 205
95 15 216
95 15 217
95 15 222
95 41 249
91 2 187
91 2 189
91 2 218
91 2 257
91 2 258
91 2 297
91 52 191
91 38 626
91 38 632
91 38 634
91 38 640
91 38 645
91 38 656
91 38 657
91 38 661
91 38 663
91 38 664
91 38 665
91 38 672
91 38 674
91 38 687
91 38 688
91 38 712
91 38 719
91 38 726
91 38 733
91 38 734
91 38 735
91 38 736
91 38 737
91 38 750
91 38 751
91 38 752
91 82 626
91 82 627
91 82 632
91 82 634
91 82 635
91 82 636
91 82 639
91 82 640
91 82 642
91 82 653
91 82 656
91 82 658
91 82 661
91 82 662
91 82 663
91 82 665
91 82 667
91 82 668
91 82 677
91 82 692
91 82 697
91 82 707
91 82 708
91 82 727
91 82 734
91 82 735
91 82 737
91 82 739
91 82 741
91 82 742
91 82 743
91 82 746
91 82 748
91 82 750
91 82 751
91 82 752
91 6 632
91 6 685
91 94 636
91 94 639
91 94 670
91 94 694
91 94 695
91 94 710
91 94 720
91 94 734
91 94 735
91 94 736
91 94 737
91 94 745
91 94 750
91 94 751
91 94 752
91 101 638
91 101 639
91 101 640
91 101 674
91 101 688
91 101 703
91 101 704
91 101 713
91 101 718
91 101 724
91 101 725
91 101 731
91 101 733
91 101 736
91 101 742
91 101 750
91 101 751
91 101 752
91 54 675
91 42 706
91 103 719
91 51 719
91 51 720
91 75 733
2 84 254
2 84 256
2 84 267
2 84 276
2 84 301
2 84 303
2 84 304
2 84 305
2 84 311
2 84 312
2 84 317
2 84 322
55 56 187
55 56 188
55 56 189
55 56 190
55 56 191
55 56 192
55 56 193
55 56 195
55 56 197
55 56 198
55 56 206
55 56 207
55 56 208
55 56 209
55 56 210
55 56 216
55 56 218
55 56 220
55 56 222
55 56 236
55 56 239
55 15 221
55 58 866
56 54 594
56 54 597
56 54 598
56 54 599
56 54 600
56 54 601
56 54 602
56 54 603
56 54 604
56 54 606
56 54 613
56 54 615
56 54 616
56 54 617
56 54 627
56 54 633
56 54 634
56 54 643
56 54 648
56 54 653
56 54 666
56 54 667
56 54 672
56 54 678
56 54 679
56 54 685
56 54 686
56 54 687
56 54 692
56 54 702
56 75 620
56 75 621
56 75 624
56 82 672
56 94 672
56 94 687
52 24 448
52 24 449
87 44 200
87 44 201
87 44 202
87 44 203
87 44 204
87 44 206
87 44 208
87 44 211
87 44 212
87 44 216
87 44 217
87 44 218
87 44 219
87 44 221
87 44 222
87 44 224
87 44 226
87 44 251
87 44 256
87 44 259
87 44 263
87 44 268
87 44 269
87 44 270
87 44 271
87 44 274
87 44 275
87 44 278
87 44 281
87 44 282
87 44 285
87 44 286
87 44 287
87 44 288
87 44 289
87 44 290
87 44 291
87 44 292
87 44 293
87 44 294
87 44 295
87 44 302
87 44 304
87 44 305
87 44 307
87 44 308
87 44 332
87 44 338
87 44 339
87 44 340
87 44 341
87 44 342
87 44 343
87 44 344
87 44 350
87 44 368
87 44 369
87 44 370
87 44 371
87 44 372
87 44 373
87 44 380
87 44 381
87 44 382
87 44 383
87 44 384
87 44 385
87 44 386
87 44 387
44 108 252
44 108 255
44 108 256
44 108 257
44 108 260
44 108 299
44 108 307
44 108 308
44 108 309
44 69 293
44 69 294
44 69 296
44 69 297
44 69 298
44 69 300
44 69 304
44 69 312
44 69 322
44 69 334
44 69 339
44 69 423
44 69 424
44 66 346
44 66 349
44 66 351
44 66 382
44 66 383
44 66 384
44 66 385
44 66 386
44 66 388
44 66 389
44 66 391
44 66 392
44 66 396
44 66 397
44 66 398
44 66 405
44 66 420
44 66 422
44 66 426
44 66 427
44 66 444
44 66 445
44 66 449
44 66 450
44 66 452
44 66 455
44 66 457
44 66 461
44 66 462
44 66 465
44 86 354
44 86 437
44 86 438
44 86 455
44 86 464
44 86 465
44 114 452
44 114 454
44 114 455
44 64 458
44 64 460
44 64 461
44 64 462
44 0 458
41 90 429
41 90 430
41 90 431
41 90 432
41 34 430
41 25 467
41 88 474
41 88 476
41 32 480
41 26 483
41 26 489
41 26 517
15 21 467
15 21 470
15 21 471
15 21 472
15 21 473
15 21 474
15 21 482
15 21 488
15 21 493
15 21 494
15 21 517
15 21 525
15 21 530
15 21 539
15 21 548
15 21 549
15 21 554
15 21 555
15 21 556
15 21 583
15 21 587
15 21 588
15 21 596
15 21 597
15 21 598
15 21 600
15 21 601
15 21 602
15 21 603
15 21 606
15 21 607
15 21 608
15 21 611
15 21 612
15 21 621
15 21 628
15 21 629
15 21 630
15 21 631
15 21 632
15 21 634
15 21 639
108 20 1047
108 20 1048
84 72 694
84 72 697
84 72 699
84 72 717
84 72 739
84 72 767
84 72 768
84 72 769
84 72 777
84 72 778
32 81 263
32 81 265
32 81 268
32 81 270
32 81 273
32 81 274
32 81 275
32 81 276
32 81 277
32 81 279
32 81 280
32 81 281
32 81 283
32 81 284
32 81 287
32 81 304
32 81 306
32 81 308
32 81 309
32 81 310
32 81 311
32 81 313
32 81 315
32 81 323
32 81 324
32 81 330
32 81 338
32 81 344
32 81 345
32 81 347
32 81 348
32 81 350
32 81 351
32 81 352
32 81 353
32 81 354
32 81 355
32 81 356
32 81 357
32 81 358
32 81 360
32 81 361
32 81 362
32 81 363
32 81 364
32 81 365
32 81 367
32 81 372
32 81 374
32 81 375
32 81 377
32 81 378
32 81 386
32 81 388
32 81 390
32 81 391
32 81 396
32 81 397
32 81 400
32 81 401
32 81 402
32 81 407
32 81 408
32 81 409
32 81 410
32 81 411
32 81 412
32 81 413
32 81 423
32 81 433
32 81 442
32 81 447
32 81 450
32 81 452
32 81 453
32 81 458
32 81 463
32 81 469
32 81 470
32 81 478
32 81 482
32 81 485
32 81 486
32 81 494
32 81 496
32 81 497
32 81 499
32 81 503
32 8 420
32 93 480
32 23 584
32 23 585
81 36 348
81 24 353
81 24 354
81 24 355
81 24 356
81 63 384
81 63 385
81 89 572
81 64 580
75 35 269
75 35 271
75 35 278
75 35 282
75 35 298
75 35 300
75 35 303
75 35 312
75 35 314
75 35 316
75 35 317
75 35 318
75 35 322
75 35 327
75 35 339
75 35 343
75 35 424
75 35 432
75 35 434
75 35 435
75 35 436
75 35 437
75 35 438
75 35 439
75 35 440
75 35 441
75 35 443
75 35 449
75 35 462
75 35 467
75 35 477
75 35 479
75 35 481
75 35 487
75 35 495
75 35 501
75 35 504
75 20 356
75 5 452
75 88 596
75 88 597
75 88 610
75 88 611
75 88 630
75 88 642
75 88 664
75 88 700
75 88 701
75 88 707
75 88 708
75 88 727
75 88 731
75 88 735
75 88 736
75 42 601
75 42 608
75 42 618
75 42 705
75 42 735
75 42 736
75 64 730
35 63 382
35 63 383
35 63 385
35 24 413
35 82 626
35 82 633
35 82 637
35 82 658
35 82 667
35 82 696
35 82 711
35 82 716
35 82 717
35 82 751
35 82 752
35 94 628
35 94 633
35 94 651
35 94 670
35 94 671
35 94 675
35 94 680
35 94 681
35 94 683
35 94 685
35 94 691
35 94 720
35 94 733
35 94 738
35 94 739
35 94 740
35 94 751
35 94 752
50 27 286
50 96 477
50 96 478
50 96 481
50 96 488
50 96 491
50 96 492
50 96 493
50 96 494
50 96 495
50 96 496
50 96 497
50 96 498
50 96 500
50 96 502
50 96 504
50 96 506
50 96 510
50 96 513
50 96 514
50 96 515
50 96 518
50 96 524
50 96 539
50 96 550
50 96 565
50 96 566
50 96 569
50 103 477
50 103 481
50 103 482
50 103 484
50 103 485
50 103 489
50 103 492
50 103 494
50 103 496
50 103 498
50 103 499
50 103 500
50 103 523
50 103 524
50 103 535
50 103 549
50 103 563
50 103 566
50 103 569
50 103 570
50 90 569
50 26 569
27 9 728
27 9 729
27 9 730
27 9 731
27 9 732
27 9 734
27 9 736
27 9 745
27 9 746
27 9 747
27 9 754
27 9 768
27 9 801
27 9 806
27 9 808
27 9 817
27 9 818
27 9 836
27 90 728
27 90 729
27 90 730
27 90 734
27 90 735
27 90 737
27 90 738
27 90 743
27 90 744
27 90 745
27 90 746
27 90 747
27 90 754
27 90 823
27 90 826
27 90 866
27 14 730
27 14 731
61 86 292
61 86 293
61 86 294
61 69 293
61 69 294
61 69 296
61 69 297
61 69 298
61 69 299
61 69 300
61 69 301
61 69 302
61 69 303
61 69 304
61 69 306
61 69 307
61 69 309
61 69 310
61 69 311
61 69 312
61 69 313
61 69 314
61 69 315
61 69 316
61 69 317
61 69 318
61 69 322
61 69 323
61 69 324
61 69 325
61 69 326
61 69 334
61 69 336
61 69 338
61 69 423
61 54 613
86 63 310
86 63 312
86 63 421
86 63 422
86 63 465
86 82 629
86 82 636
86 82 637
86 82 754
86 38 632
86 38 672
86 38 676
86 38 677
86 38 682
86 38 684
86 38 689
86 38 690
86 38 692
86 54 660
86 11 745
69 79 293
69 79 294
69 79 311
69 79 325
69 79 326
69 79 423
69 21 387
69 21 625
69 38 453
69 45 595
69 45 596
69 45 598
69 45 599
69 45 600
69 45 602
69 45 643
69 45 663
69 45 664
69 45 695
69 45 701
69 45 714
69 45 737
69 54 624
69 64 643
69 64 645
69 64 646
69 64 655
79 66 354
79 66 372
79 66 374
79 66 420
79 66 445
79 66 465
79 57 592
79 57 593
79 59 593
79 33 656
66 24 301
66 24 306
66 24 317
66 24 321
66 24 325
66 24 326
66 24 327
66 39 306
66 39 310
66 39 311
66 39 312
66 39 313
66 39 314
66 39 315
66 39 317
66 39 318
66 39 319
66 39 320
66 39 339
66 39 383
66 39 386
66 39 388
66 39 404
66 39 409
66 39 410
66 39 411
66 39 420
66 39 422
66 63 348
66 63 349
66 63 350
66 63 385
66 63 389
66 63 396
66 63 399
66 63 405
66 63 409
66 63 410
66 63 421
66 63 422
66 63 425
66 63 426
66 63 444
66 63 445
66 63 458
66 63 463
66 63 465
66 0 458
24 36 308
24 36 312
24 36 315
24 36 316
24 36 317
24 36 318
24 36 319
24 36 320
24 36 322
24 36 334
24 36 335
24 36 336
24 36 339
24 20 357
24 20 448
24 20 449
24 20 450
24 39 405
24 37 447
21 39 301
21 39 306
21 39 310
21 39 311
21 39 313
21 39 314
21 39 337
21 39 347
21 39 348
21 39 349
21 39 382
21 39 383
21 39 386
21 39 390
21 39 400
21 39 408
21 39 409
21 39 411
21 39 420
21 72 350
21 72 359
21 72 363
21 72 365
21 72 377
21 72 390
21 72 391
21 72 393
21 72 394
21 72 395
21 29 410
21 29 411
21 29 412
21 29 419
21 5 415
21 5 417
21 5 419
21 88 468
21 57 559
21 93 579
21 93 638
21 93 639
21 93 640
21 93 641
21 93 642
21 93 643
21 93 644
21 93 645
21 54 615
21 54 616
21 23 618
21 23 619
21 23 621
21 23 625
21 42 625
21 71 638
21 71 639
21 71 640
21 71 641
21 71 642
21 71 643
21 71 644
21 71 645
21 8 639
39 6 601
39 6 602
39 6 629
39 6 632
39 6 658
39 6 660
39 6 661
39 6 662
39 6 664
39 6 666
39 6 668
39 6 669
39 6 670
39 6 686
39 6 688
39 6 692
39 6 693
39 6 722
39 6 734
39 6 744
39 6 761
39 6 762
39 6 763
39 6 764
39 6 765
39 6 767
39 6 768
39 6 770
39 6 777
39 6 791
39 6 796
39 6 797
39 6 799
39 6 800
39 6 816
39 6 824
39 6 825
39 6 827
39 6 829
39 6 831
39 6 842
39 36 601
39 36 612
39 36 621
39 36 626
39 36 669
39 36 671
39 36 686
39 36 687
39 36 688
39 36 695
39 36 696
39 36 698
39 36 699
39 36 861
39 82 637
39 82 649
39 94 641
39 94 642
39 9 781
39 90 781
36 20 389
36 5 803
36 5 854
36 5 862
63 20 398
63 64 463
63 45 465
17 18 489
17 18 490
17 18 491
17 18 496
17 18 497
17 18 520
17 18 521
17 18 522
17 18 524
17 18 526
17 18 527
17 18 528
17 18 529
17 18 536
17 18 550
17 18 551
17 18 584
17 82 601
17 93 639
17 71 639
14 20 342
14 20 347
14 20 348
14 20 349
14 20 350
14 20 351
14 20 352
14 20 355
14 20 356
14 20 357
14 20 358
14 20 359
14 20 382
14 20 383
14 20 384
14 20 388
14 20 392
14 20 399
14 20 402
14 20 403
14 20 406
14 20 414
14 20 418
14 20 419
14 20 420
14 20 421
14 20 422
14 20 425
14 20 434
14 20 435
14 20 436
14 20 441
14 20 443
14 20 446
14 20 447
14 20 448
14 20 449
14 20 450
14 83 730
14 9 730
14 9 732
14 22 762
14 30 784
14 11 784
20 26 351
20 107 353
26 5 345
26 5 346
26 5 348
26 5 352
26 5 353
26 5 355
26 5 356
26 5 357
26 5 358
26 5 359
26 5 360
26 5 361
26 5 362
26 5 363
26 5 364
26 5 365
26 5 366
26 5 367
26 5 368
26 5 369
26 5 370
26 5 371
26 5 372
26 5 373
26 5 375
26 5 376
26 5 384
26 5 390
26 5 396
26 5 397
26 5 398
26 5 399
26 5 403
26 5 404
26 5 407
26 5 408
26 5 409
26 5 410
26 5 411
26 5 417
26 5 419
26 5 427
26 5 433
26 5 445
26 5 457
26 5 461
26 5 466
26 5 467
26 5 468
26 5 472
26 5 476
26 5 478
26 5 486
26 5 488
26 5 489
26 5 490
26 5 491
26 5 492
26 5 493
26 5 494
26 5 495
26 5 496
26 5 497
26 5 498
26 5 499
26 5 500
26 5 501
26 5 502
26 5 505
26 5 507
26 5 512
26 5 513
26 5 515
26 5 516
26 5 517
26 5 523
26 5 524
26 5 528
26 5 533
26 5 534
26 5 535
26 5 536
26 5 537
26 5 560
26 5 563
26 57 544
26 57 545
26 107 569
26 107 570
26 107 571
26 74 571
26 22 830
26 22 838
26 22 856
26 22 864
26 58 925
26 58 926
26 12 925
26 12 926
5 29 354
5 29 355
5 93 378
5 93 415
5 25 479
5 38 489
5 38 520
5 38 636
5 88 496
5 88 505
5 42 507
5 42 861
5 42 862
5 94 646
5 64 660
5 9 782
5 9 783
5 9 784
5 9 847
5 9 848
107 74 348
107 74 349
107 74 361
107 74 395
107 74 397
107 74 399
107 74 401
107 74 402
107 74 404
107 74 416
107 74 426
107 74 427
107 74 428
107 74 429
107 74 460
107 74 461
107 74 474
107 74 483
107 74 491
107 74 492
107 74 552
107 96 477
107 96 478
107 96 480
107 96 481
107 96 482
107 96 485
107 96 486
107 96 487
107 96 488
107 96 489
107 96 490
107 96 491
107 96 492
107 96 493
107 96 494
107 96 495
107 96 496
107 96 497
107 96 500
107 96 505
107 96 506
107 96 523
107 96 524
107 96 525
107 96 526
107 96 529
107 96 533
107 96 536
107 96 550
107 96 551
107 96 553
107 96 558
107 96 559
107 96 560
107 96 565
107 96 569
107 90 569
74 103 571
74 76 977
74 76 982
74 76 990
74 76 993
74 76 995
74 76 998
74 76 999
74 76 1013
74 76 1016
74 76 1018
74 76 1020
74 76 1022
74 76 1024
74 71 979
74 71 980
74 71 981
74 71 982
74 71 985
74 71 986
74 71 987
74 71 988
74 71 989
74 71 990
74 71 991
74 71 992
74 71 993
74 71 994
74 71 995
74 71 997
74 71 998
74 71 999
74 71 1000
74 71 1002
74 71 1003
74 71 1005
74 71 1007
74 71 1008
74 71 1009
74 71 1010
74 71 1012
74 71 1013
74 71 1014
74 71 1015
74 71 1016
74 71 1017
74 71 1019
74 71 1020
74 71 1021
74 71 1022
74 71 1023
74 71 1024
74 71 1025
74 71 1026
74 71 1027
74 71 1028
74 71 1029
74 71 1035
74 71 1039
72 82 715
72 82 716
72 82 717
29 88 510
29 90 569
29 96 569
93 8 360
93 8 361
93 8 373
93 8 374
93 8 375
93 8 376
93 8 379
93 8 390
93 8 391
93 8 393
93 8 395
93 8 396
93 8 398
93 8 400
93 8 403
93 8 404
93 8 405
93 8 406
93 8 408
93 8 409
93 8 420
93 8 469
93 8 470
93 8 471
93 8 475
93 8 476
93 8 477
93 8 490
93 8 501
93 8 504
93 8 505
93 8 517
93 8 519
93 8 527
93 8 530
93 8 535
93 8 546
93 8 548
93 8 549
93 8 550
93 8 551
93 8 563
93 8 568
93 8 571
93 8 572
93 8 578
93 8 581
93 8 585
93 8 586
93 8 587
93 8 588
93 8 598
93 8 600
93 8 601
93 8 605
93 8 607
93 8 608
93 8 609
93 8 612
93 8 613
93 8 614
93 8 615
93 8 616
93 8 617
93 8 618
93 8 638
93 8 639
93 57 442
93 0 442
93 38 443
93 38 445
93 38 446
93 38 448
93 38 449
93 38 457
93 38 458
93 38 463
93 38 464
93 38 469
93 38 473
93 38 479
93 38 480
93 38 481
93 38 489
93 38 490
93 38 491
93 38 492
93 38 493
93 38 494
93 38 495
93 38 496
93 38 498
93 38 499
93 38 501
93 38 502
93 38 506
93 38 507
93 38 512
93 38 513
93 38 515
93 38 516
93 38 517
93 38 520
93 38 521
93 38 522
93 25 465
93 88 473
93 88 644
93 77 638
93 77 639
93 77 640
93 77 641
93 77 642
93 77 643
93 77 644
93 77 645
8 90 536
8 64 572
8 82 578
8 25 619
8 71 639
38 0 427
38 37 429
38 37 451
38 37 502
38 37 503
38 114 489
38 76 631
38 76 634
38 76 636
38 76 648
38 76 653
38 76 654
38 76 659
38 76 670
38 76 672
38 76 695
38 76 737
38 76 738
38 76 739
38 76 745
38 76 746
38 76 749
38 9 745
0 110 436
0 110 437
0 110 438
0 110 439
0 110 440
0 110 441
0 110 442
0 110 443
0 110 445
0 110 447
0 110 449
0 110 450
0 110 455
0 110 474
0 110 485
0 110 487
0 110 491
0 110 492
0 110 493
0 57 447
0 114 456
90 37 430
90 37 433
90 37 439
90 37 440
90 37 441
90 37 442
90 37 443
90 37 444
90 37 445
90 37 446
90 37 447
90 37 448
90 37 449
90 37 450
90 37 451
90 37 455
90 37 456
90 37 464
90 37 465
90 37 468
90 37 469
90 37 470
90 37 471
90 37 472
90 37 473
90 37 474
90 37 475
90 37 476
90 37 477
90 37 478
90 37 479
90 37 480
90 37 497
90 37 500
90 37 505
90 37 513
90 37 516
90 37 517
90 37 522
90 37 523
90 37 524
90 37 526
90 45 524
90 110 564
90 88 735
90 9 855
90 9 856
90 9 857
90 9 866
90 89 857
90 1 857
90 64 857
37 88 498
37 88 557
37 53 517
37 96 534
37 77 574
37 51 713
37 51 756
37 58 878
37 58 881
37 58 894
37 58 918
37 58 922
37 58 931
37 58 932
37 58 933
34 96 453
34 57 534
34 45 870
34 45 871
34 45 873
34 45 885
34 45 887
34 45 889
34 45 890
34 45 891
34 45 892
34 45 940
34 45 950
34 45 953
34 45 959
34 45 966
34 45 974
34 45 983
34 45 986
34 45 987
34 45 988
34 45 989
34 45 990
34 89 988
34 89 989
34 1 988
34 1 989
110 103 571
64 57 439
64 57 441
64 57 442
64 57 443
64 57 444
64 57 447
64 57 448
64 57 449
64 57 450
64 57 451
64 57 460
64 57 465
64 57 467
64 57 468
64 57 469
64 57 470
64 57 471
64 57 472
64 57 473
64 57 474
64 57 476
64 57 477
64 57 478
64 57 479
64 57 480
64 57 484
64 57 486
64 57 488
64 57 495
64 57 521
64 57 546
64 57 561
64 57 565
64 57 570
64 57 579
64 57 580
64 57 588
64 57 594
64 57 595
64 57 596
64 57 597
64 57 598
64 57 599
64 57 600
64 57 601
64 57 602
64 57 603
64 57 604
64 57 605
64 57 606
64 57 607
64 57 608
64 57 609
64 57 610
64 57 611
64 57 612
64 57 613
64 57 614
64 57 615
64 57 616
64 57 617
64 57 618
64 57 619
64 57 620
64 57 623
64 57 624
64 57 626
64 57 627
64 57 629
64 57 630
64 57 631
64 57 632
64 57 634
64 57 635
64 57 637
64 57 638
64 57 639
64 57 662
64 57 663
64 57 664
64 57 665
64 57 666
64 57 667
64 57 672
64 57 673
64 57 674
64 57 675
64 57 676
64 57 677
64 57 678
64 57 679
64 57 680
64 42 646
64 42 648
64 42 716
64 51 677
64 51 685
64 45 731
64 33 773
64 11 784
57 96 477
57 96 478
57 96 479
57 96 480
57 96 481
57 96 482
57 96 484
57 96 485
57 96 486
57 96 487
57 96 488
57 96 490
57 96 493
57 96 510
57 96 511
57 96 512
57 96 513
57 96 515
57 96 516
57 96 518
57 96 519
57 96 521
57 96 525
57 96 528
57 96 535
57 96 539
57 96 540
57 96 541
57 103 477
57 103 478
57 103 480
57 103 481
57 103 482
57 103 484
57 103 488
57 103 489
57 103 490
57 103 491
57 103 492
57 103 493
57 103 494
57 103 495
57 103 497
57 103 499
57 103 500
57 103 501
57 103 523
57 103 524
57 103 535
57 103 537
57 103 559
57 103 560
57 103 562
57 103 565
57 103 566
57 48 477
57 48 487
57 48 491
57 48 515
57 48 524
57 48 539
57 48 540
57 88 503
57 6 660
88 45 465
88 45 467
88 45 468
88 45 471
88 45 472
88 45 480
88 45 481
88 45 487
88 45 488
88 45 491
88 45 497
88 45 498
88 45 501
88 45 502
88 45 507
88 45 512
88 45 519
88 45 520
88 45 521
88 45 524
88 45 525
88 45 526
88 45 555
88 45 556
88 45 559
88 45 560
88 45 562
88 45 564
88 45 585
88 45 589
88 45 590
88 45 594
88 45 595
88 45 596
88 45 607
88 45 609
88 45 612
88 45 613
88 45 617
88 45 618
88 45 638
88 45 639
88 45 647
88 45 656
88 45 661
88 45 662
88 45 663
88 45 664
88 45 667
88 45 698
88 45 700
88 45 707
88 45 708
88 45 715
88 45 731
88 45 735
88 45 736
88 45 737
88 18 644
88 30 735
45 23 612
45 94 734
45 1 989
25 53 466
25 94 726
25 94 729
42 33 613
42 33 627
42 33 642
42 33 662
42 33 716
42 33 760
42 33 762
42 33 764
42 33 765
42 33 768
42 33 769
42 33 770
42 33 772
42 33 774
42 33 775
42 33 790
42 33 792
42 33 793
42 33 796
42 33 797
42 33 798
42 33 799
42 33 805
42 33 806
42 33 807
42 33 809
42 33 811
42 33 823
42 33 824
42 33 862
48 89 988
48 89 989
48 89 990
48 1 988
18 58 617
18 94 726
18 94 727
18 94 728
18 94 734
18 94 736
18 94 737
18 94 738
18 94 739
18 94 740
18 94 743
18 94 747
18 94 748
18 94 749
18 94 756
18 94 757
18 94 758
18 94 759
18 94 762
18 94 765
18 94 767
18 94 768
18 94 770
18 94 772
18 94 773
18 94 777
18 94 778
18 94 779
18 94 784
18 94 785
18 94 786
18 94 789
18 94 794
18 94 810
18 94 820
18 94 821
18 94 822
18 94 823
18 94 827
18 94 828
18 94 829
18 94 830
18 94 831
18 94 832
18 94 833
18 94 834
18 94 835
18 94 836
18 94 837
18 94 838
18 94 839
18 94 840
18 94 841
18 94 842
18 94 843
18 22 726
18 30 785
18 30 788
18 30 789
18 11 788
23 83 555
23 83 556
23 83 557
23 77 556
23 77 557
23 9 786
23 33 814
23 105 892
23 105 899
23 105 900
23 105 903
23 105 904
23 105 905
23 105 906
23 105 907
23 105 908
23 105 913
23 105 921
23 105 922
23 105 928
23 105 939
23 105 945
23 105 950
23 105 952
23 105 960
23 105 965
23 105 989
23 105 995
23 105 998
23 105 1001
23 105 1002
23 105 1006
23 105 1015
23 105 1016
23 105 1026
23 113 917
83 71 556
83 71 557
83 71 562
83 71 565
83 71 566
83 71 567
83 71 568
83 71 577
83 71 582
83 71 583
83 71 586
83 71 594
83 71 597
83 71 598
83 71 599
83 71 600
83 71 601
83 71 602
83 71 619
83 71 623
83 71 626
83 71 627
83 71 628
83 9 728
83 9 729
83 9 730
83 9 731
83 9 732
83 9 733
83 9 734
83 9 736
83 9 737
83 9 738
83 9 743
83 9 744
83 9 745
83 9 746
83 9 747
83 9 748
83 9 749
83 9 750
83 9 752
83 9 754
83 9 756
83 9 757
83 9 759
83 9 760
83 9 767
83 9 768
83 9 771
83 9 773
83 9 776
83 9 783
83 9 799
83 9 805
83 9 824
83 9 825
83 9 833
83 9 834
83 9 837
83 9 838
83 9 839
83 9 841
83 11 760
83 11 761
83 11 762
83 6 783
77 89 567
77 89 568
77 33 624
71 70 978
71 70 979
71 70 980
71 70 981
71 70 982
71 70 984
71 70 985
71 70 986
71 70 987
71 70 988
71 70 989
71 70 990
71 70 991
71 70 992
71 70 993
71 70 994
71 70 995
71 70 996
71 70 997
71 70 998
71 70 999
71 70 1008
71 70 1009
71 70 1010
71 70 1011
71 70 1012
71 70 1013
71 70 1014
71 70 1015
71 70 1016
71 70 1017
71 70 1021
71 70 1022
71 70 1023
71 70 1024
71 70 1025
71 70 1026
71 70 1027
71 70 1034
71 70 1035
71 70 1036
71 70 1037
71 70 1038
71 70 1040
71 70 1042
71 70 1043
71 70 1046
71 70 1048
71 70 1049
71 105 1034
71 105 1035
71 105 1036
71 105 1038
71 105 1039
89 1 813
89 1 814
89 1 816
89 1 821
89 1 829
89 1 830
89 1 831
89 1 837
89 1 838
89 1 839
89 1 840
89 1 841
89 1 842
89 1 843
89 1 856
89 1 857
89 1 858
89 1 859
89 1 861
89 1 862
89 1 864
89 1 865
89 1 866
89 1 874
89 1 875
89 1 876
89 1 877
89 1 879
89 1 880
89 1 881
89 1 896
89 1 898
89 1 903
89 1 904
89 1 905
89 1 906
89 1 907
89 1 908
89 1 909
89 1 913
89 1 914
89 1 916
89 1 917
89 1 919
89 1 920
89 1 923
89 1 924
89 1 925
89 1 926
89 1 934
89 1 935
89 1 936
89 1 938
89 1 941
89 1 942
89 1 943
89 1 944
89 1 945
89 1 967
89 1 968
89 1 969
89 1 974
89 1 975
89 1 978
89 1 979
89 1 980
89 1 981
89 1 982
89 1 983
89 1 984
89 1 985
89 1 986
89 1 987
89 1 988
89 1 989
89 9 858
82 54 610
82 101 753
59 6 970
59 6 971
59 6 974
59 6 980
59 6 982
59 6 987
59 6 999
59 6 1034
59 6 1035
59 6 1036
59 6 1037
59 6 1038
59 6 1040
6 33 601
6 33 603
6 33 609
6 33 612
6 33 624
6 33 646
6 33 647
6 33 648
6 33 651
6 33 652
6 33 653
6 33 654
6 33 655
6 33 656
6 33 660
6 33 662
6 33 669
6 33 670
6 33 671
6 33 672
6 33 678
6 33 696
6 33 702
6 33 704
6 33 705
6 33 706
6 33 710
6 33 718
6 33 724
6 33 728
6 33 756
6 33 760
6 33 761
6 33 762
6 33 763
6 33 764
6 33 765
6 33 766
6 33 768
6 33 769
6 33 770
6 33 773
6 33 789
6 33 790
6 33 792
6 33 793
6 33 795
6 33 796
6 33 799
6 33 800
6 33 801
6 33 802
6 33 806
6 33 807
6 33 808
6 33 809
6 33 822
6 33 824
6 33 825
6 33 827
6 33 828
6 33 829
6 33 834
6 76 743
6 94 744
6 94 757
33 94 769
33 94 789
33 94 792
58 113 865
58 113 866
58 12 865
58 12 867
58 12 870
58 12 871
58 12 872
58 12 873
58 12 874
58 12 875
58 12 876
58 12 877
58 12 878
58 12 879
58 12 881
58 12 882
58 12 883
58 12 894
58 12 899
58 12 903
58 12 905
58 12 906
58 12 909
58 12 916
58 12 919
58 12 920
58 12 921
58 12 923
58 12 925
94 76 633
94 76 639
94 76 640
94 76 642
94 76 653
94 76 655
94 76 731
94 76 734
94 76 735
94 76 736
94 76 737
94 76 741
94 76 749
94 76 750
94 76 751
94 76 752
94 76 753
94 22 734
94 105 751
94 101 753
94 11 784
94 11 788
94 11 790
94 11 791
76 105 1035
51 113 866
51 113 869
51 113 872
51 113 880
51 113 909
51 113 923
51 113 933
51 113 943
51 113 953
51 113 954
51 113 976
51 113 978
51 113 982
51 113 986
51 113 1001
51 113 1029
51 113 1030
113 22 690
113 22 691
113 22 692
113 22 694
113 22 696
113 22 702
113 22 705
113 22 706
113 22 708
113 22 709
113 22 710
113 22 716
113 22 717
113 22 718
113 22 720
113 22 723
113 22 725
113 22 726
113 22 728
113 22 730
113 22 733
113 22 734
113 22 736
113 22 737
113 22 738
113 22 739
113 22 740
113 22 741
113 22 742
113 12 865
22 9 804
22 9 805
22 9 806
70 9 857
70 80 981
70 80 985
70 80 986
70 80 987
70 80 988
70 80 989
70 80 991
70 80 992
70 80 994
70 80 1008
70 80 1009
70 80 1010
70 80 1011
70 80 1012
70 80 1014
70 80 1015
70 80 1017
70 80 1021
70 80 1029
70 80 1031
70 80 1033
70 80 1038
70 80 1039
70 80 1046
70 80 1047
70 80 1048
70 80 1049
70 80 1050
9 11 759
9 11 760
9 11 762
9 30 760
9 30 813
9 30 865
9 30 866
9 30 867
9 1 856
9 1 858
30 11 741
30 11 742
30 11 749
30 11 751
30 11 752
30 11 753
30 11 754
30 11 755
30 11 764
30 11 765
30 11 767
30 11 776
30 11 777
30 11 778
30 11 779
30 11 784
30 11 785
30 11 786
30 11 787
30 11 788
30 11 790
30 11 791
30 11 792
30 11 802
30 11 809
30 11 810
30 11 825
30 11 826
30 11 833
30 11 841
30 11 842
30 11 843
30 11 850
80 105 1034
11 1 841
