84 40 0
84 40 1
84 40 2
84 40 7
84 40 8
84 40 10
84 40 11
84 65 12
84 60 13
84 60 14
84 60 15
84 13 14
84 13 21
84 13 109
84 0 70
84 0 90
84 0 98
84 0 100
40 69 12
40 69 17
40 69 18
40 69 26
40 69 27
40 69 28
40 69 31
40 69 49
40 69 52
40 69 85
40 69 103
40 69 110
40 69 121
40 69 122
40 69 123
40 69 124
40 69 143
40 69 147
40 69 187
40 69 188
40 69 189
40 69 193
40 35 912
40 35 917
40 35 923
40 35 926
40 35 936
40 35 937
40 35 939
40 35 940
40 35 951
40 35 953
40 35 959
40 35 964
40 35 966
40 35 981
40 35 994
40 35 997
40 32 984
40 90 989
40 79 998
40 79 999
40 79 1000
40 79 1003
40 44 1004
43 65 0
43 65 3
43 65 120
43 65 125
43 80 16
43 80 18
43 80 19
43 80 24
43 80 25
43 80 26
43 80 35
43 80 40
43 80 41
43 80 42
43 80 56
43 80 67
43 80 69
43 80 70
43 80 71
43 80 80
43 80 85
43 80 86
43 80 87
43 80 88
43 80 90
43 80 91
43 80 92
43 80 93
43 80 94
43 80 95
43 80 96
43 80 97
43 80 98
43 80 99
43 80 100
43 80 101
43 80 102
43 80 103
43 80 105
43 80 106
43 80 107
43 80 108
43 80 109
43 80 110
43 80 111
43 80 112
43 80 113
43 80 114
43 80 115
43 80 116
43 80 117
43 80 118
43 80 120
43 80 121
43 80 122
43 80 123
43 80 125
43 80 130
43 80 131
43 80 133
43 80 140
43 80 142
43 80 143
43 80 147
43 80 149
43 80 157
43 80 164
43 80 165
43 80 166
43 80 167
43 80 168
43 80 169
43 80 170
43 80 171
43 80 172
43 80 173
43 80 174
43 80 175
43 80 176
43 80 177
43 80 178
43 80 181
43 80 186
43 80 187
43 80 188
43 80 189
43 80 190
43 80 191
43 80 193
43 80 194
43 80 195
43 80 197
43 80 199
43 80 201
43 80 202
43 80 204
43 80 205
43 80 206
43 80 207
43 80 212
43 80 213
43 80 214
43 80 215
43 80 217
43 33 863
43 33 877
43 33 880
43 91 1017
43 91 1020
43 91 1026
43 47 1020
43 47 1022
65 53 147
65 53 156
65 53 158
65 53 173
65 53 174
65 53 177
65 53 180
65 53 188
65 53 189
65 53 195
65 53 197
65 53 205
65 53 208
65 53 209
65 53 217
65 53 219
65 53 233
65 53 241
65 53 242
65 53 243
65 53 246
65 53 248
65 49 198
69 80 14
69 80 16
69 80 17
69 80 18
69 80 21
69 80 22
69 80 29
69 80 30
69 80 32
69 80 34
69 80 59
69 80 67
69 80 68
69 80 70
69 80 84
69 80 85
69 80 146
69 80 147
69 80 149
69 80 180
69 80 182
69 80 187
69 80 188
69 80 189
69 80 193
69 52 56
69 25 468
69 25 477
69 25 482
69 36 469
69 36 470
69 36 471
69 36 472
69 36 475
69 36 508
69 36 514
69 36 517
69 36 519
69 36 526
69 36 527
69 36 528
69 93 487
69 93 508
60 0 13
60 0 14
60 0 15
60 0 22
60 0 26
60 0 30
60 0 31
60 0 32
60 0 60
60 0 61
60 0 63
60 0 64
60 0 65
60 0 66
60 0 67
60 0 68
60 0 69
60 0 70
60 0 71
60 0 72
60 0 82
60 0 109
60 0 129
60 0 131
60 0 132
60 0 133
60 0 134
60 10 14
60 10 17
60 10 19
60 10 25
60 10 31
60 10 32
60 10 40
60 10 86
60 10 120
60 10 138
60 10 150
60 10 151
60 30 763
60 30 788
60 30 789
60 30 803
60 30 804
60 30 811
60 30 819
60 30 840
60 30 875
60 7 765
60 7 766
60 7 774
60 7 777
60 7 778
60 7 779
60 7 780
60 7 787
60 7 790
60 7 793
60 7 803
60 7 804
60 7 811
60 7 812
60 7 813
60 7 814
60 7 815
60 7 816
60 7 819
60 7 839
60 7 840
60 23 765
60 23 769
60 23 770
60 23 784
60 23 787
60 23 803
60 23 833
60 23 836
60 23 847
60 23 848
60 23 849
60 23 856
0 88 13
0 88 14
0 88 15
0 88 16
0 88 17
0 88 26
0 88 38
0 88 39
0 88 45
0 88 54
0 88 105
0 88 106
0 88 129
0 88 142
0 88 150
0 13 14
0 13 17
0 13 20
0 13 22
0 13 23
0 13 24
0 13 27
0 13 28
0 13 31
0 13 32
0 13 65
0 13 70
0 13 77
0 13 78
0 13 128
0 13 131
0 13 133
0 13 134
88 10 107
88 10 108
88 29 485
88 29 486
88 29 487
88 29 491
88 29 494
88 29 497
88 29 498
88 29 507
88 29 514
88 29 518
88 29 521
88 29 524
88 29 530
88 29 531
88 29 534
88 29 535
88 29 536
88 29 538
88 29 539
88 29 547
88 29 549
88 29 556
88 29 559
88 29 560
88 29 561
88 29 562
88 29 563
88 29 566
88 29 567
88 29 568
88 2 485
88 2 486
88 2 487
88 2 491
88 2 496
88 2 502
88 2 510
88 2 511
88 2 512
88 2 533
88 2 534
88 2 535
88 2 541
88 2 544
88 2 545
88 2 546
88 2 547
88 2 549
88 2 551
88 2 552
88 2 555
88 2 556
88 2 560
88 2 562
88 2 563
88 2 564
88 86 486
88 86 496
88 86 497
88 86 498
88 86 502
88 86 507
88 86 517
88 86 523
88 86 524
88 86 530
88 86 531
88 86 533
88 86 534
88 86 535
88 86 536
88 86 537
88 86 538
88 86 539
88 86 544
88 86 553
88 86 556
88 86 558
88 86 562
88 86 563
88 86 568
10 24 139
10 24 651
10 82 651
10 18 668
10 18 669
10 18 670
80 13 23
80 55 57
80 82 58
80 92 177
80 92 178
80 92 179
80 92 181
80 92 182
80 92 184
80 92 193
80 92 194
80 92 195
80 92 196
80 92 197
80 92 214
80 92 215
80 92 216
80 92 217
80 92 219
80 92 221
80 92 224
80 92 225
80 92 226
80 92 227
80 92 228
80 92 229
80 92 246
80 92 247
80 92 249
80 92 255
80 92 256
80 92 257
80 92 258
80 92 261
80 92 262
80 92 274
80 92 276
80 92 277
80 92 278
80 92 279
80 92 280
80 92 281
80 92 282
80 92 284
80 92 285
80 92 286
80 92 287
80 92 288
80 92 289
80 92 290
80 92 291
80 92 292
80 92 293
80 92 294
80 92 295
80 92 296
80 92 298
80 92 299
80 92 302
80 92 303
80 92 306
80 92 308
80 92 309
80 92 311
80 92 312
80 5 184
80 5 315
13 57 139
13 57 361
13 17 151
13 17 152
13 17 153
13 59 151
13 59 152
13 62 341
13 62 342
13 62 345
13 62 348
13 62 349
13 62 350
13 62 351
13 62 353
13 62 355
13 62 358
13 62 361
13 62 363
13 62 365
13 62 366
13 62 367
13 62 370
13 62 371
13 62 373
13 62 377
13 62 388
13 62 393
13 62 394
13 53 348
13 53 358
13 53 359
13 53 417
13 53 418
13 53 419
13 53 420
13 53 424
48 27 50
48 27 51
48 27 52
48 27 53
48 27 54
48 27 55
48 27 57
48 27 58
48 27 59
48 27 60
48 27 61
48 27 62
48 27 63
48 27 65
48 27 66
48 27 67
48 27 68
48 27 72
48 27 74
48 27 75
48 27 76
48 27 77
48 27 79
48 27 80
48 27 81
48 27 82
48 27 83
48 27 84
48 27 85
48 27 86
48 27 87
48 27 98
48 27 99
48 27 107
48 27 109
48 27 114
48 27 121
48 27 123
48 27 124
48 27 125
48 27 126
48 27 129
48 27 134
48 27 136
48 27 137
48 27 138
48 27 140
48 27 142
48 27 144
48 27 145
48 27 148
48 27 149
48 27 151
48 27 153
48 27 155
48 27 160
48 27 161
48 27 162
48 27 163
48 27 164
48 27 165
48 27 166
48 27 167
48 27 168
48 27 169
48 27 170
48 27 174
48 27 175
48 27 176
48 27 177
48 27 179
48 27 186
48 27 191
48 27 192
48 27 193
48 27 194
48 27 195
48 27 197
48 27 198
48 27 201
48 27 206
48 27 212
48 27 215
48 27 216
48 27 217
48 27 218
48 27 219
48 27 220
48 27 221
48 27 222
48 27 224
48 27 230
48 27 244
48 27 249
48 27 250
48 27 260
48 27 261
48 27 262
48 27 263
48 27 264
48 27 265
48 27 266
48 27 267
48 27 270
48 27 271
48 27 278
48 27 283
48 27 286
48 27 287
48 27 288
48 27 299
48 27 301
48 27 304
48 27 306
48 27 310
48 27 313
48 49 123
48 49 134
48 49 135
48 49 137
48 49 140
48 49 153
48 49 155
48 49 156
48 49 158
48 49 161
48 49 163
48 49 165
48 49 167
48 49 168
48 49 172
48 49 174
48 49 178
48 49 179
48 49 189
48 49 194
48 49 196
48 49 201
48 49 202
48 49 215
48 49 216
48 49 217
48 49 218
48 49 229
48 49 230
48 49 232
48 49 238
48 49 240
48 49 241
48 49 244
48 49 250
48 49 263
48 49 264
48 49 277
48 49 278
48 49 281
48 49 282
48 49 283
48 49 285
48 49 286
48 49 287
48 49 289
48 49 306
48 49 307
48 49 310
48 86 197
48 12 311
48 5 311
48 35 743
48 35 744
48 35 752
48 35 759
48 35 777
48 35 779
48 35 781
48 35 783
48 35 792
48 35 797
48 35 803
48 35 805
48 35 837
48 35 838
48 35 842
48 35 843
48 35 844
48 35 849
48 35 850
48 35 851
48 35 852
48 35 854
48 35 855
48 35 889
48 38 743
48 38 745
48 38 747
48 38 748
48 38 749
48 38 750
48 38 752
48 38 754
48 38 756
48 38 757
48 38 758
48 38 759
48 38 761
48 38 762
48 38 763
48 38 765
48 38 768
48 38 772
48 38 774
48 38 775
48 38 777
48 38 779
48 38 781
48 38 783
48 38 785
48 38 793
48 38 794
48 38 797
48 38 798
48 38 801
48 38 803
48 38 807
48 38 835
48 38 837
48 38 838
48 38 840
48 38 842
48 38 843
48 38 844
48 38 849
48 38 850
48 38 851
48 38 852
48 38 854
48 38 855
48 38 892
48 19 852
27 52 113
27 52 118
27 52 120
27 52 124
27 52 133
27 52 137
27 52 141
27 52 143
27 52 147
27 52 149
27 52 150
27 52 151
27 52 152
27 52 154
27 52 155
27 52 157
27 52 159
27 52 160
27 52 161
27 52 162
27 52 163
27 52 164
27 52 165
27 52 166
27 52 167
27 52 168
27 52 169
27 52 170
27 52 171
27 52 178
27 52 179
27 52 180
27 52 184
27 52 185
27 52 186
27 52 187
27 52 188
27 52 189
27 52 190
27 52 191
27 52 192
27 52 193
27 52 194
27 52 195
27 52 196
27 52 197
27 52 198
27 52 199
27 52 200
27 52 201
27 52 202
27 52 208
27 52 209
27 52 210
27 52 211
27 52 212
27 52 213
27 52 214
27 52 215
27 52 216
27 52 217
27 52 218
27 52 219
27 52 220
27 52 221
27 52 222
27 52 233
27 52 244
27 52 249
27 52 250
27 52 251
27 52 252
27 52 263
27 52 265
27 52 266
27 52 271
27 52 272
27 52 275
27 52 290
27 52 291
27 52 292
27 52 293
27 52 298
27 52 299
27 5 179
27 5 182
27 5 185
27 5 186
27 5 192
27 5 194
27 5 196
27 5 210
27 5 212
27 5 221
27 5 229
27 5 240
27 5 245
27 14 302
27 16 311
27 8 312
52 45 120
52 45 130
52 45 131
52 45 132
52 45 133
52 45 136
52 45 138
52 45 139
52 45 143
52 45 151
52 45 152
52 45 154
52 45 157
52 45 164
52 45 169
52 45 181
52 45 184
52 45 186
52 45 187
52 45 188
52 45 190
52 45 191
52 45 192
52 45 193
52 45 195
52 45 197
52 45 198
52 45 199
52 45 200
52 45 203
52 45 208
52 45 214
52 45 219
52 45 220
52 45 221
52 45 222
52 45 231
52 45 237
52 45 239
52 45 242
52 45 243
52 45 251
52 45 260
52 45 265
52 45 284
52 45 288
52 45 290
52 45 308
52 45 309
52 22 208
52 22 311
55 17 82
55 59 82
55 18 568
55 18 579
55 18 588
55 18 590
55 18 591
55 18 597
55 18 629
55 18 630
55 18 632
55 18 633
55 18 639
55 18 673
55 34 570
55 34 578
55 34 583
55 34 584
55 34 589
55 34 590
55 34 598
55 34 638
55 34 648
55 34 666
55 34 671
55 34 709
55 34 710
55 50 591
55 50 592
55 37 591
55 37 671
82 29 485
82 29 487
82 29 492
82 29 493
82 29 494
82 29 495
82 29 496
82 29 497
82 29 498
82 29 500
82 29 501
82 29 504
82 29 509
82 29 518
82 29 519
82 29 520
82 29 521
82 29 526
82 29 531
82 29 535
82 29 537
82 29 539
82 29 551
82 29 552
82 29 555
82 29 557
82 29 559
82 29 562
82 29 572
82 29 576
82 29 578
82 29 580
82 29 582
82 29 583
82 29 584
82 29 586
82 29 587
82 29 588
82 29 589
82 29 593
82 29 596
82 29 602
82 29 606
82 29 610
82 29 621
82 29 622
82 29 626
82 29 629
82 29 638
82 29 644
82 29 646
82 29 647
82 29 649
82 2 487
82 2 492
82 2 495
82 2 496
82 2 497
82 2 500
82 2 502
82 2 504
82 2 635
82 2 641
82 2 647
82 78 651
64 59 73
64 59 74
64 59 75
64 59 76
64 17 75
64 79 863
64 79 877
64 79 883
64 79 885
64 79 919
64 79 943
64 79 946
64 79 949
59 21 75
59 21 77
59 21 78
59 21 79
59 21 80
59 21 82
59 21 83
59 21 85
59 21 95
59 21 128
59 21 129
59 21 133
59 21 134
59 21 148
59 21 151
59 21 152
59 39 868
59 39 869
59 39 870
59 39 871
59 39 872
59 39 884
59 39 913
59 39 929
17 87 358
17 87 359
17 87 366
17 87 367
17 87 370
17 87 381
17 87 401
17 87 403
17 87 404
17 87 405
17 87 408
17 87 409
17 87 417
17 87 423
17 87 424
17 87 425
17 50 394
17 50 421
17 28 397
21 89 481
21 89 499
21 89 503
21 89 506
21 89 538
21 89 567
21 89 571
21 89 573
21 89 575
21 89 577
21 89 591
21 89 600
21 89 609
21 89 611
21 89 614
21 89 618
21 89 619
21 89 620
21 89 631
21 89 641
21 89 642
21 89 657
21 89 669
31 49 111
31 49 123
31 49 142
31 49 145
31 49 153
31 49 156
31 49 158
31 49 287
31 49 289
31 49 295
31 49 297
31 45 112
31 45 122
31 45 127
31 45 128
31 45 133
31 45 147
31 45 150
31 45 152
31 45 154
31 45 157
31 45 159
31 45 312
31 18 571
31 18 576
31 18 579
31 18 588
31 18 591
31 18 592
31 18 593
31 18 594
31 18 595
31 18 597
31 18 602
31 18 644
31 18 645
31 18 656
31 18 663
31 58 572
31 58 574
31 58 579
31 58 587
31 58 588
31 58 591
31 58 595
31 58 596
31 58 597
31 58 629
31 58 639
49 39 148
49 24 148
49 16 310
49 16 311
49 8 311
49 6 380
49 6 411
49 6 412
49 6 421
49 6 430
49 6 433
49 6 438
49 6 441
49 6 442
49 6 444
49 6 445
49 6 452
49 6 483
49 6 486
49 6 487
49 6 490
49 6 491
49 6 492
49 6 494
49 6 495
49 6 510
49 6 511
49 6 512
49 6 513
49 6 518
49 6 519
49 6 520
49 6 521
45 8 312
45 47 654
39 20 127
39 20 128
39 20 129
39 20 131
39 20 133
39 20 136
39 20 139
39 20 140
39 20 141
39 20 142
39 20 146
39 20 147
39 20 149
39 20 157
39 20 160
39 20 166
39 20 172
39 20 174
39 26 791
39 26 795
39 26 806
39 26 810
39 26 811
39 26 812
39 26 821
39 26 835
39 26 836
39 26 838
39 26 839
39 26 840
39 26 841
39 26 842
39 26 843
39 26 845
39 26 846
39 26 856
39 26 858
39 26 859
39 26 860
39 26 862
39 26 867
39 26 868
39 26 869
39 26 870
39 26 871
39 26 872
39 26 873
39 26 874
39 26 875
39 26 878
39 26 879
39 26 880
39 26 883
39 26 885
39 26 888
39 26 889
39 26 902
39 26 903
39 26 904
39 26 911
39 26 912
39 26 913
39 26 914
39 26 915
39 26 916
39 26 917
39 26 928
39 26 933
20 3 907
20 3 908
20 3 909
20 3 911
20 3 914
20 3 915
20 3 917
20 3 919
20 3 920
20 3 921
20 3 922
20 3 923
20 3 924
24 36 130
24 36 132
24 36 145
24 36 152
24 36 158
24 36 163
24 36 164
24 36 173
24 36 175
24 36 176
24 36 177
24 77 153
24 86 486
24 86 499
24 86 506
24 86 507
24 86 508
24 86 511
24 86 524
24 86 527
24 86 528
24 86 529
24 86 530
24 86 532
24 86 534
24 86 536
24 86 542
24 86 554
24 86 556
24 86 558
24 86 560
24 86 561
24 86 571
24 86 573
24 86 575
24 86 577
24 86 581
24 86 598
24 86 601
24 86 611
24 86 614
24 86 616
24 86 619
24 86 620
24 86 641
24 86 642
24 86 645
24 86 648
24 86 651
24 2 645
24 78 651
57 23 342
57 23 350
57 23 361
57 23 373
57 23 383
57 23 403
57 23 420
53 87 358
53 87 369
53 87 393
53 87 398
53 87 424
56 61 148
56 61 157
56 61 160
56 61 162
56 61 164
56 61 165
56 61 166
56 61 167
56 61 171
56 61 172
56 61 186
56 61 196
56 61 206
56 61 207
56 61 210
56 61 218
56 61 224
56 61 231
56 61 232
56 61 235
56 61 236
56 61 239
56 61 240
56 61 244
56 61 245
56 61 247
56 61 251
56 26 791
56 26 810
56 26 811
56 26 812
56 26 817
56 26 821
56 26 827
56 26 831
56 26 832
56 26 833
56 26 834
56 26 835
56 26 842
56 26 844
56 26 854
56 26 860
56 26 861
56 26 863
56 26 868
56 26 870
56 26 871
56 26 885
56 26 889
56 26 912
56 26 913
56 26 915
56 26 916
56 26 917
56 26 919
56 26 924
56 26 925
56 26 926
56 26 927
56 26 928
56 26 929
56 26 932
56 26 934
56 26 938
56 42 791
56 42 793
56 42 795
56 42 799
56 42 805
56 42 807
56 42 808
56 42 810
56 42 812
56 42 836
56 42 842
56 42 844
56 42 846
56 42 847
56 42 848
56 42 849
56 42 853
56 42 859
56 42 861
56 42 896
56 42 904
56 42 905
56 42 914
56 42 915
56 42 916
56 42 917
56 42 918
56 42 928
56 94 860
56 11 861
56 11 862
56 72 919
61 86 171
61 86 175
61 86 176
61 86 177
61 86 178
61 86 181
61 86 182
61 86 185
61 86 186
61 86 203
61 86 213
61 86 214
61 86 222
61 86 223
61 86 224
61 86 225
61 72 172
61 72 173
61 72 176
61 72 180
61 72 181
61 72 184
61 72 185
61 72 189
61 72 194
61 72 202
61 72 206
61 72 222
61 72 223
77 38 347
77 38 362
77 66 386
4 58 170
4 72 171
4 92 172
4 92 173
4 92 174
4 92 175
4 5 172
4 5 173
4 5 182
4 22 173
4 12 175
4 12 183
4 12 188
4 12 189
4 12 205
4 12 206
4 12 207
4 12 208
4 12 209
4 12 210
4 12 211
4 12 212
4 12 213
4 12 214
4 12 215
4 12 216
4 12 218
4 12 219
4 12 221
4 12 222
4 12 223
4 12 224
4 12 228
4 12 229
4 12 232
4 12 236
4 12 239
4 12 240
4 12 241
4 12 242
4 12 243
4 12 244
4 12 272
4 12 273
4 12 304
4 12 305
4 12 306
4 12 311
4 12 314
4 12 316
4 12 318
4 12 319
4 12 322
4 12 323
4 30 869
4 30 875
4 30 876
4 30 877
4 30 878
4 30 879
4 30 880
4 30 881
4 30 883
4 63 875
58 14 569
58 14 570
58 14 571
58 14 578
58 14 580
58 14 586
58 14 587
58 14 589
58 14 592
58 14 598
58 14 689
58 14 702
58 14 707
58 14 710
72 94 854
72 71 856
72 71 857
72 71 862
72 71 863
72 71 874
72 71 878
72 71 880
72 71 882
72 71 883
72 71 885
72 71 886
72 71 887
72 71 888
72 71 889
72 71 890
72 71 899
72 71 900
72 71 901
72 71 905
72 71 914
72 71 915
72 71 916
72 71 920
72 71 921
72 71 922
72 71 923
72 71 926
72 71 939
72 71 940
72 71 941
72 71 942
72 71 964
72 71 965
72 71 967
72 71 969
72 71 970
72 71 971
72 71 972
86 76 171
86 76 175
86 76 176
86 76 178
86 76 181
86 76 186
86 76 193
86 76 194
86 76 198
86 76 211
86 76 216
86 76 221
86 76 222
86 76 223
86 76 224
86 2 486
86 2 493
86 2 494
86 2 498
86 2 499
86 2 506
86 2 508
86 2 509
86 2 510
86 2 511
86 2 512
86 2 513
86 2 515
86 2 525
86 2 530
86 2 531
86 2 533
86 2 536
86 2 537
86 2 538
86 2 539
86 2 540
86 2 542
86 2 545
86 2 546
86 2 547
86 2 548
86 2 549
86 2 550
86 2 551
86 2 552
86 2 554
86 2 555
86 2 557
86 2 560
86 2 561
86 2 562
86 2 563
86 2 564
86 2 565
86 2 577
86 2 578
86 2 586
86 2 589
86 2 607
86 2 608
86 2 609
86 2 620
86 2 621
86 2 622
86 2 627
86 2 628
86 2 629
86 2 632
86 2 633
86 2 634
86 2 638
86 2 642
76 68 887
76 68 888
76 68 905
76 68 906
76 68 907
76 68 909
76 68 918
76 68 939
92 8 172
92 8 173
92 8 174
92 22 173
92 12 175
92 12 191
92 12 192
5 73 337
5 73 338
5 73 339
5 73 342
5 73 350
5 73 351
5 73 352
5 73 358
5 73 359
5 73 360
5 73 361
5 73 362
5 73 363
5 73 364
5 73 365
5 73 366
5 73 367
5 73 368
5 73 372
5 73 373
5 73 375
5 73 376
5 73 379
5 73 380
5 73 381
5 73 382
5 73 383
5 73 384
5 73 385
5 50 343
5 87 343
5 38 346
5 38 350
5 38 362
5 38 363
5 78 385
5 66 386
5 23 388
5 74 409
5 74 410
5 74 414
5 74 418
5 74 428
5 74 429
5 74 430
5 74 431
5 74 432
5 74 433
5 74 437
5 74 440
5 74 441
5 74 445
5 74 446
5 74 447
5 74 448
5 74 449
5 74 450
5 74 452
5 74 453
5 74 454
5 74 455
5 74 456
5 74 457
5 74 458
5 74 463
5 74 466
5 74 467
5 74 469
5 74 470
5 74 471
5 74 472
5 74 473
5 74 474
8 22 173
8 22 174
8 22 177
8 22 184
8 22 189
8 22 191
8 22 197
8 22 198
8 22 205
8 22 209
8 22 211
8 22 219
8 22 241
8 22 254
8 22 268
8 22 269
8 22 270
8 22 271
8 22 272
8 22 273
8 22 274
8 22 275
8 22 276
8 22 277
8 22 278
8 22 279
8 22 280
8 22 281
8 22 282
8 22 283
8 22 284
8 22 285
8 22 286
8 22 287
8 22 288
8 22 289
8 22 290
8 22 291
8 22 292
8 22 293
8 22 294
8 22 295
8 22 296
8 22 297
8 22 298
8 22 299
8 22 300
8 22 301
8 22 302
8 22 303
8 22 304
8 22 305
8 22 306
8 22 307
8 22 308
8 22 309
8 22 310
8 22 311
8 22 312
8 22 313
8 22 314
8 22 315
8 22 316
8 11 229
8 11 302
8 11 303
8 90 863
22 14 302
22 85 461
22 85 498
22 85 500
22 85 501
22 85 509
12 95 972
12 95 973
12 95 974
12 95 976
12 95 977
12 95 978
12 95 983
12 95 984
12 95 991
12 95 992
12 95 993
12 95 995
12 95 998
12 95 1000
12 95 1001
12 95 1002
12 95 1003
12 95 1005
12 95 1006
12 95 1009
12 95 1011
12 95 1012
12 95 1013
12 95 1014
12 95 1015
12 95 1016
12 95 1017
11 71 853
11 68 853
11 89 859
11 89 861
11 89 862
11 89 882
70 78 261
70 78 265
70 78 266
70 78 278
70 78 281
70 78 282
70 78 289
70 78 299
70 78 300
70 78 301
70 78 303
70 78 307
70 78 314
70 78 341
70 78 342
70 78 344
70 78 345
70 78 354
70 78 355
70 78 356
70 78 357
70 78 358
70 78 359
70 78 360
70 78 361
70 78 362
70 78 363
70 78 364
70 78 365
70 78 366
70 78 367
70 78 368
70 78 369
70 78 370
70 78 371
70 78 372
70 78 373
70 78 374
70 78 375
70 78 376
70 78 377
70 78 378
70 78 379
70 78 380
70 78 381
70 78 383
70 78 384
70 78 385
70 78 386
70 78 387
70 78 388
70 78 389
70 78 390
70 78 391
70 78 394
70 78 395
70 78 396
70 78 397
70 81 271
70 81 272
70 81 300
70 81 309
70 81 311
70 41 301
70 41 302
70 41 303
70 41 304
70 41 305
70 41 306
70 41 309
70 41 339
70 41 340
70 41 370
70 41 371
70 41 372
70 41 373
70 41 374
70 41 376
70 41 378
70 41 391
70 41 393
70 41 397
70 41 398
70 1 346
70 50 391
70 67 624
70 67 625
70 67 664
70 67 665
70 67 666
70 67 667
70 67 672
78 44 302
78 44 303
78 44 305
78 44 306
78 44 308
78 44 372
78 44 373
78 44 374
78 44 376
78 44 385
78 44 397
78 1 347
78 1 348
78 7 603
78 7 606
78 7 607
78 7 621
78 7 622
78 7 623
78 7 624
78 7 625
78 7 626
78 7 627
78 7 628
78 7 629
78 7 630
78 7 631
78 7 632
78 7 633
78 7 634
78 7 635
78 7 636
78 7 637
78 7 638
78 7 639
78 7 640
78 7 641
78 7 642
78 7 643
78 7 644
78 7 645
78 7 646
78 7 647
78 7 648
78 7 649
78 7 650
78 7 651
78 7 652
78 7 653
78 7 654
78 7 655
78 7 656
78 7 657
78 7 658
78 7 659
78 7 660
78 7 661
78 7 662
78 7 663
78 7 664
78 7 665
78 7 666
78 7 667
78 7 668
78 7 669
78 7 670
78 7 671
78 18 668
78 18 669
78 18 670
83 81 263
83 81 264
83 81 303
83 81 308
83 81 318
83 1 346
83 19 823
83 19 824
83 19 825
83 19 827
83 19 829
83 19 830
83 19 831
83 19 833
83 19 834
83 19 835
83 19 838
83 19 840
83 19 843
83 19 844
83 19 851
83 19 852
83 19 853
83 19 855
83 19 856
83 19 857
83 19 865
83 19 868
83 19 869
83 19 876
83 19 880
83 19 882
83 19 883
83 19 884
81 44 303
81 44 304
81 44 307
81 9 971
81 9 972
81 9 973
81 9 974
81 9 976
81 9 981
81 9 982
81 9 983
81 9 990
81 9 997
81 9 998
81 9 1004
81 9 1006
81 9 1016
81 9 1017
81 9 1018
81 95 972
81 95 973
81 95 974
81 95 975
81 95 976
81 95 979
81 95 980
81 95 981
81 95 982
81 95 983
81 95 984
81 95 985
81 95 986
81 95 987
81 95 988
81 95 989
81 95 990
81 95 993
81 95 995
81 95 996
81 95 1000
81 95 1002
81 95 1004
81 95 1007
81 95 1008
81 95 1009
81 95 1011
81 95 1012
81 95 1013
81 95 1014
81 95 1016
81 95 1017
81 51 973
81 51 974
81 51 979
81 51 983
81 51 1014
81 51 1015
81 51 1016
81 51 1018
41 62 343
41 62 345
41 62 354
41 62 355
41 62 366
41 62 367
41 62 369
41 62 371
41 62 372
41 62 385
41 62 396
41 62 401
41 62 414
41 62 449
41 62 456
41 62 485
41 62 486
41 62 488
41 62 489
41 62 498
41 62 500
41 62 501
41 62 502
41 62 503
41 62 504
41 62 505
41 62 506
41 62 507
41 73 346
41 73 348
41 73 349
41 73 350
41 73 351
41 73 352
41 73 361
41 23 346
41 23 349
41 54 357
41 54 358
41 28 366
41 28 372
41 28 384
41 28 385
41 28 479
41 28 481
41 28 486
41 28 487
41 28 488
41 28 489
41 28 490
41 28 497
41 28 501
14 34 570
14 34 580
14 34 589
14 34 590
14 34 600
14 34 606
14 34 646
14 34 648
14 34 655
14 34 669
14 34 708
14 34 709
14 34 710
14 37 588
14 37 589
14 37 590
14 37 592
44 91 966
44 91 970
44 91 972
44 91 973
44 91 989
44 91 995
44 91 996
44 91 1000
44 91 1001
44 91 1002
44 91 1003
44 91 1004
44 91 1012
44 91 1013
44 91 1020
44 91 1021
44 91 1025
44 91 1034
16 15 875
16 15 884
16 15 900
16 15 905
16 15 907
16 15 908
16 15 909
16 15 910
16 15 911
16 15 912
16 15 913
16 15 914
16 15 915
16 15 916
16 15 917
16 15 918
16 15 919
16 15 920
16 15 921
16 15 922
16 15 923
16 15 924
16 15 925
16 15 926
16 15 927
16 3 910
16 3 912
16 3 913
16 3 916
16 3 918
85 66 332
85 25 451
85 25 460
85 25 464
85 25 493
85 25 495
85 25 501
85 25 504
85 25 509
85 25 520
85 25 564
85 25 584
85 25 586
85 25 588
85 25 592
85 25 595
85 25 596
85 25 603
85 25 604
85 25 605
85 25 606
85 25 608
85 25 610
85 25 622
85 25 623
85 25 626
85 25 629
85 25 656
85 25 663
85 25 664
85 25 667
85 93 460
66 38 341
66 38 364
66 38 370
66 38 381
66 38 397
66 38 398
66 38 400
66 38 439
66 38 450
66 38 454
66 38 467
66 38 468
66 38 469
66 38 473
66 38 474
66 38 478
66 38 479
66 38 484
66 28 342
66 28 363
66 28 387
66 28 397
66 28 402
66 28 409
66 28 425
66 28 438
66 28 455
66 28 467
66 28 483
66 28 487
66 28 488
66 28 496
66 62 390
73 62 343
73 28 350
73 28 351
73 28 352
73 74 467
38 28 348
38 28 371
38 62 396
38 32 740
38 32 764
38 32 766
38 32 769
38 32 770
38 32 771
38 32 773
38 32 778
38 32 782
38 32 800
38 32 802
38 32 804
38 32 808
38 32 809
38 32 810
38 32 812
38 32 833
38 32 834
38 32 836
38 32 839
38 32 841
38 32 846
38 32 866
38 32 887
38 32 888
38 32 890
38 32 893
38 32 977
38 32 982
38 32 983
38 32 984
38 37 902
38 37 924
38 37 927
38 37 935
38 37 938
38 37 941
38 37 942
38 37 943
38 37 944
38 37 945
38 37 946
38 37 947
38 37 949
38 37 950
38 37 952
38 37 955
38 37 962
38 37 963
38 37 974
38 37 976
38 37 982
38 37 990
38 37 991
38 37 992
38 37 993
38 37 999
38 37 1001
38 37 1002
38 37 1003
38 37 1006
38 79 998
38 79 999
62 50 341
62 50 349
62 50 358
62 50 361
62 50 369
62 50 370
62 50 373
62 50 374
62 50 375
62 50 376
62 50 378
62 50 390
62 50 393
62 50 398
62 50 399
62 87 346
62 87 357
62 87 359
62 87 366
62 87 367
62 87 393
62 23 361
62 54 361
62 32 489
50 34 558
50 34 559
50 34 563
50 34 564
50 34 565
50 34 566
50 34 567
50 34 569
50 34 576
50 34 579
50 34 586
50 34 587
50 34 588
50 34 591
50 34 592
50 34 614
50 34 615
50 34 617
50 34 630
50 34 632
50 34 633
50 34 634
50 34 635
50 34 639
50 34 652
50 34 666
28 54 343
28 54 371
28 54 389
28 54 391
28 54 401
28 54 404
28 54 410
28 87 360
23 25 761
23 25 762
23 25 765
23 25 770
87 15 871
87 15 881
87 19 884
54 95 983
54 95 993
54 95 1016
54 95 1017
54 9 994
54 9 996
54 9 1004
54 9 1016
54 9 1017
54 9 1018
9 46 379
9 46 390
9 46 392
9 46 419
9 46 420
9 33 514
46 30 827
46 30 866
46 30 910
46 30 911
46 30 913
46 30 942
46 30 965
46 30 967
46 30 978
46 30 979
46 30 980
46 30 984
46 30 989
46 30 990
46 30 991
46 30 995
46 30 996
46 30 1010
46 30 1038
46 30 1039
46 68 943
46 90 1038
46 90 1039
46 90 1040
6 29 638
6 29 639
6 29 642
6 29 643
6 29 644
6 29 647
6 29 648
6 29 649
6 29 651
6 29 652
6 29 653
6 29 654
6 29 657
6 29 658
6 29 661
6 29 664
6 29 671
6 29 677
6 29 699
6 67 659
74 63 622
74 63 628
74 63 634
74 63 639
74 63 640
74 63 646
74 63 649
74 63 657
74 63 669
74 63 676
74 63 677
74 63 680
74 63 687
74 63 688
74 63 692
74 63 695
74 63 696
74 63 697
74 63 698
74 63 700
74 63 703
74 63 709
74 63 715
25 18 453
25 18 458
25 18 460
25 18 475
25 18 476
25 18 506
25 18 507
25 18 508
25 18 509
25 18 510
25 18 511
25 18 536
25 18 546
25 18 564
25 18 590
25 18 591
25 18 592
25 18 593
25 18 609
25 18 614
25 18 635
25 18 639
25 18 664
25 18 668
25 18 669
25 18 670
25 93 457
25 75 668
25 75 669
25 75 670
25 7 668
25 7 669
25 7 670
25 7 761
25 7 762
25 7 763
25 7 764
25 7 765
25 7 766
25 7 769
25 7 770
25 7 773
25 7 774
25 7 780
25 7 781
25 7 785
25 7 789
25 7 792
25 7 803
25 7 806
25 7 817
25 7 818
25 7 819
25 7 820
25 7 826
25 7 830
25 7 831
25 7 832
25 7 840
25 7 848
25 7 849
25 7 852
25 7 853
25 7 865
25 7 882
25 63 868
25 63 869
25 63 870
18 89 499
18 89 505
18 89 506
18 89 507
18 89 508
18 89 594
18 89 669
18 47 589
18 47 590
18 47 639
89 7 668
89 7 669
89 75 669
89 75 857
89 33 863
29 2 485
29 2 486
29 2 487
29 2 491
29 2 493
29 2 494
29 2 495
29 2 496
29 2 497
29 2 498
29 2 499
29 2 500
29 2 504
29 2 505
29 2 506
29 2 507
29 2 508
29 2 515
29 2 518
29 2 519
29 2 520
29 2 530
29 2 531
29 2 534
29 2 541
29 2 542
29 2 544
29 2 545
29 2 547
29 2 548
29 2 550
29 2 552
29 2 553
29 2 556
29 2 559
29 2 560
29 2 561
29 2 562
29 2 563
29 2 564
29 2 565
29 2 566
29 2 567
29 2 568
29 2 577
29 2 586
29 2 587
29 2 588
29 2 594
29 2 598
29 2 607
29 2 609
29 2 611
29 2 612
29 2 639
29 2 642
29 7 649
32 51 753
32 51 755
32 51 764
32 51 770
32 51 799
32 51 808
32 51 809
32 51 811
32 51 812
32 51 832
32 51 834
32 51 836
32 51 839
32 51 841
32 51 853
32 51 865
32 51 875
32 51 877
32 51 879
32 51 881
32 51 882
32 51 883
32 51 884
32 51 888
32 51 893
32 51 894
71 42 504
71 42 505
71 42 506
71 42 507
71 42 508
71 42 509
71 42 510
71 42 511
71 42 512
71 42 513
71 42 514
71 42 515
71 42 516
71 42 517
71 42 518
71 42 519
71 42 520
71 42 521
71 42 522
71 42 523
71 42 524
71 42 526
71 42 530
71 42 532
71 42 533
71 42 534
71 42 536
71 42 539
71 42 540
71 42 542
71 42 545
71 42 546
71 42 550
71 42 553
71 42 557
71 42 559
71 42 560
71 42 561
71 42 562
71 42 563
71 42 564
71 42 565
71 42 570
71 42 572
71 42 574
71 42 575
71 42 576
71 42 593
71 42 613
71 42 614
71 42 615
71 42 616
71 42 617
71 42 618
71 42 619
71 42 620
71 42 622
71 42 623
71 42 624
71 42 625
71 42 627
71 42 628
71 42 632
71 42 634
71 42 635
71 42 636
71 42 637
71 42 638
71 42 639
71 42 640
71 42 641
71 42 642
71 42 643
71 42 644
71 42 645
71 42 659
71 42 661
71 42 861
71 47 654
33 90 1038
33 90 1039
33 90 1040
34 47 672
37 47 575
37 47 577
37 47 578
37 47 583
37 47 584
37 47 585
37 47 589
37 47 590
37 47 602
37 47 603
37 47 609
37 47 613
37 47 616
37 47 620
37 47 625
37 47 626
37 47 627
37 47 636
37 47 638
37 47 644
37 47 645
37 47 651
37 47 654
37 47 655
37 47 664
37 47 667
37 47 670
37 47 671
37 47 672
37 47 673
37 47 674
37 47 1003
37 35 902
37 35 924
37 35 938
37 35 950
37 35 976
37 91 1005
47 79 981
47 79 985
47 79 1000
47 79 1001
47 79 1012
47 79 1020
47 79 1024
47 79 1051
47 79 1052
47 79 1053
47 30 1021
47 91 1022
47 91 1024
47 91 1026
47 91 1048
47 91 1051
47 91 1052
47 91 1053
47 91 1054
47 91 1055
7 19 761
7 19 786
7 19 787
7 19 806
7 19 834
7 19 836
7 19 839
7 19 865
7 19 869
7 19 870
7 19 875
7 19 876
7 19 877
7 19 878
7 19 879
7 19 880
7 19 881
7 19 882
7 19 883
7 19 884
63 19 868
63 19 869
63 19 870
63 19 871
63 19 875
75 68 858
75 68 864
75 68 873
75 68 875
75 68 877
75 68 879
75 68 884
51 35 740
51 35 741
51 35 742
51 35 744
51 35 746
51 35 751
51 35 753
51 35 755
51 35 760
51 35 766
51 35 767
51 35 769
51 35 770
51 35 771
51 35 773
51 35 776
51 35 778
51 35 799
51 35 800
51 35 804
51 35 806
51 35 808
51 35 809
51 35 810
51 35 811
51 35 812
51 35 832
51 35 833
51 35 834
51 35 836
51 35 839
51 35 846
51 35 853
51 35 856
51 35 857
51 35 858
51 35 859
51 35 860
51 35 861
51 35 862
51 35 865
51 35 866
51 35 867
51 35 868
51 35 870
51 35 871
51 35 872
51 35 874
51 35 876
51 35 879
51 35 880
51 35 881
51 35 882
51 35 883
51 35 890
51 35 891
51 35 893
35 19 852
19 30 811
19 30 833
19 30 835
19 30 840
19 30 848
19 30 849
19 30 853
19 30 857
19 30 868
19 30 870
19 30 874
19 30 875
19 30 876
19 30 877
19 30 878
19 30 879
19 30 880
19 30 881
19 30 882
19 30 883
26 94 859
26 3 882
26 68 918
26 91 984
26 91 986
68 91 968
94 3 855
94 3 856
94 3 857
94 3 858
94 3 859
94 3 863
94 3 865
94 3 866
94 3 867
94 3 869
94 3 870
94 3 871
94 3 881
94 3 882
94 3 885
94 3 886
94 3 887
94 3 889
94 3 890
94 3 924
94 15 896
3 15 907
3 15 908
3 15 909
3 15 910
3 15 911
3 15 912
3 15 913
3 15 914
3 15 915
3 15 916
3 15 917
3 15 918
3 15 919
3 15 920
3 15 921
3 15 922
3 15 923
3 15 924
79 91 980
79 91 981
79 91 982
79 91 986
79 91 989
79 91 994
79 91 995
79 91 999
79 91 1000
79 91 1006
79 91 1007
79 91 1008
79 91 1009
79 91 1010
79 91 1011
79 91 1020
79 91 1024
79 91 1035
79 91 1036
79 91 1045
79 91 1050
79 91 1051
79 91 1052
79 91 1053
