77 60 0
77 101 1
77 2 26
77 2 34
77 2 36
77 2 37
77 2 74
77 2 76
77 2 127
77 2 138
77 73 640
77 73 641
77 73 642
77 73 656
77 73 663
77 73 669
77 73 676
77 73 677
77 73 680
77 73 682
77 73 684
77 73 690
77 73 691
77 73 692
77 73 694
77 73 695
77 73 696
77 73 698
77 73 699
77 73 702
77 73 703
77 73 704
77 73 705
77 73 707
77 73 708
77 73 709
77 73 714
77 73 715
77 73 716
77 73 718
77 73 722
77 73 723
77 73 724
77 73 725
77 73 726
77 73 727
77 73 729
77 73 730
77 73 731
77 73 732
77 73 733
77 73 734
77 89 687
77 62 725
60 2 0
60 2 6
60 80 1
60 80 10
60 80 11
60 80 12
60 80 13
60 80 21
60 80 22
60 80 23
60 80 30
60 80 44
60 80 46
60 80 49
60 80 50
60 80 53
60 80 65
60 104 1
60 104 4
60 104 5
60 104 6
60 104 7
60 104 8
60 104 9
60 104 10
60 104 11
60 104 12
60 104 13
60 104 14
60 104 17
60 104 19
60 104 20
60 104 21
60 104 22
60 104 23
60 104 24
60 104 25
60 104 26
60 104 28
60 104 30
60 104 34
60 104 46
60 104 47
60 104 48
60 104 49
60 104 50
60 104 51
60 104 52
60 104 53
60 104 54
60 104 55
60 104 57
60 104 58
60 104 61
60 104 64
60 104 65
60 104 66
60 104 71
60 104 72
60 104 74
60 104 75
60 104 76
60 104 77
60 104 78
60 64 353
60 64 355
60 64 363
60 64 373
60 64 382
60 64 389
60 64 390
60 64 407
60 64 410
60 64 432
60 100 355
60 100 387
60 100 405
60 5 361
60 5 363
60 5 366
60 5 370
60 5 376
60 5 404
60 5 407
60 5 416
60 50 364
60 50 404
60 50 405
60 50 407
60 13 376
60 39 376
60 14 389
60 36 390
60 32 402
2 101 1
2 101 6
2 75 1
2 23 3
2 23 6
2 23 8
2 30 134
101 80 1
101 80 2
101 80 3
101 80 9
101 80 10
101 80 11
101 80 12
101 80 18
101 80 19
101 80 22
101 80 34
101 80 44
101 80 47
101 80 49
101 80 50
101 80 51
101 80 52
101 80 53
101 80 55
101 80 56
101 80 58
101 80 59
101 80 63
101 80 65
101 80 66
101 80 69
101 80 70
101 80 71
101 26 4
101 32 14
101 13 203
101 13 212
101 13 222
101 0 204
101 0 206
101 0 210
101 0 212
101 0 218
101 0 222
101 0 224
101 0 225
101 0 226
101 0 229
101 0 230
101 0 236
101 0 238
101 0 239
101 0 243
101 0 244
101 0 249
101 0 255
101 0 260
101 0 261
101 0 266
101 0 271
101 0 274
101 0 275
101 0 276
101 0 277
101 0 281
101 0 282
101 0 283
101 70 283
75 83 154
75 83 156
75 83 166
75 94 459
75 94 461
75 94 462
75 94 463
75 94 502
75 94 505
75 94 506
75 94 507
75 94 509
75 52 483
75 25 494
75 25 496
75 9 496
80 29 14
80 78 100
80 78 105
80 78 106
80 78 107
80 78 108
80 78 111
80 78 112
80 78 115
80 78 126
80 78 129
80 78 130
80 78 131
80 78 132
80 78 134
80 78 142
80 78 144
80 78 155
80 78 159
80 78 160
80 78 170
80 102 100
80 102 101
80 102 102
80 102 103
80 102 106
80 102 107
80 102 108
80 102 109
80 102 110
80 102 111
80 102 114
80 102 116
80 102 122
80 102 129
80 102 144
80 102 148
80 102 166
80 102 170
80 49 471
80 49 488
80 49 503
80 49 575
80 49 576
80 95 485
80 95 486
80 51 558
80 9 572
80 9 575
26 29 1
26 29 2
26 29 18
26 29 22
26 29 24
26 29 58
26 29 64
26 29 68
26 29 69
26 29 70
26 29 77
26 29 78
26 94 112
26 94 113
26 94 117
26 94 118
26 94 119
26 94 120
26 94 124
26 94 127
26 94 130
26 94 133
26 94 135
26 94 137
26 94 146
26 94 148
26 94 152
26 94 167
26 94 171
26 94 188
26 94 192
26 94 193
26 94 209
26 94 210
26 94 211
26 94 212
26 94 216
26 94 219
26 94 220
26 94 221
26 94 226
26 94 228
26 94 231
26 94 232
26 94 233
26 94 234
26 94 235
26 48 117
26 48 118
26 48 119
26 48 120
26 48 121
26 48 122
26 48 123
26 48 124
26 48 130
26 48 137
26 48 206
26 48 207
26 48 209
26 48 210
26 48 229
26 48 232
26 48 233
26 48 234
26 48 235
26 84 232
29 45 125
29 45 138
29 45 150
29 45 154
29 45 173
29 45 176
29 45 177
29 89 125
29 89 126
29 89 128
29 89 129
29 89 134
29 89 136
29 89 138
29 89 150
29 89 151
29 89 153
29 89 160
29 89 176
29 89 177
29 89 178
29 89 181
29 89 185
29 89 222
29 61 125
29 13 230
104 17 471
104 17 473
104 17 474
104 17 475
104 17 494
104 17 495
104 17 496
104 17 503
104 17 504
104 17 519
104 85 471
104 85 530
104 85 566
104 49 473
104 49 474
104 49 479
104 49 520
104 49 521
104 49 523
104 49 531
104 9 473
104 9 475
104 9 490
104 9 523
104 9 526
104 9 527
104 9 534
104 9 539
104 9 553
104 9 554
104 9 560
104 9 561
104 9 562
104 9 563
104 9 567
104 9 568
104 9 569
104 9 570
104 34 475
104 34 535
104 34 538
104 34 540
104 28 482
104 28 483
104 28 484
104 28 492
104 28 502
104 28 511
104 28 514
104 28 518
104 44 501
104 51 522
104 51 523
104 95 548
104 95 562
104 95 563
104 95 564
104 95 566
104 95 567
104 95 568
104 102 548
104 30 560
104 47 560
23 21 7
23 70 363
23 105 368
23 105 369
23 105 375
23 105 377
23 105 378
23 105 379
23 39 375
21 99 402
21 99 403
21 99 404
21 99 407
21 99 464
21 99 465
21 99 466
21 99 467
21 99 468
21 99 469
21 99 473
21 99 474
21 99 475
21 99 476
21 99 477
21 99 478
21 99 479
21 99 483
21 99 485
21 99 486
21 99 487
21 99 488
21 99 489
21 99 490
21 99 491
21 99 492
21 99 503
21 99 504
21 39 429
21 53 436
21 16 486
21 49 498
21 49 502
21 51 498
32 68 364
32 68 368
32 68 370
32 68 378
32 68 379
32 68 386
32 68 387
32 68 428
32 68 432
32 68 445
32 68 447
32 16 365
32 16 366
32 16 373
32 16 377
32 16 378
32 16 402
32 16 405
32 16 435
32 16 445
32 16 483
32 16 492
32 103 373
32 103 375
32 103 382
32 103 408
32 103 428
32 103 435
32 103 445
32 103 447
32 103 454
32 103 484
32 40 380
32 40 383
32 40 390
32 40 395
32 40 396
32 40 397
32 40 399
32 40 424
32 40 425
32 40 426
32 40 427
32 53 382
32 53 386
32 53 405
32 53 425
32 53 426
32 53 427
32 53 428
32 53 429
32 53 457
32 53 493
32 39 420
32 39 421
32 39 422
32 39 423
32 39 428
32 39 430
32 39 431
32 39 432
32 39 433
32 39 434
32 39 435
32 39 436
32 39 448
32 39 449
32 39 450
32 39 451
32 39 454
32 39 455
32 39 457
32 39 466
32 39 481
32 39 486
32 39 487
32 5 422
32 61 454
32 61 484
32 61 493
32 99 486
33 61 95
33 61 99
33 61 100
33 61 101
33 61 104
33 61 105
33 61 107
33 61 110
33 61 111
33 61 112
33 61 113
33 61 114
33 61 119
33 61 122
33 61 123
33 61 124
33 61 126
33 61 127
33 61 129
33 61 130
33 61 131
33 61 132
33 61 135
33 61 136
33 61 137
33 61 138
33 61 140
33 61 141
33 61 142
33 61 143
33 61 144
33 61 145
33 61 146
33 61 147
33 61 148
33 61 149
33 61 153
33 61 154
33 61 155
33 61 156
33 61 157
33 61 158
33 61 172
33 61 183
33 61 184
33 61 188
33 61 196
33 61 198
33 61 199
33 61 200
33 61 201
33 61 204
33 61 205
33 61 206
33 61 208
33 61 209
33 61 210
33 61 261
33 61 269
33 61 270
33 61 271
33 61 272
33 70 130
33 70 333
33 102 157
33 31 703
61 83 149
61 64 445
61 64 447
61 64 450
61 64 453
61 64 457
61 64 465
61 64 472
61 64 473
61 64 476
61 64 479
61 64 484
61 64 498
61 64 499
61 14 445
61 14 453
61 100 448
61 100 473
61 100 487
61 100 488
61 100 491
61 100 492
61 5 448
61 5 451
61 5 453
61 5 455
61 5 458
61 5 459
61 5 460
61 5 467
61 5 469
61 5 475
61 5 476
61 5 479
61 5 480
61 5 484
61 5 487
61 5 488
61 5 489
61 5 490
61 5 491
61 5 498
61 50 460
61 50 465
61 50 469
61 50 470
61 50 473
61 50 483
61 50 493
61 50 498
61 35 465
61 35 470
61 35 473
61 35 474
61 35 475
61 35 478
61 52 479
61 62 484
61 36 498
65 30 97
65 30 98
65 63 699
65 63 711
65 63 713
65 63 714
65 63 715
65 63 716
65 63 717
65 63 718
65 63 719
65 63 722
65 63 723
65 63 738
65 63 743
65 52 722
65 52 723
65 52 724
65 97 723
65 97 724
65 97 725
65 97 727
65 45 731
65 45 734
65 45 742
65 45 743
30 94 129
30 94 130
30 22 149
30 78 271
30 78 289
30 78 293
30 78 296
30 8 287
30 8 292
30 8 293
30 44 553
30 44 554
30 44 555
30 44 556
30 44 560
30 44 562
30 44 569
30 44 570
30 44 571
30 44 572
30 44 577
30 48 557
30 90 560
30 84 612
30 28 613
83 102 99
83 102 100
83 102 101
83 102 106
83 102 107
83 102 108
83 102 109
83 102 110
83 102 112
83 102 113
83 102 114
83 102 117
83 102 148
83 102 161
83 102 170
83 102 474
83 102 477
83 102 478
83 102 479
83 102 481
83 102 495
83 102 528
83 102 529
83 44 460
83 44 461
83 1 474
83 1 481
83 1 483
83 1 484
83 1 491
83 1 492
83 1 526
83 1 528
83 1 558
83 95 475
83 95 479
83 95 481
83 95 495
83 95 496
83 95 498
83 95 505
83 95 528
83 95 532
83 95 537
83 95 538
83 95 546
83 95 548
83 95 575
83 95 577
83 95 579
83 85 485
102 1 474
102 1 475
102 1 479
102 1 481
102 1 486
102 1 492
102 1 493
102 1 494
102 1 495
102 1 505
102 1 520
102 1 524
102 1 525
102 1 527
102 1 528
102 1 530
102 1 532
102 1 565
102 1 572
102 1 576
102 35 489
102 35 490
102 48 517
102 90 521
102 90 522
102 90 524
102 90 547
102 62 543
78 47 280
78 8 292
38 19 105
38 19 106
38 19 107
38 19 108
38 19 113
38 19 114
38 19 116
38 19 117
38 19 118
38 19 119
38 19 120
38 19 121
38 19 122
38 19 130
38 19 132
38 19 135
38 19 137
38 19 138
38 19 140
38 19 142
38 19 145
38 19 146
38 19 147
38 19 149
38 19 150
38 19 154
38 19 155
38 19 159
38 19 161
38 19 162
38 19 163
38 70 163
38 27 238
38 27 239
38 27 241
38 27 242
38 27 243
38 27 244
38 27 245
38 27 246
38 27 247
38 27 248
38 27 249
38 27 251
38 27 254
38 27 256
38 27 259
19 28 589
19 28 590
19 28 593
19 28 598
19 28 606
19 28 609
19 28 617
19 28 620
19 28 621
19 28 623
19 28 624
19 28 626
19 28 627
19 28 628
19 28 631
19 28 632
19 28 635
19 28 637
19 28 638
19 28 639
19 28 640
19 28 641
19 28 642
19 28 643
19 28 644
19 28 647
19 28 654
19 28 657
19 28 659
19 28 660
19 28 661
19 28 663
19 28 665
19 28 666
19 28 667
19 28 668
19 28 673
19 28 677
19 28 679
19 28 686
19 28 689
19 28 690
19 28 691
19 28 692
19 28 693
19 28 695
19 28 701
19 28 702
19 28 704
19 28 705
19 28 716
19 28 719
19 28 720
19 28 721
19 28 722
19 53 589
19 53 610
19 84 593
19 84 594
19 84 597
19 84 598
19 84 599
19 84 681
19 84 684
19 84 701
19 84 702
19 84 704
19 84 705
19 84 706
19 84 707
19 84 708
19 84 710
19 84 713
19 84 715
19 84 718
19 84 720
19 84 721
19 84 722
19 73 622
19 22 648
19 59 694
19 59 695
19 59 700
19 59 702
19 63 715
19 63 716
48 89 112
48 89 115
48 89 116
48 89 117
48 89 118
48 89 119
48 89 120
48 89 122
48 89 123
48 89 125
48 89 126
48 89 130
48 89 136
48 89 137
48 89 138
48 89 148
48 89 152
48 89 159
48 89 171
48 89 172
48 89 174
48 89 175
48 89 176
48 89 177
48 89 179
48 89 195
48 89 197
48 89 198
48 89 199
48 89 200
48 89 201
48 89 202
48 89 203
48 89 209
48 89 210
48 89 212
48 89 228
48 89 229
48 89 233
48 89 234
48 89 235
48 49 469
48 49 472
48 49 497
48 49 498
48 49 499
48 49 519
48 49 520
48 49 522
48 49 525
48 49 526
48 49 527
48 17 469
48 99 492
48 99 493
48 99 494
48 24 492
48 24 501
48 24 502
48 105 492
48 95 507
48 95 570
48 28 522
48 28 523
48 28 524
48 85 549
48 85 556
48 85 557
48 9 561
48 9 562
48 9 563
48 9 564
48 9 565
48 9 566
48 9 567
48 9 568
48 9 570
89 53 589
89 53 590
89 53 593
89 53 597
89 53 606
89 53 609
89 53 610
89 53 612
89 53 614
89 53 615
89 53 617
89 53 620
89 53 621
89 53 623
89 53 625
89 53 650
89 53 651
89 53 655
89 53 657
89 53 659
89 53 660
89 53 662
89 53 663
89 28 592
89 28 606
89 28 614
89 28 615
89 87 609
89 87 680
89 17 614
89 73 614
94 24 406
94 24 410
94 24 411
94 24 412
94 24 413
94 24 414
94 24 415
94 24 416
94 24 418
94 24 419
94 24 422
94 24 423
94 24 424
94 24 427
94 24 428
94 24 430
94 24 431
94 24 432
94 24 433
94 24 437
94 24 441
94 24 447
94 24 450
94 24 453
94 24 454
94 24 455
94 24 457
94 24 462
94 24 463
94 24 505
94 24 506
94 24 507
94 24 508
94 24 509
94 74 406
94 74 414
94 74 420
94 74 422
94 74 427
94 74 429
94 74 436
94 74 440
94 39 428
94 39 437
94 53 445
94 49 498
45 10 613
45 27 617
45 58 617
45 58 618
45 58 742
45 58 743
45 51 709
45 85 734
45 85 742
45 12 734
45 12 737
42 67 127
42 67 130
42 67 132
42 67 133
42 67 157
42 67 159
42 67 161
42 67 162
42 67 166
42 67 167
42 67 171
42 67 190
42 67 191
42 67 192
42 15 1211
42 15 1212
42 15 1295
67 84 709
67 84 710
67 84 711
67 84 712
67 84 715
67 81 718
67 81 719
67 110 721
67 49 721
67 49 729
67 49 734
67 49 740
67 49 751
67 49 752
67 49 800
67 49 802
67 49 896
67 85 876
71 37 128
71 37 131
71 37 134
71 37 153
71 37 154
71 37 155
71 37 156
71 37 160
71 37 163
71 37 165
71 37 168
71 37 169
71 37 170
71 37 173
71 37 176
71 37 177
71 37 181
71 24 401
71 24 403
71 24 404
71 24 409
71 24 412
71 24 413
71 24 417
71 24 419
71 24 420
71 24 421
71 24 423
71 24 424
71 24 428
71 24 429
71 24 430
71 24 433
71 24 440
71 24 441
71 99 404
71 99 407
71 99 408
71 99 409
71 99 410
71 99 412
71 99 416
71 99 418
71 99 419
71 99 423
71 99 424
71 99 428
71 99 430
71 99 433
71 99 434
71 99 435
71 99 439
71 99 444
71 53 428
71 68 436
71 39 437
37 85 893
70 43 237
70 27 238
70 72 281
70 106 358
70 106 359
70 41 1034
70 41 1035
70 41 1036
70 41 1037
70 41 1038
70 41 1039
70 41 1040
70 41 1041
70 41 1042
70 41 1043
70 41 1044
70 41 1045
70 41 1046
70 41 1047
70 41 1048
70 41 1049
70 41 1050
70 41 1051
70 41 1052
70 41 1057
70 41 1058
70 41 1059
70 41 1061
70 41 1062
70 41 1063
70 41 1064
70 41 1065
70 41 1066
70 41 1067
70 41 1068
70 41 1069
70 41 1070
70 41 1071
70 41 1072
70 41 1073
70 41 1074
70 41 1075
70 41 1076
70 41 1077
70 41 1078
70 41 1086
70 41 1087
70 41 1088
70 41 1089
70 41 1091
70 41 1092
70 41 1094
70 41 1099
70 41 1100
70 41 1101
70 41 1102
70 41 1103
70 41 1104
70 41 1105
70 41 1106
70 41 1107
70 41 1108
70 41 1109
70 41 1110
70 41 1111
70 41 1112
70 41 1113
70 41 1114
70 41 1115
70 41 1116
70 41 1117
70 41 1118
70 41 1119
70 41 1120
70 41 1121
70 41 1122
70 41 1125
70 41 1127
70 41 1135
70 41 1139
70 41 1140
70 93 1040
70 93 1064
70 93 1065
55 43 142
55 43 143
55 43 144
55 43 145
55 43 146
55 43 150
55 43 151
55 43 152
55 43 153
55 43 154
55 43 155
55 43 156
55 43 157
55 43 158
55 43 159
55 43 160
55 43 161
55 43 170
55 43 171
55 43 186
55 43 187
55 43 188
55 43 190
55 43 191
55 43 192
55 43 193
55 43 194
55 43 195
55 43 205
55 43 206
55 43 213
55 43 214
55 43 216
55 43 217
55 43 220
55 43 221
55 43 222
55 43 223
55 43 224
55 43 225
55 43 226
55 43 230
55 43 231
55 43 232
55 43 233
55 43 244
55 43 245
55 43 246
55 43 247
55 43 248
55 43 249
55 43 254
55 43 255
55 43 256
55 43 258
55 43 259
55 43 262
55 43 263
55 43 264
55 43 265
55 43 266
55 43 267
55 43 270
55 43 273
55 43 275
55 43 276
55 43 277
55 43 278
55 43 279
55 43 280
55 43 281
55 43 282
55 43 283
55 43 284
55 43 285
55 43 286
55 43 287
55 43 289
55 43 302
55 43 303
55 43 305
55 43 306
55 68 352
55 68 354
55 68 360
55 68 361
55 68 388
55 5 352
55 5 353
55 5 364
55 5 389
55 5 391
55 5 393
55 53 352
55 53 353
55 53 354
55 53 381
55 53 389
55 103 354
55 103 393
55 16 374
55 16 393
55 16 407
55 40 375
55 40 393
55 40 413
55 35 429
43 24 252
43 24 255
43 24 258
43 24 260
43 24 262
43 27 253
43 47 260
22 58 628
22 58 629
22 58 632
22 58 633
22 58 634
22 58 639
22 58 646
22 58 647
22 58 648
22 58 654
22 58 659
22 58 667
22 58 668
22 58 670
22 58 674
22 58 675
22 58 678
22 58 685
22 58 686
22 58 692
22 58 693
22 58 696
13 0 177
13 0 180
13 0 181
13 0 182
13 0 183
13 0 184
13 0 185
13 0 186
13 0 187
13 0 188
13 0 190
13 0 193
13 0 195
13 0 196
13 0 197
13 0 198
13 0 200
13 0 201
13 0 202
13 0 203
13 0 214
13 0 215
13 0 216
13 0 217
13 0 218
13 0 219
13 0 220
13 0 221
13 0 222
13 0 223
13 0 224
13 98 214
13 98 215
13 98 217
13 98 223
13 79 251
13 81 373
13 81 374
13 68 374
13 68 382
13 72 375
13 105 375
13 105 402
13 105 404
13 105 405
13 93 376
13 93 382
13 93 385
13 93 387
13 39 378
13 39 398
13 39 405
13 44 382
13 106 385
13 88 386
0 98 211
0 98 214
0 98 215
0 98 217
0 98 219
0 98 220
0 98 221
0 98 231
0 98 234
0 98 235
0 98 245
0 98 247
0 98 250
0 98 252
0 98 253
0 98 254
0 98 258
0 98 262
0 98 265
0 98 267
0 98 268
0 98 269
0 98 270
0 98 273
0 98 278
0 98 279
0 84 224
98 50 236
98 41 1040
98 86 1052
50 79 213
50 79 215
50 79 216
50 79 217
50 79 218
50 79 220
50 79 227
50 79 237
50 79 257
50 79 264
50 79 266
50 79 267
50 79 268
50 79 269
50 79 270
50 79 271
50 79 274
50 79 275
50 79 278
50 79 283
50 79 284
50 79 285
50 79 288
50 68 352
50 68 354
50 68 359
50 68 367
50 68 368
50 68 451
50 68 465
50 68 466
50 68 467
50 68 473
50 68 474
50 68 482
50 68 483
50 68 493
50 103 361
50 103 405
50 103 417
50 103 419
50 103 432
50 103 435
50 103 439
50 5 364
50 5 394
50 5 406
50 5 414
50 5 422
50 5 461
50 5 462
50 35 366
50 35 367
50 35 368
50 35 473
50 35 492
50 40 383
50 40 401
50 40 422
50 40 423
50 40 424
50 40 463
50 39 401
50 39 423
50 39 424
50 39 446
50 39 447
50 39 448
50 39 471
50 39 472
50 39 487
50 16 407
50 16 456
50 16 481
50 16 482
50 16 492
50 16 493
50 28 485
50 28 486
50 51 488
50 99 492
79 81 283
79 91 539
79 91 541
79 91 543
79 91 544
79 91 545
79 91 547
79 91 548
79 91 549
79 91 550
79 91 551
79 91 552
79 91 554
79 91 556
79 91 558
79 91 559
79 91 560
79 91 561
79 91 562
79 91 563
79 91 564
79 91 565
79 91 566
79 91 567
79 91 568
79 91 569
79 91 570
79 91 571
79 91 572
79 91 573
79 91 574
79 91 575
79 91 576
79 91 577
79 91 578
79 39 553
79 39 558
79 39 567
79 25 576
79 15 577
84 47 244
84 47 245
84 47 246
84 47 249
84 47 250
84 47 251
84 47 252
84 47 253
84 47 258
84 47 286
84 31 593
84 31 594
84 31 595
84 31 596
84 31 598
84 31 600
84 31 601
84 31 603
84 31 604
84 31 607
84 31 608
84 31 609
84 31 610
84 31 611
84 31 613
84 31 665
84 31 671
84 31 672
84 31 673
84 31 678
84 31 681
84 31 684
84 31 685
84 31 686
84 31 687
84 31 694
84 31 695
84 31 700
84 31 701
84 31 702
84 31 704
84 31 705
84 31 706
84 31 708
84 31 710
84 31 711
84 31 712
84 31 713
84 31 720
84 31 721
84 31 722
84 57 594
84 57 601
84 57 607
84 57 608
84 57 613
84 57 616
84 57 618
84 57 619
84 57 639
84 57 641
84 57 645
84 57 646
84 57 647
84 57 653
84 57 654
84 57 656
84 57 658
84 57 661
84 57 664
84 57 665
84 57 666
84 57 670
84 57 671
84 57 672
84 57 673
84 57 674
84 57 675
84 57 676
84 57 677
84 57 678
84 57 679
84 57 685
84 57 687
84 57 688
84 57 691
84 57 692
84 57 693
84 57 695
84 57 696
84 57 701
84 57 702
84 57 706
84 57 707
84 57 708
84 57 710
84 57 711
84 57 718
84 57 720
84 57 721
84 57 722
84 57 723
84 36 696
84 36 697
84 36 698
84 36 699
84 36 700
84 36 701
84 64 698
84 64 699
84 64 700
84 64 702
84 18 703
84 18 704
84 52 711
84 52 712
84 52 713
84 52 715
84 6 720
27 47 533
27 47 599
27 47 605
27 47 613
27 47 614
27 47 615
27 47 617
27 47 618
27 47 619
27 85 554
27 51 558
27 51 559
27 28 564
27 96 566
47 90 552
47 39 567
47 28 612
24 72 457
24 72 458
24 72 459
24 72 462
24 72 463
24 72 464
24 72 465
24 72 466
24 72 467
24 72 468
24 72 469
24 72 470
24 72 471
24 72 476
24 72 477
24 72 478
24 72 484
24 72 485
24 72 487
24 72 488
24 72 489
24 72 490
24 72 491
24 72 493
24 72 503
24 72 504
24 72 505
24 72 506
24 72 507
24 72 508
24 72 509
24 5 478
24 62 485
24 52 485
24 25 487
41 8 268
72 39 282
72 76 282
72 76 285
72 76 287
72 76 289
72 76 290
72 76 291
72 76 296
72 76 297
72 76 298
72 76 299
72 76 300
72 76 301
72 76 302
72 76 303
72 76 308
72 76 309
72 76 311
72 76 312
72 76 313
72 76 314
72 76 315
72 76 316
72 76 317
72 76 318
72 76 319
72 76 320
72 76 325
72 76 352
72 76 354
72 76 356
72 76 357
72 76 375
72 76 390
72 76 391
72 76 392
72 76 393
72 76 394
72 76 400
72 76 402
72 76 417
72 76 429
72 105 375
72 105 493
72 88 383
72 88 384
72 5 387
72 106 455
72 99 458
72 99 464
72 99 465
72 99 466
72 99 467
72 99 468
72 99 469
72 99 470
72 99 472
72 99 473
72 99 474
72 99 477
72 99 478
72 99 482
72 99 483
72 99 484
72 99 490
72 99 491
72 99 493
72 99 503
72 99 504
72 28 488
72 28 497
72 68 491
72 51 493
72 51 500
72 51 501
72 51 502
72 49 497
72 49 502
39 81 282
39 106 380
39 100 395
39 100 396
39 100 398
39 100 399
39 100 410
39 100 421
39 100 422
39 100 423
39 100 428
39 100 429
39 100 435
39 100 436
39 100 439
39 100 454
39 100 459
39 100 482
39 100 483
39 36 395
39 36 400
39 36 415
39 36 434
39 36 435
39 14 400
39 14 419
39 14 420
39 14 421
39 14 459
39 14 462
39 93 401
39 64 422
39 64 423
39 64 424
39 64 427
39 64 428
39 64 441
39 5 424
39 5 426
39 5 429
39 5 430
39 5 431
39 5 432
39 5 433
39 5 435
39 5 440
39 5 446
39 5 447
39 5 451
39 5 453
39 5 455
39 5 456
39 5 459
39 5 460
39 5 461
39 5 470
39 56 441
39 56 455
39 56 457
39 56 459
39 56 462
39 52 478
39 52 479
39 52 480
39 105 500
39 96 547
39 96 548
39 96 549
39 96 550
76 93 382
76 51 601
76 51 611
76 51 617
76 51 624
76 51 626
76 51 627
76 51 628
76 51 633
76 51 635
76 51 641
76 51 642
76 51 644
76 51 645
76 51 646
76 51 647
76 51 648
76 51 651
76 51 652
76 51 656
76 51 658
76 51 674
76 51 676
76 51 679
76 51 682
76 51 684
76 51 685
76 51 686
76 51 688
76 51 689
76 51 690
76 51 696
76 51 697
76 51 698
76 51 699
76 51 700
76 51 701
76 51 702
76 51 710
76 51 711
76 51 717
76 51 720
76 51 727
76 51 729
76 51 730
76 51 731
76 51 732
76 51 736
76 51 739
76 10 616
76 10 626
76 10 629
76 10 634
76 10 641
76 10 644
76 10 645
76 10 652
76 10 658
76 10 673
76 10 734
76 87 638
76 87 639
76 87 644
76 87 645
76 87 646
76 87 647
76 87 648
76 87 652
76 87 653
76 87 656
76 87 661
76 87 664
76 87 676
76 87 679
76 87 680
76 87 682
76 87 683
76 87 689
76 87 690
76 87 715
76 87 716
76 87 724
76 87 725
76 87 726
76 87 731
76 87 735
76 87 737
76 87 740
76 87 743
76 87 745
76 87 751
76 87 752
76 87 753
76 87 754
76 87 755
76 87 757
76 87 758
76 87 759
76 87 760
76 11 640
76 11 645
76 11 647
76 11 648
76 11 652
76 11 677
76 11 680
76 11 681
76 11 729
76 11 732
81 68 353
81 68 355
81 68 378
81 68 387
81 68 389
81 68 415
81 68 418
81 68 422
81 68 425
81 68 428
81 100 377
81 52 697
81 52 718
81 52 724
81 52 763
81 97 698
81 97 699
81 97 700
81 97 701
81 97 702
81 97 707
81 97 708
81 97 709
81 97 710
81 97 711
81 97 713
81 97 714
81 97 715
81 97 718
81 97 719
81 97 720
81 97 724
81 97 725
81 97 726
81 97 727
81 97 730
81 97 731
81 97 733
81 97 734
81 97 736
81 97 738
81 97 739
81 110 699
81 110 701
81 110 702
81 110 703
81 110 705
81 110 707
81 110 711
81 110 712
81 110 713
81 110 715
81 110 718
81 110 719
81 110 720
81 110 724
81 110 725
81 110 726
81 110 727
81 110 729
81 110 730
81 110 733
81 110 736
81 110 738
81 110 739
81 110 751
81 110 756
81 110 757
81 110 758
81 110 763
81 110 775
81 110 778
81 110 779
81 110 780
81 110 781
81 110 782
81 110 784
81 110 790
81 110 797
81 31 714
81 31 715
81 69 725
81 69 726
81 4 791
81 4 792
81 4 793
81 4 794
44 103 307
44 5 376
44 9 551
44 9 552
44 85 554
44 85 556
44 85 560
44 85 564
44 51 555
44 49 562
44 99 562
44 1 563
44 88 564
44 91 565
44 91 566
103 5 356
103 5 361
103 5 362
103 5 363
103 5 365
103 5 367
103 5 368
103 5 384
103 5 385
103 5 403
103 5 404
103 5 405
103 5 416
103 5 419
103 5 425
103 5 446
103 5 447
103 5 448
103 5 455
103 5 464
103 5 469
103 5 470
103 5 471
103 5 472
103 5 477
103 5 479
103 5 484
103 5 486
103 5 487
103 5 489
103 5 491
103 5 493
103 36 359
103 36 387
103 36 398
103 36 400
103 36 401
103 36 405
103 14 370
103 14 373
103 14 375
103 14 385
103 14 417
103 14 426
103 14 432
103 14 445
103 64 377
103 64 425
103 64 439
103 64 440
103 35 400
103 56 445
3 108 314
3 108 317
3 108 325
3 108 327
3 108 329
3 108 331
3 108 332
3 108 333
3 108 334
3 108 335
3 108 340
3 108 342
3 108 343
3 108 344
3 108 345
3 108 346
3 108 347
3 108 348
3 108 349
3 108 351
3 108 352
3 108 353
3 108 354
3 108 355
3 108 356
3 108 358
3 108 359
3 108 360
3 108 365
3 108 366
3 108 367
3 108 368
3 108 369
3 108 370
3 108 371
3 108 375
3 108 376
3 108 377
3 108 378
3 108 379
3 108 382
3 108 383
3 108 384
3 108 385
3 108 386
3 108 387
3 108 388
3 108 389
3 108 390
3 108 391
3 108 392
3 108 393
3 108 394
3 108 395
3 108 396
3 108 397
3 108 398
3 108 399
3 108 400
3 108 401
3 108 402
3 108 403
3 108 404
3 108 405
3 108 406
3 108 407
3 108 408
3 108 409
3 108 410
3 108 411
3 108 412
3 108 413
3 108 414
3 108 415
3 108 420
3 108 421
3 108 422
3 108 424
3 108 425
3 108 429
3 108 431
3 108 432
3 108 433
3 108 434
3 108 435
3 108 436
3 108 437
3 108 438
3 108 439
3 108 440
3 108 441
3 108 443
3 108 444
3 108 445
3 108 446
3 108 447
3 108 448
3 108 451
3 108 454
3 108 457
3 108 458
3 108 460
3 108 465
3 108 466
3 108 467
3 108 468
3 108 469
3 108 470
3 108 471
3 108 472
3 108 474
3 108 475
3 108 477
3 108 478
3 108 479
3 108 480
3 108 481
3 108 495
3 108 496
3 108 497
3 108 498
3 108 504
3 108 505
3 108 506
3 108 507
3 108 511
3 108 512
3 108 513
3 108 514
3 108 518
3 108 519
3 108 520
3 108 521
3 108 522
3 108 523
3 108 524
3 108 525
3 108 526
3 108 527
3 108 528
3 108 529
3 108 530
3 108 531
3 108 535
3 108 536
3 108 537
3 108 538
3 108 539
3 108 541
3 108 542
108 74 539
108 74 540
108 74 541
108 91 539
108 91 541
108 96 540
53 64 351
53 64 353
53 64 355
53 64 377
53 64 382
53 64 383
53 64 392
53 64 406
53 64 410
53 64 421
53 64 435
53 64 438
53 64 439
53 64 441
53 64 442
53 64 443
53 64 449
53 64 450
53 64 452
53 64 457
53 100 355
53 100 358
53 100 374
53 100 386
53 100 403
53 100 406
53 100 407
53 100 421
53 100 429
53 100 430
53 100 431
53 100 436
53 100 441
53 100 457
53 100 465
53 100 469
53 100 474
53 5 362
53 5 363
53 5 396
53 5 403
53 5 404
53 5 407
53 5 408
53 5 416
53 5 417
53 5 419
53 5 420
53 5 421
53 5 423
53 5 443
53 5 444
53 5 446
53 5 447
53 5 458
53 5 469
53 5 472
53 5 473
53 5 476
53 5 481
53 5 484
53 14 376
53 14 408
53 14 417
53 14 424
53 14 433
53 14 434
53 14 435
53 14 455
53 56 441
53 56 455
53 56 458
53 56 459
53 56 461
53 56 462
53 31 589
53 31 593
53 31 598
53 31 606
53 31 609
53 31 615
53 54 602
53 20 697
64 5 353
64 5 357
64 5 389
64 5 391
64 5 392
64 5 429
64 40 360
64 40 375
64 40 377
64 40 383
64 40 385
64 40 386
64 40 422
64 40 423
64 16 365
64 16 366
64 16 407
64 16 427
64 16 435
64 16 470
64 16 472
64 16 473
64 16 493
64 16 591
64 16 622
64 16 637
64 16 654
64 16 658
64 35 381
64 35 383
64 35 388
64 35 423
64 35 427
64 35 457
64 106 438
64 99 482
64 99 483
64 28 485
64 28 486
64 28 488
64 95 493
64 54 599
64 54 610
64 54 621
64 54 631
64 54 632
64 54 637
64 54 661
64 54 665
64 54 674
64 54 675
64 54 678
64 54 679
64 54 680
64 54 685
64 54 686
64 54 704
64 54 706
64 54 707
64 54 708
64 18 637
68 5 352
68 5 354
68 5 356
68 5 359
68 5 361
68 5 362
68 5 363
68 5 371
68 5 380
68 5 381
68 5 382
68 5 388
68 5 390
68 5 407
68 5 424
68 5 425
68 5 433
68 5 435
68 5 437
68 5 448
68 5 449
68 5 450
68 5 456
68 5 465
68 5 471
68 5 472
68 5 474
68 5 475
68 5 476
68 5 478
68 5 479
68 5 480
68 5 481
68 5 498
68 14 353
68 14 375
68 14 378
68 14 380
68 14 391
68 14 392
68 14 393
68 14 406
68 14 422
68 14 425
68 14 428
68 14 432
68 100 355
68 100 356
68 100 361
68 100 365
68 100 371
68 100 381
68 100 424
68 100 436
68 100 453
68 100 470
68 100 473
68 100 474
68 106 374
68 56 446
68 36 481
68 36 492
68 36 498
5 14 353
5 14 354
5 14 355
5 14 392
5 14 393
5 14 406
5 14 462
5 100 354
5 100 359
5 100 392
5 100 410
5 100 411
5 100 426
5 36 359
5 36 395
5 36 410
5 40 360
5 40 379
5 40 380
5 40 413
5 40 463
5 40 498
5 35 360
5 35 366
5 35 367
5 35 378
5 35 379
5 35 380
5 35 405
5 35 423
5 35 427
5 35 440
5 35 446
5 35 447
5 35 451
5 35 453
5 35 455
5 35 460
5 35 484
5 16 388
5 16 405
5 16 407
5 16 425
5 16 448
5 16 453
5 16 460
5 16 470
5 16 472
5 16 481
5 56 461
5 56 462
5 99 485
5 66 485
5 85 491
5 17 493
14 35 353
14 35 354
14 35 436
14 35 459
14 40 358
14 40 360
14 40 375
14 40 378
14 40 396
14 40 424
14 107 1123
14 107 1124
14 107 1126
14 107 1134
14 107 1136
14 107 1145
14 107 1168
14 107 1171
14 107 1186
14 107 1196
35 100 355
35 100 356
35 100 365
35 100 366
35 100 374
35 100 389
35 100 394
35 100 410
35 100 429
35 100 441
35 100 446
35 100 453
35 100 455
35 100 482
35 100 483
35 100 485
35 36 391
35 36 398
35 36 400
35 56 455
35 105 485
100 40 356
100 40 360
100 40 373
100 40 376
100 40 377
100 40 379
100 40 386
100 40 395
100 40 396
100 40 397
100 16 357
100 16 386
100 16 427
100 16 464
100 16 473
100 66 483
100 105 485
100 17 493
100 6 665
100 6 669
100 6 673
100 6 689
100 6 690
100 6 700
100 6 701
100 6 703
100 6 704
100 6 705
100 6 726
100 4 731
100 85 744
40 105 439
40 56 445
40 63 608
40 63 619
40 63 632
40 63 664
40 63 667
40 63 669
40 63 670
40 63 702
40 63 703
40 63 714
40 63 730
40 69 696
40 69 697
40 69 698
40 69 703
40 69 706
40 69 713
40 69 714
40 69 715
40 69 718
40 69 730
40 69 738
40 69 741
40 69 744
40 90 741
16 36 359
16 36 403
16 56 454
16 56 469
16 56 470
16 59 612
16 59 613
16 59 622
16 59 626
16 59 629
16 59 651
16 59 654
16 59 658
16 59 659
16 59 660
16 59 673
16 59 677
16 59 698
16 59 700
16 20 612
16 20 613
16 20 616
16 20 625
16 20 629
16 20 641
16 20 644
16 20 645
16 20 647
16 20 648
16 20 654
16 20 658
16 20 660
16 20 673
16 20 675
16 20 681
16 20 686
16 20 689
16 20 697
16 20 706
16 20 707
16 57 701
16 57 702
106 20 376
106 88 379
106 88 389
106 88 445
106 88 449
106 4 735
106 4 737
106 4 740
106 4 742
106 4 745
106 4 748
106 4 757
106 4 758
106 4 761
106 4 763
106 4 764
106 4 766
106 4 767
106 4 768
106 4 769
106 4 770
106 4 776
106 4 779
106 4 784
106 4 786
106 4 788
106 4 790
106 4 793
106 4 794
106 4 796
106 4 812
106 4 813
106 4 814
106 4 819
106 4 822
106 4 827
106 4 829
106 4 833
106 4 837
106 4 839
106 4 844
106 4 849
106 4 850
106 4 851
106 4 852
106 4 854
106 4 855
106 4 856
106 4 857
106 4 858
106 4 859
106 4 870
106 4 871
106 4 938
106 4 939
106 4 940
106 4 941
106 4 942
106 4 943
106 4 944
106 4 947
106 4 948
106 4 954
106 4 960
106 4 963
106 4 969
106 4 971
106 4 972
106 4 973
106 4 976
106 4 986
106 4 987
106 4 990
106 4 991
106 4 1000
106 4 1001
106 4 1006
106 4 1008
106 4 1011
106 4 1013
106 4 1014
106 4 1015
106 4 1016
106 4 1018
106 4 1019
106 4 1020
106 4 1021
106 4 1022
106 4 1023
106 4 1027
106 4 1029
106 4 1030
106 6 794
106 86 794
36 59 702
93 105 367
93 105 370
93 105 387
93 7 1052
105 52 471
105 52 538
105 9 474
105 9 489
105 9 493
105 9 499
105 9 528
105 9 529
105 9 538
105 9 542
105 1 480
105 25 493
105 25 512
105 25 515
105 15 502
105 15 511
105 15 514
105 15 515
105 15 570
105 15 571
105 62 538
105 90 561
20 54 592
20 54 593
20 54 594
20 54 595
20 54 596
20 54 597
20 54 598
20 54 599
20 54 603
20 54 606
20 54 607
20 54 608
20 54 610
20 54 611
20 54 613
20 54 614
20 54 617
20 54 618
20 54 620
20 54 621
20 54 623
20 54 629
20 54 630
20 54 631
20 54 640
20 54 643
20 54 644
20 54 645
20 54 646
20 54 652
20 54 657
20 54 658
20 54 660
20 54 661
20 54 665
20 54 669
20 54 670
20 54 671
20 54 672
20 54 674
20 54 675
20 54 676
20 54 678
20 54 679
20 54 682
20 54 686
20 54 687
20 54 688
20 54 689
20 54 690
20 54 691
20 54 694
20 54 697
20 54 703
20 54 704
20 54 706
20 54 707
20 54 708
20 28 595
20 28 691
20 28 692
20 28 694
20 28 704
20 59 613
20 59 615
20 59 622
20 59 624
20 59 630
20 59 644
20 59 647
20 59 657
20 59 658
20 59 661
20 59 665
20 59 669
20 59 672
20 59 675
20 59 676
20 59 678
20 59 680
20 59 686
20 59 687
20 59 691
20 59 692
20 59 693
20 59 706
20 59 707
20 59 708
20 17 697
88 90 547
88 1 549
88 1 551
88 1 563
88 1 566
88 1 567
88 1 577
88 1 581
88 1 582
88 99 550
88 99 566
88 99 580
99 95 477
99 95 478
99 95 487
99 95 488
99 95 493
99 95 495
99 95 496
99 95 497
99 95 503
99 95 504
99 95 505
99 95 520
99 95 523
99 95 525
99 95 527
99 95 528
99 95 534
99 95 535
99 95 537
99 95 538
99 95 539
99 95 540
99 62 481
99 56 483
99 25 485
99 25 486
99 51 518
99 1 523
99 1 539
99 1 547
99 1 552
99 1 554
99 1 562
99 1 566
99 1 570
99 1 571
99 1 573
99 9 547
99 9 548
74 96 529
74 96 531
74 96 532
74 96 533
74 96 534
74 96 535
74 96 536
74 96 537
74 96 538
74 96 540
74 96 546
56 9 479
56 62 502
56 62 514
56 62 515
56 62 519
56 62 521
56 62 522
56 62 523
56 62 524
56 62 541
56 109 506
56 109 512
56 109 513
56 109 547
56 31 507
56 31 508
56 31 511
56 31 522
56 31 523
56 31 524
56 90 543
109 62 460
109 62 462
109 62 508
109 62 511
109 62 512
109 62 513
109 62 539
109 31 460
109 31 461
109 31 501
109 31 508
109 31 509
109 31 512
109 31 513
109 31 519
109 31 521
109 31 522
109 31 523
109 31 524
109 34 464
109 34 467
109 34 468
109 34 469
109 34 470
109 34 471
109 34 472
109 34 478
109 34 486
109 34 487
109 34 488
109 34 490
109 34 491
109 34 492
109 34 520
109 34 528
109 34 529
109 66 470
109 66 478
109 66 490
109 66 491
109 52 481
109 52 490
109 52 492
109 52 504
109 52 546
109 95 543
109 91 543
62 34 460
62 34 461
62 34 462
62 34 470
62 34 477
62 34 478
62 34 479
62 34 486
62 34 487
62 34 490
62 34 491
62 34 493
62 34 494
62 34 495
62 34 496
62 34 506
62 34 507
62 34 509
62 34 510
62 34 511
62 34 512
62 34 533
62 34 546
62 9 506
62 17 540
62 97 716
62 97 717
62 97 721
62 97 724
62 97 730
62 97 732
62 97 733
62 97 734
62 97 742
62 97 743
62 97 745
62 97 748
62 97 749
62 97 751
62 97 752
62 6 722
31 17 614
31 17 615
31 17 616
31 17 618
31 17 619
31 17 622
31 17 625
31 17 629
31 17 634
31 17 636
31 17 662
31 87 621
31 73 621
31 73 622
31 10 622
31 59 692
31 59 693
31 59 700
31 59 701
31 59 702
31 110 715
34 52 473
34 52 474
34 52 481
34 52 482
34 52 486
34 52 487
34 52 490
34 52 491
34 52 494
34 52 495
34 52 525
34 52 526
34 52 527
34 52 528
34 52 529
34 52 530
34 52 531
34 52 532
34 52 533
34 52 534
34 52 546
34 87 841
34 87 855
34 87 856
34 87 857
34 87 858
34 87 859
34 87 878
34 87 883
34 87 884
34 87 891
34 87 892
34 87 893
34 87 895
34 87 896
34 87 897
34 87 898
34 87 899
34 87 900
34 87 901
34 87 902
34 87 903
34 87 904
34 87 905
34 87 910
34 87 911
34 87 914
34 87 927
34 87 928
34 87 929
34 87 930
34 87 936
34 87 938
34 87 946
34 87 969
34 87 970
34 87 979
34 87 1001
17 25 464
17 25 465
17 25 466
17 25 500
17 25 503
17 25 516
17 25 532
17 25 537
17 25 538
17 25 546
17 25 572
17 9 473
17 57 696
17 57 697
17 57 698
17 57 699
17 57 700
17 57 701
17 57 702
17 57 705
17 57 707
17 57 709
17 57 716
17 57 720
17 57 723
17 18 703
17 97 716
25 49 467
25 49 497
25 49 522
25 49 525
25 49 526
25 49 550
25 49 551
25 49 552
25 49 553
25 49 554
25 49 555
25 49 576
25 9 497
25 51 525
25 85 530
25 85 572
25 28 648
25 11 680
66 52 465
66 52 476
66 52 477
66 52 481
66 52 484
66 52 485
66 52 487
66 52 488
66 52 490
66 52 491
66 52 492
66 52 493
66 52 494
66 52 495
66 52 497
66 52 498
66 52 499
66 52 504
66 52 520
66 52 536
66 52 537
66 52 542
66 52 544
66 46 1123
66 46 1124
66 46 1128
66 46 1134
52 9 539
52 96 542
52 63 696
52 63 698
52 63 699
52 63 704
52 63 707
52 63 711
52 63 722
52 63 728
52 63 742
52 63 747
52 63 748
52 63 749
52 63 750
52 63 753
52 63 754
52 63 755
52 63 756
52 63 757
52 63 760
52 63 761
52 63 762
52 63 763
52 63 764
52 63 765
52 63 766
52 63 767
52 63 774
52 63 783
52 63 784
52 63 785
52 63 788
52 63 799
52 63 801
52 63 803
52 63 806
52 63 807
52 63 809
52 63 810
52 63 811
52 63 812
52 63 813
52 63 814
52 63 815
52 63 816
52 63 817
52 63 818
52 63 819
52 63 820
52 63 821
52 63 822
52 63 824
52 63 825
52 63 826
52 63 827
52 63 828
52 63 829
52 63 830
52 63 831
52 63 832
52 63 834
52 63 835
52 63 836
52 63 839
52 63 840
52 63 842
52 63 843
52 63 863
52 63 866
52 63 867
52 63 868
52 63 871
52 63 872
52 63 873
52 63 884
52 63 885
52 63 886
52 63 887
52 63 888
52 63 889
52 63 890
52 63 895
52 63 898
52 63 899
52 63 900
52 63 901
52 63 902
52 63 903
52 63 908
52 63 909
52 63 914
52 63 920
52 63 924
52 63 926
52 63 929
52 63 931
52 63 934
52 110 718
52 85 877
52 85 884
52 12 884
52 82 930
49 15 469
49 15 474
49 15 488
49 15 489
49 15 490
49 15 491
49 15 492
49 15 493
49 15 528
49 15 554
49 15 555
49 15 556
49 15 575
49 9 474
49 9 496
49 9 537
49 91 556
49 97 718
49 97 719
49 7 934
28 15 467
28 15 501
28 15 502
28 15 505
28 15 508
28 15 509
28 15 512
28 15 513
28 15 514
28 15 515
28 15 544
28 15 545
28 15 547
28 9 468
28 9 485
28 9 528
28 91 576
28 57 599
28 57 608
28 57 614
28 57 616
28 57 671
28 57 672
28 57 679
28 57 681
28 57 682
28 57 683
28 57 684
28 57 686
28 57 700
28 57 701
28 57 702
28 57 711
28 57 714
28 57 716
28 57 720
28 57 721
28 57 722
28 57 723
28 54 621
28 97 714
28 97 715
15 9 572
15 9 575
15 85 572
15 85 575
15 96 577
9 51 496
9 51 535
9 51 536
9 51 569
9 46 523
9 46 575
9 90 545
9 90 547
9 90 549
9 90 561
9 90 562
9 95 546
85 1 479
85 1 517
85 1 518
85 63 734
85 69 734
85 69 735
85 69 736
85 69 742
85 12 734
85 12 738
85 12 739
85 12 740
85 12 743
85 12 744
85 12 759
85 12 760
85 12 763
85 12 777
85 12 782
85 12 784
85 12 785
85 12 786
85 12 791
85 12 792
85 12 795
85 12 798
85 12 800
85 12 802
85 12 803
85 12 804
85 12 806
85 12 808
85 12 814
85 12 821
85 12 823
85 12 825
85 12 826
85 12 828
85 12 830
85 12 832
85 12 833
85 12 834
85 12 841
85 12 842
85 12 854
85 12 857
85 12 858
85 12 859
85 12 862
85 12 863
85 12 864
85 12 870
85 12 871
85 12 873
85 12 878
85 12 883
85 12 890
85 12 891
85 12 895
85 6 744
85 6 754
85 6 755
85 6 756
85 6 757
85 6 759
85 6 760
85 6 762
85 6 765
85 6 766
85 6 772
85 6 773
85 6 887
85 6 890
85 6 891
85 6 893
85 6 895
1 95 477
1 95 487
1 95 505
1 95 524
1 95 525
1 95 528
1 95 529
1 95 530
1 95 531
1 95 532
1 95 546
1 95 577
1 95 579
1 90 521
1 90 547
1 96 562
95 90 749
95 90 893
95 90 894
95 6 769
95 6 773
95 6 774
95 6 775
95 6 776
95 6 777
95 6 778
95 6 779
95 6 781
95 6 782
95 6 783
95 6 784
95 6 785
95 6 792
95 6 793
95 6 794
95 6 800
95 6 808
95 6 819
95 6 820
95 6 821
95 6 824
95 6 826
95 6 830
95 6 850
95 6 854
95 6 855
95 6 867
95 6 893
95 6 894
95 12 772
95 12 777
95 12 778
95 12 893
95 12 894
95 4 773
95 4 774
95 4 775
95 4 776
95 4 777
95 4 778
95 4 779
95 4 783
95 4 786
95 4 787
95 4 788
95 4 789
95 4 790
95 4 791
95 4 792
95 4 793
95 4 794
95 4 795
95 86 788
95 86 789
95 86 790
95 97 790
95 107 795
51 92 596
51 92 598
51 92 601
51 92 603
51 92 608
51 92 609
51 92 611
51 92 612
51 92 615
51 92 616
51 92 617
51 92 624
51 92 632
51 92 633
51 92 638
51 92 639
51 92 641
51 92 642
51 92 656
51 92 657
51 92 665
51 92 716
51 92 732
51 92 733
51 92 738
51 92 739
51 92 761
51 11 598
51 11 601
51 11 607
51 10 617
51 10 628
51 10 632
51 10 633
90 12 735
90 12 736
90 12 742
90 12 745
90 12 749
90 12 750
90 12 758
90 12 761
90 12 762
90 12 767
90 12 770
90 12 778
90 12 783
90 12 790
90 12 793
90 12 794
90 12 796
90 12 799
90 12 801
90 12 805
90 12 807
90 12 811
90 12 812
90 12 813
90 12 816
90 12 819
90 12 820
90 12 822
90 12 824
90 12 827
90 12 831
90 12 837
90 12 852
90 12 856
90 12 868
90 12 869
90 12 872
90 12 879
90 12 885
90 12 886
90 12 887
90 12 893
90 12 894
90 57 750
90 6 750
90 6 758
90 6 761
90 6 764
90 6 767
90 6 894
46 107 1124
96 87 944
91 63 934
91 7 992
91 7 1012
91 7 1013
91 7 1014
91 7 1015
91 7 1016
91 7 1017
91 7 1018
91 7 1019
91 7 1020
91 7 1021
91 7 1024
91 7 1025
91 7 1027
91 7 1030
91 7 1031
91 7 1032
91 7 1033
91 7 1034
91 7 1035
91 7 1036
91 7 1037
91 7 1053
91 7 1054
91 7 1070
91 7 1071
91 7 1072
91 7 1073
91 7 1074
91 7 1075
91 7 1076
91 7 1077
91 7 1081
91 7 1082
91 7 1083
91 7 1084
91 7 1085
91 7 1086
91 7 1105
91 7 1108
59 18 591
59 18 592
59 18 593
59 18 612
59 18 614
59 18 615
59 18 624
59 18 626
59 18 627
59 18 631
59 18 632
59 18 636
59 18 639
59 18 640
59 18 647
59 18 648
59 18 652
59 18 657
59 18 659
59 18 659
59 18 661
59 18 662
59 18 663
59 18 664
59 18 665
59 18 678
59 18 681
59 18 682
59 18 685
59 18 686
59 18 691
59 18 692
59 18 693
59 18 694
59 18 696
59 18 704
59 18 707
59 18 708
18 54 592
18 54 595
18 54 599
18 54 600
18 54 601
18 54 602
18 54 603
18 54 606
18 54 609
18 54 610
18 54 611
18 54 614
18 54 615
18 54 621
18 54 624
18 54 628
18 54 630
18 54 632
18 54 633
18 54 635
18 54 636
18 54 640
18 54 642
18 54 645
18 54 655
18 54 657
18 54 672
18 54 675
18 54 676
18 54 679
18 54 697
18 54 701
18 54 704
18 54 706
18 54 707
18 54 708
18 58 623
18 10 627
18 87 628
54 87 593
54 87 610
54 87 618
54 87 620
54 87 623
54 87 636
54 87 637
54 87 640
54 87 644
54 87 646
54 87 647
54 87 652
54 87 660
54 87 676
54 87 678
54 87 679
54 87 717
54 87 735
54 87 737
54 87 740
54 87 741
54 87 750
54 87 758
54 87 759
54 87 760
54 87 762
54 73 593
54 73 596
54 73 597
54 73 600
54 73 603
54 73 606
54 73 610
54 73 612
54 73 613
54 73 616
54 73 618
54 73 619
54 73 620
54 73 621
54 73 622
54 73 623
54 73 625
54 73 629
54 73 632
54 73 636
54 73 643
54 73 657
54 73 728
54 73 747
54 73 753
54 73 757
54 73 759
54 73 760
54 73 761
54 10 593
54 10 594
54 10 612
54 10 613
54 10 616
54 10 618
54 10 619
54 10 625
54 10 629
54 10 636
54 10 637
54 10 640
54 10 644
54 10 645
54 10 658
54 10 665
54 10 673
54 10 675
54 10 682
54 10 685
54 10 731
54 10 732
54 10 733
54 10 738
54 10 739
54 10 750
54 10 751
54 10 760
54 10 761
54 11 596
54 11 600
54 11 610
54 11 616
54 11 638
54 11 639
54 11 640
54 11 641
54 11 646
54 11 656
54 11 674
54 11 732
54 11 740
54 11 754
54 11 756
54 11 760
54 11 761
54 11 762
54 57 698
10 11 592
10 11 601
10 11 617
10 11 636
10 11 637
10 11 652
10 11 679
10 11 732
10 11 736
10 11 738
10 11 760
10 11 761
10 87 592
10 87 593
10 87 598
10 87 613
10 87 615
10 87 617
10 87 621
10 87 623
10 87 624
10 87 630
10 87 640
10 87 644
10 87 650
10 87 652
10 87 661
10 87 719
10 87 734
10 87 735
10 87 737
10 87 740
10 87 760
10 73 594
10 73 603
10 73 612
10 73 613
10 73 615
10 73 627
10 73 628
10 73 630
10 73 632
10 73 635
10 73 643
10 73 649
10 73 650
10 73 720
10 73 747
10 73 748
10 73 749
10 73 751
10 73 760
10 73 761
10 92 597
10 92 612
10 92 616
10 92 618
10 92 619
10 92 620
10 92 625
10 92 626
10 92 627
10 92 632
10 92 633
10 92 634
10 92 637
10 92 638
10 92 639
10 92 653
10 92 665
10 92 674
10 92 730
10 92 732
10 92 733
10 92 736
10 92 738
10 92 739
10 92 750
10 92 761
10 69 685
10 69 692
11 73 594
11 73 596
11 73 598
11 73 612
11 73 613
11 73 617
11 73 633
11 73 636
11 73 651
11 73 662
11 73 740
11 73 759
11 73 760
11 73 761
11 92 597
11 92 638
11 92 665
11 92 684
11 92 736
11 92 738
11 92 744
11 92 761
11 87 609
11 87 617
11 87 636
11 87 640
11 87 644
11 87 655
11 87 688
11 87 728
11 87 735
11 87 737
11 87 740
11 87 760
11 87 762
87 57 614
87 63 902
73 92 595
73 92 596
73 92 597
73 92 602
73 92 604
73 92 605
73 92 606
73 92 607
73 92 608
73 92 609
73 92 610
73 92 611
73 92 612
73 92 614
73 92 615
73 92 616
73 92 617
73 92 620
73 92 621
73 92 622
73 92 623
73 92 624
73 92 628
73 92 629
73 92 630
73 92 631
73 92 633
73 92 634
73 92 635
73 92 649
73 92 650
73 92 651
73 92 657
73 92 662
73 92 663
73 92 720
73 92 732
73 92 739
73 92 744
73 92 756
73 92 761
73 57 614
73 4 733
57 63 712
57 63 713
57 63 714
57 63 715
92 110 735
92 110 751
92 110 752
92 110 753
92 110 754
92 110 755
92 110 757
92 110 758
92 110 759
92 110 760
92 110 763
92 110 764
92 110 765
92 110 766
92 110 770
92 110 775
92 110 777
92 110 778
92 110 781
92 110 782
92 110 787
92 110 788
92 110 790
92 110 791
92 110 796
92 110 797
92 110 798
92 86 735
92 86 737
92 86 751
92 86 752
92 86 756
92 86 758
92 86 759
92 86 760
92 86 761
92 86 762
92 86 763
92 86 764
92 86 765
92 86 766
92 86 770
92 86 771
92 86 772
92 86 776
92 86 777
92 86 778
92 86 779
92 86 780
92 86 781
92 86 783
92 86 784
92 86 785
92 86 786
92 86 790
92 86 791
92 86 793
92 86 797
63 97 705
63 12 730
63 12 731
63 12 733
63 12 876
58 69 737
58 69 741
58 69 742
82 69 662
69 110 727
69 110 728
69 110 729
69 12 730
69 12 731
69 12 732
69 12 733
69 12 737
6 12 745
6 12 761
6 12 766
6 12 770
6 12 771
6 12 772
6 12 773
6 12 775
6 12 776
6 12 777
6 12 778
6 12 886
6 12 890
6 12 891
6 12 893
6 12 894
6 12 895
6 4 779
6 4 795
6 107 795
97 110 697
97 110 701
97 110 703
97 110 707
97 110 708
97 110 709
97 110 711
97 110 712
97 110 713
97 110 714
97 110 715
97 110 716
97 110 718
97 110 719
97 110 720
97 110 723
97 110 724
97 110 727
97 110 730
97 110 732
97 110 733
97 110 734
97 110 739
97 12 784
110 12 784
107 4 723
107 4 725
107 4 726
107 4 727
107 4 728
107 4 729
107 4 730
107 4 733
107 4 734
107 4 736
107 4 738
107 4 739
107 4 744
107 4 759
107 4 762
107 4 765
107 4 775
107 4 785
107 4 787
107 4 789
107 4 791
107 4 818
107 4 824
107 4 825
107 4 828
107 4 840
107 4 841
107 4 842
107 4 843
107 4 845
107 4 848
107 4 869
107 4 1002
107 4 1003
107 4 1004
107 4 1005
107 4 1007
107 4 1009
107 4 1010
107 4 1012
107 4 1017
107 4 1024
107 4 1025
107 4 1026
107 4 1028
107 4 1031
107 4 1032
4 12 778
86 12 729
86 12 730
86 12 785
86 7 935
86 7 936
86 7 938
86 7 939
86 7 945
86 7 946
86 7 949
86 7 954
86 7 955
86 7 956
86 7 957
86 7 964
86 7 965
86 7 966
86 7 967
86 7 968
86 7 969
86 7 970
86 7 971
86 7 972
86 7 973
86 7 974
86 7 978
86 7 979
86 7 980
86 7 981
86 7 982
86 7 983
86 7 984
86 7 985
86 7 986
86 7 987
86 7 988
86 7 989
86 7 991
86 7 1038
86 7 1039
86 7 1040
86 7 1041
86 7 1042
86 7 1043
86 7 1051
86 7 1052
86 7 1060
86 7 1062
86 7 1063
86 7 1064
86 7 1066
86 7 1067
86 7 1087
86 7 1088
86 7 1089
86 7 1090
86 7 1091
86 7 1092
86 7 1093
86 7 1094
86 7 1095
86 7 1096
86 7 1097
86 7 1098
86 7 1099
86 7 1100
86 7 1101
86 7 1102
86 7 1103
86 7 1104
86 7 1106
86 7 1107
86 7 1109
86 7 1114
86 7 1117
86 7 1124
86 7 1125
