78 60 0
78 60 1
78 60 2
78 60 4
78 60 6
78 60 7
78 60 8
78 60 9
78 60 10
78 60 11
78 60 13
78 23 1104
78 23 1125
78 23 1127
78 23 1173
78 23 1183
78 23 1217
78 23 1254
78 23 1261
78 23 1271
78 23 1272
78 23 1273
78 23 1274
78 23 1275
78 90 1250
60 100 740
60 100 779
60 100 818
60 9 741
60 9 743
60 9 745
60 9 751
60 9 752
60 9 753
60 9 758
60 9 759
60 9 760
60 9 769
60 9 779
60 9 780
60 9 782
60 9 783
60 9 788
60 9 789
60 9 794
60 9 795
60 9 796
60 9 797
60 9 798
60 9 799
60 9 800
60 9 802
60 9 803
60 9 804
60 9 805
60 9 814
60 9 815
60 9 817
60 9 818
60 9 821
60 9 822
60 9 825
60 9 826
60 9 827
60 9 837
60 9 838
60 9 839
60 9 840
60 9 843
60 9 844
60 9 845
60 9 855
60 9 856
60 9 859
60 9 860
60 9 862
60 9 863
60 23 743
60 23 749
60 23 757
60 23 758
60 23 787
60 23 788
60 23 792
60 23 806
60 23 829
60 23 830
60 23 840
60 86 756
60 86 841
60 86 844
60 86 845
60 52 828
60 3 862
61 80 5
61 80 12
61 80 15
61 80 16
61 80 17
61 80 19
61 80 20
61 80 21
61 80 26
61 80 27
61 80 28
61 80 35
61 80 36
61 80 37
61 80 38
61 80 39
61 80 40
61 80 41
61 80 42
61 80 44
61 80 45
61 80 61
61 80 62
61 80 63
61 80 64
61 80 65
61 80 72
61 80 73
61 80 74
61 80 75
61 80 76
61 80 77
61 80 79
61 38 387
80 15 1203
80 15 1213
80 15 1216
80 15 1217
80 15 1218
80 15 1219
80 15 1220
80 15 1221
80 15 1222
80 15 1223
80 15 1240
80 15 1246
80 15 1247
80 104 1322
80 104 1323
80 104 1326
80 104 1331
80 104 1336
80 104 1345
80 104 1361
80 104 1364
80 104 1370
11 97 15
11 97 16
11 97 19
11 97 20
11 97 28
11 97 29
11 97 31
11 97 47
11 97 78
11 97 79
11 64 19
11 64 29
11 64 35
11 64 41
11 64 592
11 64 594
11 64 595
11 64 599
11 64 600
11 64 605
11 64 613
11 64 614
11 64 616
11 64 617
11 64 622
11 64 623
11 64 625
11 64 627
11 64 628
11 64 629
11 64 630
11 64 658
11 64 659
11 64 663
11 64 664
11 64 665
11 64 667
11 64 671
11 64 673
11 64 676
11 64 678
11 64 679
11 64 680
11 64 681
11 64 682
11 64 683
11 71 592
11 71 598
11 71 604
11 71 607
11 71 622
11 71 624
11 71 664
11 6 593
11 6 663
11 33 622
97 65 17
97 65 18
97 65 20
97 65 22
97 65 30
97 65 78
97 65 79
97 47 22
97 47 23
97 47 24
97 47 26
97 47 27
97 47 33
97 47 47
97 47 48
97 47 78
97 47 79
97 0 75
97 22 511
97 22 514
97 22 516
97 22 520
97 22 526
97 22 532
97 22 563
97 22 581
97 62 544
97 62 549
97 62 550
47 7 16
47 7 22
47 7 28
47 7 29
47 7 30
47 7 60
47 7 70
47 7 78
47 7 79
47 64 23
47 64 27
47 64 47
47 6 654
47 6 655
47 6 665
47 6 683
47 6 684
47 6 688
47 6 691
47 6 692
47 6 693
47 6 695
47 6 696
47 6 700
47 6 701
47 6 703
47 6 705
47 6 706
47 6 707
47 6 710
47 6 724
47 6 725
47 6 726
47 6 727
47 6 728
47 6 749
47 6 751
47 68 658
47 68 659
47 68 661
47 68 663
47 68 678
47 68 680
47 68 681
47 68 684
47 68 690
47 68 693
47 68 697
47 68 699
47 68 700
47 68 703
47 68 711
47 68 712
47 68 714
47 68 724
47 68 749
47 30 685
47 30 732
47 34 685
47 34 698
47 34 699
47 34 700
47 34 703
47 34 704
47 34 705
47 34 707
47 34 709
47 34 715
47 34 717
47 34 721
47 34 723
7 65 18
7 65 21
7 65 28
7 65 30
7 65 33
7 65 34
7 65 36
7 65 37
7 65 38
7 65 40
7 65 43
7 65 45
7 65 63
7 65 72
7 65 76
7 65 78
7 65 79
7 95 51
7 95 59
7 95 65
7 13 845
7 13 892
7 28 845
7 28 847
7 28 868
7 28 869
7 28 870
7 28 872
7 28 891
7 28 896
7 28 897
7 28 898
7 28 900
7 28 903
7 28 905
7 28 906
7 28 914
7 42 845
7 42 846
7 42 892
7 42 914
7 34 846
7 34 847
7 44 846
7 44 867
7 44 875
7 44 876
7 44 879
7 44 898
7 44 914
65 45 22
65 45 25
65 45 28
65 45 30
65 45 46
65 45 79
65 48 330
65 48 334
65 48 340
65 48 343
65 48 344
65 48 348
65 48 351
65 48 354
65 48 355
65 37 334
65 82 348
65 82 351
65 74 350
65 74 351
64 95 23
64 95 47
64 95 48
64 95 49
64 95 51
64 95 52
64 95 53
64 95 54
64 95 55
64 95 59
64 95 77
64 69 592
64 69 597
64 69 598
64 69 604
64 69 605
64 69 614
64 69 617
64 69 621
64 69 622
64 69 623
64 69 624
64 69 638
64 69 639
64 69 640
64 69 641
64 69 642
64 69 643
64 69 644
64 69 645
64 69 646
64 69 664
64 69 674
64 69 678
64 69 680
64 2 592
64 2 623
64 31 622
64 31 623
64 27 622
64 8 689
64 12 689
64 12 691
64 12 692
64 12 698
64 12 700
64 12 707
64 12 714
64 12 717
64 12 725
64 12 726
64 12 727
64 12 728
64 12 729
64 12 732
64 12 733
64 12 734
64 12 735
64 12 736
64 12 737
64 12 738
64 12 740
64 12 741
64 12 751
64 12 754
64 12 760
64 12 764
64 12 768
64 12 785
64 40 690
45 95 49
45 50 83
45 50 87
45 50 106
45 29 87
45 89 106
95 102 1159
95 102 1162
95 102 1182
95 102 1194
95 102 1211
95 102 1234
95 102 1235
95 102 1236
95 102 1241
95 102 1242
54 57 36
54 57 39
54 57 40
54 57 41
54 57 47
54 57 54
54 57 55
54 57 58
54 57 62
54 57 67
54 57 75
54 57 88
54 57 90
54 57 93
54 57 124
54 57 127
54 57 146
54 57 147
54 57 150
54 57 155
54 57 156
54 57 157
54 57 184
54 57 188
54 57 197
54 57 199
54 57 200
54 57 201
54 57 202
54 57 203
54 57 204
54 57 205
54 57 206
54 57 207
54 57 208
54 57 210
54 57 211
54 57 212
54 57 213
54 57 214
54 57 215
54 57 216
54 57 218
54 21 178
54 33 178
54 33 181
54 62 383
54 62 390
54 62 396
54 62 419
54 62 461
54 62 462
54 62 463
54 62 466
54 62 467
54 62 472
54 62 474
54 62 482
54 62 484
54 62 489
54 88 387
54 38 461
54 75 469
54 59 473
57 87 218
57 87 219
57 34 769
57 71 770
57 71 860
57 71 861
57 71 895
74 35 55
74 35 76
74 35 78
74 35 141
74 35 156
74 35 157
74 35 159
74 35 187
74 35 190
74 35 193
74 35 195
74 35 217
74 35 218
74 35 219
74 35 220
74 35 221
74 35 223
74 35 224
74 35 225
74 35 226
74 35 227
74 35 229
74 35 230
74 35 233
74 35 234
74 35 239
74 35 289
74 35 294
74 35 295
74 35 296
74 35 308
74 35 320
74 35 322
74 35 329
74 35 340
74 35 345
74 35 346
74 35 350
74 38 58
74 38 76
74 38 107
74 38 114
74 38 180
74 38 181
74 38 191
74 38 194
74 38 196
74 38 230
74 38 231
74 38 239
74 38 271
74 83 76
74 83 86
74 83 157
74 83 181
74 83 187
74 83 193
74 83 218
74 83 219
74 83 220
74 83 221
74 83 223
74 21 78
74 21 177
74 21 178
74 33 156
74 33 159
74 33 174
74 33 175
74 33 176
74 33 177
74 33 187
74 33 190
74 33 340
74 53 178
74 84 345
74 84 346
74 84 350
74 46 350
74 2 682
74 2 683
74 2 684
74 2 687
74 2 688
74 2 697
74 2 698
74 2 712
74 2 713
74 2 716
74 2 718
74 2 720
74 2 721
74 2 722
74 15 683
35 83 56
35 83 58
35 83 67
35 83 73
35 83 76
35 83 139
35 83 146
35 83 155
35 83 158
35 83 160
35 83 191
35 83 192
35 83 228
35 83 238
35 83 254
35 83 260
35 83 270
35 83 271
35 83 274
35 83 279
35 83 282
35 83 284
35 83 290
35 83 291
35 83 293
35 83 296
35 83 297
35 72 56
35 72 59
35 72 76
35 72 113
35 72 114
35 72 155
35 72 186
35 72 191
35 72 235
35 72 236
35 72 238
35 72 254
35 72 255
35 72 256
35 72 257
35 72 258
35 38 58
35 38 61
35 38 104
35 38 117
35 38 131
35 38 154
35 38 156
35 38 186
35 38 187
35 38 332
35 81 60
35 81 62
35 81 70
35 81 71
35 81 72
35 81 267
35 81 269
35 81 270
35 24 65
35 24 67
35 24 69
35 21 67
35 21 68
35 21 139
35 21 140
35 21 155
35 41 71
35 41 72
35 53 180
35 84 305
35 84 309
35 84 311
35 84 312
35 84 325
35 84 328
35 84 332
35 84 339
35 10 332
35 58 332
35 14 333
35 82 333
35 82 335
35 82 336
35 82 339
35 82 340
35 82 341
35 82 346
35 82 347
35 82 348
35 82 350
35 82 351
35 82 352
35 66 335
35 66 347
35 66 352
35 48 336
35 48 347
35 48 348
35 48 350
35 48 351
35 48 352
83 24 62
83 24 93
83 24 98
83 24 141
83 37 63
83 37 64
83 37 76
83 37 77
83 37 83
83 37 84
83 37 85
83 37 86
83 37 87
83 37 88
83 37 89
83 37 91
83 37 92
83 37 93
83 37 94
83 37 95
83 37 97
83 37 98
83 37 100
83 37 139
83 37 141
83 37 153
83 37 154
83 37 155
83 37 157
83 37 178
83 37 179
83 37 181
83 37 182
83 37 183
83 37 184
83 37 185
83 37 186
83 37 187
83 37 188
83 37 190
83 37 196
83 37 204
83 37 205
83 37 206
83 37 207
83 37 208
83 37 209
83 37 211
83 37 212
83 37 213
83 37 214
83 37 217
83 37 218
83 37 219
83 37 220
83 37 221
83 37 222
83 37 223
83 37 224
83 37 226
83 37 227
83 37 229
83 37 230
83 37 232
83 37 237
83 37 238
83 37 257
83 37 258
83 37 261
83 37 268
83 41 63
83 41 64
83 4 210
83 8 268
83 39 380
83 39 392
83 39 414
83 39 440
83 39 443
83 39 447
83 39 455
83 39 476
83 92 380
83 36 380
83 36 391
83 36 392
83 36 464
83 36 484
72 37 56
72 37 57
72 37 58
72 37 59
72 37 60
72 37 61
72 37 62
72 37 63
72 37 64
72 37 65
72 37 66
72 37 69
72 37 79
72 37 80
72 37 81
72 37 82
72 37 83
72 37 84
72 37 85
72 37 86
72 37 87
72 37 88
72 37 89
72 37 90
72 37 91
72 37 92
72 37 93
72 37 94
72 37 105
72 37 106
72 37 107
72 37 113
72 37 117
72 37 118
72 37 119
72 37 120
72 37 121
72 37 140
72 37 151
72 37 152
72 37 153
72 37 155
72 37 158
72 37 186
72 37 191
72 37 192
72 37 194
72 37 196
72 37 214
72 37 222
72 37 228
72 37 231
72 37 232
72 37 235
72 37 236
72 37 238
72 37 258
72 37 260
72 37 264
72 37 265
72 37 266
72 37 267
72 37 268
72 37 279
72 37 281
72 37 282
72 37 283
72 37 285
72 37 286
72 37 287
72 37 288
72 37 290
72 37 291
72 37 292
72 37 293
72 37 297
72 37 298
72 37 299
72 37 300
72 37 304
72 37 305
72 37 310
72 37 314
72 37 316
72 37 318
72 37 319
72 37 321
72 37 323
72 37 325
72 37 326
72 37 327
72 37 328
72 37 330
72 37 332
72 37 333
72 37 335
72 37 336
72 37 337
72 37 347
72 37 348
72 37 349
72 37 351
72 37 352
72 37 353
72 41 56
72 41 57
72 41 108
72 41 109
72 41 110
72 41 111
72 41 113
72 41 116
72 41 118
72 41 119
72 41 258
72 41 707
72 41 708
72 41 710
72 41 711
72 41 712
72 41 714
72 41 717
72 41 718
72 41 721
72 41 730
72 41 732
72 41 735
72 41 736
72 41 737
72 41 738
72 41 739
72 41 740
72 81 58
72 81 62
72 81 69
72 81 70
72 81 83
72 81 84
72 81 85
72 81 87
72 81 88
72 81 91
72 81 114
72 81 115
72 81 179
72 81 180
72 81 185
72 81 186
72 81 196
72 81 222
72 81 257
72 81 258
72 81 274
72 24 72
72 24 92
72 24 93
72 24 134
72 24 135
72 4 121
72 82 333
72 82 336
72 82 347
72 82 348
72 82 349
72 82 351
72 82 352
72 48 336
72 48 337
72 48 338
72 48 339
72 48 347
72 48 348
72 48 349
72 48 351
72 48 352
72 48 353
72 66 347
72 66 352
72 66 353
72 34 746
72 34 747
37 38 56
37 38 57
37 38 58
37 38 63
37 38 69
37 38 73
37 38 74
37 38 75
37 38 79
37 38 80
37 38 102
37 38 105
37 38 107
37 38 113
37 38 117
37 38 118
37 38 119
37 38 120
37 38 121
37 38 125
37 38 151
37 38 152
37 38 153
37 38 154
37 38 177
37 38 182
37 38 186
37 38 189
37 38 192
37 38 193
37 38 195
37 38 198
37 38 204
37 38 208
37 38 227
37 38 228
37 38 229
37 38 230
37 38 231
37 38 261
37 38 266
37 38 269
37 38 274
37 38 275
37 38 276
37 38 277
37 38 278
37 38 288
37 38 296
37 38 297
37 38 301
37 38 314
37 38 315
37 38 316
37 38 318
37 38 320
37 38 321
37 38 324
37 38 330
37 33 63
37 33 77
37 33 141
37 33 148
37 33 159
37 33 187
37 33 207
37 33 218
37 33 233
37 33 234
37 33 237
37 33 239
37 33 271
37 33 273
37 33 334
37 21 64
37 21 66
37 21 68
37 21 76
37 21 77
37 21 78
37 21 88
37 21 89
37 21 91
37 21 92
37 21 93
37 21 94
37 21 97
37 21 98
37 21 118
37 21 119
37 21 120
37 21 125
37 21 132
37 21 133
37 21 136
37 21 137
37 21 139
37 21 141
37 21 142
37 21 143
37 21 147
37 21 148
37 21 149
37 21 151
37 21 152
37 21 153
37 21 154
37 21 155
37 21 156
37 4 216
37 46 337
37 46 338
37 46 349
37 84 345
37 84 349
37 50 871
37 50 872
37 50 875
37 50 877
37 50 878
37 50 881
37 50 883
37 50 884
37 50 885
37 50 886
37 50 887
37 50 888
37 50 889
37 50 890
37 50 892
37 50 893
37 50 894
37 50 895
37 50 897
37 50 898
37 50 907
37 50 921
37 50 925
37 9 892
37 9 894
37 9 898
37 9 899
37 9 905
37 9 916
37 9 920
37 9 922
37 89 932
37 89 945
37 89 946
37 89 947
37 89 948
38 81 60
38 81 61
38 81 83
38 81 85
38 81 116
38 81 141
38 81 177
38 81 180
38 81 181
38 81 182
38 81 186
38 81 189
38 81 234
38 81 235
38 81 238
38 81 258
38 24 66
38 24 67
38 24 68
38 24 69
38 24 88
38 24 92
38 24 97
38 24 98
38 24 117
38 24 152
38 24 154
38 24 155
38 24 156
38 39 380
38 39 382
38 39 384
38 39 389
38 39 390
38 39 395
38 39 426
38 39 439
38 39 440
38 39 441
38 39 448
38 39 456
38 39 461
38 39 462
38 39 464
38 39 465
38 39 471
38 39 475
38 39 476
38 39 482
38 39 483
38 39 494
38 18 384
38 18 388
38 18 392
38 18 393
38 18 397
38 18 428
38 18 454
38 18 455
38 18 459
38 18 478
38 18 480
38 18 481
38 92 393
38 73 408
38 73 468
38 85 439
38 85 440
38 85 448
38 85 472
38 85 478
38 46 498
38 19 540
38 19 542
38 19 544
38 19 548
38 19 549
38 19 555
38 19 559
38 19 595
38 19 597
38 19 622
38 19 624
41 36 748
81 33 57
81 33 59
81 33 60
81 33 61
81 33 62
81 33 69
81 33 70
81 33 71
81 33 72
81 33 74
81 33 75
81 33 77
81 33 105
81 33 110
81 33 111
81 33 112
81 33 113
81 33 115
81 33 116
81 33 117
81 33 144
81 33 145
81 33 159
81 33 187
81 33 193
81 33 229
81 33 230
81 33 233
81 33 237
81 33 258
81 33 259
81 33 262
81 33 264
81 33 273
81 33 280
81 33 281
81 33 283
81 33 285
81 33 286
81 33 287
81 33 288
81 33 289
81 33 292
81 33 294
81 33 295
81 50 64
81 27 1008
81 27 1009
81 27 1030
81 27 1038
81 27 1040
81 27 1081
81 27 1082
81 27 1083
81 27 1087
81 27 1088
81 27 1089
81 27 1090
81 27 1091
81 27 1092
81 27 1094
81 27 1095
81 27 1099
81 27 1101
81 27 1102
81 27 1117
81 27 1121
81 27 1123
33 24 65
33 24 156
33 24 176
33 24 177
33 58 177
33 82 301
33 82 302
33 82 306
33 82 307
33 82 308
33 82 310
33 82 313
33 82 314
33 82 315
33 82 316
33 82 317
33 82 318
33 82 320
33 82 321
33 82 324
33 82 326
33 82 327
33 82 330
33 82 333
33 82 340
33 82 341
33 67 533
33 67 535
33 67 539
33 67 548
33 67 549
33 67 550
33 67 552
33 67 560
33 67 574
33 67 575
33 67 581
33 67 596
33 2 539
33 2 544
33 2 545
33 2 548
33 2 549
33 2 550
33 2 581
33 68 545
33 46 551
33 46 558
33 46 584
33 46 589
33 46 617
33 46 623
33 27 581
24 79 991
24 79 993
24 79 994
24 79 995
24 79 999
24 79 1000
24 79 1001
24 79 1004
24 79 1005
24 79 1006
24 79 1010
24 79 1018
24 79 1020
24 79 1021
24 79 1025
24 79 1026
24 79 1028
24 79 1029
24 79 1035
24 79 1037
24 79 1065
24 79 1071
24 79 1072
24 79 1073
24 79 1074
24 79 1075
24 79 1076
24 79 1077
24 79 1078
24 79 1079
24 79 1080
24 79 1084
24 79 1085
24 79 1086
24 79 1093
24 79 1096
24 79 1098
24 79 1110
32 43 63
32 50 68
32 49 660
32 49 665
32 49 666
32 49 667
32 49 668
32 49 669
32 49 672
32 49 673
32 49 674
32 49 675
32 49 686
32 49 687
32 49 688
32 49 689
32 49 690
32 49 692
32 49 694
32 49 696
32 49 697
32 49 702
32 49 706
32 49 708
32 49 710
32 49 712
32 49 713
32 49 716
32 49 718
32 49 730
32 49 731
32 49 740
32 49 742
32 49 743
32 49 749
32 68 660
32 68 666
32 68 668
32 68 673
32 68 674
32 68 675
32 68 689
32 68 695
32 68 696
32 68 697
32 68 698
32 68 703
32 68 704
32 68 711
32 68 730
32 68 731
32 68 733
32 68 749
32 6 669
32 6 673
32 6 674
32 6 675
32 6 676
32 6 677
32 6 682
32 6 687
32 6 688
32 6 689
32 6 690
32 6 692
32 6 696
32 6 697
32 6 698
32 6 699
32 6 700
32 6 701
32 6 702
32 6 703
32 6 704
32 6 705
32 6 706
32 6 707
32 6 708
32 6 710
32 6 711
32 6 730
32 6 731
32 6 733
32 6 734
32 6 749
32 6 750
32 30 675
32 30 676
32 30 677
32 30 678
32 30 679
32 30 682
32 30 684
32 30 725
32 30 731
32 30 749
43 51 63
43 86 75
43 55 746
43 55 747
43 70 746
43 70 747
43 34 746
43 34 747
43 93 746
51 99 193
51 6 590
51 12 590
51 42 590
51 42 592
21 36 504
21 36 505
21 36 506
21 36 507
21 36 509
21 36 510
21 36 511
21 36 512
21 36 513
21 36 518
21 36 519
21 36 520
21 36 521
21 36 522
21 36 523
21 36 524
21 36 525
21 36 526
21 36 530
21 36 531
21 36 532
21 36 534
21 36 536
21 36 539
21 36 541
21 36 543
21 36 545
21 36 546
21 36 547
21 36 552
21 36 557
21 36 558
21 36 560
21 36 562
21 36 563
21 36 565
21 36 566
21 36 570
21 36 585
21 36 588
21 36 589
21 36 590
21 36 591
21 36 592
21 36 593
21 36 594
21 36 596
21 36 600
21 36 612
21 36 618
21 36 619
21 36 625
21 36 626
21 36 627
21 36 628
21 36 629
21 36 630
21 36 632
21 36 633
50 86 76
50 86 77
50 86 81
50 86 104
50 86 105
50 86 106
50 5 892
50 5 898
50 5 899
50 5 900
50 5 902
50 5 904
50 5 916
50 5 928
50 5 937
50 5 949
50 5 951
50 5 954
50 14 903
50 14 907
50 14 921
50 14 930
50 14 934
50 14 951
50 14 952
50 14 953
86 29 72
86 29 74
86 29 96
86 29 106
86 3 748
86 3 753
86 3 762
86 3 763
86 3 764
86 3 772
86 3 777
86 3 779
86 3 780
86 3 782
86 3 783
86 3 784
86 3 787
86 3 788
86 3 798
86 3 804
86 3 807
86 3 813
86 3 837
86 3 838
86 98 748
86 98 750
86 98 759
86 98 760
86 98 763
86 98 766
86 98 772
86 98 802
86 98 804
86 26 750
86 26 759
86 26 760
86 26 761
86 26 762
86 26 764
86 26 765
86 26 766
86 26 767
86 26 770
86 26 771
86 26 773
86 26 774
86 26 776
86 26 811
86 26 813
86 26 816
86 26 824
86 26 829
86 26 839
29 0 77
29 68 449
29 68 450
29 68 451
29 68 452
29 68 484
29 68 485
29 68 492
29 68 493
29 68 494
29 68 495
29 68 496
29 68 497
29 68 498
29 68 499
29 68 500
29 68 501
29 68 502
29 68 503
29 68 504
29 68 505
29 68 506
29 68 507
29 68 509
29 68 511
29 68 512
29 68 513
29 68 517
29 68 518
29 68 519
29 68 529
29 68 530
29 68 531
29 68 532
29 68 533
29 68 534
29 68 535
29 68 536
29 68 538
29 68 539
29 68 540
29 68 545
29 68 546
29 68 547
29 68 548
29 68 549
29 68 550
29 2 544
29 2 545
29 67 545
29 31 545
0 26 739
0 26 744
0 26 824
0 26 850
0 26 854
0 26 855
0 26 858
0 26 859
0 26 860
0 26 863
0 26 864
0 84 746
0 84 750
0 84 778
0 84 781
0 84 789
0 84 857
0 84 858
0 84 860
0 84 861
0 76 747
0 76 750
0 98 756
0 98 824
0 98 856
0 98 860
58 53 89
58 53 126
58 53 128
58 53 137
58 53 145
58 53 149
58 53 151
58 53 152
58 53 153
58 53 154
58 53 159
58 53 163
58 53 166
58 53 171
58 53 174
58 53 175
58 14 241
58 14 255
58 14 268
58 14 285
58 14 289
58 14 301
58 14 306
58 14 308
58 14 313
58 14 316
58 14 318
58 14 319
58 14 324
58 14 326
58 14 330
58 14 333
58 14 336
58 14 338
58 14 347
58 14 348
58 14 352
58 14 353
58 14 410
58 14 412
58 14 413
58 14 460
58 14 473
58 14 493
58 14 500
58 14 502
58 14 503
58 14 513
58 14 515
58 14 527
58 14 528
58 14 532
58 14 533
58 14 535
58 88 289
58 88 290
58 88 291
58 88 292
58 88 293
58 88 294
58 88 301
58 88 302
58 69 408
58 62 473
58 62 480
58 62 481
58 20 477
58 5 488
53 87 218
53 20 726
53 20 730
53 20 734
4 17 102
4 17 130
4 17 131
4 17 138
4 17 139
4 17 140
4 17 141
4 17 142
4 17 144
4 17 145
4 17 146
4 17 150
4 17 151
4 17 152
4 17 153
4 17 154
4 17 155
4 17 156
4 17 158
4 17 159
4 17 162
4 17 163
4 17 164
4 17 165
4 17 166
4 17 167
4 17 168
4 17 169
4 17 170
4 17 171
4 17 172
4 17 173
4 17 174
4 17 175
4 17 176
4 17 177
4 17 178
4 17 179
4 17 180
4 17 181
4 17 182
4 17 184
4 17 185
4 17 186
4 17 187
4 17 214
4 17 215
4 17 238
4 17 244
4 17 254
4 17 257
4 17 258
4 17 260
4 17 262
4 17 263
4 17 264
4 17 265
4 17 266
4 17 268
4 17 269
4 17 270
4 17 273
4 17 274
4 17 275
4 89 105
4 99 186
4 99 187
4 99 188
4 99 189
4 99 190
4 99 192
4 99 193
4 99 194
4 99 196
4 99 197
4 99 198
4 99 200
4 99 201
4 99 204
4 99 213
4 99 219
4 99 221
4 99 222
4 99 223
4 99 226
4 99 229
4 99 236
4 99 237
4 99 238
4 99 239
4 99 240
4 99 243
4 99 245
4 99 247
4 99 250
4 99 265
4 99 269
4 99 270
4 99 271
4 99 272
4 99 273
4 99 274
4 99 275
4 99 279
4 99 291
4 99 293
4 99 294
4 99 295
4 99 296
4 99 303
4 99 304
4 99 306
4 99 307
4 99 308
4 99 317
4 99 318
4 99 319
4 99 320
4 99 324
4 99 328
4 99 329
4 99 330
4 99 331
4 99 333
4 99 334
4 99 335
4 99 342
4 99 353
4 99 378
4 99 381
4 99 382
4 99 386
4 99 387
4 99 390
4 59 316
4 59 317
4 88 374
17 44 845
17 44 850
17 44 852
17 44 855
17 44 856
17 44 859
17 44 861
17 44 895
17 44 899
17 44 900
17 44 910
17 44 912
17 44 914
17 44 915
17 42 846
17 42 847
17 42 848
17 42 849
17 42 850
17 42 851
17 42 855
17 42 856
17 42 859
17 42 861
17 42 862
17 42 863
17 42 864
17 42 866
17 42 867
17 42 868
17 42 869
17 42 872
17 42 873
17 42 874
17 42 877
17 42 879
17 42 882
17 42 885
17 42 892
17 42 893
17 42 894
17 42 895
17 42 896
17 42 899
17 42 901
17 42 902
17 42 903
17 42 904
17 42 906
17 42 907
17 42 908
17 42 910
17 42 912
17 42 914
17 28 848
17 28 850
17 28 851
17 28 852
17 28 855
17 28 856
17 28 858
17 28 859
17 28 860
17 28 861
17 28 895
17 28 903
17 28 905
17 28 906
17 28 908
17 28 912
17 28 914
17 28 915
17 3 849
17 3 859
17 3 893
17 3 898
17 3 903
17 3 908
17 3 914
89 102 852
89 102 855
89 102 856
89 102 858
89 102 859
89 102 860
89 102 863
89 102 864
89 102 972
89 102 975
89 102 976
89 44 894
89 87 915
89 48 930
89 48 931
89 48 937
89 48 942
89 5 937
89 14 937
89 14 942
89 14 945
89 14 946
89 14 948
89 88 1005
99 90 374
99 25 510
99 25 515
99 25 539
99 25 554
99 25 585
99 63 513
99 63 514
99 63 515
99 63 516
99 63 518
99 63 523
99 63 524
99 63 551
99 63 552
99 63 563
99 63 569
99 63 570
99 63 572
99 63 576
99 63 580
87 77 887
87 77 892
87 77 894
87 77 896
87 77 897
14 90 289
14 90 302
14 30 291
14 73 489
14 9 868
14 9 869
14 9 872
14 9 873
14 9 878
14 9 899
14 9 900
14 9 903
14 9 904
14 9 905
14 9 913
14 9 922
14 9 927
14 9 928
14 9 929
14 9 930
14 9 932
14 9 933
14 9 934
14 9 951
14 9 954
14 9 959
14 9 978
14 9 996
14 9 1007
14 9 1008
14 9 1009
14 9 1010
14 9 1011
14 39 869
14 39 898
14 39 900
14 39 911
14 39 912
14 39 913
14 39 916
14 39 917
14 39 918
14 39 919
14 39 921
14 39 931
14 39 939
14 39 940
14 39 941
14 39 950
59 10 243
59 10 244
59 10 245
59 10 246
59 10 247
59 10 248
59 10 249
59 10 250
59 10 251
59 10 252
59 10 253
59 10 254
59 10 256
59 10 284
59 10 290
59 10 291
59 10 294
59 10 296
59 10 307
59 10 309
59 10 311
59 10 312
59 10 317
59 10 322
59 10 323
59 10 325
59 10 328
59 10 329
59 10 331
59 10 332
59 10 334
59 10 335
59 10 342
59 10 343
59 10 344
59 10 346
59 10 350
59 10 354
59 10 356
59 10 373
59 10 374
59 10 375
59 10 376
59 10 377
59 10 378
59 10 415
59 10 419
59 10 429
59 10 450
59 10 451
59 10 461
59 10 482
59 10 483
59 10 484
59 10 488
59 10 489
59 10 490
59 10 491
59 10 495
59 10 496
59 10 498
59 10 520
59 10 522
59 10 523
59 10 525
59 10 526
59 10 529
59 10 530
59 10 531
59 10 534
59 10 541
59 10 546
59 10 560
59 10 574
59 10 577
59 10 579
59 10 580
59 30 289
59 30 290
59 30 291
59 30 292
59 30 293
59 30 294
59 30 295
59 30 296
59 30 298
59 39 483
59 36 484
59 73 489
59 73 490
59 68 494
59 26 494
59 98 756
59 98 757
59 98 758
59 98 780
59 98 781
59 98 788
59 98 817
59 98 837
59 98 855
59 98 862
59 98 863
59 98 864
59 3 817
59 3 818
59 84 856
59 84 857
59 84 858
59 84 860
59 84 863
59 84 864
59 76 856
10 88 290
10 88 291
10 88 293
10 88 294
10 88 295
10 88 296
10 88 297
10 79 1093
8 101 389
8 101 391
8 42 539
8 42 540
8 42 542
8 42 543
8 42 544
8 42 545
8 42 548
8 42 549
8 42 550
8 42 552
8 42 554
8 42 555
8 42 556
8 42 557
8 42 562
8 42 656
8 42 657
8 42 667
8 6 589
8 52 603
8 68 659
8 68 681
8 49 679
88 30 269
88 30 271
88 30 272
88 30 274
88 30 275
88 30 276
88 30 277
88 30 278
88 30 280
88 30 301
88 30 306
88 30 310
88 30 312
88 30 313
88 30 314
88 30 315
88 30 321
88 30 326
88 30 327
88 30 328
88 30 329
88 30 334
88 30 335
88 30 337
88 30 338
88 30 339
88 30 340
88 30 341
88 30 342
88 30 343
88 30 344
88 30 345
88 30 346
88 30 347
88 30 348
88 30 349
88 30 350
88 30 351
88 30 352
88 30 353
88 30 355
88 30 356
88 30 357
88 30 358
88 30 359
88 30 360
88 30 361
88 30 362
88 30 363
88 30 364
88 30 365
88 30 366
88 30 367
88 30 369
88 30 371
88 30 373
88 30 384
88 30 394
88 85 386
88 36 387
88 9 1007
30 67 574
30 67 605
30 67 671
30 67 747
30 31 579
30 31 580
30 31 604
30 31 605
30 31 607
30 31 621
30 40 582
30 40 589
30 40 590
30 46 631
30 46 632
30 46 633
30 46 635
30 46 637
30 46 638
30 46 639
30 46 640
30 46 649
90 25 1175
90 25 1176
90 25 1177
90 25 1178
90 25 1180
90 25 1181
90 25 1182
90 25 1183
90 25 1184
90 25 1185
90 25 1193
90 25 1194
90 25 1195
90 25 1205
90 25 1211
90 25 1217
90 25 1218
90 25 1221
90 25 1222
90 25 1230
90 25 1241
90 25 1245
90 25 1250
90 25 1268
90 25 1271
90 25 1274
90 25 1275
90 25 1276
90 25 1277
90 25 1286
90 25 1287
90 25 1289
90 25 1290
90 25 1301
90 25 1305
90 25 1314
90 25 1315
90 25 1319
90 25 1320
90 16 1290
82 103 1254
82 103 1255
82 103 1256
82 103 1257
82 103 1258
82 103 1259
82 103 1260
82 103 1261
82 103 1263
82 103 1265
82 103 1266
82 103 1267
82 103 1280
82 103 1281
82 103 1297
82 103 1298
82 103 1299
82 103 1301
82 103 1302
82 103 1307
82 103 1309
82 103 1320
82 103 1321
82 103 1325
82 103 1327
82 103 1328
82 103 1329
82 103 1330
82 103 1332
82 103 1333
82 103 1334
82 103 1335
82 103 1337
82 103 1338
82 103 1339
82 103 1340
82 103 1341
82 103 1342
82 103 1343
82 103 1344
82 103 1367
82 103 1371
84 48 334
84 48 337
84 48 345
84 66 347
84 66 349
84 66 350
84 66 352
84 9 745
84 9 746
84 9 747
84 9 748
84 9 753
84 9 774
84 9 777
84 9 813
84 9 827
84 9 828
84 9 829
84 9 841
84 9 842
84 9 844
84 9 856
84 9 857
84 9 858
84 9 859
84 9 860
84 9 861
84 9 862
84 9 863
84 55 745
84 75 745
84 75 747
84 75 748
84 75 749
84 75 761
84 75 763
84 75 764
84 75 765
84 75 766
84 75 769
84 75 770
84 75 772
84 75 777
84 75 778
84 75 779
84 75 780
84 75 781
84 75 783
84 75 785
84 75 786
84 75 787
84 75 788
84 75 789
84 75 790
84 75 808
84 75 811
84 75 813
84 75 814
84 75 821
84 75 822
84 75 823
84 75 840
84 75 853
84 75 854
84 75 856
84 100 746
84 100 747
84 100 752
84 100 764
84 100 776
84 100 856
84 100 857
84 100 858
84 100 859
84 100 862
84 100 863
84 100 864
84 23 747
84 13 862
66 46 323
66 46 341
66 46 342
66 46 346
66 46 347
66 46 349
66 46 350
66 46 352
66 46 353
66 48 450
66 48 451
66 5 451
66 5 452
66 5 453
66 5 455
66 5 457
66 5 458
66 5 459
66 5 460
66 5 461
66 5 462
66 5 463
66 5 464
66 5 465
66 5 466
66 5 468
66 5 470
66 5 471
66 5 472
66 5 473
66 5 475
66 5 476
66 5 482
66 5 483
66 5 485
66 5 486
66 5 487
66 5 488
66 5 492
66 96 452
66 96 456
66 96 459
66 96 460
66 96 461
66 96 466
66 96 468
66 96 484
66 70 460
46 62 382
46 96 492
46 6 514
46 6 515
46 6 516
46 6 518
46 6 519
46 6 521
46 6 525
46 6 526
46 6 527
46 6 530
46 6 532
46 6 533
46 6 534
46 6 535
46 6 536
46 6 546
46 6 547
46 6 551
46 6 552
46 6 553
46 6 556
46 6 560
46 6 561
46 6 562
46 6 564
46 6 568
46 6 572
46 6 573
46 6 575
46 6 576
46 6 597
46 6 603
46 6 604
46 6 605
46 6 616
46 6 617
46 6 619
46 6 629
46 6 632
46 68 515
46 68 519
46 68 524
46 68 525
46 68 526
46 68 527
46 68 530
46 68 536
46 68 546
46 68 551
46 68 553
46 68 554
46 68 559
46 68 560
46 68 563
46 68 570
46 68 571
46 68 587
46 68 594
46 68 621
46 68 625
46 68 626
46 68 632
46 68 633
46 68 635
46 68 637
46 68 638
46 63 562
46 56 599
46 28 846
46 28 849
46 28 851
46 28 852
46 28 855
46 28 856
46 28 857
46 28 861
46 28 862
46 28 869
46 28 870
46 28 871
46 28 874
46 28 876
46 28 878
46 28 881
46 28 898
46 28 911
46 28 912
46 28 914
46 28 915
46 42 846
46 42 857
46 42 870
46 42 872
46 42 878
46 42 879
46 42 897
46 42 909
46 42 910
46 42 912
46 42 914
46 13 847
46 13 857
46 13 870
46 13 878
46 13 880
46 13 896
46 3 849
46 3 850
46 3 861
46 76 909
46 48 911
48 36 384
48 36 499
48 85 492
48 39 494
48 39 866
48 39 879
48 39 880
48 39 882
48 39 896
48 39 906
48 39 930
48 39 934
48 39 937
48 39 938
48 39 939
48 39 949
48 39 950
48 39 955
48 39 957
48 39 958
48 67 514
48 67 516
48 67 522
48 67 534
48 67 535
48 67 544
48 67 548
48 67 550
48 67 555
48 67 556
48 67 562
48 67 568
48 67 585
48 67 592
48 67 599
48 67 601
48 67 602
48 67 614
48 31 514
48 31 518
48 31 520
48 31 526
48 31 533
48 31 537
48 31 545
48 31 546
48 31 548
48 31 549
48 31 553
48 31 554
48 31 557
48 31 561
48 31 566
48 31 570
48 31 571
48 31 582
48 31 586
48 31 596
48 31 603
48 31 613
48 73 534
48 2 544
48 2 550
48 27 567
48 27 614
48 9 866
48 100 938
48 100 948
62 92 379
62 92 380
62 36 380
62 36 382
62 36 384
62 36 392
62 36 397
62 36 398
62 36 406
62 36 408
62 36 450
62 36 453
62 36 461
62 36 462
62 36 463
62 36 464
62 36 466
62 36 475
62 36 484
62 85 380
62 85 382
62 85 383
62 85 390
62 85 391
62 85 392
62 85 464
62 85 480
62 85 490
62 85 492
62 39 380
62 39 382
62 39 390
62 39 391
62 39 392
62 39 395
62 39 459
62 39 461
62 39 462
62 39 484
62 39 485
62 39 486
62 39 489
62 18 390
62 18 392
62 18 441
62 18 442
62 18 453
62 18 459
62 18 461
62 18 462
62 18 464
62 18 466
62 25 539
62 25 544
92 67 599
92 55 746
92 55 747
92 70 746
36 20 385
36 20 389
36 20 390
36 20 391
36 20 394
36 20 421
36 20 442
36 20 443
36 20 451
36 20 456
36 20 457
36 20 458
36 20 460
36 20 461
36 20 462
36 20 463
36 20 466
36 20 468
36 20 469
36 20 474
36 20 476
36 20 477
36 20 479
36 20 487
36 55 389
36 55 392
36 55 397
36 55 400
36 55 401
36 55 402
36 55 403
36 55 406
36 55 444
36 55 448
36 55 449
36 55 458
36 55 459
36 55 460
36 55 462
36 55 463
36 55 465
36 55 467
36 55 477
36 55 478
36 55 484
36 55 485
36 55 745
36 75 409
36 75 743
36 12 789
36 44 844
85 55 390
85 55 393
85 55 419
85 55 447
85 55 448
85 55 449
85 55 451
85 55 452
85 55 453
85 55 477
85 20 391
85 20 446
85 20 447
85 20 450
85 76 893
85 76 895
85 76 898
85 76 901
85 76 902
85 76 903
85 76 908
85 76 909
85 76 920
85 76 923
85 76 924
85 76 926
85 76 928
85 76 931
85 76 932
85 28 909
85 42 909
39 91 380
39 55 388
39 55 389
39 55 390
39 55 391
39 55 392
39 55 397
39 55 400
39 55 405
39 55 406
39 55 445
39 55 446
39 55 447
39 55 448
39 55 473
39 55 484
39 55 485
39 55 486
39 55 489
39 20 392
39 20 395
39 20 396
39 20 414
39 20 439
39 20 445
39 20 446
39 20 454
39 20 471
39 5 868
39 5 869
39 5 896
39 5 937
39 5 938
39 5 949
91 100 787
91 100 788
91 100 789
91 100 790
91 100 794
91 100 795
91 100 797
91 100 815
91 100 820
91 100 821
91 100 822
91 100 826
91 100 827
91 100 837
91 100 839
91 100 865
91 100 866
91 100 910
91 100 912
91 100 915
91 100 916
91 100 926
91 100 927
91 100 938
91 100 949
91 100 954
91 100 977
91 100 978
91 100 979
91 100 980
91 100 981
91 100 994
91 100 995
91 100 996
91 100 997
91 100 998
91 100 999
91 100 1000
91 100 1001
91 100 1002
91 100 1003
91 100 1004
91 100 1005
91 100 1006
91 100 1007
55 18 384
55 18 396
55 18 403
55 18 445
55 18 447
55 18 463
55 18 467
55 73 470
55 1 485
55 63 573
55 6 644
18 75 469
18 5 969
101 94 1026
101 94 1036
101 94 1037
101 94 1083
101 94 1084
101 94 1085
101 94 1086
101 94 1087
101 94 1088
101 94 1089
101 94 1090
101 94 1091
101 94 1092
101 94 1093
101 94 1094
101 94 1095
101 94 1096
101 94 1097
101 94 1098
101 94 1099
101 94 1100
101 94 1101
101 94 1102
101 94 1103
101 94 1104
101 94 1105
101 94 1106
101 94 1107
101 94 1124
101 94 1134
101 94 1135
69 6 592
69 6 617
69 15 600
69 15 617
69 15 623
73 68 530
73 68 533
73 6 533
73 6 534
73 1 539
73 1 540
73 1 541
73 1 542
73 1 543
73 1 546
73 1 547
73 1 577
73 1 578
73 1 593
73 1 594
73 1 598
73 1 599
73 56 769
73 56 827
73 56 889
73 56 894
75 98 739
75 98 743
75 98 762
75 98 773
75 98 775
75 98 799
75 98 806
75 98 828
75 98 838
75 98 839
75 98 855
75 26 739
75 26 740
75 26 741
75 26 742
75 26 743
75 26 745
75 26 748
75 26 769
75 26 811
75 26 816
75 26 824
75 26 825
75 26 826
75 26 827
75 26 828
75 26 862
75 26 864
75 26 865
75 26 866
75 3 739
75 3 740
75 3 741
75 3 748
75 3 749
75 3 751
75 3 752
75 3 760
75 3 761
75 3 762
75 3 763
75 3 777
75 3 781
75 3 787
75 3 800
75 3 806
75 3 807
75 3 861
75 3 866
75 13 740
75 13 745
75 13 752
75 13 773
75 13 774
75 13 775
75 13 777
75 13 804
75 13 805
75 13 806
75 9 865
68 31 514
68 31 515
68 31 518
68 31 519
68 31 520
68 31 524
68 31 526
68 31 528
68 31 529
68 31 534
68 31 536
68 31 547
68 31 553
68 31 556
68 31 570
68 31 573
68 31 584
68 31 589
68 31 593
68 63 533
68 6 545
68 27 617
68 27 628
68 27 629
68 27 630
68 27 631
68 27 670
68 27 675
68 27 749
68 40 659
68 40 678
68 40 680
68 40 681
5 98 456
5 98 459
5 98 462
5 98 463
5 98 464
5 98 469
5 100 938
96 1 457
96 1 461
96 1 468
96 1 470
96 1 472
96 1 484
96 1 491
96 28 1286
70 26 453
70 26 460
70 26 472
70 26 480
70 26 481
70 26 482
70 26 483
70 26 487
70 26 489
70 26 490
70 26 491
70 26 537
70 26 541
70 6 717
70 56 746
70 56 747
26 9 740
26 9 744
26 9 745
26 9 747
26 9 750
26 9 755
26 9 768
26 9 769
26 9 776
26 9 778
26 9 781
26 9 782
26 9 784
26 9 786
26 9 787
26 9 788
26 9 794
26 9 795
26 9 796
26 9 801
26 9 829
26 9 851
26 34 741
26 34 742
26 34 743
26 100 747
26 100 752
26 100 754
26 100 755
26 100 773
26 100 782
26 100 783
26 100 784
26 100 785
26 100 786
26 100 791
26 100 792
26 100 797
26 100 813
26 100 823
26 100 826
26 100 835
26 100 836
26 100 839
26 100 841
26 100 847
26 100 849
26 100 857
26 100 860
26 100 861
26 52 822
26 52 823
98 67 462
98 67 463
98 67 464
98 67 467
98 67 475
98 23 739
98 23 756
98 23 757
98 23 758
98 23 759
98 23 766
98 23 778
98 23 787
98 23 788
98 23 789
98 23 795
98 23 796
98 23 800
98 23 801
98 23 822
98 23 824
98 23 827
98 23 837
98 23 840
98 23 842
98 23 843
98 23 844
98 23 845
98 23 846
98 9 741
98 9 746
98 9 747
98 9 763
98 9 768
98 9 774
98 9 778
98 9 780
98 9 781
98 9 817
98 9 837
98 9 852
98 9 854
98 9 855
98 9 858
98 9 859
98 9 861
98 9 862
98 9 863
98 52 822
67 6 517
67 6 518
67 6 520
67 6 521
67 6 523
67 6 524
67 6 525
67 6 526
67 6 530
67 6 531
67 6 532
67 6 533
67 6 534
67 6 535
67 6 536
67 6 537
67 6 538
67 6 539
67 6 540
67 6 542
67 6 544
67 6 545
67 6 546
67 6 547
67 6 548
67 6 556
67 6 558
67 6 562
67 6 563
67 6 564
67 6 571
67 6 574
67 6 596
67 6 604
67 6 605
67 6 606
67 6 624
67 6 628
67 6 629
67 6 655
67 6 664
67 6 674
67 6 675
67 6 682
67 6 685
67 6 686
67 6 689
67 6 690
67 6 693
67 6 696
67 6 697
67 6 698
67 6 700
67 6 701
67 6 702
67 6 703
67 6 704
67 6 707
67 6 708
67 6 709
67 6 710
67 6 711
67 6 713
67 6 714
67 6 715
67 6 716
67 6 717
67 6 719
67 6 720
67 6 723
67 6 724
67 6 725
67 6 726
67 6 734
67 6 735
67 6 747
67 6 749
67 6 751
67 63 562
67 25 562
67 56 566
67 56 579
67 56 599
67 49 654
67 49 656
67 49 662
67 49 664
67 49 666
67 49 668
67 49 673
67 49 674
67 49 675
67 49 677
67 49 679
67 49 683
67 49 691
67 49 696
67 49 701
67 49 702
67 49 705
67 49 708
67 49 709
67 49 716
67 49 718
67 49 725
67 49 726
67 49 727
67 49 745
67 34 667
67 34 692
67 34 699
67 34 701
67 34 702
67 34 707
67 34 708
67 34 709
67 34 710
67 34 715
67 34 716
67 34 717
67 34 718
67 34 719
67 34 721
67 34 737
63 22 508
63 22 509
63 22 510
63 22 511
63 22 512
63 22 513
63 22 514
63 22 515
63 22 516
63 22 517
63 22 523
63 22 526
63 22 528
63 22 529
63 22 530
63 22 532
63 22 534
63 22 552
63 22 553
63 22 554
63 22 558
63 22 559
63 22 560
63 22 561
63 22 562
63 22 563
63 22 564
63 22 569
63 22 573
63 22 574
63 22 575
63 22 579
63 22 583
63 16 746
63 34 746
22 52 721
22 52 725
22 52 740
22 52 741
22 52 748
22 52 756
22 52 759
22 52 765
22 52 766
22 52 767
22 52 768
22 52 770
22 52 771
22 52 779
22 52 786
22 52 787
22 52 788
22 52 789
22 52 792
22 52 793
22 52 794
22 52 795
22 52 796
22 52 797
22 52 798
22 52 799
22 52 800
22 52 801
22 52 802
22 52 803
22 52 804
22 52 805
22 52 806
22 52 808
22 52 809
22 52 810
22 52 811
22 52 812
22 52 813
22 52 814
22 52 815
22 52 816
22 52 822
22 52 823
22 52 825
22 52 832
22 52 836
22 52 838
22 52 839
22 52 840
22 52 841
22 52 842
22 52 843
22 52 844
22 52 845
22 52 846
22 52 847
22 52 848
22 52 849
22 52 850
22 52 851
22 52 852
22 52 853
22 52 854
22 52 855
22 52 856
22 52 857
22 52 858
22 52 859
22 52 860
22 52 861
22 52 862
22 52 863
22 52 864
22 52 865
22 52 866
22 52 867
22 52 868
22 52 869
22 52 870
22 52 871
22 52 872
22 52 873
22 52 874
22 52 875
22 52 876
22 52 877
22 52 878
22 52 879
22 52 880
22 52 881
22 52 882
22 52 883
22 52 884
22 52 885
22 52 886
22 52 887
22 52 888
22 52 889
22 52 890
22 52 891
22 52 892
22 52 893
22 52 894
22 52 895
22 52 896
22 52 897
22 52 898
22 52 899
22 52 900
22 52 901
22 52 902
22 52 903
22 52 904
22 52 905
22 52 906
22 52 907
22 52 908
22 52 909
22 52 910
22 52 911
22 52 912
22 52 913
22 52 914
22 52 915
22 52 916
22 52 917
22 52 918
22 52 919
22 52 920
22 52 921
22 52 922
22 52 923
22 52 924
22 52 925
22 52 926
22 52 927
22 52 928
22 23 822
6 31 516
6 31 518
6 31 519
6 31 522
6 31 526
6 31 528
6 31 534
6 31 536
6 31 537
6 31 538
6 31 551
6 31 553
6 31 554
6 31 555
6 31 556
6 31 557
6 31 561
6 31 571
6 31 572
6 31 573
6 31 574
6 31 576
6 31 577
6 31 578
6 31 579
6 31 580
6 31 599
6 31 605
6 31 608
6 31 609
6 27 567
6 27 568
6 27 569
6 27 573
6 27 577
6 27 578
6 27 579
6 27 580
6 27 581
6 27 583
6 27 584
6 27 585
6 27 586
6 27 587
6 27 588
6 27 589
6 27 590
6 27 594
6 27 609
6 27 611
6 27 613
6 27 627
6 27 632
6 27 669
6 27 675
6 27 676
6 27 677
6 27 681
6 27 682
6 27 683
6 27 723
6 27 727
6 27 728
6 27 748
6 27 749
6 19 606
6 52 724
6 34 751
6 79 1108
31 71 617
31 71 618
31 71 619
31 71 622
31 15 621
31 44 844
31 13 844
31 13 845
31 13 857
31 13 865
31 13 880
31 13 897
31 13 904
31 13 907
31 34 845
31 3 848
31 3 849
31 3 852
31 3 855
31 3 858
31 3 859
31 3 862
31 3 863
31 42 857
31 42 865
31 42 878
31 42 879
31 42 880
31 42 892
31 42 893
31 42 895
31 42 903
31 42 904
31 42 905
31 42 906
31 42 907
31 42 908
31 42 914
12 40 531
12 40 532
12 40 533
12 40 534
12 40 535
12 40 536
12 40 541
12 40 546
12 40 547
12 40 551
12 40 553
12 40 558
12 40 559
12 40 561
12 40 563
12 40 564
12 40 565
12 40 566
12 40 567
12 40 568
12 40 569
12 40 570
12 40 571
12 40 573
12 40 574
12 40 577
12 40 578
12 40 579
12 40 580
12 40 581
12 40 582
12 40 583
12 40 584
12 40 585
12 40 587
12 40 588
12 40 591
12 40 597
12 40 599
12 40 600
12 40 603
12 40 604
12 40 605
12 40 606
12 40 608
12 40 609
12 40 610
12 40 613
12 40 614
12 40 615
12 40 621
12 40 623
12 40 625
12 40 626
12 40 638
12 40 641
12 40 645
12 40 646
12 40 647
12 40 648
12 40 649
12 40 650
12 40 651
12 40 652
12 40 655
12 40 658
12 40 659
12 40 660
12 40 661
12 40 662
12 40 663
12 40 673
12 40 676
12 40 678
12 40 684
12 40 685
12 40 686
12 40 687
12 40 688
12 40 689
40 52 593
40 52 597
40 52 603
40 71 600
40 49 660
40 49 678
40 34 660
40 77 998
40 77 1000
40 77 1001
40 77 1009
40 77 1011
40 77 1017
40 77 1023
40 77 1040
40 77 1045
40 77 1052
40 77 1053
40 77 1054
42 76 865
2 34 709
2 34 729
19 79 1087
19 79 1088
19 79 1089
19 79 1092
19 79 1093
19 79 1094
19 79 1095
19 79 1097
19 79 1104
19 79 1106
19 79 1114
19 79 1115
19 79 1121
19 79 1128
19 79 1129
19 79 1130
19 79 1131
19 79 1132
19 79 1133
19 79 1134
19 79 1136
19 79 1137
19 79 1138
19 79 1139
19 79 1160
19 79 1161
19 79 1162
56 93 546
56 93 575
56 93 637
56 93 741
56 93 743
56 23 742
56 34 746
56 34 747
93 103 1058
93 103 1065
93 103 1066
93 103 1067
93 103 1068
93 103 1069
93 103 1070
93 103 1072
93 103 1074
93 103 1077
93 103 1078
93 103 1079
27 71 623
27 49 675
27 49 676
27 49 686
27 49 728
27 49 733
27 49 738
27 49 748
27 49 749
52 3 822
49 79 1000
34 16 786
34 16 787
34 16 788
34 16 790
34 16 791
34 100 789
23 3 740
23 3 741
23 3 757
23 3 758
23 3 759
23 3 760
23 3 761
23 3 762
23 3 763
23 3 764
23 3 769
23 3 821
23 3 822
23 3 823
23 3 828
23 3 829
23 3 835
23 3 837
23 3 842
23 3 866
23 3 867
23 76 744
23 76 746
23 76 747
3 9 741
3 9 744
3 9 750
3 9 753
3 9 754
3 9 765
3 9 766
3 9 767
3 9 768
3 9 769
3 9 771
3 9 818
3 9 819
3 9 852
3 9 854
3 100 757
3 100 758
3 100 759
3 100 760
3 100 799
3 100 806
3 100 814
3 100 815
3 100 818
3 100 819
3 100 820
3 100 822
3 100 823
3 100 835
3 100 839
3 100 840
3 100 842
3 100 857
3 44 848
3 44 856
3 44 858
100 13 740
100 13 767
100 13 773
100 13 776
100 13 777
100 13 779
100 13 783
100 13 784
100 13 785
100 13 816
100 13 818
100 13 820
100 13 828
9 76 744
9 76 751
9 76 841
9 76 856
13 44 845
13 44 857
13 44 865
16 94 1274
16 94 1276
16 94 1281
16 94 1282
16 94 1283
16 94 1284
16 94 1286
16 94 1298
16 94 1301
16 94 1325
16 94 1327
16 94 1330
44 28 845
44 28 850
44 28 851
44 28 852
44 28 858
