165 76 0
165 76 1
165 76 3
165 76 7
165 76 8
165 76 9
165 76 10
165 76 13
165 76 18
165 76 22
165 76 24
165 76 27
165 76 31
165 76 33
165 76 34
165 76 38
165 76 66
165 76 71
165 76 72
165 76 89
165 76 93
165 76 96
165 76 97
165 76 101
165 76 102
165 76 103
165 170 30
165 170 35
165 170 93
165 172 66
165 192 96
165 77 114
165 77 120
165 77 122
165 77 123
165 77 145
165 77 147
165 77 149
165 77 150
165 77 153
165 77 155
165 77 156
165 77 157
165 77 158
165 77 159
165 77 160
165 77 161
165 77 162
165 77 178
165 77 179
165 77 180
165 77 181
165 77 182
165 77 183
165 77 184
165 77 185
165 77 186
165 77 187
165 77 188
165 77 189
165 77 190
165 77 191
165 77 192
165 77 193
165 77 194
165 77 195
165 77 196
165 77 197
165 77 198
165 77 199
165 77 200
165 77 201
165 77 202
165 77 203
165 77 204
165 77 205
165 77 216
165 77 218
165 77 221
165 77 226
165 77 227
165 77 230
165 77 231
165 77 238
165 77 239
165 77 243
165 77 244
165 77 247
165 77 249
165 38 127
165 9 150
165 9 151
165 93 214
165 93 215
165 93 216
165 93 217
165 93 218
165 93 219
165 130 215
165 82 238
165 82 245
165 22 245
165 22 246
165 51 249
76 169 33
76 169 34
76 65 313
76 131 325
76 82 346
76 158 371
76 156 384
76 147 401
76 161 401
172 97 3
172 97 4
172 97 5
172 97 6
172 97 7
172 97 8
172 97 9
172 97 10
172 97 11
172 97 12
172 97 13
172 97 16
172 97 17
172 97 18
172 97 19
172 97 20
172 97 21
172 97 23
172 97 24
172 97 25
172 97 26
172 97 28
172 97 29
172 97 30
172 97 31
172 97 32
172 97 33
172 97 34
172 97 35
172 97 36
172 97 37
172 97 38
172 97 39
172 97 42
172 97 43
172 97 44
172 97 45
172 97 46
172 97 47
172 97 48
172 97 51
172 97 52
172 97 53
172 97 54
172 97 55
172 97 57
172 97 58
172 97 59
172 97 60
172 97 63
172 97 64
172 97 66
172 97 69
172 97 70
172 206 4
172 208 5
172 208 6
172 208 7
172 208 8
172 208 9
172 208 10
172 208 12
172 208 13
172 208 16
172 208 17
172 208 18
172 208 19
172 208 26
172 208 29
172 208 30
172 208 31
172 208 32
172 208 33
172 208 46
172 208 52
172 208 54
172 208 57
172 208 58
172 208 59
172 208 60
172 208 61
172 208 63
172 208 66
172 208 67
172 208 69
172 208 70
172 169 61
172 169 67
172 181 67
97 208 6
97 208 8
97 208 10
97 208 19
97 208 28
97 208 32
97 208 33
97 208 34
97 208 35
97 208 36
97 208 37
97 208 40
97 208 49
97 208 53
97 208 56
97 208 57
97 208 59
97 208 60
97 208 62
97 208 64
97 208 65
97 208 66
97 208 67
97 208 69
97 208 70
97 86 14
97 138 56
97 138 67
97 169 67
206 155 846
206 19 856
208 51 335
208 51 338
208 88 338
208 64 340
208 94 345
208 131 358
208 185 376
208 194 387
208 37 400
208 99 407
74 166 5
74 166 14
74 166 15
74 166 17
74 166 25
74 166 26
74 166 28
74 166 29
74 166 30
74 166 32
74 166 35
74 166 36
74 166 37
74 166 60
74 166 67
74 166 81
74 166 86
74 166 92
74 166 94
74 166 95
74 166 99
74 166 100
74 138 92
74 119 454
74 119 456
74 119 457
74 119 468
74 119 493
74 119 495
74 40 481
166 181 93
166 9 96
166 75 112
166 75 127
166 75 139
166 75 144
166 75 206
166 75 207
166 75 208
166 75 209
166 75 210
166 75 215
166 75 217
166 75 232
166 75 236
166 75 245
166 75 248
166 87 235
166 3 237
166 12 248
166 146 248
166 50 248
166 49 312
166 49 313
166 49 314
166 49 315
166 49 316
166 49 318
166 49 319
166 49 322
166 49 328
166 49 337
166 49 340
166 49 344
166 49 406
166 49 408
166 49 409
166 49 410
166 49 412
166 49 413
166 49 414
166 49 415
166 49 416
166 49 423
166 49 424
166 49 425
166 49 426
166 49 427
166 49 428
166 49 429
166 49 432
166 49 434
166 49 435
166 49 436
166 49 437
166 49 438
166 49 439
166 49 440
166 49 442
166 49 443
166 49 444
166 49 448
166 49 449
166 49 450
166 49 452
166 49 455
166 49 465
166 49 467
166 49 468
166 49 478
166 49 480
166 49 492
166 49 493
166 49 498
166 49 508
166 49 512
166 49 513
166 49 515
166 49 516
166 49 519
166 65 314
166 99 340
166 66 373
166 80 423
166 154 503
166 199 507
166 115 509
86 128 759
86 128 762
86 128 763
86 128 764
86 128 775
86 128 776
86 128 777
86 128 779
86 128 782
86 128 783
86 128 784
86 128 785
86 128 786
86 128 787
86 128 789
86 128 791
86 128 794
86 128 798
86 128 827
86 128 830
86 128 840
86 128 849
86 128 888
86 128 893
86 128 900
86 128 901
86 128 905
86 128 911
86 128 912
86 128 914
86 128 915
86 128 916
86 128 917
86 128 918
86 128 919
86 128 930
86 186 764
86 186 775
86 186 776
86 186 777
86 186 782
86 186 786
86 186 789
86 186 796
86 186 797
86 186 829
86 186 830
86 186 840
86 186 842
86 186 848
86 186 901
86 186 905
86 81 785
86 159 801
86 30 816
86 30 909
86 47 825
86 47 826
86 47 827
86 47 829
138 170 16
138 170 21
138 170 39
138 170 45
138 170 46
138 170 47
138 170 49
138 170 50
138 170 58
138 170 60
138 170 64
138 170 82
138 170 90
138 170 93
138 170 104
138 170 107
138 170 122
138 170 124
138 170 140
138 170 143
138 181 18
138 181 19
138 181 23
138 181 24
138 181 25
138 181 26
138 181 27
138 181 36
138 181 37
138 181 38
138 181 39
138 181 40
138 181 41
138 181 42
138 181 43
138 181 44
138 181 45
138 181 49
138 181 50
138 181 51
138 181 52
138 181 54
138 181 55
138 181 56
138 181 57
138 181 58
138 181 61
138 181 62
138 181 65
138 181 66
138 181 67
138 181 70
138 181 78
138 181 79
138 181 81
138 181 83
138 181 84
138 181 85
138 181 86
138 181 87
138 181 88
138 181 89
138 181 90
138 181 91
138 181 92
138 181 101
138 181 102
138 181 103
138 181 104
138 181 105
138 181 106
138 181 107
138 181 108
138 181 109
138 181 110
138 181 111
138 181 112
138 181 113
138 181 114
138 181 120
138 181 121
138 181 122
138 181 123
138 181 125
138 181 126
138 181 127
138 181 128
138 181 129
138 181 130
138 181 131
138 181 132
138 181 133
138 181 134
138 181 135
138 181 136
138 181 137
138 181 138
138 181 140
138 181 143
138 181 144
138 181 145
138 181 147
138 181 152
138 181 153
138 181 154
138 181 155
138 181 156
138 181 158
138 181 159
138 181 160
138 181 161
138 169 22
138 169 23
138 169 25
138 169 35
138 169 36
138 169 37
138 169 38
138 169 40
138 169 41
138 169 42
138 169 43
138 169 44
138 169 48
138 169 51
138 169 52
138 169 53
138 169 54
138 169 55
138 169 57
138 169 59
138 169 61
138 169 62
138 169 65
138 169 66
138 169 67
138 169 70
138 169 78
138 169 80
138 169 83
138 169 84
138 169 85
138 169 88
138 169 89
138 169 91
138 169 92
138 169 94
138 169 95
138 169 96
138 169 101
138 169 102
138 169 103
138 169 105
138 169 106
138 169 108
138 169 109
138 169 110
138 169 111
138 169 112
138 169 113
138 169 114
138 169 117
138 169 118
138 169 119
138 169 120
138 169 121
138 169 123
138 169 136
138 169 139
138 169 144
138 169 145
138 169 152
138 169 154
138 169 155
138 169 156
138 169 158
138 169 159
138 169 160
138 169 161
138 146 156
138 98 158
138 98 159
138 98 160
138 209 158
138 209 159
138 209 160
170 181 18
170 181 19
170 181 20
170 181 21
170 181 23
170 181 25
170 181 26
170 181 27
170 181 35
170 181 36
170 181 37
170 181 38
170 181 39
170 181 40
170 181 41
170 181 42
170 181 43
170 181 44
170 181 45
170 181 46
170 181 47
170 181 49
170 181 50
170 181 51
170 181 52
170 181 53
170 181 54
170 181 55
170 181 57
170 181 59
170 181 60
170 181 61
170 181 62
170 181 64
170 181 65
170 181 67
170 181 68
170 181 72
170 181 75
170 181 77
170 181 78
170 181 79
170 181 80
170 181 81
170 181 83
170 181 84
170 181 85
170 181 86
170 181 87
170 181 88
170 181 89
170 181 90
170 181 91
170 181 92
170 181 93
170 181 94
170 181 95
170 181 96
170 181 97
170 181 100
170 181 101
170 181 102
170 181 103
170 181 104
170 181 105
170 181 106
170 181 107
170 181 108
170 181 109
170 181 110
170 181 111
170 181 112
170 181 113
170 181 114
170 181 115
170 181 116
170 181 117
170 181 118
170 181 119
170 181 120
170 181 121
170 181 122
170 181 123
170 181 134
170 181 135
170 181 139
170 181 142
170 181 144
170 181 145
170 9 59
170 139 352
170 139 353
170 139 354
170 139 355
170 139 360
170 139 361
170 139 362
170 139 363
170 139 368
170 139 375
170 139 376
170 139 384
170 139 388
170 139 396
170 139 397
170 139 398
170 139 410
170 139 411
170 139 414
170 139 415
170 139 416
170 139 435
170 139 440
170 139 444
170 139 450
170 139 451
170 190 353
170 190 354
170 190 403
170 190 404
170 190 410
170 190 427
170 190 451
170 88 353
170 88 354
170 88 355
170 88 360
170 88 362
170 88 363
170 88 368
170 88 373
170 88 376
170 88 380
170 88 381
170 88 383
170 88 384
170 88 396
170 88 414
170 88 415
170 88 417
170 88 425
170 88 426
170 88 431
170 88 432
170 88 435
170 88 436
170 80 356
170 80 357
170 80 360
170 80 361
170 80 362
170 80 363
170 80 376
170 80 385
170 80 393
170 80 398
170 80 406
170 80 413
170 80 415
170 80 416
170 80 424
170 80 425
170 80 426
170 80 439
170 80 451
170 113 356
170 113 357
170 113 359
170 113 360
170 113 362
170 113 364
170 113 365
170 113 373
170 113 374
170 113 377
170 113 379
170 113 396
170 113 399
170 113 414
170 113 415
170 113 416
170 113 420
170 113 421
170 113 433
170 113 444
170 113 451
170 131 359
170 174 369
170 174 371
170 174 375
170 3 370
170 147 370
170 193 378
170 158 383
170 39 389
170 52 395
170 127 397
170 8 445
181 130 40
181 93 40
181 209 135
181 169 146
181 169 147
181 169 148
181 169 150
181 169 151
181 169 152
181 169 155
181 169 156
181 169 158
181 169 159
181 169 160
181 169 161
181 207 158
181 207 159
181 98 158
181 98 159
181 98 160
169 160 128
169 146 154
169 146 155
169 133 154
169 98 158
169 98 159
169 98 160
169 207 159
169 207 160
169 121 987
93 130 36
93 130 37
93 130 38
93 130 39
93 130 41
93 130 42
93 130 43
93 130 44
93 130 50
93 130 55
93 130 59
93 130 60
93 130 63
93 130 70
93 130 71
93 130 74
93 130 81
93 130 82
93 130 87
93 130 89
93 130 103
93 130 104
93 130 109
93 130 110
93 130 111
93 130 115
93 130 116
93 130 117
93 130 120
93 130 122
93 130 123
93 130 124
93 130 125
93 130 126
93 130 139
93 130 140
93 130 141
93 130 148
93 130 149
93 130 150
93 130 151
93 130 154
93 130 155
93 130 156
93 130 174
93 130 180
93 130 181
93 130 185
93 130 187
93 130 211
93 130 212
93 130 213
93 130 214
93 130 215
93 126 214
93 126 215
93 126 216
93 126 217
93 126 218
130 126 207
130 126 214
130 126 215
130 162 214
9 192 55
9 192 56
9 192 57
9 192 58
9 192 59
9 192 60
9 192 61
9 192 62
9 192 63
9 192 64
9 192 65
9 192 66
9 192 67
9 192 68
9 192 69
9 192 76
9 192 78
9 192 79
9 192 80
9 192 85
9 192 86
9 192 89
9 192 93
9 192 94
9 192 95
9 192 96
9 192 97
9 192 98
9 192 99
9 192 124
9 192 126
9 192 127
9 192 128
9 192 129
9 192 131
9 192 132
9 192 133
9 192 134
9 192 135
9 192 136
9 192 137
9 192 138
9 192 139
9 192 140
9 192 141
9 192 142
9 192 143
9 192 144
9 43 57
9 43 59
9 43 60
9 43 61
9 43 62
9 43 63
9 43 65
9 43 66
9 43 69
9 43 70
9 43 71
9 43 72
9 43 73
9 43 74
9 43 75
9 43 76
9 43 77
9 43 78
9 43 80
9 43 81
9 43 82
9 43 83
9 43 84
9 43 85
9 43 86
9 43 87
9 43 88
9 43 94
9 43 95
9 43 96
9 43 97
9 43 98
9 43 99
9 43 100
9 43 112
9 43 124
9 43 125
9 43 126
9 38 72
9 38 100
9 209 98
9 193 148
9 193 149
9 193 150
9 193 152
9 193 153
9 193 154
9 193 155
9 193 156
9 193 157
9 193 158
9 193 159
9 193 160
9 193 161
9 193 162
9 193 165
9 193 166
9 193 167
9 193 168
9 193 170
9 193 171
9 193 172
9 193 174
9 193 175
9 193 179
9 193 181
9 193 184
9 193 185
9 193 186
9 193 187
9 193 190
9 193 192
9 193 193
9 193 198
9 193 200
9 193 203
9 193 204
9 193 205
9 42 154
9 42 155
9 42 156
9 42 161
9 42 162
9 42 164
9 42 166
9 42 167
9 42 171
9 42 172
9 42 174
9 42 179
9 42 187
9 42 188
9 42 189
9 42 191
9 42 199
9 42 201
9 42 202
9 42 203
9 42 204
9 42 205
9 162 174
9 126 174
192 42 59
192 42 60
192 42 61
192 42 62
192 42 65
192 42 75
192 42 78
192 42 79
192 42 80
192 42 81
192 42 82
192 42 85
192 42 86
192 42 89
192 42 91
192 42 92
192 42 95
192 42 97
192 42 98
192 42 99
192 42 108
192 42 109
192 42 110
192 42 116
192 42 120
192 42 121
192 42 122
192 42 128
192 42 129
192 42 130
192 42 135
192 42 150
192 42 154
192 42 155
192 42 158
192 42 162
192 42 164
192 42 166
192 42 167
192 42 172
192 42 181
192 42 203
192 42 204
192 42 205
192 36 72
192 209 98
192 209 99
192 162 174
192 2 840
192 2 842
192 2 856
192 140 856
192 140 857
192 132 856
43 10 222
43 10 223
43 10 224
43 10 225
43 10 226
43 10 227
43 10 228
43 10 229
43 10 230
43 10 231
43 10 232
43 10 233
43 10 234
43 10 235
43 10 237
43 10 239
43 10 241
42 38 72
42 38 126
42 38 826
42 87 199
42 118 702
42 118 708
42 118 746
42 118 752
42 118 766
42 118 783
42 118 787
42 118 802
42 118 811
42 118 814
42 118 815
42 118 816
42 118 817
42 118 819
42 118 820
42 118 851
42 118 852
42 118 859
42 118 919
42 118 937
42 118 939
42 118 948
42 118 954
42 118 955
42 118 980
42 118 982
42 118 984
42 118 985
42 54 704
42 68 729
42 68 734
42 30 736
42 30 737
42 30 751
42 30 752
42 30 753
42 30 754
42 30 755
42 30 779
42 73 740
42 73 751
42 73 756
42 18 746
42 18 922
42 39 754
42 101 765
42 167 767
42 167 802
42 65 794
42 175 797
42 34 799
42 34 801
50 160 69
50 160 71
50 160 74
50 160 75
50 160 85
50 160 87
50 160 88
50 160 89
50 160 122
50 160 124
50 160 125
50 160 129
50 160 144
50 160 145
50 160 149
50 160 170
50 160 702
50 160 704
50 160 725
50 64 70
50 64 72
50 64 84
50 64 87
50 64 90
50 64 91
50 64 92
50 64 97
50 64 101
50 64 110
50 64 111
50 64 116
50 64 129
50 64 144
50 64 147
50 64 148
50 64 149
50 64 150
50 64 180
50 64 182
50 64 184
50 64 185
50 64 189
50 64 190
50 64 194
50 64 210
50 64 245
50 64 246
50 12 74
50 12 87
50 12 90
50 12 92
50 12 115
50 12 122
50 12 127
50 12 144
50 12 146
50 12 147
50 12 148
50 12 149
50 12 154
50 12 162
50 12 182
50 12 183
50 12 184
50 12 185
50 12 186
50 12 189
50 12 190
50 12 191
50 12 192
50 12 193
50 12 194
50 12 195
50 12 200
50 12 201
50 12 202
50 12 204
50 12 216
50 12 228
50 12 239
50 12 245
50 12 246
50 215 673
50 215 675
50 215 681
50 215 683
50 215 686
50 215 789
50 120 705
50 120 712
50 132 726
50 132 747
50 132 749
50 132 759
50 167 752
50 135 828
50 38 851
160 62 70
160 62 76
160 62 82
160 62 90
160 62 95
160 62 99
160 62 126
160 62 128
160 62 129
160 62 130
160 62 134
160 62 141
160 62 146
160 62 147
160 62 148
160 62 149
160 62 150
160 62 151
160 62 153
160 62 154
160 62 155
160 62 156
160 62 157
160 62 158
160 62 159
160 62 170
160 62 173
160 62 175
160 62 178
160 62 180
160 62 184
160 62 195
160 62 196
160 12 72
160 12 73
160 12 75
160 12 83
160 12 84
160 12 85
160 12 88
160 12 90
160 12 92
160 12 98
160 12 99
160 12 101
160 12 103
160 12 111
160 12 119
160 12 122
160 12 123
160 12 126
160 12 127
160 12 129
160 12 130
160 12 131
160 12 135
160 12 136
160 12 138
160 12 139
160 12 143
160 12 144
160 12 145
160 12 146
160 12 147
160 12 148
160 12 149
160 12 151
160 12 153
160 12 154
160 12 155
160 12 156
160 12 157
160 12 158
160 12 159
160 12 160
160 12 161
160 12 162
160 12 170
160 12 171
160 12 173
160 12 175
160 12 177
160 12 179
160 12 180
160 12 181
160 12 182
160 12 183
160 12 184
160 12 185
160 12 191
160 12 192
160 12 193
160 12 195
160 12 196
160 12 197
160 12 198
160 12 199
160 12 200
160 12 202
160 12 203
160 12 205
160 12 207
160 12 209
160 12 210
160 12 220
160 12 227
160 12 228
160 12 230
160 12 237
160 12 238
160 12 239
160 12 240
160 12 241
160 47 134
160 47 135
160 67 641
160 67 642
160 67 643
160 67 646
160 67 647
160 67 649
160 67 650
160 67 651
160 67 652
160 67 653
160 67 655
160 67 661
160 67 662
160 67 663
160 67 670
160 67 672
160 67 673
160 67 679
160 67 680
160 67 683
160 67 685
160 67 688
160 67 691
160 67 701
160 67 703
160 67 704
160 67 705
160 67 707
160 67 710
160 67 711
160 67 712
160 67 724
160 67 774
160 67 775
160 67 776
160 67 780
160 67 781
160 67 782
160 67 790
160 67 792
160 67 796
160 67 797
160 67 799
160 67 801
160 67 802
160 67 803
160 67 805
160 67 806
160 67 807
160 67 808
160 67 813
160 67 814
160 60 642
160 60 657
160 60 662
160 60 663
160 60 664
160 60 665
160 60 666
160 60 667
160 120 642
160 120 643
160 120 647
160 120 648
160 120 650
160 120 651
160 120 655
160 120 656
160 120 657
160 120 658
160 120 661
160 120 662
160 120 664
160 120 665
160 120 666
160 120 668
160 120 669
160 120 672
160 120 675
160 120 678
160 120 679
160 120 680
160 120 686
160 120 689
160 120 690
160 120 691
160 120 692
160 120 693
160 120 694
160 120 695
160 120 696
160 120 697
160 120 698
160 120 699
160 120 700
160 120 701
160 120 702
160 120 704
160 120 706
160 120 707
160 120 708
160 120 709
160 120 710
160 120 711
160 120 712
160 120 713
160 120 714
160 120 715
160 120 716
160 120 717
160 120 718
160 120 719
160 120 720
160 120 721
160 120 726
160 120 727
160 120 728
160 120 729
160 120 731
160 120 732
160 120 734
160 120 735
160 120 736
160 120 737
160 120 738
160 120 739
160 120 740
160 120 741
160 120 742
160 120 743
160 120 744
160 120 745
160 120 746
160 120 747
160 120 748
160 120 749
160 120 750
160 120 751
160 120 752
160 120 753
160 120 756
160 120 757
160 120 758
160 120 759
160 120 760
160 120 761
160 120 762
160 120 763
160 120 764
160 120 765
160 120 766
160 120 770
160 120 772
160 120 773
160 120 774
160 120 775
160 120 776
160 120 777
160 120 778
160 120 779
160 120 780
160 120 782
160 120 784
160 120 786
160 120 787
160 120 788
160 120 789
160 120 790
160 120 792
160 120 793
160 120 794
160 120 796
160 120 797
160 120 798
160 120 800
160 23 642
160 23 669
160 23 670
160 23 671
160 23 673
160 23 679
160 23 680
160 23 694
160 23 698
160 23 707
160 23 708
160 23 711
160 23 712
160 23 714
160 23 776
160 23 779
160 23 791
160 23 794
160 23 795
160 23 796
160 141 650
160 141 651
160 162 704
160 132 708
160 132 716
160 132 717
160 132 721
160 132 725
160 155 725
160 155 773
160 209 807
160 209 810
160 79 807
64 12 73
64 12 78
64 12 82
64 12 84
64 12 85
64 12 86
64 12 88
64 12 89
64 12 90
64 12 92
64 12 95
64 12 96
64 12 98
64 12 99
64 12 100
64 12 101
64 12 103
64 12 117
64 12 123
64 12 124
64 12 126
64 12 129
64 12 130
64 12 145
64 12 174
64 12 188
64 12 210
64 12 246
64 157 142
64 157 144
64 157 145
64 157 197
64 157 245
64 157 246
64 146 246
64 75 247
64 147 336
64 147 338
64 147 342
64 147 343
64 147 344
64 147 346
64 147 347
64 147 348
64 147 349
64 147 351
64 147 352
64 147 354
64 147 355
64 147 356
64 147 357
64 147 361
64 147 367
64 147 368
64 147 370
64 147 373
64 147 374
64 147 375
64 147 376
64 147 381
64 147 383
64 147 395
64 147 400
64 147 401
64 161 338
64 161 341
64 161 343
64 161 344
64 161 346
64 161 347
64 161 348
64 161 356
64 161 357
64 161 365
64 161 366
64 161 371
64 161 376
64 161 381
64 161 384
64 161 385
64 161 386
64 161 387
64 161 394
64 161 400
64 161 401
64 161 405
64 80 368
64 80 369
64 80 375
64 139 381
64 78 404
62 12 146
62 12 147
62 12 148
62 12 149
62 12 151
62 12 152
62 12 153
62 12 154
62 12 155
62 12 156
62 12 157
62 12 158
62 12 159
62 12 160
62 12 161
62 12 169
62 12 170
62 12 171
62 12 177
62 12 182
62 12 183
62 12 184
62 12 185
62 12 190
62 12 191
62 12 241
62 12 245
62 111 723
62 111 724
62 111 725
62 111 726
62 111 727
62 111 729
62 111 730
62 111 743
62 111 747
62 111 748
62 111 749
62 111 750
62 111 751
62 111 755
62 111 756
62 111 762
62 111 763
62 111 765
62 111 766
62 111 767
62 111 770
62 101 750
62 179 771
62 179 772
62 179 774
62 179 775
62 179 776
62 179 777
62 179 778
62 179 779
62 179 780
12 51 71
12 51 72
12 51 73
12 51 77
12 51 83
12 51 84
12 51 89
12 51 93
12 51 123
12 51 128
12 51 129
12 51 130
12 51 139
12 51 145
12 51 187
12 51 188
12 51 209
12 51 210
12 51 212
12 51 214
12 51 215
12 51 219
12 51 222
12 51 248
12 209 100
12 209 101
12 157 174
12 157 245
12 157 246
12 6 242
12 80 245
12 77 248
12 146 248
51 157 245
51 157 246
51 75 248
51 75 249
51 146 248
51 91 328
51 91 330
51 72 336
51 72 337
51 72 338
51 72 343
51 72 344
51 72 345
51 72 346
51 161 338
51 66 339
51 131 358
51 127 361
51 80 396
51 1 400
193 38 71
193 38 99
193 3 217
193 3 219
193 3 220
193 3 221
193 3 222
193 3 228
193 3 240
193 3 254
193 3 255
193 3 257
193 3 258
193 3 259
193 3 260
193 3 262
193 3 267
193 3 273
193 3 274
193 3 276
193 3 279
193 3 280
193 3 281
193 3 283
193 3 285
193 3 286
193 3 295
193 3 296
193 3 297
193 3 308
193 3 309
193 3 314
193 3 315
193 3 317
193 3 320
193 3 321
193 3 322
193 3 324
193 3 325
193 80 224
193 6 243
193 6 248
193 6 249
193 6 257
193 6 258
193 6 267
193 6 268
193 6 269
193 6 270
193 6 271
193 6 272
193 6 273
193 6 274
193 6 275
193 6 276
193 6 277
193 6 278
193 6 279
193 6 280
193 6 281
193 6 282
193 6 285
193 6 286
193 6 287
193 6 289
193 37 387
38 209 102
38 209 104
38 209 105
38 159 792
38 159 794
38 159 795
38 159 796
38 159 797
38 159 798
38 159 799
38 159 800
38 159 801
38 159 802
38 159 803
38 159 805
38 159 806
38 159 809
38 159 810
38 159 815
38 159 819
38 159 820
38 159 821
38 159 822
38 159 823
38 159 824
38 159 825
38 159 826
38 159 828
38 159 830
38 159 831
38 159 834
38 159 838
38 159 841
38 159 842
38 159 844
38 159 845
38 159 846
38 159 849
38 159 850
38 159 851
38 89 801
38 27 806
38 120 811
38 151 820
38 151 821
38 151 822
38 151 823
38 151 824
38 151 827
38 151 833
38 151 834
38 151 835
38 151 837
38 135 820
38 135 831
38 135 832
38 201 828
38 100 836
38 155 841
38 140 851
36 3 169
36 71 169
36 92 800
209 98 88
209 98 89
209 98 91
209 98 96
209 98 110
209 98 111
209 98 113
209 98 114
209 98 116
209 98 117
209 98 118
209 98 121
209 98 125
209 98 141
209 32 581
209 32 585
209 32 813
209 32 814
209 44 640
209 175 642
209 65 806
209 116 814
98 207 153
98 207 158
98 207 159
47 173 107
47 173 108
47 173 120
47 173 121
47 173 123
47 173 212
47 173 213
47 173 227
47 173 228
47 113 765
47 113 767
47 113 782
47 113 795
47 113 797
47 113 804
47 113 855
47 113 857
47 113 858
47 113 879
47 113 880
173 48 156
173 48 189
173 48 191
173 48 198
75 10 244
75 146 248
75 71 712
75 68 717
75 68 718
75 68 719
75 68 720
75 68 721
75 68 722
75 68 724
75 68 727
75 68 728
75 68 732
75 68 734
75 68 737
75 68 738
75 68 739
75 68 740
75 68 742
75 68 743
75 68 744
75 68 745
75 68 746
75 68 747
75 68 751
75 68 756
75 68 757
75 68 759
75 68 760
75 68 761
75 68 762
75 68 763
75 68 764
75 68 765
75 68 766
75 68 767
75 68 770
75 7 717
75 41 738
75 41 741
75 41 744
75 41 750
75 18 746
75 18 747
75 18 774
75 18 777
75 18 778
75 18 780
75 18 784
75 18 786
75 183 767
75 107 768
75 135 778
75 135 779
75 171 852
75 171 853
75 171 854
75 171 856
75 171 861
75 177 876
75 186 905
75 116 923
77 122 241
77 124 241
77 148 579
77 148 580
77 148 581
77 148 582
77 148 584
77 148 585
77 148 609
77 148 610
77 148 629
77 148 630
77 148 632
77 148 717
77 148 718
77 148 720
77 148 721
77 14 593
77 7 593
77 7 602
77 141 609
77 141 659
77 141 660
77 141 661
77 141 662
77 141 664
77 141 665
77 141 666
77 141 667
77 141 668
77 141 669
77 141 670
77 141 671
77 141 672
77 141 677
77 141 678
77 141 679
77 141 680
77 141 681
77 141 682
77 141 683
77 141 684
77 141 685
77 141 686
77 141 687
77 141 688
77 141 689
77 141 690
77 141 691
77 141 692
77 141 693
77 141 694
77 141 695
77 141 696
77 141 697
77 141 698
77 141 699
77 141 700
77 141 701
77 141 702
77 141 703
77 141 714
77 141 751
77 141 752
77 141 753
77 141 754
77 141 755
77 141 758
77 141 759
77 141 760
77 141 761
77 141 762
77 141 764
77 141 765
77 141 766
77 141 767
77 141 768
77 141 769
77 141 770
77 141 771
77 141 772
77 141 773
77 141 774
77 141 775
77 141 776
77 11 619
77 11 624
77 11 626
77 162 706
77 162 707
77 132 748
77 30 805
157 82 245
157 146 246
157 96 572
157 96 573
157 96 574
157 96 575
157 96 576
157 96 577
157 96 578
157 96 579
157 96 581
157 96 582
157 96 583
157 96 584
157 96 585
157 96 586
157 96 591
157 96 592
157 96 594
157 96 606
157 96 607
157 96 611
157 96 624
157 96 625
157 96 630
157 96 637
157 96 638
157 96 640
157 96 641
157 96 642
157 96 644
157 96 646
157 96 650
157 96 651
157 96 652
157 96 653
157 96 655
157 96 687
157 96 688
157 96 690
157 96 694
157 96 695
157 96 696
157 96 702
157 96 712
157 96 719
157 96 723
157 96 725
157 96 727
157 96 729
157 96 730
157 96 731
157 96 732
157 96 733
157 96 734
157 96 735
157 71 573
157 71 577
157 71 579
157 71 593
157 71 594
157 71 606
157 71 607
157 71 611
157 71 612
157 71 616
157 71 622
157 71 623
157 71 624
157 71 627
157 71 651
157 71 673
157 71 686
157 71 714
157 71 715
157 71 716
157 71 718
157 71 719
157 71 728
157 71 729
157 71 730
157 71 731
157 71 732
157 71 733
157 71 734
157 32 586
157 148 587
157 7 620
157 7 725
157 197 631
157 164 636
157 44 668
157 123 671
157 123 729
157 123 730
157 123 731
157 123 732
157 123 733
157 123 734
157 167 689
157 167 692
157 167 693
157 167 694
157 167 714
157 167 715
157 167 716
157 167 717
157 167 718
157 167 720
157 167 721
157 83 696
157 83 697
157 83 698
157 83 706
157 83 712
157 83 713
157 68 725
157 41 726
157 11 728
157 11 729
157 11 730
157 11 731
157 11 732
157 11 733
157 11 734
146 133 145
146 133 146
146 133 149
146 133 150
146 133 151
146 133 152
146 133 153
146 133 154
146 133 155
146 133 156
146 133 157
146 133 158
146 133 159
146 133 160
146 133 161
146 133 162
146 133 163
146 133 164
146 133 165
146 133 166
146 133 167
146 133 168
146 133 169
146 133 170
146 133 171
146 90 234
133 0 165
133 0 166
162 126 150
162 126 151
162 126 152
162 126 153
162 126 154
162 126 155
162 126 156
162 126 157
162 126 158
162 126 159
162 126 160
162 126 161
162 126 162
162 126 163
162 126 164
162 126 165
162 126 166
162 126 167
162 126 168
162 126 169
162 126 170
162 126 171
162 126 172
162 126 174
162 126 175
162 126 176
162 126 177
162 126 178
162 126 179
162 126 180
162 126 181
162 126 182
162 126 183
162 126 184
162 126 185
162 126 186
162 126 187
162 126 188
162 126 189
162 126 190
162 126 195
162 126 196
162 126 197
162 126 198
162 126 199
162 126 200
162 126 201
162 126 202
162 126 203
162 126 204
162 126 205
162 126 207
162 126 208
162 126 209
162 126 210
162 126 211
162 126 212
162 126 213
162 126 214
162 126 215
162 126 216
162 126 217
162 126 218
162 29 597
162 215 675
162 44 687
162 49 703
162 49 704
162 49 705
162 132 704
162 21 705
162 83 707
162 154 707
162 81 709
207 129 1002
190 87 155
190 87 174
190 87 175
190 87 187
190 87 256
190 87 257
190 87 258
190 87 260
190 87 261
190 87 262
190 87 263
190 87 264
190 87 265
190 87 266
190 0 157
190 0 158
190 0 165
190 0 199
190 0 202
190 0 203
190 0 204
190 0 205
190 0 206
190 0 208
190 0 209
190 0 210
190 0 211
190 0 212
190 0 213
190 0 214
190 0 215
190 0 216
190 0 217
190 0 218
190 0 219
190 0 220
190 0 221
190 0 222
190 0 223
190 0 224
190 0 225
190 0 226
190 0 227
190 0 228
190 0 229
190 0 230
190 0 231
190 0 233
190 0 234
190 0 235
190 0 236
190 0 237
190 0 239
190 0 241
190 0 242
190 0 243
190 0 256
190 0 257
190 0 258
190 0 260
190 0 261
190 0 262
190 0 263
190 0 264
190 0 265
190 85 379
190 139 407
190 139 413
190 139 451
190 112 412
190 112 451
190 78 451
87 3 162
87 3 166
87 3 167
87 3 169
87 3 171
87 3 174
87 3 175
87 3 176
87 3 177
87 3 178
87 3 179
87 3 183
87 3 188
87 3 191
87 3 192
87 3 193
87 0 163
87 0 165
87 0 168
87 0 172
87 0 176
87 0 178
87 0 179
87 0 193
87 0 194
87 0 196
87 71 165
87 71 175
87 71 192
87 71 193
87 71 195
87 71 202
87 71 203
87 71 204
87 71 205
87 71 218
87 71 241
87 6 166
87 6 167
87 69 167
87 69 169
87 69 171
87 69 175
87 69 176
87 69 177
87 69 178
87 69 179
87 69 180
87 69 181
87 69 182
87 69 183
87 69 184
87 69 185
87 69 186
87 69 192
87 69 193
48 167 325
48 167 454
48 167 481
48 88 430
0 69 168
0 69 190
0 69 193
0 3 168
0 3 190
0 82 247
0 84 254
0 84 255
0 84 256
0 84 257
0 84 258
0 84 259
0 84 260
0 84 261
0 84 262
0 84 263
0 84 264
0 84 265
0 189 255
0 189 259
3 6 162
3 6 163
3 6 164
3 6 165
3 6 166
3 6 167
3 6 168
3 6 193
3 6 194
3 6 195
3 6 196
3 6 197
3 6 198
3 6 199
3 6 200
3 6 201
3 6 221
3 6 230
3 6 233
3 6 237
3 6 239
3 6 240
3 6 241
3 6 242
3 6 243
3 6 244
3 6 247
3 6 250
3 6 251
3 6 252
3 6 253
3 6 256
3 6 257
3 6 258
3 6 259
3 6 263
3 6 264
3 6 265
3 6 266
3 6 267
3 6 268
3 6 269
3 6 270
3 6 271
3 6 272
3 6 273
3 6 274
3 6 275
3 6 276
3 6 277
3 6 278
3 6 279
3 6 280
3 6 281
3 6 282
3 6 283
3 6 284
3 6 285
3 6 286
3 6 287
3 6 288
3 6 289
3 6 293
3 6 295
3 6 296
3 6 297
3 6 300
3 6 303
3 6 304
3 6 310
3 6 311
3 6 312
3 6 313
3 6 314
3 6 315
3 6 317
3 6 318
3 6 319
3 6 320
3 6 321
3 6 322
3 6 323
3 6 324
3 6 325
3 6 339
3 6 347
3 6 354
3 6 355
3 6 356
3 6 357
3 6 359
3 6 360
3 6 361
3 6 362
3 6 364
3 6 368
3 6 369
3 6 381
3 6 382
3 6 383
3 6 387
3 6 388
3 69 179
3 90 187
3 194 218
3 194 239
3 194 241
3 194 242
3 194 244
3 194 247
3 194 328
3 194 335
3 194 336
3 194 344
3 194 345
3 194 346
3 194 347
3 194 348
3 194 351
3 194 352
3 194 353
3 194 354
3 194 355
3 194 356
3 194 357
3 194 358
3 194 360
3 194 362
3 194 364
3 82 226
3 82 227
3 82 238
3 44 263
3 10 263
3 124 282
3 210 362
3 99 382
3 185 384
3 156 385
6 69 167
6 194 239
6 194 244
6 194 247
6 194 349
6 194 351
6 194 352
6 194 354
6 194 355
6 194 356
6 194 357
6 194 364
6 139 373
6 185 376
6 210 379
71 21 675
71 96 712
71 96 713
71 96 720
71 85 715
71 11 728
71 11 729
71 11 730
71 11 731
71 11 732
71 11 733
71 11 734
71 11 735
71 11 736
69 90 187
69 90 206
69 90 207
69 90 208
69 90 214
69 90 216
69 90 217
69 90 222
69 90 226
69 90 227
69 90 230
69 90 231
69 90 233
69 90 234
69 90 237
69 90 238
69 90 240
69 117 490
69 117 494
69 117 507
69 117 509
69 117 513
69 117 514
69 117 516
69 117 529
69 117 535
69 119 495
69 182 515
69 182 517
69 17 532
69 17 537
69 17 539
69 17 542
69 136 533
69 55 540
69 55 542
69 55 543
84 90 174
84 90 187
84 189 254
84 189 255
84 189 259
84 136 526
84 136 527
84 136 529
84 136 531
84 136 532
84 136 533
84 136 534
84 136 536
84 136 539
84 136 542
84 136 543
84 136 545
84 136 548
84 136 551
84 136 552
84 136 556
84 136 557
84 136 561
84 106 532
84 108 532
84 94 540
90 56 962
90 56 965
90 56 976
90 56 986
90 56 987
90 56 991
90 56 998
90 56 1000
90 56 1001
90 56 1002
90 56 1003
90 56 1004
90 56 1005
90 56 1006
90 56 1007
90 56 1009
90 56 1010
90 56 1011
90 56 1017
90 56 1022
90 56 1023
90 56 1026
90 56 1029
90 56 1030
90 56 1031
90 56 1035
90 56 1036
90 56 1038
90 56 1039
90 56 1040
90 56 1042
90 56 1043
90 56 1044
90 56 1045
90 56 1046
90 56 1047
90 56 1048
90 56 1049
90 56 1051
90 56 1053
90 56 1054
90 56 1055
90 56 1057
90 56 1058
90 129 1028
57 82 218
57 82 239
57 82 242
57 82 327
57 82 328
57 82 329
57 82 331
57 82 344
57 82 351
57 131 333
57 124 351
57 124 352
57 19 468
57 19 474
57 19 475
57 19 477
57 19 482
57 19 484
57 17 474
57 17 481
57 17 536
57 17 537
57 17 539
57 17 540
57 17 542
57 110 519
57 136 534
82 163 267
82 124 350
82 124 351
82 122 351
82 136 538
82 136 541
194 80 378
194 78 389
194 175 612
194 175 617
194 164 612
194 164 615
194 164 616
194 164 617
194 164 618
194 164 619
194 164 620
194 164 623
194 164 626
194 164 628
194 164 632
194 164 633
194 164 636
194 164 637
194 164 639
194 164 640
194 164 641
194 164 645
194 164 646
194 164 651
194 164 652
194 164 653
194 164 654
194 29 614
194 125 616
80 59 221
80 59 223
80 59 227
80 59 228
80 59 229
80 59 237
80 59 238
80 59 249
80 59 260
80 59 265
80 59 288
80 59 289
80 59 302
80 59 303
80 59 309
80 59 310
80 59 312
80 59 314
80 59 315
80 59 316
80 59 317
80 59 318
80 59 319
80 59 320
80 59 321
80 59 322
80 59 323
80 59 324
80 59 325
80 59 326
80 65 298
80 65 299
80 139 354
80 139 355
80 139 358
80 139 359
80 139 360
80 139 362
80 139 363
80 139 364
80 139 365
80 139 366
80 139 367
80 139 370
80 139 371
80 139 376
80 139 377
80 139 380
80 139 381
80 139 382
80 139 383
80 139 384
80 139 385
80 139 386
80 139 387
80 139 388
80 139 389
80 139 392
80 139 393
80 139 395
80 139 396
80 139 397
80 139 398
80 139 400
80 139 402
80 139 405
80 139 406
80 139 407
80 139 408
80 139 409
80 139 413
80 139 414
80 139 415
80 139 416
80 139 426
80 139 427
80 139 428
80 139 429
80 139 451
80 112 356
80 112 361
80 112 363
80 112 369
80 112 373
80 112 374
80 112 412
80 112 413
80 112 451
80 85 367
80 85 368
80 85 379
80 85 383
80 85 388
80 85 389
80 85 393
80 85 394
80 85 396
80 85 401
80 85 417
80 185 367
80 174 375
80 99 375
80 191 379
80 191 396
80 191 408
80 191 416
80 210 391
80 210 399
80 210 401
80 70 400
80 33 421
59 122 350
59 122 351
59 122 352
59 124 350
59 8 402
59 8 404
59 8 405
59 8 406
59 8 407
59 8 408
59 8 409
59 8 410
59 8 411
59 8 414
59 8 415
59 8 416
59 8 417
59 8 418
59 8 419
59 8 426
59 8 427
59 8 428
59 8 429
59 8 430
59 8 443
59 8 445
59 8 448
59 8 449
59 8 450
59 8 451
59 8 471
59 8 478
59 8 480
59 8 483
59 8 485
59 8 486
59 8 487
59 8 488
59 8 489
59 8 494
59 8 499
59 8 501
59 8 502
59 8 503
59 8 507
59 8 508
59 8 509
59 8 510
59 8 511
59 8 513
59 8 523
59 8 524
59 8 525
59 8 526
59 8 527
59 8 528
59 8 566
59 8 573
59 8 574
59 8 575
59 8 576
59 8 577
59 8 578
59 8 579
59 8 580
59 8 581
59 8 582
59 8 583
59 8 588
59 8 593
59 8 594
59 8 595
59 8 596
59 8 597
59 8 598
59 8 599
59 8 604
59 8 612
59 8 613
59 8 614
59 8 615
59 8 616
59 8 617
59 8 618
59 8 619
59 8 620
59 8 621
59 8 624
59 105 404
59 105 409
59 105 410
59 105 426
59 105 429
59 105 443
59 105 444
59 105 446
59 105 448
59 105 452
59 105 506
59 105 545
59 105 615
59 105 624
59 110 405
59 110 406
59 110 407
59 110 409
59 110 410
59 110 411
59 110 439
59 110 469
59 110 483
59 110 487
59 110 489
59 110 502
59 110 511
59 110 516
59 110 517
59 110 518
59 110 520
59 110 523
59 110 524
59 110 525
59 110 526
59 110 527
59 110 528
59 110 539
59 110 540
59 110 545
59 110 562
59 110 563
59 110 564
59 110 601
59 110 624
59 25 446
59 111 459
59 111 460
59 119 463
59 149 570
59 73 610
59 196 612
59 7 613
10 44 236
10 44 238
10 44 252
10 44 253
10 44 255
10 44 256
10 44 257
10 44 258
10 44 259
10 44 260
10 44 261
10 44 262
10 44 265
10 44 266
10 44 287
10 44 288
10 44 289
10 44 290
10 44 291
10 44 292
10 44 295
10 44 296
10 44 301
10 44 303
10 44 304
10 44 305
10 44 306
10 44 307
10 44 308
10 1 355
10 210 357
10 70 357
10 161 358
44 83 623
44 83 627
44 83 628
44 83 629
44 83 630
44 83 631
44 83 632
44 83 633
44 83 634
44 83 635
44 83 636
44 83 637
44 83 638
44 83 639
44 83 640
44 83 641
44 83 643
44 83 644
44 83 645
44 83 648
44 83 650
44 83 651
44 83 652
44 83 653
44 83 654
44 83 655
44 83 656
44 83 657
44 83 658
44 83 662
44 83 663
44 83 664
44 83 665
44 83 666
44 83 667
44 83 669
44 83 670
44 83 671
44 83 673
44 83 674
44 83 675
44 83 676
44 83 677
44 83 678
44 83 679
44 83 680
44 83 681
44 83 682
44 83 683
44 83 684
44 83 685
44 83 686
44 83 688
44 83 689
44 83 690
44 83 691
44 83 692
44 83 693
44 83 694
44 83 695
44 141 630
44 141 632
44 141 633
44 141 634
44 141 635
44 11 680
44 11 681
44 11 682
124 122 237
124 122 238
124 122 241
124 122 242
124 122 244
124 122 260
124 122 261
124 122 338
124 122 339
124 122 341
124 122 343
124 122 344
124 122 345
124 122 346
124 122 347
124 122 348
124 122 349
124 122 350
124 122 351
124 37 345
122 13 293
196 22 242
196 22 243
196 22 244
196 22 246
196 22 247
196 22 258
196 22 308
196 22 327
196 22 328
196 22 329
196 22 330
196 22 331
196 22 332
196 22 333
196 22 334
196 22 335
196 22 336
196 22 337
196 22 338
196 29 606
196 29 608
196 29 609
196 195 631
22 163 243
22 163 255
22 163 257
22 163 258
22 163 259
22 163 260
22 163 326
22 163 327
22 163 328
22 163 329
22 163 330
22 163 331
22 163 332
22 163 333
22 163 334
22 163 335
22 163 336
22 163 337
22 163 338
22 68 904
22 155 904
22 155 909
163 195 243
163 195 255
163 195 258
163 195 259
163 195 260
163 195 269
163 195 326
163 195 327
163 195 328
163 195 329
163 195 330
163 195 331
163 195 332
163 195 333
163 195 334
163 195 335
163 195 336
163 195 337
163 195 338
163 195 339
163 40 456
163 40 459
163 40 460
163 40 475
163 53 475
163 53 481
163 53 482
163 53 484
195 20 248
195 20 252
195 20 255
195 20 270
195 20 275
195 20 281
195 20 293
195 20 303
195 20 322
195 20 323
195 20 325
195 20 326
195 11 612
195 11 613
195 11 618
195 105 623
20 17 467
20 17 468
20 17 469
20 17 470
20 17 471
20 17 474
20 17 475
20 17 476
20 17 477
20 17 478
20 17 479
20 17 480
20 17 481
20 17 482
20 17 484
20 17 485
20 17 486
20 17 487
20 17 488
20 17 489
20 17 490
20 17 491
20 17 494
20 17 495
20 17 496
20 17 497
20 17 498
20 17 500
20 17 501
20 17 502
20 17 505
20 17 508
20 17 509
20 17 512
20 17 513
20 17 520
20 17 521
20 17 522
20 17 523
20 17 524
20 17 525
20 17 526
20 17 527
20 17 528
20 17 529
20 17 531
20 17 533
20 17 534
20 17 536
20 17 537
20 17 539
20 17 542
20 55 470
20 55 471
20 55 476
20 55 483
20 55 485
20 55 486
20 55 487
20 55 488
20 55 489
20 55 493
20 55 496
20 55 498
20 55 501
20 55 507
20 55 514
20 55 521
20 55 523
20 55 524
20 55 533
20 55 534
20 55 535
20 55 536
20 55 537
20 55 539
20 55 540
20 55 542
20 67 497
20 67 517
20 67 530
20 67 540
20 67 542
20 214 497
20 214 500
20 214 517
20 214 538
20 214 540
20 214 542
20 110 519
20 94 522
20 136 534
20 141 535
20 117 540
189 201 817
189 201 818
189 201 819
189 201 825
189 201 827
189 201 828
189 201 843
189 201 845
189 201 846
189 140 843
189 140 845
189 140 846
189 140 848
189 140 849
189 140 850
189 140 851
189 140 856
189 140 857
189 153 845
189 153 846
189 153 848
189 81 849
189 81 850
189 135 849
189 135 851
189 159 851
189 132 856
189 2 856
189 191 856
189 191 857
13 131 268
13 131 269
13 131 270
13 131 271
13 131 272
13 131 273
13 131 274
13 131 276
13 131 278
13 131 279
13 131 280
13 131 281
13 131 282
13 131 283
13 131 284
13 131 287
13 131 290
13 131 291
13 131 293
13 131 294
13 131 295
13 131 296
13 131 324
13 131 325
13 131 326
13 131 329
13 131 330
13 131 331
13 131 332
13 131 347
13 131 348
13 131 349
13 131 350
13 131 351
13 131 352
13 131 353
13 131 354
13 131 355
13 131 356
13 131 357
13 131 361
13 131 362
13 131 364
13 131 365
13 134 278
13 134 280
13 134 285
13 78 325
131 134 283
131 134 286
131 72 358
131 112 359
131 174 360
127 134 275
127 134 276
127 134 277
127 134 279
127 134 281
127 134 282
127 134 287
127 134 297
127 134 305
127 134 306
127 134 307
127 134 308
127 134 321
127 134 329
127 134 331
127 134 332
127 134 334
127 134 335
127 134 336
127 134 344
127 134 361
127 134 362
127 134 380
127 134 386
127 134 394
127 134 395
127 134 397
127 134 400
127 134 407
127 134 409
127 134 415
127 134 416
127 134 420
127 134 425
127 134 427
127 134 428
127 134 429
127 134 430
127 134 438
127 134 439
127 134 447
127 134 448
127 134 449
127 134 452
127 134 453
127 134 456
127 134 457
127 134 460
127 134 462
127 134 463
127 174 372
127 174 373
127 112 385
127 158 385
127 158 400
127 99 395
127 66 395
127 185 401
127 53 456
127 53 457
134 63 288
134 112 385
134 112 396
134 185 400
63 35 949
63 35 950
63 35 951
63 35 952
63 35 953
63 35 954
63 35 955
63 35 1014
63 35 1015
63 35 1035
63 35 1036
63 184 949
63 184 950
63 184 952
63 184 953
63 184 954
63 184 955
63 184 958
63 184 959
63 184 1012
63 184 1028
63 5 954
63 5 955
63 5 958
63 5 959
63 5 962
63 5 963
63 5 992
63 5 993
63 5 994
63 5 1024
63 5 1033
63 5 1034
63 5 1035
63 5 1038
63 5 1039
63 5 1040
63 5 1049
63 5 1050
65 23 640
65 23 641
65 23 642
65 23 643
65 23 646
65 23 648
65 23 649
65 23 650
65 23 652
65 23 653
65 23 654
65 23 655
65 23 656
65 23 657
65 23 658
65 23 660
65 23 664
65 23 665
65 23 668
65 23 670
65 23 680
65 23 691
65 23 706
65 23 707
65 23 709
65 23 718
65 23 719
65 23 720
65 23 721
65 23 726
65 23 729
65 23 730
65 23 731
65 23 732
65 23 733
65 23 734
65 23 735
65 23 736
65 23 737
65 23 739
65 23 740
65 23 741
65 23 742
65 23 743
65 23 744
65 23 745
65 23 746
65 23 747
65 23 748
65 23 749
65 23 750
65 23 752
65 23 757
65 23 761
65 23 762
65 23 763
65 23 764
65 23 765
65 23 766
65 23 767
65 23 768
65 23 769
65 23 770
65 23 771
65 23 772
65 23 773
65 23 776
65 23 779
65 23 780
65 23 781
65 23 785
65 23 789
65 23 790
65 23 791
65 23 792
65 23 795
65 23 796
65 23 797
65 23 798
65 23 799
65 23 817
65 23 818
65 23 819
65 23 820
65 23 824
65 23 825
65 23 826
65 23 827
65 23 828
65 23 829
65 141 649
65 141 651
65 141 668
65 79 667
65 79 707
65 120 708
65 120 711
65 120 718
65 120 776
65 120 779
65 120 797
65 120 817
65 120 818
65 120 819
65 120 821
65 120 822
65 120 825
65 120 828
65 155 734
65 155 746
65 155 748
65 155 752
65 155 753
65 155 756
65 168 767
65 103 779
65 144 794
65 30 805
65 81 811
65 27 812
65 85 814
65 201 822
65 201 824
49 182 414
49 182 415
49 213 668
49 213 671
49 213 682
49 213 685
49 213 689
49 213 788
49 213 802
49 213 803
49 213 806
49 132 675
49 132 684
49 132 703
49 132 704
49 132 705
49 132 743
49 132 748
49 132 753
49 132 754
49 132 755
49 132 756
49 132 757
49 132 758
49 132 768
49 132 769
49 132 770
49 132 771
49 132 772
49 132 773
49 132 780
49 132 781
49 132 816
49 132 817
49 132 818
49 141 690
49 120 702
49 67 703
49 67 704
49 67 705
49 155 714
49 155 715
49 106 786
49 58 825
49 89 832
210 72 322
210 72 324
210 72 325
210 72 327
210 72 328
210 72 329
210 72 330
210 72 331
210 72 334
210 72 336
210 72 337
210 72 338
210 72 346
210 72 350
210 72 351
210 72 352
210 72 353
210 72 354
210 72 355
210 72 356
210 72 357
210 72 358
210 72 359
210 72 360
210 72 361
210 72 362
210 72 363
210 72 364
210 72 365
210 72 366
210 72 367
210 72 368
210 72 369
210 72 370
210 72 371
210 72 372
210 72 373
210 72 374
210 72 375
210 72 376
210 72 377
210 72 378
210 72 382
210 72 383
210 72 384
210 72 386
210 72 387
210 72 395
210 72 396
210 72 397
210 72 399
210 72 400
210 72 402
210 72 403
210 72 405
210 72 406
210 72 407
210 161 339
210 158 376
210 158 377
210 158 399
210 139 400
210 139 401
210 45 438
210 53 440
210 53 446
210 159 442
210 159 445
210 159 446
210 40 444
210 109 456
210 204 469
210 204 478
210 204 489
210 204 502
210 204 503
210 204 504
210 204 505
210 204 510
210 204 511
210 204 513
210 204 514
210 204 515
210 204 516
210 204 519
210 204 520
210 204 522
210 204 523
210 204 524
210 94 541
210 27 578
72 91 370
72 99 406
72 99 407
72 119 450
72 119 451
72 119 453
72 119 455
72 119 458
72 119 459
72 119 462
72 119 463
72 119 464
72 119 469
72 119 470
72 119 471
72 119 472
72 119 477
72 119 478
72 119 479
72 119 484
72 119 488
72 119 489
72 25 458
72 25 459
72 18 495
78 88 361
78 88 377
78 88 390
78 88 400
78 88 409
78 88 411
78 88 415
78 88 416
78 88 424
78 88 425
78 91 371
78 185 374
78 161 375
78 182 394
78 182 395
78 147 398
78 174 404
78 31 404
167 174 339
167 53 479
167 137 672
167 21 672
167 21 739
167 85 672
167 85 674
167 85 675
167 85 677
167 85 678
167 85 679
167 85 680
167 85 681
167 85 682
167 85 683
167 85 684
167 85 685
167 85 686
167 85 687
167 85 689
167 85 690
167 85 691
167 85 692
167 85 693
167 85 694
167 85 695
167 85 696
167 85 697
167 85 698
167 85 699
167 85 700
167 85 701
167 85 702
167 85 703
167 85 704
167 85 705
167 85 706
167 85 707
167 85 708
167 85 710
167 85 711
167 85 712
167 85 713
167 85 715
167 85 716
167 85 718
167 85 727
167 85 728
167 85 729
167 85 730
167 85 731
167 85 732
167 85 733
167 85 734
167 85 735
167 85 736
167 85 737
167 85 738
167 85 739
167 85 740
167 85 741
167 85 742
167 85 744
167 85 745
167 85 746
167 85 747
167 85 751
167 85 752
167 85 753
167 85 754
167 85 755
167 85 758
167 85 759
167 85 760
167 85 765
167 85 766
167 85 768
167 85 772
167 85 774
167 85 775
167 85 776
167 85 777
167 85 778
167 85 779
167 85 780
167 85 781
167 85 782
167 85 783
167 85 784
167 85 785
167 85 786
167 85 788
167 85 789
167 85 790
167 85 791
167 85 792
167 85 793
167 85 794
167 85 795
167 85 797
167 85 798
167 85 799
167 85 800
167 85 801
167 85 803
167 85 806
167 85 808
167 85 809
167 85 811
167 85 812
167 85 813
167 85 814
167 85 815
167 85 816
167 85 817
167 85 818
167 4 681
167 96 696
167 96 714
167 96 719
167 73 696
167 73 699
167 73 708
167 73 709
167 73 712
167 73 713
167 73 720
167 179 696
167 179 708
167 141 700
167 141 745
167 141 755
167 155 704
167 7 706
167 7 709
167 7 710
167 7 712
167 7 722
167 70 722
167 112 729
167 79 747
167 79 757
167 79 758
167 79 761
167 58 764
167 100 764
167 100 807
167 67 788
167 67 814
167 67 815
167 27 792
167 27 793
167 140 806
167 40 807
167 19 813
167 120 814
91 158 359
91 158 360
91 158 361
91 158 367
91 158 368
91 158 370
91 158 373
91 158 374
91 158 377
91 158 378
91 158 386
91 158 387
91 158 389
91 158 390
91 158 391
91 158 392
91 158 393
91 158 394
91 158 395
91 158 401
91 158 402
91 158 403
91 185 369
91 185 378
91 185 386
91 185 388
91 185 390
91 185 392
91 185 396
91 185 402
91 185 409
91 185 410
91 176 394
91 152 395
174 147 335
174 147 336
174 147 339
174 147 340
174 147 341
174 147 356
174 147 369
174 147 379
174 147 384
174 147 386
174 147 389
174 147 390
174 147 391
174 147 394
174 147 396
174 161 337
174 161 338
174 161 339
174 161 340
174 161 341
174 161 348
174 161 349
174 161 350
174 161 351
174 161 352
174 161 353
174 161 354
174 161 355
174 161 356
174 161 357
174 161 366
174 161 367
174 161 368
174 161 370
174 161 371
174 161 372
174 161 375
174 161 380
174 161 382
174 161 394
174 161 395
174 52 338
174 99 341
174 99 342
174 99 343
174 99 344
174 99 345
174 99 346
174 99 347
174 99 348
174 99 349
174 99 350
174 99 361
174 99 379
174 99 381
174 99 386
174 99 391
174 99 392
174 99 396
174 99 401
174 99 404
174 66 356
174 66 357
174 66 361
174 66 366
174 66 370
174 66 371
174 66 376
174 66 380
174 66 381
174 66 383
174 66 394
174 66 399
174 66 404
174 88 361
174 88 367
174 88 375
174 158 361
174 139 367
174 33 371
174 33 384
174 33 401
174 33 404
174 156 396
174 152 398
174 185 398
147 161 336
147 161 341
147 161 342
147 161 343
147 161 344
147 161 345
147 161 346
147 161 347
147 161 348
147 161 357
147 161 381
147 161 396
147 161 398
147 31 340
147 31 380
147 31 383
147 31 384
147 99 351
147 99 352
147 99 354
147 99 355
147 99 365
147 99 374
147 99 382
147 99 385
147 99 386
147 99 389
147 99 390
147 99 391
147 99 392
147 99 401
147 85 369
147 85 394
147 85 395
161 99 341
161 99 348
161 99 349
161 99 350
161 99 351
161 99 364
161 99 371
161 99 374
161 99 378
161 99 379
161 99 381
161 99 383
161 99 389
161 99 390
161 139 375
161 156 382
161 182 401
161 68 848
161 68 849
161 68 850
161 68 851
161 68 852
161 68 856
161 68 857
161 68 858
161 68 859
161 68 860
161 68 861
161 68 862
161 68 863
161 68 864
161 68 865
161 68 869
161 68 870
161 68 871
161 68 872
161 68 873
161 68 874
161 68 875
161 68 876
161 68 877
161 68 878
161 68 879
161 68 880
161 68 881
161 68 882
161 68 883
161 68 884
161 68 885
161 68 886
161 68 887
161 68 889
161 68 890
161 68 891
161 68 892
161 68 893
161 68 894
161 68 895
161 68 896
161 68 897
161 68 900
161 68 902
161 68 903
161 68 904
161 68 905
161 68 906
161 68 910
161 68 913
161 68 914
161 68 916
161 68 929
161 68 932
161 68 937
161 68 938
161 68 939
161 68 940
161 68 941
161 68 942
161 128 925
161 128 929
161 89 925
52 88 339
52 88 340
52 88 341
52 88 347
52 88 348
52 88 349
52 88 350
52 88 355
52 88 356
52 88 357
52 88 358
52 88 361
52 88 362
52 88 371
52 88 373
52 88 385
52 88 386
52 88 387
52 88 389
52 88 390
52 88 391
52 88 392
52 88 393
52 88 394
52 88 399
52 88 400
52 88 401
52 88 409
52 88 410
52 37 348
52 37 410
52 176 405
52 40 410
52 104 810
52 104 813
52 104 831
52 104 873
52 104 874
52 104 908
52 104 910
52 144 816
52 144 817
52 144 818
52 144 819
52 27 816
52 145 846
52 155 848
52 159 848
52 58 857
88 139 351
88 139 352
88 139 353
88 139 354
88 139 359
88 139 360
88 139 362
88 139 363
88 139 376
88 139 377
88 139 384
88 139 394
88 139 396
88 139 402
88 139 415
88 139 418
88 139 419
88 139 432
88 139 434
88 139 447
88 139 448
88 139 449
88 112 354
88 112 357
88 112 358
88 112 359
88 112 360
88 112 361
88 112 362
88 112 370
88 112 373
88 112 374
88 112 376
88 112 396
88 112 403
88 112 404
88 112 405
88 112 408
88 112 412
88 112 413
88 112 414
88 112 415
88 112 433
88 112 443
88 112 444
88 99 365
88 99 371
88 185 375
88 185 376
88 185 387
88 185 401
88 185 413
88 185 414
88 191 395
88 191 398
88 191 399
88 191 434
88 39 411
88 39 413
88 158 413
88 158 414
88 1 413
88 33 424
88 33 429
88 8 450
66 99 339
66 99 352
66 99 357
66 99 371
66 99 374
66 99 376
66 99 395
66 99 396
66 99 400
66 99 401
66 99 404
66 99 405
66 99 406
66 70 339
66 70 384
66 31 361
66 31 371
66 31 374
66 31 398
66 31 399
66 31 404
66 176 397
66 155 858
66 155 898
66 155 902
66 155 903
66 164 888
66 164 898
66 164 899
66 164 901
66 164 907
66 164 908
66 164 909
66 164 912
66 164 915
66 164 933
66 145 976
66 145 980
66 145 981
99 33 365
99 33 376
99 33 389
99 33 395
99 139 371
99 139 381
99 139 394
99 31 390
99 152 397
99 185 398
70 158 376
70 41 735
70 41 737
70 92 771
31 94 615
182 94 342
182 94 343
182 94 348
182 94 349
182 94 353
182 94 356
182 94 362
182 94 363
182 94 364
182 94 365
182 94 366
182 94 370
182 94 379
182 94 381
182 94 382
182 94 383
182 94 384
182 94 385
182 94 390
182 94 392
182 94 393
182 94 399
182 94 401
182 94 402
182 94 422
182 94 426
182 94 428
182 94 456
182 94 459
182 94 460
182 94 470
182 94 471
182 94 472
182 94 514
182 94 515
182 94 516
182 94 517
182 94 518
182 94 532
182 94 533
182 94 534
182 94 538
182 94 539
182 94 540
182 94 541
182 94 542
182 94 546
182 94 547
182 94 548
182 94 549
182 94 550
182 94 551
182 94 552
182 94 553
182 94 554
182 94 555
182 94 556
182 94 564
182 94 565
182 94 567
182 94 568
182 94 569
182 94 570
182 94 571
182 94 572
182 94 584
182 94 585
182 94 586
182 94 588
182 94 589
182 94 590
182 94 591
182 94 592
182 94 593
182 94 595
182 94 601
182 94 603
182 94 604
182 94 610
182 94 615
182 94 616
182 33 392
182 33 393
182 33 394
182 33 395
182 33 397
182 33 399
182 178 393
182 178 399
182 67 514
182 67 516
182 115 528
182 187 544
94 156 378
94 40 468
94 18 522
94 18 523
94 25 541
37 1 346
37 1 347
37 1 348
37 1 349
37 1 350
37 1 351
37 1 352
37 1 356
37 1 363
37 1 375
37 1 376
37 1 377
37 1 378
37 1 388
37 1 395
37 1 401
37 1 402
37 1 403
37 1 411
37 1 413
37 92 375
37 156 392
37 139 402
37 158 407
37 158 413
37 185 413
37 5 954
37 5 955
37 5 956
37 5 959
37 5 960
37 5 963
37 5 989
37 5 992
37 5 996
37 5 997
37 5 998
37 5 1000
37 5 1001
37 5 1003
37 5 1004
37 5 1005
37 5 1007
37 5 1008
37 5 1010
37 5 1013
37 5 1014
37 5 1015
37 5 1016
37 5 1019
37 5 1021
37 5 1025
37 5 1026
37 5 1027
37 5 1030
37 5 1034
37 5 1036
37 5 1037
37 5 1038
37 5 1039
37 5 1040
37 5 1041
37 5 1043
37 5 1044
37 5 1046
37 5 1047
37 5 1048
37 184 955
37 184 959
37 184 960
37 184 963
37 184 965
37 184 966
37 184 967
37 184 1030
37 184 1031
37 184 1032
37 184 1033
37 184 1034
37 184 1035
37 184 1036
37 184 1037
37 184 1038
37 184 1039
37 184 1040
37 184 1049
1 185 413
1 158 413
139 191 353
139 191 396
139 191 397
139 191 403
139 191 404
139 191 405
139 191 406
139 191 412
139 112 354
139 112 359
139 112 409
139 112 410
139 112 411
139 112 412
139 112 416
139 112 451
139 112 452
139 185 363
139 85 368
139 85 378
139 85 379
139 85 380
139 85 383
139 158 402
139 176 411
139 45 411
139 45 425
139 45 434
139 202 440
139 40 444
139 110 448
139 110 449
191 2 834
191 2 841
191 140 858
112 158 362
112 158 385
112 185 362
112 185 363
112 185 367
113 85 371
113 85 381
113 140 766
113 128 796
113 128 802
113 108 800
113 89 801
113 155 816
185 92 358
185 92 363
185 92 364
185 92 366
185 92 367
185 92 368
185 92 374
185 92 393
185 92 395
185 92 401
185 92 403
185 158 358
185 158 359
185 158 360
185 158 361
185 158 362
185 158 363
185 158 364
185 158 365
185 158 369
185 158 370
185 158 371
185 158 372
185 158 374
185 158 375
185 158 376
185 158 377
185 158 378
185 158 379
185 158 380
185 158 381
185 158 384
185 158 386
185 158 388
185 158 390
185 158 391
185 158 392
185 158 393
185 158 395
185 158 396
185 158 397
185 158 399
185 158 400
185 158 402
185 158 403
185 158 405
185 158 406
185 158 407
185 158 413
185 158 414
185 176 393
185 46 395
185 152 395
185 156 398
185 45 405
92 140 763
92 81 774
92 141 778
158 85 364
158 85 383
158 85 387
158 155 386
158 176 394
158 176 405
158 152 394
158 152 408
158 149 575
158 73 577
85 156 385
85 8 449
85 96 705
85 7 708
85 7 709
85 41 767
85 120 814
33 178 377
33 178 379
33 178 380
33 178 382
33 178 383
33 178 384
33 178 386
33 178 389
33 178 391
33 178 392
33 178 393
33 178 394
33 178 395
33 178 396
33 178 397
33 178 398
33 178 399
33 178 400
33 178 401
33 178 402
33 178 403
33 178 404
33 178 405
33 178 406
33 178 407
33 178 408
33 178 409
33 178 410
33 178 414
33 178 415
33 178 416
33 178 417
33 178 421
33 178 422
33 178 423
33 178 429
33 178 431
33 178 436
33 178 440
33 178 441
33 178 442
33 178 443
33 178 445
33 178 448
33 178 451
33 178 452
33 178 453
33 178 454
33 178 456
33 178 457
33 178 458
33 178 459
33 178 460
33 178 466
33 178 471
33 178 472
33 178 473
33 178 474
33 178 475
33 178 476
33 178 482
33 178 488
33 178 517
33 178 518
33 178 519
33 178 521
33 178 527
33 178 528
33 178 535
33 178 537
33 178 538
33 178 561
33 178 562
33 178 563
33 115 518
33 212 521
178 8 406
178 110 411
178 35 455
178 35 463
178 35 465
178 35 468
178 18 514
155 120 716
155 120 773
155 21 721
155 54 725
155 95 732
155 95 776
155 95 778
155 95 780
155 95 781
155 95 783
155 95 784
155 95 786
155 95 787
155 95 788
155 95 789
155 95 793
155 95 807
155 95 808
155 105 732
155 105 776
155 105 828
155 60 734
155 141 776
155 132 777
155 107 816
155 73 819
155 135 825
155 140 828
155 140 831
155 153 830
155 39 834
155 39 876
155 56 835
155 2 835
155 79 836
155 116 848
155 116 849
155 116 851
155 116 852
155 116 853
155 116 854
155 116 855
155 116 856
155 116 857
155 116 858
155 116 859
155 116 860
155 116 861
155 116 862
155 116 863
155 116 864
155 116 865
155 116 866
155 116 867
155 116 868
155 116 869
155 116 870
155 116 871
155 116 872
155 116 873
155 116 874
155 116 875
155 116 876
155 116 877
155 116 878
155 116 879
155 116 880
155 116 881
155 116 882
155 116 883
155 116 884
155 116 885
155 116 886
155 116 887
155 116 888
155 116 891
155 116 893
155 116 895
155 116 896
155 116 897
155 103 894
155 103 911
155 103 912
155 103 913
39 153 805
39 153 808
39 140 809
39 32 833
39 32 834
39 32 848
39 32 866
39 2 835
176 46 391
176 46 398
176 46 406
176 46 408
176 46 419
176 46 422
176 46 423
176 46 427
176 46 428
176 46 439
176 46 440
176 152 394
176 152 395
176 152 396
176 152 398
176 152 413
176 152 414
176 152 415
176 152 421
176 152 422
176 152 439
46 140 764
46 211 777
46 211 847
46 211 849
46 128 802
46 128 803
46 128 804
46 128 806
46 128 807
46 128 817
46 128 818
46 128 819
46 128 820
46 128 821
46 128 824
46 128 826
46 128 827
46 128 828
46 128 830
46 128 831
46 128 832
46 128 833
46 128 834
46 128 835
46 128 836
46 89 802
46 89 805
46 89 816
46 89 817
46 89 818
46 89 819
46 89 820
46 89 822
46 89 828
46 135 827
46 2 847
46 30 851
46 30 852
46 30 853
46 30 854
46 19 856
46 19 857
45 152 391
45 152 392
45 152 394
45 152 395
45 152 396
45 152 397
45 152 398
45 152 400
45 152 401
45 152 404
45 152 422
45 152 438
45 152 439
45 152 440
45 8 426
45 175 629
45 175 630
45 175 631
45 215 690
104 110 401
104 110 402
104 110 403
104 110 404
104 110 405
104 110 406
104 110 408
104 110 410
104 110 460
104 110 529
104 110 535
104 110 539
104 110 540
104 110 541
104 110 542
104 110 543
104 110 544
104 110 545
104 110 546
104 110 547
104 110 548
104 110 549
104 110 550
104 110 551
104 110 552
104 110 553
104 110 554
104 110 555
104 110 556
104 110 557
104 110 558
104 110 559
104 110 560
104 110 561
104 110 562
104 110 563
104 110 564
104 110 565
104 110 566
104 110 567
104 110 568
104 110 569
104 110 570
104 110 571
104 110 572
104 110 573
104 110 574
104 110 575
104 110 576
104 110 577
104 110 578
104 110 579
104 110 580
104 110 581
104 110 582
104 110 583
104 110 584
104 110 596
104 110 599
104 110 600
104 110 612
104 110 614
104 110 624
104 8 402
104 8 406
104 8 407
104 8 409
104 8 410
104 8 413
104 8 443
104 8 444
104 8 445
104 8 446
104 8 447
104 8 448
104 8 449
104 8 450
104 8 517
104 8 518
104 8 519
104 8 520
104 8 521
104 8 522
104 8 523
104 8 524
104 8 525
104 8 526
104 8 527
104 8 529
104 8 602
104 8 624
104 61 402
104 61 459
104 61 462
104 61 463
104 61 464
104 111 457
104 154 511
104 14 621
104 116 809
104 116 810
104 116 811
104 116 816
104 116 817
104 116 818
104 116 821
104 116 822
104 116 834
104 116 835
110 105 402
110 105 441
110 105 443
110 105 514
110 105 515
110 105 623
110 105 624
110 8 402
110 8 402
110 8 404
110 8 405
110 8 406
110 8 407
110 8 408
110 8 409
110 8 410
110 8 415
110 8 443
110 8 444
110 8 448
110 8 483
110 8 489
110 8 502
110 8 503
110 8 506
110 8 507
110 8 508
110 8 509
110 8 511
110 8 579
110 8 580
110 8 582
110 8 584
110 8 585
110 8 585
110 8 603
110 8 622
110 8 624
110 8 624
110 8 625
110 8 625
110 61 402
110 61 405
110 61 410
110 61 415
110 61 443
110 61 445
110 61 448
110 61 453
110 61 471
110 61 507
110 61 508
110 61 509
110 61 511
110 61 579
110 61 580
110 61 581
110 61 590
110 61 591
110 61 593
110 61 606
110 53 444
110 25 456
110 119 457
110 154 514
110 18 516
110 18 517
110 18 518
110 18 519
110 7 611
110 29 612
110 29 613
105 53 422
105 53 429
105 119 457
105 175 623
105 7 722
105 116 775
105 116 776
105 116 777
105 116 778
105 116 780
105 89 799
105 89 800
105 159 830
105 140 831
105 140 841
105 140 842
105 140 843
105 153 831
105 153 841
105 201 844
8 40 416
8 40 420
8 40 421
8 40 425
8 40 431
8 40 433
8 40 434
8 40 435
8 40 436
8 40 437
8 40 438
8 40 472
8 53 437
8 212 444
8 61 464
8 61 479
8 61 481
8 61 482
8 61 484
8 197 612
8 7 613
61 53 417
61 53 427
61 53 431
61 53 437
61 53 438
61 53 441
61 40 418
61 40 419
61 40 420
61 40 422
61 40 472
61 109 464
61 109 482
61 5 949
61 5 950
61 5 951
61 5 952
61 5 953
61 5 974
61 5 975
61 5 981
61 5 985
61 184 951
159 41 407
159 41 414
159 41 415
159 41 419
159 41 438
159 41 447
159 41 448
159 41 449
159 41 452
159 41 453
159 41 454
159 41 470
159 41 471
159 41 489
159 41 490
159 54 408
159 54 412
159 54 413
159 54 414
159 54 415
159 54 416
159 54 418
159 54 420
159 54 421
159 54 422
159 54 423
159 54 424
159 54 425
159 54 427
159 54 428
159 54 429
159 54 437
159 54 438
159 54 446
159 54 447
159 54 448
159 54 449
159 54 476
159 54 483
159 54 488
159 140 802
159 140 830
159 144 807
159 151 820
159 151 821
159 151 822
159 151 823
159 151 826
159 151 832
159 151 833
159 151 837
159 151 839
159 151 842
159 151 844
159 151 845
159 151 848
159 151 849
159 151 850
159 79 824
159 153 831
159 2 837
159 145 849
41 204 438
41 53 457
41 19 701
41 19 704
41 19 705
41 19 707
41 19 708
41 19 718
41 19 737
41 19 738
41 19 739
41 19 740
41 19 741
41 19 742
41 19 743
41 19 744
41 19 745
41 19 747
41 19 861
41 19 873
41 19 918
41 19 919
41 19 920
41 19 923
41 19 925
41 19 948
41 19 970
41 19 973
41 19 976
41 19 977
41 19 982
41 19 983
41 19 984
41 19 985
41 96 725
41 7 726
41 7 727
41 7 728
41 7 730
41 7 731
41 7 732
41 7 733
41 118 741
41 118 742
41 118 750
41 118 753
41 118 755
41 118 761
41 118 768
41 118 782
41 118 791
41 118 812
41 118 813
41 118 818
41 118 834
41 118 976
41 118 983
41 183 752
41 150 755
41 150 790
41 27 755
41 27 758
41 141 771
41 141 772
41 144 794
41 120 798
41 30 971
41 211 972
54 40 408
54 40 409
54 40 410
54 40 414
54 40 415
54 40 416
54 40 417
54 40 418
54 40 420
54 40 424
54 40 425
54 40 431
54 40 432
54 40 433
54 40 434
54 40 435
54 40 436
54 40 437
54 40 438
54 40 439
54 40 443
54 40 447
54 40 448
54 40 449
54 40 458
54 40 459
54 40 460
54 40 462
54 40 469
54 40 470
54 40 471
54 40 475
54 40 476
54 40 477
54 40 478
54 40 489
54 101 715
54 19 866
40 25 447
40 35 461
40 35 484
40 30 730
40 30 733
40 30 734
40 30 735
40 30 737
40 30 746
40 30 747
40 30 748
40 30 749
40 30 750
40 30 751
40 30 754
40 30 755
40 30 756
40 30 757
40 30 782
40 30 787
40 30 792
40 30 794
40 30 795
40 30 801
40 30 803
40 30 807
40 30 816
40 30 823
40 30 824
40 30 825
40 30 826
40 30 827
40 30 828
40 30 829
40 30 830
40 30 831
40 30 832
40 30 835
40 30 840
40 30 855
40 30 862
40 30 863
40 30 864
40 30 872
40 30 874
40 30 877
40 30 878
40 30 879
40 30 880
40 30 881
40 30 882
40 30 883
40 30 885
40 30 886
40 175 801
53 25 440
53 25 441
53 25 446
53 116 809
53 116 810
53 116 814
53 116 817
53 116 823
53 116 825
53 116 826
53 116 828
53 116 829
53 116 830
53 116 831
53 116 832
53 116 833
53 116 834
53 116 835
53 116 836
53 116 837
53 116 838
53 116 839
53 116 840
53 116 841
53 116 842
53 30 857
53 177 871
53 103 909
53 103 911
212 25 437
212 25 439
212 25 448
212 25 449
212 25 450
212 25 453
212 25 456
212 25 457
212 25 459
212 25 462
212 25 463
212 25 468
212 25 477
212 25 480
212 25 489
212 25 493
212 25 494
212 25 495
212 25 498
212 25 499
212 25 501
212 25 502
212 25 503
212 25 504
212 25 505
212 25 506
212 25 508
212 25 509
212 25 510
212 25 514
212 25 515
212 25 516
212 25 520
212 25 521
212 25 522
212 25 523
212 25 524
212 25 525
212 25 526
212 25 527
212 25 528
212 25 529
212 25 536
212 25 537
212 25 542
212 25 546
212 25 551
212 25 554
212 25 563
212 25 564
212 25 565
212 25 566
212 25 568
212 25 570
212 25 571
212 25 573
212 25 574
212 25 575
212 25 576
212 25 577
212 111 457
212 119 458
212 119 459
212 119 460
212 35 477
212 202 479
212 202 542
212 67 489
212 67 490
212 67 491
212 67 493
212 67 494
212 67 495
212 67 496
212 67 497
212 67 498
212 67 499
212 67 500
212 67 501
212 67 502
212 67 503
212 67 504
212 67 505
212 67 506
212 67 507
212 67 508
212 67 509
212 67 510
212 67 511
212 67 512
212 67 513
212 67 514
212 67 515
212 67 516
212 67 517
212 67 518
212 67 519
212 67 520
212 67 521
212 67 522
212 67 524
212 67 525
212 67 526
212 67 528
212 67 530
212 67 531
212 67 532
212 67 533
212 67 534
212 67 535
212 67 536
212 67 537
212 67 538
212 67 539
212 67 540
212 67 542
212 67 543
212 117 490
212 117 491
212 117 493
212 117 494
212 117 495
212 117 515
212 117 516
212 117 517
212 117 518
212 117 525
212 117 528
212 117 529
212 117 530
212 117 532
212 117 534
212 117 535
212 117 536
212 136 534
212 17 536
212 17 540
212 17 542
212 55 538
212 55 540
212 55 542
212 55 543
212 109 564
212 109 577
212 109 578
212 143 568
212 29 577
25 109 445
25 109 446
25 119 456
25 17 503
25 17 528
25 17 529
25 204 510
25 19 528
25 19 756
25 136 538
25 136 539
25 187 560
25 187 561
25 187 563
25 108 577
25 108 578
25 108 579
25 149 577
25 149 578
25 149 579
25 149 580
25 27 578
25 27 580
25 144 742
25 144 745
25 144 747
25 144 756
25 144 757
25 144 762
25 144 767
25 144 768
25 144 769
25 144 771
25 144 782
25 144 788
25 144 805
25 144 807
25 144 808
25 144 810
25 144 811
25 144 815
204 141 580
204 89 831
204 89 832
204 89 833
204 89 836
204 89 843
204 89 844
204 89 855
204 89 859
204 89 861
204 89 862
204 89 863
204 89 868
204 89 869
204 89 870
204 116 839
204 177 844
204 56 856
204 56 857
204 30 857
204 100 857
202 114 531
202 23 544
202 102 547
202 15 564
202 15 565
202 15 566
202 15 567
202 15 568
202 15 569
202 116 744
202 150 746
109 111 455
109 111 456
109 111 457
109 111 461
109 111 462
109 119 463
109 149 527
109 149 533
109 149 534
109 149 535
109 187 527
109 141 528
109 136 532
109 67 533
109 214 533
109 102 534
109 27 572
109 27 578
109 14 611
119 23 459
119 23 460
35 184 948
35 184 949
35 184 950
35 184 951
35 184 952
35 184 953
35 184 954
35 184 964
35 5 949
35 5 950
35 5 951
35 5 952
35 5 953
35 5 964
35 5 981
35 129 982
35 129 1002
111 213 748
111 179 749
111 179 770
111 7 762
111 7 763
111 7 764
111 7 765
111 7 766
111 7 767
111 7 770
111 21 762
111 15 762
111 15 763
111 15 764
111 15 765
111 15 766
111 15 767
111 15 770
23 26 561
23 29 577
23 29 579
23 120 640
23 120 641
23 120 642
23 120 643
23 120 645
23 120 646
23 120 647
23 120 651
23 120 652
23 120 653
23 120 662
23 120 671
23 120 672
23 120 674
23 120 675
23 120 679
23 120 680
23 120 681
23 120 687
23 120 689
23 120 691
23 120 693
23 120 694
23 120 698
23 120 701
23 120 707
23 120 719
23 120 722
23 120 726
23 120 729
23 120 731
23 120 732
23 120 733
23 120 734
23 120 735
23 120 736
23 120 737
23 120 738
23 120 739
23 120 740
23 120 746
23 120 747
23 120 749
23 120 750
23 120 753
23 120 754
23 120 755
23 120 756
23 120 757
23 120 758
23 120 759
23 120 760
23 120 761
23 120 762
23 120 763
23 120 764
23 120 765
23 120 766
23 120 767
23 120 768
23 120 769
23 120 770
23 120 771
23 120 772
23 120 779
23 120 780
23 120 782
23 120 784
23 120 790
23 120 795
23 120 796
23 120 802
23 120 806
23 120 810
23 120 811
23 120 812
23 120 817
23 120 818
23 120 819
23 120 821
23 120 822
23 120 825
23 120 826
23 120 827
23 120 828
23 120 829
23 58 642
23 58 644
23 141 668
23 151 816
23 199 830
23 199 831
23 15 830
23 15 831
55 18 467
55 18 473
55 18 476
55 18 483
55 18 485
55 18 486
55 18 488
55 18 491
55 18 496
55 18 497
55 18 498
55 18 500
55 18 501
55 18 505
55 18 519
55 18 533
55 18 534
55 18 535
55 199 519
55 34 702
55 34 703
55 34 704
55 34 705
55 34 706
55 34 707
55 34 709
55 34 712
55 34 714
55 34 715
55 34 716
55 34 718
55 34 720
55 34 721
55 34 723
55 34 724
55 34 729
55 34 730
55 34 731
55 34 773
55 34 774
55 34 775
55 34 776
55 34 795
55 34 796
55 34 797
55 34 798
55 34 801
55 34 802
55 34 803
55 34 804
55 34 805
55 34 806
55 34 807
55 34 810
55 34 820
55 34 821
55 34 822
55 34 824
55 34 828
55 34 832
55 34 834
55 34 835
55 34 836
55 34 837
55 34 841
55 34 842
55 34 843
55 34 844
55 34 845
55 34 848
55 34 849
55 34 851
55 34 859
55 34 860
55 34 862
55 34 863
55 34 864
55 34 865
55 30 817
55 116 848
18 67 497
18 67 499
18 67 535
18 214 497
18 214 500
18 214 530
18 214 531
18 114 520
18 27 757
18 108 765
18 108 766
18 135 777
18 135 792
18 135 794
18 135 796
18 135 836
18 81 780
18 128 790
17 154 514
17 154 537
17 29 534
17 168 918
17 168 919
17 168 920
17 168 922
17 168 923
17 168 924
17 168 926
17 168 927
17 168 928
17 168 930
17 168 931
17 168 932
17 168 934
17 168 936
17 168 937
17 168 938
17 168 939
17 168 940
17 168 941
17 168 943
17 168 944
17 168 945
17 168 946
17 168 947
17 168 950
17 168 952
17 168 953
17 168 957
17 168 958
17 168 959
17 168 960
17 168 961
17 168 962
17 168 963
17 168 964
17 168 967
17 168 968
17 168 969
17 168 970
17 168 971
17 168 973
17 168 975
17 168 976
17 168 977
17 168 979
17 168 980
17 168 981
17 168 982
17 168 983
17 168 984
17 168 985
17 168 986
17 168 987
17 116 926
17 121 928
17 121 977
17 171 969
17 200 977
19 29 534
19 73 727
19 73 728
19 73 729
19 73 730
19 73 731
19 73 732
19 73 733
19 73 734
19 73 735
19 73 736
19 73 738
19 73 739
19 73 740
19 73 741
19 73 742
19 73 743
19 73 744
19 73 745
19 73 773
19 73 776
19 73 779
19 73 783
19 73 787
19 68 729
19 68 731
19 68 732
19 68 733
19 68 734
19 68 735
19 68 736
19 68 737
19 68 738
19 68 739
19 68 740
19 68 744
19 68 745
19 68 748
19 68 770
19 30 750
19 30 844
19 30 845
19 30 846
19 30 847
19 30 848
19 30 849
19 30 850
19 30 851
19 30 852
19 30 853
19 30 854
19 183 765
19 183 766
19 183 871
19 79 787
19 79 788
19 79 806
19 79 807
19 79 808
19 79 810
19 79 835
19 135 791
19 135 793
19 135 798
19 135 799
19 135 806
19 135 807
19 135 810
19 100 843
19 56 856
19 56 859
19 107 872
19 118 919
19 118 922
19 118 975
19 118 976
19 118 977
19 118 983
19 118 984
19 118 985
19 142 984
199 16 485
199 16 487
199 16 488
199 16 490
199 16 491
199 16 492
199 16 494
199 16 496
199 16 497
199 16 498
199 16 499
199 16 500
199 16 522
199 16 523
199 16 529
199 16 530
199 16 531
199 16 532
199 16 533
199 16 534
199 16 535
199 16 536
199 16 538
199 16 539
199 16 540
199 16 541
199 16 545
199 16 549
199 16 550
199 16 551
199 16 552
199 16 553
199 16 555
199 16 557
199 16 575
199 16 576
199 16 577
199 16 591
199 16 605
199 16 606
199 16 659
199 16 664
199 16 665
199 16 666
199 16 667
199 16 668
199 16 670
199 16 671
199 16 672
199 16 673
199 16 674
199 16 675
199 16 677
199 16 678
199 16 679
199 16 680
199 16 681
199 16 682
199 16 683
199 16 684
199 16 685
199 16 686
199 16 687
199 16 688
199 16 689
199 16 690
199 16 691
199 16 692
199 16 693
199 16 694
199 16 695
199 16 696
199 16 697
199 16 698
199 16 699
199 16 700
199 16 701
199 16 702
199 16 703
199 16 704
199 16 705
199 16 706
199 16 707
199 16 708
199 16 709
199 16 710
199 16 711
199 16 712
199 16 713
199 16 714
199 16 715
199 16 716
199 16 717
199 16 718
199 16 719
199 16 720
199 16 721
199 16 722
199 16 723
199 16 724
199 16 725
199 16 726
199 16 727
199 16 728
199 16 729
199 16 730
199 16 731
199 16 732
199 16 733
199 16 734
199 16 735
199 16 736
199 16 737
199 16 738
199 16 739
199 16 740
199 16 741
199 16 742
199 16 743
199 16 744
199 16 745
199 16 746
199 16 747
199 16 748
199 16 749
199 16 750
199 16 751
199 16 752
199 16 753
199 16 754
199 16 755
199 16 756
199 16 757
199 16 758
199 16 759
199 16 760
199 16 761
199 16 762
199 16 763
199 16 764
199 16 765
199 16 766
199 16 767
199 16 768
199 16 769
199 16 770
199 16 771
199 16 772
199 16 773
199 16 774
199 16 775
199 16 776
199 16 777
199 16 778
199 16 779
199 16 780
199 16 781
199 16 782
199 16 783
199 16 784
199 16 785
199 16 786
199 16 787
199 16 788
199 16 789
199 16 790
199 16 791
199 16 792
199 16 793
199 16 794
199 16 795
199 16 796
199 16 797
199 16 798
199 16 799
199 16 800
199 16 801
199 16 802
199 16 803
199 16 804
199 16 805
199 16 806
199 16 807
199 16 808
199 16 809
199 16 810
199 16 811
199 16 812
199 16 813
199 16 814
199 16 815
199 16 816
199 16 817
199 16 818
199 16 819
199 16 820
199 16 821
199 16 822
199 16 823
199 16 824
199 16 825
199 16 826
199 16 827
199 16 828
199 16 829
199 16 830
199 16 831
199 114 508
199 114 510
199 114 512
199 114 513
199 114 531
199 114 533
199 114 535
199 114 546
199 114 547
199 114 549
199 114 550
199 114 554
199 114 558
199 114 560
199 114 562
199 114 564
199 114 565
199 114 566
199 114 567
199 114 569
199 114 571
199 114 572
199 114 573
199 114 574
199 114 577
199 114 583
199 114 587
199 114 588
199 187 587
199 187 588
199 102 587
16 177 969
67 117 489
67 117 492
67 117 498
67 117 499
67 117 501
67 117 510
67 117 512
67 117 515
67 117 518
67 117 522
67 117 528
67 117 530
67 117 534
67 117 540
67 154 536
67 141 537
67 120 640
67 120 641
67 120 642
67 120 643
67 120 646
67 120 647
67 120 648
67 120 649
67 120 650
67 120 651
67 120 652
67 120 653
67 120 655
67 120 662
67 120 670
67 120 671
67 120 675
67 120 677
67 120 678
67 120 679
67 120 680
67 120 681
67 120 683
67 120 684
67 120 687
67 120 691
67 120 693
67 120 698
67 120 699
67 120 704
67 120 710
67 120 775
67 120 796
67 120 802
67 120 814
67 120 820
67 120 824
67 120 826
67 120 827
67 120 829
67 58 642
67 58 647
67 58 662
67 175 794
67 171 806
67 151 816
214 29 533
214 141 535
214 141 536
214 141 537
214 141 538
214 154 535
214 154 544
201 115 498
201 115 499
201 115 500
201 115 501
201 115 507
201 115 515
201 115 517
201 115 520
201 115 521
201 115 522
201 115 523
201 115 524
201 115 532
201 115 534
201 115 555
201 115 557
201 115 559
201 115 561
201 115 563
201 143 560
201 107 560
201 26 585
201 140 844
115 102 548
115 29 568
115 108 751
115 203 770
115 95 773
115 106 782
115 200 799
154 108 534
154 141 541
154 89 816
154 81 821
154 135 836
154 58 888
154 24 907
154 24 908
114 26 550
114 26 587
114 143 560
114 187 587
114 187 588
114 102 587
114 171 768
114 107 799
114 107 801
114 107 802
114 107 803
143 107 511
143 107 513
143 107 515
143 107 517
143 107 518
143 107 519
143 107 520
143 107 521
143 107 522
143 107 523
143 107 524
143 107 525
143 107 526
143 107 527
143 107 528
143 107 529
143 107 530
143 107 531
143 107 532
143 107 535
143 107 539
143 107 540
143 107 542
143 107 543
143 107 546
143 107 547
143 107 548
143 107 549
143 107 550
143 107 551
143 107 552
143 107 560
143 107 570
143 107 571
143 107 572
143 107 573
143 107 574
143 107 575
143 107 578
143 107 581
143 107 582
143 107 583
143 107 586
143 107 587
143 107 593
143 107 594
143 107 595
107 141 531
107 24 532
107 29 586
107 4 593
107 21 746
107 183 763
107 183 774
107 183 775
107 183 776
107 183 777
107 183 778
107 183 779
107 183 784
107 183 785
107 183 793
107 183 801
107 183 803
107 183 805
107 183 806
107 183 809
107 183 810
107 183 811
107 183 812
107 183 813
107 183 814
107 183 817
107 183 819
107 183 820
107 183 821
107 183 822
107 183 823
107 183 824
107 183 825
107 183 826
107 183 827
107 183 828
107 116 775
107 153 789
107 153 790
107 128 798
107 213 805
187 26 523
187 26 524
187 26 525
187 26 529
187 26 531
187 26 532
187 26 533
187 26 534
187 26 535
187 26 536
187 26 537
187 26 538
187 26 539
187 26 540
187 26 541
187 26 542
187 26 543
187 26 544
187 26 545
187 26 547
187 26 548
187 26 551
187 26 552
187 26 554
187 26 555
187 26 556
187 26 560
187 26 561
187 26 562
187 26 567
187 26 568
187 26 569
187 26 570
187 26 572
187 26 573
187 26 574
187 26 576
187 26 577
187 26 579
187 26 580
187 26 581
187 26 582
187 26 583
187 26 584
187 26 585
187 26 587
187 102 525
187 102 527
187 102 528
187 102 529
187 102 530
187 102 531
187 102 533
187 102 534
187 102 535
187 102 538
187 102 541
187 102 543
187 102 545
187 102 546
187 102 547
187 102 548
187 102 553
187 102 558
187 102 561
187 102 562
187 102 568
187 102 569
187 102 570
187 102 584
187 102 587
187 29 527
187 29 532
187 141 541
187 96 585
26 102 526
26 102 528
26 102 530
26 102 531
26 102 532
26 102 535
26 102 537
26 102 539
26 102 546
26 102 547
26 102 548
26 102 549
26 102 550
26 102 551
26 102 553
26 102 559
26 102 568
26 102 569
26 102 570
26 102 575
26 102 585
26 102 586
26 102 587
26 108 563
26 108 564
26 148 587
26 129 986
108 102 524
108 149 525
108 149 526
108 149 529
108 149 536
108 149 538
108 149 539
108 149 540
108 149 555
108 149 559
108 149 560
108 149 563
108 149 564
108 149 566
108 149 571
108 149 572
108 149 576
108 149 577
108 149 578
108 149 579
108 29 526
108 29 529
108 29 530
108 29 533
108 29 548
108 29 549
108 29 552
108 29 554
108 29 555
108 29 560
108 29 561
108 29 563
108 29 571
108 29 573
108 29 577
108 29 579
108 183 737
108 183 738
108 183 739
108 183 740
108 183 744
108 183 746
108 183 747
108 183 748
108 183 749
108 183 756
108 183 757
108 183 758
108 183 759
108 183 765
108 183 766
108 183 768
108 183 769
108 183 771
108 183 772
108 183 773
108 183 794
108 183 797
108 183 807
108 183 808
108 183 815
108 183 829
108 183 830
108 183 831
108 183 832
108 183 833
108 183 834
108 183 835
108 183 836
108 183 837
108 183 838
108 183 839
108 183 840
108 183 841
108 183 842
108 183 845
108 183 848
108 183 849
108 183 850
108 183 851
108 183 852
108 183 853
108 183 854
108 183 855
108 183 857
108 183 858
108 183 862
108 183 863
108 183 864
108 183 865
108 183 866
108 183 867
108 183 869
108 183 870
108 183 871
108 183 872
108 183 873
108 128 796
108 128 797
108 56 852
102 24 524
102 24 525
102 24 527
102 24 529
102 24 540
102 24 541
102 24 555
102 29 526
102 29 528
102 29 532
102 141 542
24 29 532
24 145 928
24 145 929
24 168 940
24 168 965
24 213 941
24 171 960
149 29 526
149 29 535
149 29 552
149 29 559
149 29 560
149 29 561
149 29 563
149 29 570
149 29 571
149 29 573
149 29 575
149 29 577
149 29 579
149 29 581
149 27 572
149 27 574
149 27 578
149 27 580
149 141 575
29 136 532
29 141 544
29 141 545
29 79 602
29 7 610
29 14 612
29 11 614
29 11 615
141 197 603
141 197 604
141 211 623
141 211 624
141 211 625
141 211 626
141 148 625
141 175 628
141 175 629
141 175 630
141 83 631
141 120 649
141 120 650
141 120 651
141 205 765
106 56 717
106 95 727
106 95 729
106 95 730
106 95 731
106 95 736
106 95 737
106 95 760
106 95 775
106 95 784
106 95 793
106 95 798
106 95 799
106 95 802
106 95 805
106 95 808
106 95 809
106 95 818
106 95 820
106 95 830
106 95 831
106 95 833
106 95 835
106 95 840
106 128 794
106 128 795
106 128 796
106 128 797
106 128 798
106 128 800
106 103 836
15 7 749
15 7 751
15 7 752
15 7 753
15 7 754
15 7 755
15 7 756
15 7 757
15 7 758
15 7 759
15 7 760
15 7 761
15 7 762
15 7 763
15 7 764
15 7 765
15 7 766
15 7 767
15 7 770
15 150 750
15 60 762
15 60 763
15 60 765
15 60 766
15 60 767
15 60 770
15 60 771
15 60 772
15 101 767
15 179 770
15 179 771
15 179 772
96 73 571
96 73 572
96 73 577
96 73 578
96 73 579
96 73 582
96 73 583
96 73 586
96 73 591
96 73 593
96 73 595
96 73 599
96 73 606
96 73 674
96 73 675
96 73 689
96 73 690
96 73 692
96 73 693
96 73 694
96 73 695
96 73 696
96 73 706
96 73 707
96 73 710
96 73 728
96 73 729
96 73 730
96 73 731
96 73 732
96 73 733
96 73 734
96 73 735
96 73 736
96 73 737
96 148 584
96 14 674
96 79 687
96 60 727
96 11 728
96 11 730
96 11 731
96 11 732
96 11 733
96 11 734
96 11 735
96 11 736
96 11 737
96 11 738
96 11 739
96 11 740
96 11 741
96 11 742
96 11 743
96 123 730
96 123 731
96 123 732
96 123 733
96 123 734
96 123 735
96 123 736
96 123 737
96 123 738
96 123 739
96 123 740
96 123 741
96 123 742
96 123 743
96 123 744
73 197 649
73 179 676
73 179 682
73 179 683
73 179 685
73 179 686
73 179 689
73 179 691
73 179 692
73 179 694
73 179 696
73 179 697
73 179 698
73 179 701
73 179 702
73 179 703
73 179 706
73 179 710
73 179 712
73 101 700
73 7 711
73 7 714
73 7 715
73 7 716
73 7 718
73 7 719
73 7 720
73 7 722
73 7 723
73 7 724
73 7 725
73 123 728
73 123 729
73 123 730
73 123 731
73 123 732
73 123 733
73 123 734
73 123 735
73 123 736
73 123 737
73 144 761
73 27 770
73 27 771
73 27 772
73 27 773
73 27 774
73 27 775
73 135 777
73 81 779
73 81 780
73 81 781
73 81 782
73 81 783
73 81 784
73 81 785
73 81 786
73 81 787
73 211 872
73 211 873
73 211 875
73 211 876
73 211 877
73 211 878
73 211 879
73 211 880
73 211 882
73 211 883
73 211 884
73 211 885
73 211 886
73 211 887
73 211 888
73 211 889
73 211 890
73 211 892
73 211 893
73 211 897
73 211 898
73 211 899
73 211 903
73 171 896
73 128 904
27 30 738
27 30 739
27 30 740
27 30 741
27 30 742
27 30 743
27 30 749
27 144 739
27 144 740
27 144 741
27 144 743
27 144 744
27 144 755
27 144 772
27 144 778
27 144 779
27 144 780
27 144 783
27 144 785
27 144 791
27 144 795
27 144 804
27 144 814
27 144 816
27 144 818
27 144 819
27 144 821
27 144 826
27 7 748
27 150 754
27 150 755
27 116 823
148 7 589
148 197 604
148 32 605
148 32 630
148 32 633
148 32 643
148 32 646
148 32 684
148 32 709
148 32 728
148 32 729
148 32 731
148 32 732
148 32 740
148 211 621
148 211 622
148 211 623
148 211 624
148 211 625
148 211 633
148 211 638
148 211 641
148 211 642
148 211 644
148 211 664
148 211 665
148 211 684
148 211 697
148 211 698
148 211 699
148 211 700
148 211 702
148 211 703
148 211 705
148 211 709
148 211 710
148 211 711
148 211 713
148 211 718
148 211 719
148 211 720
148 211 723
148 211 727
148 211 732
148 211 733
148 211 735
148 211 740
148 211 741
148 211 742
148 211 748
148 211 758
148 211 777
148 211 778
148 211 779
148 211 782
148 211 783
148 211 787
148 81 627
148 81 640
148 175 631
148 175 641
148 125 643
148 4 670
148 4 673
148 120 682
32 79 582
32 79 585
32 79 608
32 79 621
32 79 626
32 79 627
32 79 628
32 79 629
32 79 813
32 68 750
79 211 582
79 211 619
79 211 627
79 211 628
79 211 798
79 211 800
79 211 807
79 211 811
79 211 813
79 211 814
79 197 595
79 197 597
79 175 628
79 123 714
79 58 723
79 58 724
79 58 727
79 58 729
79 58 730
79 58 745
79 60 746
79 135 761
79 135 762
79 135 765
79 135 768
79 135 776
79 135 794
79 135 796
79 135 797
79 135 836
79 135 844
79 135 849
79 30 767
79 30 777
79 100 771
79 34 776
79 153 837
79 153 848
79 153 849
211 34 724
211 34 733
211 21 742
211 135 787
211 135 788
211 30 799
211 175 806
211 175 807
211 128 808
211 128 816
211 128 818
211 186 815
211 28 888
211 28 893
211 28 912
211 28 918
211 28 919
211 28 920
211 28 921
211 28 933
211 28 937
211 28 954
7 14 587
7 14 588
7 14 589
7 14 590
7 14 591
7 14 592
7 14 593
7 14 595
7 14 596
7 14 597
7 14 598
7 14 599
7 14 600
7 14 601
7 14 602
7 14 603
7 14 604
7 14 605
7 14 608
7 14 609
7 14 610
7 14 611
7 14 612
7 14 613
7 14 614
7 14 615
7 14 616
7 14 617
7 14 618
7 14 619
7 14 620
7 14 621
7 14 628
7 14 629
7 14 630
7 14 631
7 14 632
7 14 633
7 14 634
7 14 635
7 14 636
7 14 637
7 14 638
7 14 639
7 14 640
7 14 641
7 14 642
7 14 643
7 14 644
7 14 645
7 14 646
7 14 647
7 14 648
7 14 652
7 14 653
7 14 654
7 14 655
7 14 656
7 14 657
7 14 658
7 14 659
7 14 660
7 14 661
7 14 662
7 14 663
7 14 664
7 14 665
7 14 666
7 14 667
7 14 668
7 14 669
7 14 670
7 14 671
7 14 672
7 14 673
7 14 674
7 14 675
7 14 676
7 14 677
7 14 678
7 14 679
7 4 590
7 197 602
7 175 660
7 179 714
7 179 770
7 68 721
7 68 723
7 68 724
7 68 725
7 68 726
7 68 734
7 68 735
7 68 740
7 68 741
7 68 742
7 68 744
7 68 745
7 68 746
7 68 747
7 58 756
7 58 757
7 137 758
7 21 758
7 21 759
7 21 760
7 21 762
7 60 762
7 60 763
7 60 765
7 60 766
7 60 767
7 60 770
14 4 590
14 4 595
14 197 622
14 11 631
14 175 650
14 21 758
14 21 759
14 21 760
14 21 761
14 21 762
4 58 677
197 180 932
197 180 933
197 180 935
197 180 936
197 180 939
197 180 940
197 180 942
197 180 945
197 180 946
197 180 951
197 180 952
197 180 953
197 180 955
197 180 956
197 168 945
197 168 946
175 123 611
175 125 615
175 125 616
175 125 617
175 125 618
175 125 619
175 125 620
175 125 621
175 125 622
175 125 623
175 125 624
175 125 625
175 125 626
175 125 628
175 125 629
175 125 631
175 125 632
175 125 634
175 125 635
175 125 636
175 125 641
175 125 642
175 125 644
175 125 645
175 125 646
175 125 647
175 125 648
175 125 649
175 125 651
175 125 652
175 125 653
175 125 658
175 125 659
175 125 660
175 125 663
175 125 664
175 125 665
175 125 666
175 125 667
175 125 668
175 125 669
175 125 670
175 125 671
175 125 672
175 125 674
175 125 675
175 125 676
175 125 677
175 125 678
175 125 679
175 125 680
175 125 682
175 125 683
175 125 685
175 125 686
175 125 687
175 125 688
175 125 690
175 125 691
175 125 694
175 125 695
175 125 696
175 125 697
175 125 698
175 125 700
175 125 701
175 125 702
175 125 703
175 125 704
175 125 705
175 125 706
175 125 707
175 125 708
175 125 709
175 125 710
175 125 713
175 125 714
175 125 715
175 125 716
175 125 717
175 125 718
175 125 719
175 125 720
175 125 721
175 125 722
175 125 723
175 125 724
175 125 725
175 125 726
175 125 727
175 125 728
175 125 729
175 125 730
175 125 731
175 125 732
175 125 733
175 125 734
175 125 735
175 125 736
175 125 746
175 125 747
175 125 748
175 125 749
175 125 751
175 125 752
175 125 753
175 125 754
175 125 755
175 125 756
175 125 757
175 125 758
175 125 759
175 125 760
175 125 761
175 125 762
175 125 763
175 125 766
175 125 768
175 125 776
175 125 788
175 125 789
175 125 790
175 125 791
175 125 792
175 125 793
175 125 794
175 125 795
175 125 796
175 125 798
175 125 799
175 125 800
175 125 805
175 125 806
175 125 808
175 125 809
175 11 624
175 11 626
175 116 794
175 120 796
175 132 802
175 30 803
175 30 804
175 30 805
123 11 612
123 11 614
123 11 615
123 11 616
123 11 617
123 11 618
123 11 619
123 11 622
123 11 623
123 11 633
123 11 668
123 11 669
123 11 671
123 11 672
123 11 673
123 11 679
123 11 681
123 11 682
123 11 683
123 11 685
123 11 686
123 11 687
123 11 689
123 11 690
123 11 691
123 11 692
123 11 693
123 11 694
123 11 696
123 11 713
123 11 715
123 11 723
123 11 724
123 11 725
123 11 726
123 11 727
123 11 728
123 11 729
123 11 730
123 11 731
123 11 732
123 11 733
123 11 734
123 11 735
123 11 736
123 11 737
123 11 738
123 11 739
123 11 740
123 11 741
123 11 742
123 11 743
123 83 724
123 83 725
11 164 612
11 164 622
11 164 643
11 83 680
11 83 681
11 83 724
11 83 725
125 100 782
125 58 782
125 205 789
125 120 798
125 140 805
81 135 754
81 135 755
81 135 756
81 135 759
81 135 769
81 135 770
81 135 772
81 135 773
81 135 791
81 135 792
81 135 793
81 135 795
81 135 798
81 135 799
81 135 800
81 135 801
81 135 802
81 135 803
81 135 805
81 135 806
81 135 807
81 135 808
81 135 809
81 135 810
81 135 816
81 135 817
81 135 819
81 135 820
81 135 821
81 135 822
81 135 823
81 135 830
81 135 835
81 135 837
81 135 843
81 135 848
81 135 850
81 183 764
81 128 765
81 128 766
81 128 767
81 128 768
81 128 769
81 128 784
81 128 790
81 186 766
81 95 821
81 30 840
81 140 849
81 140 850
120 60 643
120 60 645
120 60 658
120 60 662
120 60 663
120 60 664
120 60 665
120 60 666
120 60 667
120 132 705
120 132 716
120 132 717
120 132 718
120 150 778
120 150 783
120 183 805
120 58 805
120 116 817
60 168 743
60 213 745
60 21 762
60 128 763
60 179 770
60 179 773
58 100 712
58 100 714
58 100 715
58 100 717
58 100 719
58 100 722
58 100 723
58 100 724
58 100 725
58 100 726
58 100 727
58 100 728
58 100 729
58 100 730
58 100 733
58 100 735
58 100 736
58 100 737
58 100 738
58 100 739
58 100 740
58 100 741
58 100 742
58 100 744
58 100 745
58 100 746
58 100 747
58 100 748
58 100 749
58 100 750
58 100 751
58 100 752
58 100 753
58 100 754
58 100 755
58 100 756
58 100 757
58 100 758
58 100 759
58 100 760
58 100 762
58 100 767
58 100 768
58 100 769
58 100 770
58 100 772
58 100 775
58 100 776
58 100 777
58 100 778
58 100 779
58 100 780
58 100 781
58 100 782
58 100 784
58 100 786
58 100 787
58 100 788
58 100 789
58 100 790
58 100 791
58 100 792
58 100 793
58 100 803
58 100 804
58 100 806
58 100 807
58 100 808
58 100 809
58 100 811
58 100 812
58 100 813
58 100 821
58 100 822
58 100 826
58 100 827
58 100 852
58 100 854
58 100 856
58 100 857
58 100 858
58 100 863
58 100 864
58 100 865
58 100 866
58 100 867
58 100 868
58 100 875
58 100 883
58 100 884
58 100 885
58 100 886
58 100 887
58 100 888
58 100 889
58 100 890
58 100 891
58 100 894
58 100 895
58 183 853
58 116 868
179 101 660
179 101 661
179 101 662
179 101 670
179 101 671
179 101 673
179 101 674
179 101 675
179 101 676
179 101 677
179 101 679
179 101 680
179 101 681
179 101 682
179 101 683
179 101 684
179 101 685
179 101 686
179 101 687
179 101 688
179 101 689
179 101 690
179 101 692
179 101 694
179 101 695
179 101 698
179 101 699
179 101 700
179 101 701
179 101 703
179 101 704
179 101 705
179 101 706
179 101 707
179 101 708
179 101 709
179 101 710
179 101 712
179 101 713
179 101 715
179 101 716
179 101 717
179 101 718
179 101 719
179 101 720
179 101 721
179 101 722
179 101 723
179 101 736
179 101 739
179 101 740
179 101 742
179 101 752
179 101 753
179 101 754
179 101 755
179 101 763
179 101 766
179 101 767
179 153 767
179 140 767
213 132 670
213 132 671
213 132 694
213 132 823
213 132 851
213 30 755
213 30 757
213 30 758
213 30 760
213 30 761
213 30 763
213 30 764
213 30 773
213 30 774
213 30 779
213 30 782
213 30 783
213 30 784
213 30 785
213 30 787
213 30 788
213 30 790
213 30 792
213 30 801
213 30 803
213 30 804
213 30 805
213 30 806
213 30 808
213 30 809
213 30 810
213 30 811
213 30 812
213 30 813
213 30 814
213 30 815
213 30 816
213 30 819
213 30 820
213 30 822
213 30 823
213 30 829
213 30 830
213 30 831
213 30 837
213 30 838
213 30 839
213 30 842
213 30 845
213 30 846
213 30 847
213 30 848
213 30 849
213 30 850
213 30 851
213 30 852
213 30 853
213 30 854
213 30 855
213 30 856
213 30 857
213 30 858
213 30 859
213 30 860
213 30 862
213 30 868
213 30 869
213 30 870
213 30 871
213 30 872
213 30 873
213 30 874
213 30 876
213 30 877
213 30 878
213 30 879
213 30 880
213 30 881
213 30 882
213 30 883
213 30 885
213 30 886
213 30 887
213 30 889
213 30 890
213 30 891
213 30 892
213 30 896
213 30 897
213 30 898
213 30 903
213 30 905
213 30 906
213 30 907
213 30 910
213 30 913
213 30 916
213 30 917
213 30 934
213 30 935
213 30 936
213 30 938
213 30 940
213 30 941
213 30 942
213 30 943
213 30 944
213 30 945
213 30 946
213 30 951
213 30 953
213 30 955
213 30 956
213 30 957
213 30 958
213 30 959
213 30 960
213 30 961
213 30 964
213 30 970
213 30 971
213 30 972
213 30 978
213 30 979
213 30 980
213 30 981
213 30 982
213 30 983
213 30 986
213 30 987
213 30 988
213 30 989
213 30 990
213 30 991
213 30 992
213 30 993
213 30 994
213 30 995
213 30 996
213 30 997
213 30 998
213 30 999
213 30 1000
213 30 1001
213 30 1002
213 30 1003
213 30 1004
213 30 1005
213 30 1006
213 30 1007
213 30 1008
213 30 1009
213 30 1010
213 30 1011
213 30 1012
213 30 1013
213 30 1014
213 30 1015
213 30 1016
213 30 1017
213 30 1018
213 30 1019
213 30 1020
213 30 1021
213 30 1022
213 135 765
213 135 786
213 135 789
213 135 790
213 135 820
213 186 813
213 186 814
213 183 816
132 215 672
132 215 673
132 215 693
132 215 824
132 140 856
132 2 856
137 21 671
137 21 673
137 21 674
137 21 675
137 21 677
137 21 680
137 21 681
137 21 682
137 21 683
137 21 687
137 21 689
137 21 701
137 21 702
137 21 703
137 21 707
137 21 708
137 21 709
137 21 710
137 21 711
137 21 712
137 21 713
137 21 714
137 21 718
137 21 719
137 21 722
137 21 723
137 21 724
137 21 730
137 21 731
137 21 732
137 21 733
137 21 738
137 21 742
137 21 743
137 21 750
137 21 752
137 21 753
137 21 755
137 21 757
137 21 758
137 21 761
137 30 746
137 30 757
21 128 761
118 30 751
118 30 753
100 56 794
100 56 795
100 56 820
100 56 893
100 30 813
100 30 856
100 30 857
100 140 826
100 2 836
56 168 763
56 153 812
56 68 889
56 5 1024
68 30 871
68 30 880
68 30 882
68 145 957
68 145 959
68 145 969
95 140 830
95 135 833
30 144 740
30 144 741
30 150 756
30 135 765
30 135 781
30 135 786
30 135 788
30 135 789
30 135 839
30 140 806
30 140 807
30 168 807
30 186 809
30 186 810
30 186 812
30 186 813
30 186 814
30 186 815
30 186 816
30 186 817
30 128 810
30 128 812
30 128 816
30 128 830
30 128 833
30 128 834
30 2 837
30 116 916
183 128 800
183 128 801
183 128 839
183 203 840
144 150 756
144 116 823
168 121 927
168 121 976
168 121 981
168 180 945
168 177 969
116 188 744
116 142 827
116 177 901
188 103 745
188 103 746
188 103 747
188 103 748
188 103 749
188 103 751
188 103 754
188 103 755
188 103 757
188 103 761
188 103 762
188 103 763
188 103 765
188 103 766
188 103 767
188 103 768
188 103 769
188 103 770
188 103 772
188 103 774
188 103 775
188 103 778
188 103 782
188 103 788
188 103 789
188 103 795
188 103 802
188 140 844
188 140 847
188 203 844
188 203 847
188 153 844
188 153 847
188 135 850
150 205 747
150 205 749
150 205 760
150 205 762
150 205 766
150 205 769
150 205 771
150 205 777
150 205 786
150 205 790
150 205 792
150 205 794
150 205 797
150 203 748
150 203 750
150 203 752
150 203 753
150 203 755
150 203 756
150 203 759
150 203 761
150 203 764
150 203 767
150 203 768
150 203 770
150 203 772
150 203 782
150 203 784
150 203 785
150 203 787
150 203 788
150 203 791
150 203 795
150 203 796
150 203 798
205 129 975
205 129 976
205 129 977
205 129 979
205 129 984
205 129 998
205 129 999
205 129 1001
205 129 1003
205 129 1014
205 129 1018
205 129 1019
205 129 1021
205 129 1028
205 129 1039
205 129 1040
205 129 1041
205 129 1042
205 129 1043
205 129 1044
205 129 1045
205 129 1046
205 129 1047
203 153 844
203 153 845
203 153 846
203 153 847
203 140 845
203 140 846
203 140 847
135 128 765
135 128 766
135 128 767
135 128 768
135 128 769
135 128 770
135 128 790
135 151 819
135 140 831
135 140 832
135 140 849
135 140 850
135 140 851
135 153 831
135 153 832
135 153 837
135 153 849
128 89 757
128 89 758
128 89 760
128 89 774
128 89 778
128 89 780
128 89 788
128 89 792
128 89 793
128 89 801
128 89 802
128 89 803
128 89 804
128 89 805
128 89 806
128 89 807
128 89 808
128 89 810
128 89 812
128 89 815
128 89 817
128 89 818
128 89 819
128 89 820
128 89 824
128 89 828
128 89 841
128 89 859
128 89 860
128 89 862
128 89 863
128 89 864
128 89 865
128 89 866
128 89 867
128 89 868
128 89 869
128 89 870
128 89 874
128 89 875
128 89 876
128 89 877
128 89 879
128 89 880
128 89 881
128 89 882
128 89 883
128 89 885
128 89 887
128 89 889
128 89 890
128 89 894
128 89 895
128 89 896
128 89 902
128 89 903
128 89 906
128 89 908
128 89 929
128 89 940
128 89 941
128 89 942
128 89 944
128 89 949
128 89 950
128 89 951
128 89 952
128 186 760
128 186 764
128 186 766
128 186 772
128 186 773
128 186 775
128 186 776
128 186 782
128 186 783
128 186 784
128 186 786
128 186 795
128 186 799
128 186 804
128 186 807
128 186 809
128 186 810
128 186 812
128 186 813
128 186 814
128 186 815
128 186 816
128 186 817
128 186 818
128 186 821
128 186 822
128 186 823
128 186 833
128 186 834
128 186 836
128 186 849
128 186 858
128 186 863
128 186 874
128 186 875
128 186 885
128 186 886
128 186 887
128 186 888
128 186 890
128 186 893
128 186 894
128 186 895
128 186 896
128 186 897
128 186 898
128 186 899
128 186 900
128 186 901
128 186 902
128 186 905
128 186 929
128 186 939
128 186 944
128 186 952
128 121 943
89 186 760
89 186 774
89 186 778
89 186 795
89 186 804
89 186 805
89 186 817
89 186 818
89 186 870
89 186 871
89 186 873
89 186 906
89 186 940
89 186 941
89 186 945
89 186 946
89 186 947
89 186 948
89 186 949
89 186 951
89 186 952
89 142 904
89 121 943
89 121 946
89 121 947
89 121 948
186 121 943
171 177 762
171 177 763
171 177 764
171 177 775
171 177 784
171 177 790
171 177 797
171 177 800
171 177 804
171 177 805
171 177 806
171 177 807
171 177 808
171 177 809
171 177 810
171 177 811
171 177 812
171 177 813
171 177 814
171 177 815
171 177 816
171 177 817
171 177 818
171 177 819
171 177 821
171 177 822
171 177 823
171 177 828
171 177 830
171 177 836
171 177 837
171 177 838
171 177 842
171 177 843
171 177 848
171 177 850
171 177 851
171 177 852
171 177 860
171 177 861
171 177 862
171 177 869
171 177 870
171 177 874
171 177 876
171 177 877
171 177 884
171 177 895
171 177 896
171 177 897
171 177 905
171 177 906
171 177 907
171 177 908
171 177 909
171 177 910
171 177 912
171 177 913
171 177 915
171 177 916
171 177 919
171 177 920
171 177 921
171 177 922
171 177 923
171 177 924
171 177 925
171 177 926
171 177 927
171 177 935
171 177 939
171 177 941
171 177 942
171 177 943
171 177 947
171 177 949
171 177 961
171 177 970
171 177 971
171 177 972
171 177 973
171 177 995
171 177 996
171 177 997
171 177 998
171 142 906
171 142 915
171 142 916
171 142 921
177 142 913
177 142 915
177 142 916
177 142 918
177 142 919
177 142 920
177 142 921
177 142 923
177 142 924
177 142 941
140 153 763
140 153 764
140 153 766
140 153 767
140 153 768
140 153 769
140 153 770
140 153 773
140 153 782
140 153 783
140 153 790
140 153 791
140 153 796
140 153 797
140 153 798
140 153 799
140 153 800
140 153 801
140 153 803
140 153 804
140 153 805
140 153 806
140 153 807
140 153 808
140 153 813
140 153 818
140 153 819
140 153 820
140 153 821
140 153 822
140 153 823
140 153 824
140 153 825
140 153 826
140 153 827
140 153 828
140 153 829
140 153 830
140 153 831
140 153 832
140 153 833
140 153 834
140 153 835
140 153 836
140 153 838
140 153 839
140 153 840
140 153 841
140 153 842
140 153 843
140 153 844
140 153 845
140 153 846
140 153 847
140 153 848
140 153 849
140 2 856
200 121 923
200 121 924
200 121 925
200 121 926
200 121 936
200 121 947
200 121 948
200 121 949
200 121 950
200 121 951
200 121 953
200 121 954
200 121 956
200 121 957
200 121 968
200 121 969
200 121 970
200 121 972
200 121 975
200 121 976
200 121 977
200 121 978
200 121 979
200 121 980
200 121 981
200 121 982
200 121 983
200 121 984
200 121 985
142 151 814
142 145 943
151 2 835
151 2 837
28 129 983
121 198 927
121 198 928
121 198 929
121 198 930
121 198 937
121 198 955
121 198 959
121 198 966
121 198 988
121 198 989
121 198 990
198 180 954
184 5 949
184 5 950
184 5 951
184 5 952
184 5 953
184 5 954
184 5 958
184 5 959
184 5 960
184 5 961
184 5 962
184 5 963
184 5 964
184 5 965
184 5 966
184 5 967
184 5 968
184 5 969
184 5 970
184 5 971
184 5 972
184 5 973
184 5 974
184 5 975
184 5 976
184 5 977
184 5 978
184 5 979
184 5 980
184 5 981
184 5 992
184 5 993
184 5 1002
184 5 1005
184 5 1006
184 5 1020
184 5 1029
184 5 1030
184 5 1031
184 5 1032
184 5 1033
184 5 1034
184 5 1035
184 5 1036
184 5 1037
184 5 1038
184 5 1039
184 5 1040
184 5 1047
184 5 1048
184 5 1049
184 129 978
