136 58 0
136 58 1
136 58 2
136 58 3
136 58 4
136 58 6
136 58 7
136 58 8
136 58 9
136 58 10
136 58 11
136 58 12
136 58 13
136 58 14
136 58 15
136 58 16
136 58 17
136 58 18
136 58 19
136 58 20
136 58 21
136 58 22
136 58 23
136 58 24
136 58 25
136 58 26
136 58 27
136 58 28
136 58 29
136 58 30
136 58 32
136 58 33
136 58 34
136 58 35
136 58 36
136 58 42
136 58 51
136 58 52
136 58 54
136 58 55
136 58 56
136 58 57
136 58 58
136 58 59
136 58 60
136 58 62
136 58 63
136 58 64
136 58 65
136 58 66
136 58 67
136 58 68
136 58 69
136 58 70
136 58 71
136 58 72
136 58 73
136 58 74
136 58 76
136 58 80
136 58 83
136 58 85
136 58 86
136 58 88
136 58 89
136 58 90
136 58 91
136 58 92
136 58 95
136 58 96
136 58 105
136 58 106
136 58 107
136 58 108
136 58 109
136 58 110
136 58 116
136 58 124
136 58 126
136 58 127
136 58 128
136 58 129
136 58 130
136 58 131
136 58 132
136 58 133
136 58 134
136 58 135
136 58 136
136 58 137
136 58 138
136 58 146
136 58 161
136 58 162
136 58 354
136 58 361
136 58 369
136 58 370
136 58 375
136 58 377
136 58 380
136 58 381
136 58 382
136 58 386
136 58 387
136 58 389
136 58 390
136 58 391
136 58 393
136 58 394
136 58 395
136 58 400
136 58 401
136 127 73
136 34 265
136 34 266
136 34 267
136 34 270
136 34 276
136 34 277
136 34 281
136 34 282
136 34 283
136 34 284
136 34 288
136 34 289
136 34 290
136 34 292
136 34 293
136 34 295
136 34 296
136 34 298
136 34 299
136 34 301
136 34 302
136 34 306
136 34 310
136 34 311
136 34 312
136 34 313
136 34 316
136 34 320
136 34 321
136 34 323
136 34 324
136 113 277
136 113 281
136 113 282
136 113 284
136 113 285
136 113 289
136 113 296
136 113 298
136 113 317
136 113 318
136 113 319
136 113 320
136 113 321
136 113 322
136 113 323
136 113 324
136 63 326
136 63 332
136 15 350
58 52 28
58 96 387
58 117 389
58 67 390
58 87 395
58 111 400
58 114 402
58 12 799
58 129 799
58 129 800
58 129 802
58 129 808
58 129 809
58 129 819
58 129 823
58 129 824
58 129 826
58 129 830
58 129 840
58 129 841
58 129 843
58 129 851
58 129 855
58 129 856
58 129 859
58 129 861
58 129 866
58 129 868
58 129 869
58 129 870
58 60 830
58 60 854
58 60 860
58 60 865
58 55 831
58 55 861
52 108 505
52 108 506
52 108 509
52 108 510
52 108 511
52 108 512
52 111 508
52 111 509
52 111 510
52 111 511
52 111 512
70 127 29
70 127 33
70 127 34
70 127 38
70 127 45
70 127 47
70 127 48
70 127 52
70 127 53
70 127 54
70 127 57
70 127 58
70 127 59
70 127 60
70 127 101
70 127 103
70 127 110
70 127 350
70 127 371
70 127 378
70 127 380
70 11 811
70 11 813
70 32 813
70 32 818
70 32 820
70 32 821
70 32 827
70 32 828
70 32 829
70 32 831
70 32 832
70 32 833
70 32 834
70 32 835
70 32 839
70 32 840
70 32 842
70 32 843
70 32 844
70 32 849
70 32 851
70 32 852
70 32 853
70 32 854
70 32 865
70 32 866
70 32 871
70 32 877
70 32 880
70 32 892
70 85 819
70 85 826
70 85 831
70 85 833
70 85 834
70 85 839
70 85 840
70 85 841
70 85 842
70 85 843
70 85 844
70 85 855
70 85 882
70 55 855
70 36 866
70 26 885
127 12 823
127 13 823
127 13 831
127 13 833
127 13 841
127 13 852
127 13 853
127 13 858
127 13 860
127 13 864
127 13 865
127 13 884
127 21 825
127 25 892
118 56 139
118 56 181
118 56 203
118 56 231
118 56 276
118 79 205
118 64 206
118 15 229
118 95 244
118 39 268
118 39 269
118 120 269
118 108 340
118 108 364
118 108 365
118 108 376
118 108 377
118 108 378
118 108 391
118 108 394
118 108 395
118 108 401
118 108 403
118 108 429
118 108 442
118 108 452
118 108 510
118 108 511
118 108 512
56 119 366
56 140 934
56 140 935
56 140 936
56 140 994
56 94 941
56 94 951
56 94 975
56 71 975
56 38 976
56 49 997
56 49 998
56 49 1052
56 45 1020
56 45 1021
56 45 1022
56 14 1047
56 14 1050
56 14 1052
59 99 160
59 99 189
59 99 226
59 99 245
59 99 249
59 99 251
59 111 160
59 111 177
59 111 179
59 111 180
59 111 181
59 111 190
59 111 191
59 111 193
59 111 195
59 111 196
59 111 199
59 111 202
59 111 209
59 111 210
59 111 211
59 111 212
59 111 213
59 111 217
59 111 218
59 111 220
59 111 222
59 111 223
59 111 238
59 111 239
59 111 241
59 111 243
59 111 247
59 111 248
59 111 251
59 79 160
59 79 165
59 79 166
59 79 167
59 79 172
59 79 173
59 79 175
59 79 179
59 79 180
59 79 181
59 79 182
59 79 183
59 79 190
59 79 195
59 79 198
59 79 202
59 79 205
59 79 208
59 79 212
59 79 218
59 79 219
59 79 227
59 79 243
59 79 244
59 79 248
59 35 389
59 35 403
59 35 406
59 35 407
59 35 410
59 35 418
59 35 427
59 35 429
59 35 430
59 35 433
59 35 435
59 35 453
59 35 455
59 35 460
59 35 482
59 35 485
59 35 486
59 35 494
59 35 496
59 35 498
59 35 522
59 35 527
59 14 454
59 109 558
59 115 558
59 25 588
99 75 160
99 75 161
99 75 162
99 75 163
99 75 164
99 75 180
99 75 195
99 75 221
99 75 241
99 75 244
99 75 245
99 75 251
99 104 161
99 23 1018
99 23 1019
99 23 1020
99 23 1021
99 23 1023
99 23 1024
99 23 1029
99 23 1030
99 23 1031
99 23 1033
99 23 1034
99 23 1035
99 23 1036
99 23 1038
99 23 1039
99 23 1040
99 23 1041
99 23 1043
99 23 1044
99 23 1045
99 23 1046
99 23 1047
99 23 1048
99 23 1049
99 23 1050
99 23 1052
99 23 1053
99 130 1021
99 130 1025
99 130 1026
99 130 1027
99 130 1028
99 130 1029
99 130 1031
99 130 1032
99 130 1033
99 130 1034
99 130 1035
99 130 1036
99 130 1037
99 130 1038
99 130 1039
99 130 1040
99 130 1041
99 130 1042
99 130 1043
99 130 1044
99 130 1047
99 130 1050
99 130 1051
99 130 1052
99 130 1053
99 49 1052
111 75 160
111 75 162
111 75 166
111 75 180
111 75 181
111 75 182
111 75 184
111 75 185
111 75 187
111 75 188
111 75 192
111 75 193
111 75 194
111 75 195
111 75 198
111 75 200
111 75 202
111 75 203
111 75 204
111 75 206
111 75 207
111 75 209
111 75 214
111 75 219
111 75 220
111 75 222
111 75 223
111 75 224
111 75 238
111 75 240
111 75 244
111 75 245
111 75 247
111 75 248
111 75 249
111 75 250
111 75 251
111 95 160
111 95 162
111 95 163
111 95 174
111 95 175
111 95 181
111 95 183
111 95 194
111 95 223
111 95 227
111 95 228
111 95 229
111 95 233
111 95 238
111 95 244
111 95 245
111 95 246
111 95 250
111 95 251
111 107 335
111 107 336
111 107 337
111 107 338
111 107 339
111 107 340
111 107 341
111 107 342
111 107 343
111 107 346
111 107 359
111 107 360
111 107 361
111 107 362
111 107 363
111 107 364
111 107 365
111 107 366
111 107 367
111 107 368
111 107 369
111 107 375
111 107 376
111 107 377
111 107 378
111 107 379
111 107 381
111 107 382
111 107 383
111 107 384
111 107 385
111 107 386
111 107 387
111 107 388
111 107 389
111 107 390
111 107 391
111 107 392
111 107 393
111 107 394
111 107 395
111 107 400
111 107 402
111 107 403
111 107 418
111 107 419
111 107 420
111 107 425
111 107 426
111 107 427
111 107 428
111 107 429
111 107 430
111 107 441
111 107 442
111 107 470
111 107 501
111 107 502
111 107 503
111 107 504
111 107 510
111 107 511
111 107 512
111 96 335
111 96 365
111 96 390
111 115 335
111 115 339
111 115 341
111 123 381
111 91 385
111 10 386
111 18 430
111 15 441
111 15 442
79 104 161
79 95 223
79 95 240
79 95 246
79 41 819
79 41 855
79 41 860
79 41 866
79 41 880
79 55 866
75 107 210
75 107 340
75 86 212
75 21 214
75 64 222
75 64 224
75 64 228
75 64 229
75 64 245
75 64 247
75 64 251
75 91 248
75 105 334
75 0 384
75 0 385
75 0 386
75 0 387
75 0 396
75 0 401
75 0 406
75 0 408
75 0 409
75 0 412
75 0 415
75 0 416
75 0 418
75 0 421
75 0 422
75 0 436
75 96 417
95 110 209
95 110 210
95 110 211
95 110 212
95 110 214
95 110 215
95 110 218
95 110 221
95 110 223
95 110 224
95 110 229
95 110 230
95 110 231
95 110 232
95 110 233
95 110 234
95 110 235
95 110 236
95 110 240
95 110 241
95 110 245
95 110 246
95 110 249
95 110 251
95 110 260
95 110 261
95 110 262
95 110 263
95 110 265
95 110 266
95 110 267
95 110 268
95 110 272
95 110 274
95 110 275
95 110 276
95 110 277
95 110 280
95 110 281
95 110 283
95 110 290
95 110 292
95 110 294
95 110 298
95 110 299
95 110 300
95 110 301
95 110 302
95 110 303
95 110 304
95 110 306
95 110 308
95 110 309
95 110 312
95 110 315
95 110 316
95 110 317
95 110 318
95 64 223
95 64 224
95 14 274
104 11 804
104 11 805
104 74 806
104 74 807
104 74 812
104 74 813
104 74 814
104 74 815
104 74 818
104 74 819
104 74 820
104 74 830
104 74 831
104 74 832
104 74 834
104 74 835
104 74 836
104 74 837
104 74 839
104 74 840
104 74 841
104 74 842
104 74 843
104 74 844
104 74 846
104 74 847
104 74 868
104 74 869
104 74 877
104 74 879
104 74 881
104 74 882
104 74 883
104 74 884
104 74 888
104 74 889
104 74 899
104 74 900
104 74 905
104 74 906
104 74 907
104 74 910
104 74 913
104 74 914
104 74 916
104 74 919
104 5 810
104 55 823
104 36 824
104 36 827
104 36 895
104 126 829
104 12 831
104 78 836
104 78 837
2 51 189
2 51 190
2 51 191
2 51 192
2 51 193
2 51 194
2 51 195
2 51 196
2 51 197
2 51 199
2 51 201
2 51 203
2 51 204
2 51 205
2 51 206
2 51 216
2 51 218
2 51 219
2 51 227
2 51 244
2 51 248
2 51 252
2 51 253
2 51 256
2 51 257
2 51 260
2 51 262
2 51 273
2 51 274
2 51 287
2 51 291
2 17 190
2 17 191
2 17 192
2 17 193
2 17 194
2 17 195
2 17 197
2 17 199
2 17 200
2 17 201
2 17 204
2 17 205
2 17 206
2 17 209
2 17 212
2 17 213
2 17 214
2 17 215
2 17 216
2 17 217
2 17 218
2 17 219
2 17 220
2 17 222
2 17 225
2 17 228
2 17 229
2 17 235
2 17 245
2 17 247
2 17 248
2 17 249
2 17 250
2 17 253
2 17 254
2 17 256
2 17 257
2 17 258
2 17 259
2 17 260
2 17 261
2 17 262
2 17 263
2 17 264
2 17 265
2 17 266
2 17 267
2 17 268
2 17 269
2 17 270
2 17 271
2 17 272
2 17 273
2 17 274
2 17 275
2 17 276
2 17 277
2 17 278
2 17 279
2 17 280
2 17 281
2 17 282
2 17 283
2 17 284
2 17 286
2 17 287
2 17 288
2 17 289
2 17 290
2 17 291
2 17 292
2 17 293
2 17 294
2 17 295
2 17 296
2 17 297
2 17 298
2 17 300
2 17 301
2 17 302
2 17 303
2 17 304
2 17 305
2 17 306
2 17 308
2 17 309
2 17 310
2 17 311
2 17 312
2 17 313
2 17 314
2 17 315
2 17 316
2 17 317
2 88 582
2 88 651
2 45 629
2 25 630
51 71 212
51 71 213
51 71 214
51 71 215
51 86 213
51 21 214
51 141 237
51 141 353
51 141 356
51 141 357
51 141 366
51 141 371
51 141 376
51 141 388
51 76 314
17 46 191
17 46 192
17 46 193
17 46 194
17 46 195
17 46 196
17 46 197
17 46 198
17 46 199
17 46 200
17 46 201
17 46 202
17 46 204
17 46 206
17 46 207
17 46 209
17 46 210
17 46 211
17 46 212
17 46 216
17 46 217
17 46 218
17 46 219
17 46 222
17 46 228
17 46 229
17 46 234
17 46 235
17 46 242
17 46 249
17 46 253
17 46 260
17 46 262
17 46 263
17 46 265
17 46 266
17 46 267
17 46 269
17 46 271
17 46 272
17 46 274
17 46 275
17 46 276
17 46 277
17 46 278
17 46 280
17 46 283
17 46 287
17 46 288
17 46 291
17 46 292
17 46 293
17 46 294
17 46 295
17 46 297
17 46 298
17 46 299
17 46 300
17 46 301
17 46 302
17 46 303
17 46 304
17 46 305
17 46 306
17 46 307
17 46 308
17 46 310
17 46 315
17 46 316
17 46 320
17 46 321
17 71 217
17 14 218
17 12 849
46 27 213
46 3 215
46 3 217
46 3 220
46 3 221
46 3 228
46 3 229
46 3 230
46 3 235
46 3 236
46 3 241
46 3 242
46 3 247
46 3 249
46 3 250
46 3 251
46 3 263
46 3 265
46 3 267
46 3 276
46 3 277
46 3 292
46 3 293
46 3 294
46 3 298
46 3 299
46 3 300
46 3 301
46 3 302
46 3 303
46 3 304
46 3 305
46 3 306
46 3 308
46 3 311
46 3 315
46 3 316
46 3 317
46 3 320
46 106 242
46 106 323
46 9 243
46 9 323
46 9 324
46 64 410
46 64 416
46 64 417
46 64 418
46 64 425
46 64 427
46 64 428
46 64 429
46 64 432
46 14 410
46 114 439
46 96 477
86 27 198
86 27 199
86 27 200
86 27 202
86 27 203
86 27 204
86 27 205
86 27 206
86 27 207
86 27 208
86 27 209
86 27 210
86 27 211
86 27 212
86 27 213
86 27 244
86 27 252
86 27 253
86 27 254
86 27 255
86 27 256
86 27 257
86 27 258
86 27 259
86 27 260
86 27 261
86 27 262
86 116 800
86 50 813
86 50 816
86 55 815
86 24 816
86 74 835
27 71 212
27 14 216
27 7 490
27 7 491
27 7 495
27 7 496
27 7 497
27 7 498
27 7 499
27 7 501
27 7 502
27 7 503
27 7 504
27 7 510
27 7 512
27 7 515
27 7 516
27 7 517
27 7 519
27 7 529
27 7 531
27 7 532
27 7 533
27 7 534
27 7 539
27 7 540
27 7 543
27 7 545
27 7 547
27 7 550
27 7 554
27 7 558
27 7 560
27 7 561
27 7 562
27 7 582
27 7 586
27 7 587
27 7 588
27 7 589
27 7 591
27 7 592
27 7 594
27 7 595
27 7 597
27 7 599
27 7 602
27 7 613
27 7 614
27 7 615
27 7 616
27 7 617
27 7 618
27 7 619
27 7 625
27 7 657
27 128 490
27 128 492
27 128 494
27 128 495
27 128 499
27 128 500
27 128 501
27 128 504
27 128 509
27 128 510
27 128 513
27 128 514
27 128 516
27 128 519
27 128 520
27 128 525
27 128 526
27 128 532
27 128 535
27 128 543
27 128 559
27 128 562
27 128 565
27 128 581
27 128 582
27 128 586
27 128 597
27 128 604
27 128 612
27 128 614
27 128 616
27 128 621
27 128 624
27 128 625
27 128 658
27 128 661
27 128 669
27 128 680
27 128 681
27 128 682
27 128 684
27 128 688
27 81 526
27 125 540
27 53 586
27 16 600
27 122 681
27 122 684
27 93 682
8 106 201
8 106 202
8 106 203
8 106 204
8 106 205
8 106 209
8 106 210
8 106 214
8 106 215
8 106 216
8 106 219
8 106 221
8 106 222
8 106 223
8 106 224
8 106 226
8 106 228
8 106 230
8 106 231
8 106 232
8 106 233
8 106 234
8 106 235
8 106 236
8 106 237
8 106 238
8 106 240
8 106 241
8 106 242
8 106 245
8 106 246
8 106 247
8 106 248
8 106 249
8 106 250
8 106 258
8 106 273
8 106 275
8 106 277
8 106 279
8 106 281
8 106 282
8 106 297
8 106 298
8 106 299
8 106 300
8 106 301
8 106 303
8 106 304
8 106 305
8 106 306
8 106 307
8 106 308
8 106 309
8 106 312
8 106 313
8 106 314
8 106 318
8 106 319
8 106 320
8 106 321
8 106 322
8 106 323
8 90 934
8 90 935
8 90 936
8 90 967
8 90 968
8 90 972
8 90 1031
8 90 1036
8 135 957
8 135 960
8 135 963
8 135 986
8 135 991
8 135 992
8 135 996
8 135 997
8 135 1006
106 113 277
106 113 281
106 113 282
106 113 283
106 113 284
106 113 285
106 113 286
106 131 278
106 131 279
106 131 281
106 131 282
106 131 283
106 131 284
106 131 286
106 34 278
106 34 279
106 34 281
106 34 282
106 34 283
106 34 284
106 63 284
106 63 285
106 87 323
106 76 528
106 76 571
106 76 628
106 134 548
106 134 565
106 134 566
106 134 567
106 134 568
106 134 628
106 125 555
106 42 565
106 42 566
106 66 628
71 114 205
71 114 206
71 114 207
71 114 284
71 114 285
71 114 286
71 114 287
71 114 288
71 114 302
71 114 341
71 114 364
71 114 365
71 100 353
71 1 400
71 1 407
71 1 410
71 1 426
71 1 427
71 1 428
71 1 430
71 1 431
71 1 432
71 1 442
71 1 448
71 1 449
71 1 450
71 1 452
71 1 454
71 1 455
71 1 458
71 1 459
71 1 464
71 125 459
71 11 954
71 11 955
71 33 955
71 33 959
71 33 966
71 33 967
71 33 973
71 33 981
71 78 971
71 78 973
114 137 392
114 137 394
114 137 419
114 137 430
114 137 431
114 137 432
114 137 467
114 137 478
114 137 479
114 137 491
114 137 492
114 15 393
64 21 229
64 15 410
64 15 411
64 4 413
64 100 471
64 100 476
64 100 481
64 100 482
64 100 483
64 100 484
64 100 485
64 100 486
64 100 487
64 100 488
64 100 499
64 100 500
64 100 502
64 100 508
64 100 521
64 100 522
64 100 523
64 100 524
64 100 525
64 100 526
64 18 499
110 124 248
110 15 268
110 15 295
110 15 296
110 15 319
110 116 786
110 116 787
110 116 788
110 116 789
110 116 790
110 116 792
110 116 794
110 116 795
110 116 803
110 116 804
110 116 805
110 116 806
110 116 810
110 116 814
110 116 817
110 116 818
110 116 819
110 116 822
110 116 830
110 116 831
110 116 832
110 116 833
110 116 862
110 116 863
110 116 868
110 116 869
110 116 870
110 116 871
110 116 872
110 116 873
110 50 789
110 50 794
110 50 795
110 50 799
110 50 803
110 50 810
110 50 815
110 50 816
110 50 817
110 50 819
110 50 822
110 50 824
110 50 839
110 50 840
110 50 846
110 50 847
110 50 849
110 50 850
110 50 851
110 50 869
110 50 870
110 50 878
110 50 879
110 50 880
110 50 881
110 30 790
110 30 802
110 30 803
110 30 806
110 30 810
110 30 811
110 30 814
110 30 815
110 30 817
110 30 818
110 30 831
110 30 839
110 30 846
110 30 849
110 30 850
110 30 851
110 30 861
110 30 864
110 30 865
110 30 866
110 30 868
110 30 869
110 30 870
110 30 876
110 73 791
110 82 803
110 82 805
110 82 806
110 82 810
110 82 876
110 82 880
110 55 814
110 28 816
110 94 816
110 98 832
110 36 838
107 9 334
107 9 335
107 9 356
107 9 361
107 9 389
107 9 390
107 9 446
107 92 334
107 92 335
107 92 336
107 92 360
107 92 385
107 92 390
107 108 340
107 108 344
107 108 352
107 108 362
107 108 363
107 108 364
107 108 367
107 108 370
107 108 371
107 108 372
107 108 373
107 108 375
107 108 376
107 108 377
107 108 378
107 108 379
107 108 390
107 108 395
107 108 396
107 108 397
107 108 398
107 108 400
107 108 401
107 108 402
107 108 403
107 108 404
107 108 408
107 108 411
107 108 412
107 108 414
107 108 415
107 108 416
107 108 423
107 108 424
107 108 435
107 108 437
107 108 441
107 108 443
107 108 444
107 108 447
107 108 450
107 108 458
107 108 460
107 108 461
107 108 467
107 108 475
107 108 476
107 108 478
107 108 479
107 108 498
107 108 511
107 108 512
107 87 364
107 87 365
107 87 384
107 87 385
107 87 441
107 87 455
107 67 376
107 67 410
107 67 411
107 67 412
107 122 379
107 117 381
107 117 411
107 14 442
107 0 453
107 31 474
107 16 481
107 47 493
107 47 500
107 47 503
107 47 510
107 47 511
107 47 512
21 3 214
21 90 214
21 90 229
21 90 230
21 90 231
21 90 233
21 90 234
21 90 235
21 90 236
21 90 241
21 90 242
21 90 245
21 90 246
21 90 247
21 90 249
21 90 250
21 90 251
21 90 263
21 90 265
21 90 266
21 24 783
21 24 784
21 24 786
21 24 789
21 24 800
21 24 827
21 28 783
21 28 784
21 28 787
21 28 795
21 28 797
21 28 812
21 28 813
21 28 814
21 28 822
21 28 823
21 28 824
21 28 826
21 28 827
21 94 784
21 94 786
21 94 801
21 94 802
21 94 826
21 94 827
21 5 812
21 5 813
3 18 369
3 18 370
3 18 371
3 18 372
3 18 374
3 18 375
3 18 376
3 18 377
3 18 378
3 18 379
3 18 380
3 18 381
3 18 382
3 18 384
3 18 385
3 18 386
3 18 387
3 18 388
3 18 394
3 18 395
3 18 411
3 18 412
3 18 413
3 18 414
3 18 415
3 18 429
3 18 430
3 18 435
3 18 436
3 18 438
3 18 439
3 18 446
3 18 447
3 18 449
3 18 458
3 18 459
3 18 462
3 18 463
3 18 464
3 18 466
3 18 468
3 18 470
3 18 473
3 18 474
3 18 475
3 18 476
3 18 481
3 18 482
3 18 500
3 18 501
3 18 502
3 18 503
3 18 504
3 18 505
3 18 506
3 18 507
3 18 508
3 18 509
3 18 510
3 18 511
3 18 512
3 18 518
3 18 529
3 18 530
3 18 533
3 18 534
3 72 421
3 69 499
90 140 933
90 140 934
90 140 935
90 140 936
90 140 950
90 140 1053
90 12 933
90 12 934
90 12 935
90 12 936
90 61 934
90 61 936
90 61 942
90 61 945
90 61 947
90 61 948
90 61 950
90 61 962
90 61 998
90 61 999
90 61 1000
90 61 1006
90 61 1010
90 61 1016
90 61 1027
90 61 1028
90 61 1046
90 74 972
90 49 997
90 49 1014
91 15 214
91 15 273
91 15 316
91 117 219
91 117 244
91 117 273
91 117 291
91 117 387
91 60 368
15 113 290
15 113 295
15 113 329
15 113 330
15 113 331
15 113 332
15 113 333
15 34 290
15 34 292
15 34 293
15 34 295
15 34 322
15 34 329
15 34 330
15 34 331
15 34 332
15 34 333
15 63 290
15 63 329
15 63 330
15 63 331
15 63 332
15 131 292
15 131 293
15 131 295
15 131 329
15 131 330
15 131 331
15 131 332
15 22 308
15 22 375
15 22 376
15 60 338
15 41 411
15 120 434
15 119 640
15 119 655
15 128 669
15 128 670
15 128 672
15 116 676
15 116 677
15 116 678
15 116 681
15 116 687
15 116 692
15 116 695
15 116 699
15 116 701
15 116 710
15 116 711
15 116 713
15 116 721
15 116 722
14 117 271
14 117 317
14 39 291
14 80 308
14 80 375
14 80 376
14 65 337
14 65 339
14 65 340
14 28 341
14 87 433
14 87 434
14 87 435
14 36 437
14 88 438
14 20 1010
14 20 1011
14 20 1012
14 20 1016
14 20 1019
14 20 1020
14 20 1021
14 20 1028
14 20 1029
14 20 1030
14 20 1032
14 20 1033
14 20 1034
14 20 1036
14 20 1044
14 20 1051
14 20 1057
14 135 1023
14 135 1051
14 135 1057
14 135 1058
14 7 1051
14 7 1052
14 7 1053
14 44 1058
100 9 218
100 9 225
100 9 243
100 9 252
100 9 254
100 9 278
100 9 295
100 9 296
100 9 310
100 9 311
100 9 317
100 117 392
100 41 476
100 41 483
100 41 484
100 41 485
100 41 495
100 41 497
100 41 498
100 37 491
100 4 572
100 121 572
9 63 278
9 131 279
9 131 282
9 131 284
9 131 285
9 131 286
9 34 279
9 34 286
9 113 285
9 113 286
9 96 334
9 96 337
9 96 338
9 96 362
9 96 364
9 96 379
9 96 380
9 96 381
9 96 386
9 96 387
9 96 388
9 96 389
9 96 392
9 96 393
9 96 416
9 96 443
9 96 449
9 96 450
9 96 451
9 96 452
9 96 453
9 96 454
9 96 457
9 96 460
9 96 463
9 96 464
9 96 473
9 96 476
9 96 481
9 96 482
9 96 483
9 96 484
9 96 485
9 96 486
9 96 487
9 96 489
9 96 513
9 115 334
9 115 335
117 72 371
117 72 373
117 72 374
117 72 378
117 72 386
117 72 393
117 72 394
117 72 395
117 72 403
117 72 406
117 72 411
117 72 412
117 72 413
117 72 421
117 72 424
117 112 378
117 112 379
117 112 380
117 112 381
117 115 410
117 18 421
141 53 348
124 131 268
124 131 269
124 12 799
124 12 800
124 60 818
124 60 823
124 60 840
124 60 863
124 60 865
124 83 823
124 55 860
124 55 861
63 39 262
63 39 326
63 39 327
63 39 328
63 39 329
63 39 330
63 39 331
63 39 332
63 39 333
63 120 271
63 120 284
63 120 286
63 120 329
63 120 331
63 120 332
63 55 797
63 55 798
63 55 799
63 55 800
63 55 806
63 55 807
63 55 816
63 55 817
63 55 820
63 55 824
63 55 826
63 55 827
63 55 829
63 55 839
63 55 843
63 55 850
63 55 855
63 55 869
63 55 870
39 113 263
39 113 264
39 113 265
39 113 268
39 113 269
39 113 273
39 113 274
39 113 281
39 113 282
39 113 284
39 113 296
39 113 303
39 113 317
39 113 318
39 113 319
39 113 320
39 113 322
39 113 323
39 113 328
39 113 329
39 113 330
39 113 332
39 113 333
39 131 268
39 131 269
39 131 271
39 131 272
39 131 273
39 131 274
39 131 275
39 131 278
39 131 279
39 131 285
39 131 286
39 131 287
39 131 291
39 131 294
39 131 297
39 131 300
39 131 303
39 131 304
39 131 305
39 131 307
39 131 308
39 131 309
39 131 314
39 131 315
39 131 317
39 131 318
39 131 319
39 131 322
39 131 325
39 131 326
39 131 327
39 131 328
39 131 329
39 131 330
39 131 331
39 131 332
39 12 822
39 132 823
39 132 825
39 132 833
39 132 837
39 132 839
39 132 841
39 132 842
39 132 843
39 132 847
39 132 849
39 132 850
39 132 852
39 132 853
39 132 855
39 132 856
39 132 857
39 132 858
39 132 860
39 132 861
39 132 865
39 13 826
39 13 832
39 13 834
39 13 840
39 13 844
39 13 846
39 13 847
39 13 849
39 13 853
39 13 854
39 13 855
39 13 856
39 13 859
39 13 860
39 13 861
39 13 862
39 13 863
39 13 864
39 13 865
39 13 866
39 13 867
39 13 868
39 13 869
39 13 870
39 13 871
39 13 872
39 13 873
39 13 874
39 13 875
39 13 876
39 13 877
39 13 878
39 13 879
39 13 880
39 13 881
39 13 882
39 13 883
39 13 887
39 48 857
113 68 263
113 68 264
113 68 270
113 68 272
113 68 274
113 68 279
113 68 281
113 68 282
113 68 283
113 68 285
113 68 300
113 68 302
113 68 304
113 68 307
113 68 316
113 68 317
113 68 318
113 68 323
113 68 324
113 0 264
113 28 314
113 129 504
113 129 564
113 129 595
113 129 613
113 129 627
113 72 504
113 72 512
113 72 527
113 72 582
113 72 619
113 72 627
113 61 554
68 34 263
68 34 265
68 34 269
68 34 272
68 34 274
68 34 278
68 34 279
68 34 285
68 34 295
68 34 316
68 34 318
68 34 323
68 34 324
68 34 325
68 131 263
68 131 264
68 131 266
68 131 267
68 131 269
68 131 272
68 131 273
68 131 278
68 131 279
68 131 285
68 131 295
68 131 315
68 131 316
68 131 318
68 131 319
68 131 323
68 131 324
68 131 325
68 131 327
68 131 329
68 131 330
68 131 331
68 105 322
68 60 322
68 97 567
68 97 568
68 97 569
68 97 570
68 97 571
68 97 572
68 97 573
68 97 574
68 97 575
68 97 576
68 97 578
68 97 579
68 97 580
68 97 581
68 97 582
68 97 584
68 97 586
68 97 587
68 97 588
68 97 590
68 97 591
68 97 592
68 97 593
68 97 594
68 97 596
68 97 597
68 97 598
68 97 599
68 97 600
68 97 601
68 97 602
68 97 603
68 97 604
68 97 605
68 97 606
68 97 608
68 97 610
68 97 611
68 97 612
68 97 613
68 97 614
68 97 615
68 97 616
68 97 617
68 97 618
68 97 619
68 97 620
68 97 621
68 97 632
68 97 646
68 97 648
68 97 649
68 97 651
68 97 671
68 97 672
68 108 620
68 119 643
34 0 264
34 120 287
34 120 295
34 120 321
34 120 324
34 120 331
34 120 578
34 83 581
34 25 581
34 25 583
34 25 584
34 25 585
34 25 586
34 25 587
34 25 588
34 25 590
34 25 594
34 25 595
34 25 598
34 25 630
34 81 591
34 81 711
34 81 713
34 81 716
34 45 684
34 45 691
34 45 692
34 45 717
34 45 718
34 45 720
34 45 721
34 45 740
131 0 265
131 120 268
131 120 269
131 120 273
131 120 326
131 120 328
131 120 329
131 120 331
131 120 332
131 11 929
131 11 930
131 11 931
0 60 323
120 126 434
120 126 436
120 126 460
120 126 548
120 126 567
120 126 568
120 126 569
120 126 570
120 126 571
120 126 572
120 126 576
120 126 577
120 126 578
120 126 579
120 126 581
120 126 582
120 126 583
120 87 434
120 87 435
120 87 436
120 87 437
120 87 438
120 87 439
120 87 440
120 87 441
120 87 442
120 87 443
120 87 444
120 87 445
120 87 446
120 87 447
120 87 448
120 87 449
120 87 450
120 87 451
120 87 452
120 87 453
120 87 454
120 87 455
120 87 457
120 87 458
120 87 459
120 87 460
120 87 461
120 87 462
120 87 472
120 87 474
120 87 479
120 87 480
120 87 486
120 87 489
120 87 490
120 87 491
120 87 495
120 87 496
120 87 497
120 87 498
120 87 499
120 87 500
120 87 501
120 87 502
120 87 503
120 87 504
120 87 505
120 87 506
120 87 507
120 87 508
120 87 509
120 87 510
120 87 511
120 87 512
120 87 513
120 87 514
120 87 515
120 87 526
120 87 527
120 87 528
120 87 529
120 87 530
120 87 531
120 87 532
120 87 533
120 87 534
120 87 536
120 87 537
120 87 539
120 87 540
120 87 541
120 87 542
120 87 543
120 87 544
120 87 545
120 87 546
120 87 547
120 87 548
120 87 549
120 87 550
120 87 551
120 87 552
120 87 553
120 87 554
120 87 555
120 87 558
120 87 560
120 87 562
120 87 563
120 87 564
120 87 568
120 87 570
120 87 571
120 87 572
120 87 576
120 87 577
120 87 578
120 87 579
120 87 582
120 88 445
120 36 452
120 42 485
120 42 528
120 42 538
120 42 550
120 42 551
120 42 552
120 42 553
120 42 554
120 42 555
120 18 527
120 7 540
120 11 540
120 76 543
120 76 544
120 76 553
120 76 560
120 66 552
120 5 572
76 28 277
76 28 331
76 28 338
76 28 350
76 112 341
76 129 504
76 129 508
76 129 582
76 129 627
76 61 506
76 61 524
76 61 525
76 61 526
76 61 553
76 61 558
76 61 560
76 61 565
76 61 581
76 61 582
76 61 599
76 61 600
76 61 601
76 61 604
76 61 606
76 61 618
76 61 619
76 61 620
76 61 623
76 61 624
76 61 625
76 61 627
76 37 549
76 37 553
76 83 549
76 83 553
76 83 556
76 83 560
76 48 597
76 97 601
76 45 623
28 12 778
28 12 779
28 12 780
28 97 779
28 30 781
28 98 782
28 98 793
28 98 804
28 98 805
28 98 814
28 98 815
28 98 820
28 98 821
28 98 826
28 98 827
28 6 812
28 6 813
28 55 816
22 80 278
22 80 283
22 80 284
22 80 287
22 80 289
22 80 291
22 80 293
22 80 309
22 80 312
22 80 369
22 80 370
22 80 376
22 80 390
22 80 391
22 80 392
22 80 393
22 112 341
22 43 845
22 43 847
22 43 849
22 43 851
22 43 852
22 43 853
22 43 854
22 43 855
22 43 857
22 43 858
22 43 859
22 43 864
22 43 867
22 43 868
22 43 869
22 43 870
22 43 871
22 43 873
22 43 874
22 43 875
22 43 879
22 43 880
22 43 881
22 43 882
22 43 883
22 43 886
22 43 888
22 43 889
22 43 890
22 43 891
22 11 846
22 11 847
22 11 848
22 26 859
22 26 883
80 49 939
80 49 946
80 49 947
80 49 948
80 49 957
80 49 960
80 49 963
60 112 311
60 112 312
60 112 313
60 112 316
60 112 323
60 112 329
60 112 333
60 112 334
60 112 335
60 112 339
60 112 340
60 112 341
60 112 342
60 112 345
60 112 346
60 112 356
60 112 357
60 112 358
60 112 363
60 112 365
60 112 366
60 112 367
60 112 368
60 112 369
60 112 370
60 112 371
60 112 372
60 112 374
60 112 376
60 36 823
112 119 377
112 67 379
112 67 381
112 16 532
112 16 533
112 16 534
112 16 535
112 16 536
112 16 537
112 16 548
112 16 632
112 16 633
112 16 635
112 16 637
112 16 638
112 16 643
112 16 678
112 16 679
112 16 680
112 16 688
112 16 692
112 16 695
112 16 696
112 16 698
112 16 711
112 16 714
112 16 715
112 16 716
112 16 728
112 16 766
112 16 771
112 16 774
112 16 775
112 16 776
112 16 781
112 16 782
112 16 783
112 122 532
112 122 533
112 122 536
112 122 539
112 122 540
112 122 569
112 122 579
112 122 580
112 122 588
112 122 612
112 122 622
112 122 624
112 122 625
112 122 626
112 122 627
112 122 628
112 122 629
112 122 630
112 122 632
112 122 633
112 122 637
112 122 641
112 122 643
112 122 646
112 122 647
112 122 676
112 122 677
112 122 767
112 122 768
112 122 771
112 122 775
112 122 776
112 122 782
112 108 632
112 128 669
112 116 674
112 116 678
112 116 680
112 82 768
112 82 771
105 65 317
105 65 319
105 65 322
105 65 324
105 65 327
105 65 373
105 65 375
105 72 380
105 115 382
105 115 383
105 125 1018
105 125 1020
105 125 1024
105 13 1053
65 12 810
65 12 812
65 37 895
65 37 896
65 89 895
65 89 896
87 10 359
87 121 434
87 121 497
87 121 566
87 121 571
87 121 575
87 121 576
87 121 577
87 121 578
87 121 579
87 121 580
87 121 582
87 31 447
87 31 448
87 37 528
87 37 538
87 37 548
87 37 549
87 37 550
87 37 552
87 37 559
87 123 540
87 72 551
87 72 552
87 72 555
87 72 557
87 72 561
96 108 385
96 41 462
96 69 470
115 92 334
115 92 335
115 101 334
115 101 335
115 101 336
115 101 337
115 101 349
115 101 358
115 101 359
115 101 407
115 101 409
115 101 410
115 101 426
115 101 430
115 16 531
115 16 532
115 16 533
115 16 534
115 16 536
115 16 546
115 16 551
115 16 552
115 16 554
115 16 629
115 16 632
115 16 633
115 16 641
115 16 642
115 16 643
115 16 648
115 16 656
115 16 665
115 16 671
115 16 673
115 16 676
115 16 711
115 16 731
115 16 736
115 16 758
115 16 759
115 16 760
115 16 774
115 16 775
115 16 776
115 16 780
115 16 781
115 16 782
115 119 534
115 119 551
115 119 571
115 119 572
115 119 584
115 119 648
115 119 781
115 62 553
115 29 568
115 7 604
115 7 605
115 32 604
115 128 604
115 128 670
115 128 671
115 128 672
115 128 673
115 128 682
115 128 686
115 128 687
115 11 608
115 11 632
115 116 701
115 85 714
115 85 731
115 54 714
115 50 723
115 31 727
115 82 747
115 82 753
115 82 754
115 82 757
115 82 758
115 82 760
115 82 768
115 82 769
115 82 770
115 82 771
115 82 775
115 74 756
92 10 335
92 10 336
92 10 358
92 10 360
92 10 361
92 10 382
92 10 511
92 10 512
92 10 518
92 1 564
92 1 565
92 1 569
92 1 570
92 1 572
92 1 573
92 1 574
92 1 580
92 1 583
92 1 605
92 1 620
92 1 634
92 37 575
92 61 575
101 10 336
101 123 410
101 138 577
101 4 577
10 108 390
10 108 528
10 108 529
10 108 530
10 108 532
10 108 533
10 108 534
10 108 535
10 108 536
10 108 537
10 108 539
10 108 540
10 108 541
10 108 548
10 108 549
10 108 565
10 108 566
10 108 567
10 108 568
10 108 572
10 108 575
10 108 576
10 108 578
10 108 579
10 108 580
10 108 581
10 108 583
10 108 592
10 108 593
10 108 595
10 108 596
10 108 598
10 108 599
10 108 605
10 108 609
10 108 620
10 108 621
10 108 622
10 108 623
10 108 624
10 108 625
10 108 626
10 108 628
10 108 631
10 108 633
10 108 634
10 108 636
10 108 637
10 108 638
10 108 639
10 108 640
10 16 632
108 123 411
108 72 412
108 77 626
53 133 551
53 54 583
53 123 585
53 6 585
53 72 598
53 72 607
53 42 602
53 77 630
119 57 416
119 109 532
119 109 533
119 109 534
119 109 536
119 109 537
119 109 538
119 109 539
119 109 546
119 109 552
119 109 569
119 109 602
119 109 675
119 6 669
119 6 670
18 41 412
18 41 413
18 67 421
18 83 527
18 43 858
18 43 967
72 66 513
72 66 522
72 66 552
72 66 557
72 66 584
72 66 590
72 66 598
72 66 605
72 66 607
72 66 628
72 7 513
72 128 513
72 125 546
72 125 550
72 125 551
72 42 550
72 42 551
72 42 573
72 5 581
72 5 623
72 62 583
72 134 628
67 123 382
67 123 405
67 123 408
67 123 410
67 5 770
67 5 778
67 5 781
67 130 786
67 130 792
67 130 796
67 130 802
67 130 803
67 130 807
67 130 814
67 130 816
122 109 532
122 109 533
122 109 534
122 109 536
122 109 538
122 109 539
122 109 540
122 109 542
122 109 543
122 109 544
122 109 546
122 109 547
122 109 548
122 109 549
122 109 550
122 109 551
122 109 553
122 109 554
122 109 555
122 109 558
122 109 568
122 109 569
122 109 570
122 109 571
122 109 572
122 109 573
122 109 585
122 109 589
122 109 590
122 109 592
122 109 606
122 109 608
122 109 610
122 109 693
122 109 706
122 109 707
122 109 708
122 109 725
122 6 670
122 6 679
122 89 686
122 45 731
122 69 759
122 69 760
122 69 761
122 69 763
123 7 489
123 7 490
123 7 491
123 7 492
123 7 493
123 7 494
123 7 495
123 7 496
123 7 497
123 7 498
123 7 499
123 7 500
123 7 501
123 7 502
123 7 503
123 7 504
123 7 505
123 7 506
123 7 507
123 7 508
123 7 509
123 7 510
123 7 511
123 7 512
123 7 513
123 7 514
123 7 516
123 7 518
123 7 519
123 7 524
123 7 526
123 7 530
123 7 531
123 7 532
123 7 533
123 7 534
123 7 537
123 7 539
123 7 540
123 7 542
123 7 543
123 7 544
123 7 545
123 7 547
123 7 553
123 7 554
123 7 555
123 7 559
123 7 561
123 7 562
123 7 566
123 7 567
123 7 568
123 7 570
123 7 571
123 7 572
123 7 573
123 7 574
123 7 575
123 7 576
123 7 577
123 7 578
123 7 579
123 7 580
123 7 582
123 7 583
123 7 585
123 7 586
123 7 589
123 7 590
123 7 591
123 7 592
123 7 593
123 7 594
123 7 595
123 7 596
123 7 598
123 7 599
123 7 600
123 7 604
123 7 606
123 7 609
123 7 610
123 7 611
123 7 612
123 7 613
123 7 614
123 7 615
123 7 616
123 7 617
123 7 619
123 7 620
123 7 626
123 7 627
123 7 628
123 7 629
123 7 630
123 7 631
123 7 632
123 142 512
123 142 513
123 32 515
123 32 517
123 32 523
123 32 533
123 32 534
123 32 541
123 32 542
123 32 545
123 32 561
123 32 608
123 32 611
123 32 615
123 32 622
123 32 626
123 32 638
123 32 686
123 32 687
123 81 526
123 81 528
123 16 671
123 12 798
35 137 391
35 116 788
35 116 791
35 116 796
35 116 798
35 116 799
35 116 800
35 116 801
35 116 802
35 116 803
35 116 804
35 116 810
35 116 811
35 116 815
35 116 816
35 116 818
35 116 833
35 116 839
35 116 855
35 116 856
35 116 857
35 116 858
35 116 859
35 116 860
35 116 862
35 116 863
35 116 864
35 116 865
35 116 866
35 116 867
35 116 868
35 116 869
35 116 870
35 116 872
35 24 815
35 26 862
35 26 863
35 26 873
54 137 390
54 137 391
54 137 393
54 137 400
54 40 390
54 40 391
54 40 392
54 40 393
54 40 396
54 40 397
54 40 399
54 40 400
54 40 405
54 40 408
54 40 411
54 40 417
54 40 425
54 40 428
54 40 431
54 40 434
54 40 552
54 40 553
54 40 575
54 40 580
54 40 582
54 40 585
54 121 391
54 142 519
54 103 528
54 81 548
54 19 586
137 41 468
137 7 513
40 132 390
40 132 392
40 48 583
40 133 943
40 133 944
40 133 947
40 133 955
40 133 958
40 133 966
40 133 968
40 133 969
40 133 970
40 133 971
40 133 972
40 133 973
40 133 974
40 133 996
40 133 1009
40 133 1010
40 133 1012
40 49 949
132 69 440
132 19 825
132 19 831
132 19 853
132 19 855
132 19 858
132 19 859
132 19 860
132 19 861
132 19 862
132 19 863
132 19 864
132 19 865
132 19 866
132 19 867
132 19 868
132 19 869
132 19 870
132 19 871
132 19 872
132 19 873
132 19 874
132 19 875
132 19 876
132 19 877
132 19 878
132 19 879
132 19 880
132 19 881
132 19 882
132 19 883
132 19 884
132 19 885
132 19 886
132 19 887
132 19 888
132 19 889
132 19 890
132 19 891
132 19 893
132 19 894
132 19 897
132 19 898
132 19 899
132 19 900
132 19 901
132 19 906
132 19 907
132 19 908
132 19 909
132 19 910
132 19 911
132 19 912
132 19 913
132 19 914
132 19 915
132 19 916
132 19 917
132 19 918
132 55 867
132 55 868
1 11 626
41 69 411
41 69 414
41 69 415
41 69 419
41 69 420
41 69 430
41 69 431
41 69 434
41 69 435
41 69 437
41 69 440
41 69 441
41 69 442
41 69 443
41 69 444
41 69 445
41 69 446
41 69 447
41 69 448
41 69 449
41 69 452
41 69 453
41 69 454
41 69 456
41 69 458
41 69 461
41 69 463
41 69 465
41 69 468
41 69 469
41 69 471
41 69 476
41 69 477
41 69 481
41 74 825
69 82 739
69 82 740
69 82 755
69 82 756
69 82 757
69 82 763
69 82 784
69 82 894
69 82 895
69 82 899
69 82 900
69 82 903
69 82 904
69 82 907
69 82 909
69 82 911
69 82 912
69 82 914
69 82 915
69 82 917
69 82 918
69 82 921
69 82 922
69 82 925
69 82 926
69 82 927
69 82 928
69 82 929
69 82 930
69 82 932
69 82 935
69 82 945
69 82 946
69 82 974
69 82 1003
69 50 739
69 16 755
69 38 974
69 38 1001
69 38 1002
69 38 1003
69 94 974
69 61 975
69 61 991
4 77 530
4 19 572
4 19 574
4 19 582
4 19 591
4 19 599
4 19 601
4 19 603
4 19 604
4 19 605
4 19 608
4 19 610
4 19 611
4 19 613
4 19 614
4 19 615
4 19 617
4 19 619
4 19 620
4 19 621
4 19 626
4 19 628
4 19 629
4 19 631
4 19 632
4 19 633
57 103 450
57 103 454
57 103 474
57 103 487
57 103 488
57 103 489
57 103 493
57 103 494
57 103 495
57 103 496
57 103 497
57 103 498
57 103 499
57 103 500
57 103 501
57 103 502
57 103 503
57 103 504
57 103 505
57 103 507
57 103 508
57 103 510
57 103 511
57 103 512
57 103 514
57 103 518
57 103 522
57 103 523
57 103 525
57 103 528
57 103 533
57 103 535
57 103 539
57 103 540
57 103 541
57 103 544
57 103 553
57 103 560
57 103 563
57 103 566
57 103 567
57 103 569
57 103 588
57 103 589
57 103 590
57 88 506
126 83 565
126 83 567
126 83 568
126 83 569
126 83 570
126 83 572
126 83 574
126 83 581
126 12 817
126 12 818
126 12 820
36 12 805
36 83 807
36 83 808
36 83 809
36 83 810
36 83 814
36 83 816
36 83 818
36 83 822
36 83 823
36 83 824
36 83 825
36 83 830
36 83 837
36 83 838
36 83 839
36 83 840
36 83 849
36 83 852
36 83 858
36 83 861
36 83 864
36 83 867
36 83 868
36 83 869
36 83 879
36 83 883
36 83 887
36 83 888
36 83 889
36 83 891
36 83 894
36 83 896
36 83 899
36 93 838
36 48 867
88 31 438
88 31 439
88 31 440
88 31 441
88 31 442
88 31 443
88 31 444
88 31 445
88 31 447
88 31 448
88 31 449
88 31 450
88 31 451
88 31 452
88 31 455
88 31 456
88 31 457
88 31 458
88 31 459
88 31 460
88 31 461
88 31 462
88 31 464
88 31 465
88 31 466
88 31 468
88 31 470
88 31 471
88 31 472
88 31 473
88 31 474
88 31 475
88 31 480
88 31 481
88 31 492
88 31 493
88 31 494
88 31 497
88 31 498
88 31 501
88 31 502
88 31 503
88 31 504
88 31 505
88 31 506
88 31 507
88 31 510
88 31 511
88 31 512
88 31 516
88 31 523
88 31 532
88 31 533
88 83 448
31 7 524
31 7 531
31 128 524
31 128 528
31 81 626
31 81 654
31 81 695
31 81 711
31 81 712
31 81 728
31 45 640
31 45 642
31 45 643
31 45 644
31 45 654
31 45 656
31 45 657
31 45 662
31 45 676
31 45 678
31 45 682
31 45 684
31 45 685
31 45 686
31 45 687
31 45 689
31 45 691
31 45 692
31 45 710
31 45 717
31 45 718
31 45 720
31 45 721
31 45 722
31 45 731
31 45 732
31 45 733
31 45 740
31 45 741
31 45 742
31 45 743
31 45 746
31 45 747
31 29 640
31 29 657
31 29 664
31 29 670
31 29 671
31 29 672
31 29 673
31 29 674
31 29 675
31 29 684
31 29 692
31 29 694
31 29 711
31 29 717
31 29 718
31 29 719
31 29 720
31 29 721
31 29 722
31 29 723
31 29 731
31 29 747
31 29 748
31 29 749
83 103 539
83 7 540
83 66 555
83 125 567
83 125 569
83 125 581
83 73 568
83 5 572
83 74 823
83 74 825
83 55 823
103 74 860
125 25 581
125 23 1018
125 23 1019
125 23 1020
125 23 1023
125 23 1024
125 23 1027
125 23 1028
125 23 1033
125 23 1034
125 23 1035
125 23 1036
125 23 1037
125 23 1038
125 23 1039
125 23 1040
125 23 1041
125 23 1042
125 23 1043
125 23 1044
125 23 1047
125 23 1051
125 23 1053
16 109 532
16 109 533
16 109 534
16 109 535
16 109 536
16 109 537
16 109 550
16 109 551
16 109 553
16 109 556
16 109 572
16 109 573
16 109 675
16 109 686
16 109 690
16 109 691
16 109 693
16 109 694
16 109 698
16 109 703
16 109 705
16 109 706
16 109 712
16 109 714
16 109 715
16 109 723
16 6 668
16 6 669
16 6 670
16 45 731
16 78 753
16 78 755
16 78 756
16 78 757
16 78 758
16 78 759
16 78 763
16 78 775
16 73 780
42 109 544
42 138 544
42 138 556
42 138 565
42 138 567
42 138 570
42 138 576
42 138 583
42 138 584
42 138 586
42 138 587
42 138 602
42 138 610
42 138 612
42 138 613
42 73 595
42 5 604
42 5 605
42 5 606
42 5 607
42 19 610
7 84 529
7 84 530
7 84 531
7 84 1051
7 109 539
7 77 580
7 61 934
7 61 935
7 61 937
7 61 945
7 61 947
7 61 957
7 61 959
7 61 963
7 61 968
7 61 1007
7 61 1031
7 61 1043
7 61 1046
7 12 934
7 12 935
7 140 934
7 140 935
7 140 936
7 140 943
7 94 945
7 94 963
7 94 973
7 94 1052
7 82 964
7 82 965
7 82 966
7 82 967
7 82 968
7 74 965
7 74 972
7 49 1015
7 49 1051
7 49 1052
7 130 1052
128 109 539
128 77 579
128 6 637
128 6 638
128 6 639
128 6 640
128 6 641
128 6 642
128 6 643
128 6 644
128 6 645
128 6 646
128 6 647
128 6 651
128 6 661
128 6 663
128 6 664
128 6 665
128 6 667
128 6 668
128 6 669
128 6 670
128 6 671
128 6 673
128 6 674
128 6 675
128 6 677
128 6 679
128 6 680
128 6 681
128 6 686
128 6 687
128 6 688
128 6 689
128 6 690
128 6 691
128 89 683
128 134 686
128 55 798
128 45 1030
37 66 563
37 5 577
37 85 896
47 133 547
47 133 550
47 133 561
47 133 575
129 66 571
129 66 627
129 66 628
129 55 799
129 55 800
129 55 801
129 55 802
129 55 806
129 55 819
129 55 824
129 55 826
129 55 841
129 55 857
129 55 861
129 55 870
129 30 813
129 19 868
61 11 934
61 11 935
61 11 936
61 135 938
61 135 958
61 135 959
61 135 985
61 135 986
61 135 987
61 135 1009
61 135 1038
61 135 1050
61 135 1051
61 135 1052
61 135 1053
61 135 1054
61 66 974
23 81 510
23 81 511
23 81 512
23 81 523
23 81 525
23 81 526
23 81 527
23 81 529
23 81 531
23 81 537
23 81 543
23 81 544
23 81 545
23 81 548
23 81 552
23 81 554
23 81 555
23 81 556
23 81 569
23 81 570
23 81 571
23 81 573
23 81 574
23 81 578
23 81 579
23 81 580
23 81 591
23 81 592
23 81 594
23 81 595
23 81 596
23 81 597
23 81 600
23 5 595
23 20 1053
23 20 1057
23 13 1053
23 13 1057
23 135 1057
23 44 1057
81 109 560
81 109 568
81 50 581
81 50 615
81 50 616
81 50 619
81 50 625
81 50 631
81 50 670
81 50 671
81 50 730
77 29 513
77 29 560
77 29 561
77 66 517
77 5 595
77 97 672
77 73 672
77 11 775
77 11 776
77 26 789
77 30 791
77 30 792
77 50 791
77 50 792
77 116 792
29 109 568
29 50 580
29 50 582
29 50 586
29 50 587
29 50 588
29 50 624
29 50 716
29 97 584
29 85 586
29 85 590
29 85 592
29 85 712
29 85 715
29 85 730
29 85 731
66 38 956
66 38 957
66 38 962
66 38 968
66 38 974
66 38 982
66 38 986
66 38 987
66 38 994
66 38 998
66 38 999
66 38 1003
66 12 956
66 12 957
66 82 974
66 82 990
66 82 992
66 82 993
66 82 1003
66 82 1004
66 74 1003
32 6 584
32 6 590
32 6 596
32 6 598
32 6 607
32 6 639
32 6 661
32 6 677
32 6 681
32 6 687
32 6 688
32 6 690
32 6 691
32 48 585
32 89 685
32 89 813
32 89 814
32 89 820
32 89 829
32 89 830
32 89 831
32 89 832
32 89 833
32 89 834
32 89 835
32 89 836
32 89 837
32 89 838
32 89 839
32 89 840
32 89 842
32 89 843
32 89 844
32 89 849
32 89 853
32 89 866
32 89 879
32 89 882
32 89 895
102 11 527
102 11 635
102 11 765
102 11 766
102 78 930
102 78 957
11 135 747
11 20 771
11 13 821
11 13 822
11 13 823
11 140 933
11 140 934
11 140 935
11 49 938
11 49 939
11 49 940
11 84 939
11 133 941
11 133 942
11 133 943
11 45 942
11 38 955
84 44 938
84 44 941
84 44 953
84 44 959
84 44 961
84 44 965
84 44 967
84 44 968
84 44 974
84 44 975
84 44 976
84 44 977
84 44 984
84 44 985
84 44 986
84 44 988
84 44 995
84 44 996
84 44 997
84 44 1011
84 44 1012
84 44 1013
84 44 1014
84 44 1015
84 44 1016
84 44 1017
84 44 1018
84 44 1020
84 44 1027
84 44 1033
84 44 1034
84 44 1036
84 44 1037
84 44 1042
84 44 1046
84 44 1048
84 44 1050
84 44 1051
109 49 708
109 49 709
109 49 710
109 49 711
109 49 715
109 49 716
109 49 717
109 49 718
109 49 719
109 49 720
109 49 722
109 49 723
109 49 725
109 49 727
109 49 728
109 49 729
109 49 730
109 49 731
109 49 732
109 49 733
109 49 734
109 49 735
109 49 736
109 49 737
109 49 738
109 49 739
138 19 572
138 19 575
138 19 576
138 19 577
138 19 578
138 19 580
138 19 585
138 19 586
138 19 587
138 19 588
138 19 590
138 19 591
138 19 592
138 19 594
138 19 598
138 19 599
138 19 612
138 19 615
138 19 616
138 19 619
138 19 621
138 19 625
138 19 626
138 19 627
138 19 633
138 5 582
138 5 589
138 5 590
138 5 591
138 5 592
138 5 593
138 5 594
138 5 595
138 5 597
138 5 598
138 5 599
138 5 602
138 5 614
138 5 615
138 5 616
138 5 617
138 5 623
138 5 625
138 5 626
138 5 627
138 5 628
138 5 629
138 5 630
138 5 631
138 5 632
138 5 633
138 5 634
138 97 583
138 97 584
133 5 603
134 93 669
134 93 672
134 93 675
134 93 677
134 93 679
134 93 681
134 93 686
134 93 693
134 93 694
134 93 699
134 93 706
134 93 713
134 93 714
134 93 715
134 93 716
134 93 717
134 93 719
134 93 740
134 93 743
134 93 765
134 93 770
134 93 778
134 93 779
134 93 781
134 93 783
134 93 790
134 93 793
134 93 794
134 93 795
134 93 801
134 93 802
134 93 803
134 93 804
134 93 805
134 93 808
134 93 809
134 93 810
134 93 811
134 93 812
134 93 813
134 93 814
134 93 815
134 93 818
134 93 819
134 93 820
134 93 822
134 93 831
134 93 835
134 93 841
134 93 845
134 93 848
134 93 857
134 93 862
134 93 865
134 93 866
62 6 789
62 6 790
62 6 791
62 6 792
62 6 795
62 6 796
62 6 802
62 6 803
62 6 804
62 6 805
62 6 814
62 6 816
62 6 817
62 135 793
62 135 805
97 143 575
97 143 576
97 143 578
97 143 580
97 143 581
97 143 582
97 19 575
97 19 577
97 5 576
97 5 581
97 5 582
5 135 742
5 135 748
5 135 749
5 135 750
5 135 760
5 135 761
5 135 769
5 135 780
5 135 781
5 135 784
5 135 789
5 135 791
5 135 794
5 135 795
5 12 742
5 12 743
5 12 746
5 12 747
5 93 763
19 93 583
19 12 821
19 44 822
19 44 823
19 44 825
19 44 834
19 44 842
19 44 844
19 44 849
19 44 850
19 44 854
19 44 855
19 44 856
19 44 857
19 44 861
19 44 865
19 44 884
19 44 891
19 13 822
19 13 823
19 13 824
19 13 828
19 13 830
19 13 831
19 13 832
19 13 834
19 13 835
19 13 836
19 13 837
19 13 841
19 13 842
19 13 843
19 13 844
19 13 845
19 13 847
19 13 850
19 13 851
19 13 852
19 13 853
19 13 854
19 13 855
19 13 856
19 13 857
19 13 858
19 13 859
19 13 860
19 13 861
19 13 862
19 13 864
19 13 865
19 13 884
19 13 909
19 33 825
19 48 850
143 48 607
50 25 581
50 25 582
50 25 583
50 25 585
50 25 586
50 25 587
50 25 590
50 25 591
50 25 592
50 25 593
50 25 597
50 25 598
50 25 605
50 25 607
50 25 608
50 25 610
50 25 614
50 25 615
50 25 617
50 25 618
50 25 619
50 25 622
50 25 624
50 25 625
50 25 626
50 25 629
50 25 630
50 25 631
50 25 645
50 25 646
50 25 677
50 25 680
50 25 688
50 25 693
50 25 696
50 25 697
50 25 698
50 25 705
50 25 706
50 25 714
50 25 715
50 25 716
50 25 723
50 25 724
50 25 730
50 25 739
25 85 586
25 85 587
25 85 594
25 85 596
25 85 624
25 85 625
25 85 679
25 85 680
25 85 694
25 85 706
25 85 742
25 55 868
48 26 859
48 74 880
93 6 686
93 45 699
93 12 779
93 55 829
6 130 782
6 130 785
6 130 792
6 130 807
6 130 815
6 130 816
6 130 817
6 30 805
85 45 586
85 45 587
85 45 594
85 45 598
85 45 635
85 45 644
85 45 663
85 45 673
85 45 717
85 45 731
85 45 747
85 45 748
45 135 1014
89 139 673
89 139 674
89 139 676
89 139 678
89 139 680
89 139 683
89 139 684
89 139 718
89 139 720
89 139 723
89 139 730
89 139 731
89 139 735
89 139 741
89 139 742
89 139 768
89 139 771
89 139 773
89 139 774
89 139 775
89 139 780
139 55 829
116 55 790
116 55 792
116 55 794
116 55 795
116 55 798
116 55 800
116 55 801
116 55 802
116 55 803
116 55 807
116 55 808
116 55 811
116 55 818
116 55 819
116 55 821
116 55 836
116 55 837
116 55 839
116 55 854
116 55 869
116 55 871
116 30 815
116 98 815
116 33 815
116 33 816
116 78 832
49 78 994
49 13 1053
49 13 1057
49 135 1057
49 20 1057
82 74 835
82 55 866
82 55 880
82 33 974
82 33 997
82 33 998
82 33 1003
135 30 805
135 94 1051
135 94 1052
135 94 1054
135 26 1057
12 130 742
12 130 745
12 130 750
12 30 784
12 30 785
12 55 797
12 55 798
12 55 799
12 55 800
12 55 801
12 43 845
12 43 847
12 43 848
12 44 904
12 44 908
12 44 909
12 44 910
78 74 782
78 74 783
78 74 866
78 74 868
78 74 869
78 74 871
78 74 872
78 74 873
78 74 874
78 74 875
78 74 876
78 74 881
78 74 882
78 74 884
78 74 885
78 74 886
78 74 887
78 74 893
78 74 916
78 94 973
78 38 990
78 38 993
78 38 999
74 43 881
24 33 780
24 33 782
24 33 783
24 33 784
24 33 785
24 33 786
24 33 787
24 33 789
24 33 790
24 33 792
24 33 796
24 33 797
24 33 798
24 33 801
24 33 802
24 33 803
24 33 804
24 33 806
24 33 807
24 33 809
24 33 810
24 33 811
24 33 812
24 33 815
24 33 816
24 33 821
24 33 826
24 33 827
24 98 782
24 98 789
24 98 790
24 98 791
24 98 792
24 98 794
24 98 795
24 98 796
24 98 801
24 98 804
24 98 805
24 98 806
24 98 807
24 98 809
24 98 818
24 98 819
24 98 823
24 98 824
24 98 825
24 98 826
24 98 827
24 13 825
24 38 859
30 55 785
30 55 786
30 55 800
30 55 802
30 55 803
30 55 806
30 55 810
30 55 811
30 55 812
30 55 813
30 55 815
30 55 816
30 55 817
30 55 818
30 55 820
30 55 839
30 55 840
30 55 841
30 55 842
30 55 844
30 55 845
30 55 846
30 55 849
30 55 850
30 55 851
30 55 852
30 55 853
30 55 854
30 55 855
30 55 869
30 55 870
30 44 876
98 26 801
26 13 871
13 43 853
13 43 857
44 140 1058
