86 70 0
86 70 1
86 70 2
86 70 9
86 70 18
86 70 19
86 70 21
86 70 26
86 70 30
86 70 31
86 70 37
86 70 38
86 70 41
86 70 42
86 70 45
86 70 46
86 70 50
86 70 51
86 70 54
86 70 66
86 70 72
86 70 74
86 70 75
86 70 90
86 70 104
86 88 1
86 88 4
86 88 14
86 88 15
86 88 16
86 88 17
86 88 18
86 88 19
86 88 27
86 88 28
86 88 31
86 88 37
86 88 38
86 88 41
86 88 42
86 88 56
86 88 57
86 88 58
86 88 59
86 88 70
86 88 71
86 88 75
86 88 76
86 88 79
86 88 88
86 88 92
86 88 104
86 110 31
86 48 60
86 48 63
86 24 68
86 24 69
86 67 99
86 113 1017
86 113 1048
86 113 1056
86 113 1078
86 113 1082
86 113 1085
86 113 1086
86 113 1087
86 113 1090
86 113 1097
86 113 1101
86 113 1102
86 113 1103
86 113 1104
86 113 1106
86 113 1115
86 113 1117
86 113 1131
86 113 1132
86 113 1135
86 113 1136
86 113 1138
86 113 1176
86 113 1177
86 113 1180
86 113 1181
86 113 1182
86 113 1183
86 113 1184
86 113 1185
86 113 1186
86 113 1187
86 113 1188
86 113 1189
86 113 1190
86 113 1191
86 113 1192
86 113 1193
86 113 1194
86 113 1195
86 113 1196
86 113 1197
86 113 1198
86 113 1199
86 113 1200
86 113 1201
86 113 1202
86 113 1203
86 113 1204
86 113 1209
86 113 1234
86 14 1017
86 14 1022
86 14 1024
86 14 1025
86 14 1073
86 14 1074
86 14 1084
86 14 1101
86 14 1103
86 14 1104
86 14 1106
86 14 1107
86 14 1113
86 14 1115
86 14 1119
86 14 1120
86 14 1123
86 14 1124
86 14 1125
86 14 1127
86 14 1128
86 14 1131
86 14 1142
86 14 1144
86 14 1148
86 14 1149
86 14 1151
86 14 1152
86 14 1156
86 14 1163
86 14 1164
86 14 1165
86 14 1166
86 14 1192
86 14 1234
86 14 1298
86 14 1303
86 14 1320
86 14 1336
86 49 1017
86 49 1019
86 49 1020
86 49 1021
86 49 1026
86 49 1027
86 49 1047
86 49 1113
86 49 1120
86 49 1125
86 49 1135
86 49 1138
86 49 1139
86 49 1141
86 49 1142
86 49 1144
86 49 1147
86 49 1148
86 49 1149
86 49 1150
86 49 1152
86 49 1155
86 49 1156
86 49 1157
86 49 1161
86 49 1162
86 49 1164
86 49 1166
86 49 1167
86 49 1174
86 49 1183
86 49 1184
86 49 1193
86 49 1194
86 49 1196
86 49 1197
86 49 1203
86 49 1209
86 49 1210
86 49 1211
86 49 1212
86 58 1018
86 58 1026
86 58 1027
86 58 1029
86 58 1030
86 58 1033
86 58 1034
86 58 1036
86 58 1037
86 58 1038
86 58 1039
86 58 1042
86 58 1048
86 58 1063
86 58 1066
86 58 1078
86 58 1080
86 58 1081
86 58 1082
86 58 1084
86 58 1085
86 58 1086
86 58 1087
86 58 1090
86 58 1092
86 58 1095
86 58 1097
86 58 1101
86 58 1102
86 58 1104
86 58 1109
86 58 1115
86 58 1123
86 58 1126
86 58 1128
86 58 1131
86 58 1132
86 58 1136
86 58 1183
86 58 1185
86 58 1192
86 58 1234
86 58 1242
86 58 1243
86 58 1245
86 58 1252
86 58 1253
86 58 1275
86 58 1277
86 58 1287
86 58 1290
86 58 1292
86 58 1296
86 58 1303
86 58 1308
86 58 1318
86 58 1320
86 58 1321
86 58 1322
86 58 1329
86 58 1330
86 58 1331
86 58 1332
86 58 1334
86 58 1335
86 58 1336
86 62 1018
86 62 1019
86 62 1021
86 62 1022
86 62 1024
86 62 1048
86 62 1073
86 62 1074
86 62 1076
86 62 1082
86 62 1095
86 62 1109
86 62 1111
86 62 1117
86 62 1119
86 62 1120
86 62 1121
86 62 1131
86 62 1144
86 62 1162
86 62 1163
86 62 1165
86 62 1166
86 62 1167
86 62 1173
86 62 1182
86 62 1188
86 62 1189
86 62 1195
86 62 1202
86 62 1203
86 62 1210
86 62 1211
86 62 1229
86 62 1250
86 62 1251
86 62 1262
86 62 1268
86 62 1270
86 62 1277
86 62 1279
86 62 1292
86 62 1296
86 62 1297
86 62 1314
86 62 1328
86 62 1330
86 62 1331
86 62 1334
86 62 1335
86 62 1336
86 62 1337
86 126 1019
86 126 1024
86 126 1047
86 126 1055
86 126 1056
86 29 1033
86 47 1057
86 47 1059
86 47 1060
86 117 1276
70 88 1
70 88 9
70 88 12
70 88 14
70 88 15
70 88 19
70 88 25
70 88 27
70 88 31
70 88 35
70 88 41
70 88 47
70 88 48
70 88 76
70 90 2
70 90 5
70 90 18
70 90 21
70 90 23
70 90 28
70 90 37
70 90 75
70 90 88
70 90 104
70 84 8
70 84 12
70 84 14
70 84 15
70 84 25
70 84 27
70 84 32
70 84 52
70 84 53
70 84 64
70 84 65
70 84 67
70 84 78
70 84 84
70 84 93
70 84 97
70 51 23
70 100 30
70 48 74
88 48 105
88 12 1021
88 12 1023
88 12 1072
88 12 1077
88 12 1078
88 12 1079
88 12 1080
88 12 1088
88 12 1090
88 12 1093
88 12 1100
88 12 1102
88 12 1108
88 12 1109
88 12 1112
88 12 1114
88 12 1116
88 12 1117
88 12 1122
88 12 1126
88 12 1129
88 12 1130
88 12 1132
88 12 1135
88 12 1139
88 12 1140
88 12 1145
88 12 1146
88 12 1153
88 12 1154
88 12 1157
88 12 1158
88 12 1160
88 12 1167
88 12 1168
88 12 1169
88 12 1171
88 12 1240
88 12 1250
88 12 1291
88 12 1294
88 12 1295
88 12 1300
88 12 1301
88 12 1302
88 12 1310
88 12 1311
88 12 1319
88 12 1328
88 12 1337
88 61 1072
88 61 1075
88 61 1077
88 61 1093
88 61 1118
88 61 1130
88 61 1178
88 61 1179
88 61 1228
88 61 1231
88 61 1239
88 61 1240
88 61 1281
88 61 1288
88 61 1291
88 61 1294
88 61 1313
88 61 1333
88 111 1079
88 111 1083
88 111 1088
88 111 1089
88 111 1091
88 111 1093
88 111 1094
88 111 1098
88 111 1108
88 111 1129
88 111 1130
88 111 1137
88 111 1178
88 111 1179
88 111 1228
88 111 1231
88 57 1079
88 57 1083
88 57 1088
88 57 1089
88 57 1091
88 57 1093
88 57 1094
88 57 1096
88 57 1118
88 57 1228
88 57 1240
88 57 1244
88 57 1288
88 57 1289
88 57 1295
88 57 1300
88 57 1304
88 57 1306
88 57 1309
88 57 1310
88 57 1319
88 57 1333
88 49 1089
88 49 1094
88 49 1130
88 49 1145
88 49 1178
88 49 1230
88 46 1228
88 46 1229
90 23 804
90 23 829
90 23 830
90 23 852
90 74 819
84 48 61
84 48 62
84 48 67
84 48 74
84 48 104
84 24 73
84 24 74
84 122 112
84 122 129
84 122 130
84 122 143
84 122 144
84 122 146
84 122 147
84 122 148
84 122 172
84 122 173
84 122 174
84 122 175
84 122 181
84 122 183
84 122 186
84 122 190
84 122 191
84 122 196
84 122 197
84 122 201
84 122 203
84 122 204
84 122 206
84 122 207
84 122 208
84 122 210
84 122 211
84 122 212
84 122 219
84 122 221
84 122 222
84 122 224
84 122 225
84 122 226
84 122 227
84 122 231
84 122 232
84 91 169
43 97 17
43 97 18
43 97 19
43 97 20
43 97 23
43 97 25
43 97 26
43 97 30
43 97 32
43 97 33
43 97 34
43 97 38
43 97 47
43 97 74
43 97 75
43 97 82
43 97 83
43 97 94
43 97 101
43 97 103
43 97 104
43 97 109
43 97 110
43 97 122
43 97 130
43 97 136
43 97 137
43 97 139
43 97 140
43 97 155
43 97 166
43 97 167
43 97 169
43 97 172
43 97 175
43 97 177
43 97 178
43 97 181
43 97 182
43 97 548
43 97 549
43 97 550
43 97 551
43 97 556
43 97 564
43 97 566
43 97 567
43 97 589
43 97 604
43 110 21
43 110 23
43 110 30
43 110 33
43 110 34
43 110 47
43 110 56
43 110 61
43 110 113
43 110 129
43 110 130
43 110 133
43 55 24
43 55 29
43 55 36
43 55 45
43 55 70
43 55 71
43 55 72
43 55 74
43 55 75
43 55 76
43 55 84
43 55 115
43 55 131
43 55 133
43 55 163
43 100 42
43 100 44
43 100 45
43 100 71
43 100 76
43 100 77
43 100 85
43 100 88
43 100 89
43 100 95
43 100 99
43 100 100
43 100 101
43 100 125
43 45 71
43 3 72
43 3 140
43 3 170
43 3 172
43 3 173
43 3 181
43 3 182
43 58 162
43 120 162
97 112 23
97 112 25
97 112 26
97 112 27
97 112 30
97 112 31
97 112 32
97 112 33
97 112 34
97 112 38
97 112 39
97 112 40
97 112 43
97 112 44
97 112 45
97 112 46
97 112 47
97 112 66
97 112 67
97 112 110
97 112 114
97 112 116
97 112 118
97 112 123
97 112 124
97 112 125
97 112 129
97 112 131
97 112 132
97 112 141
97 112 151
97 112 158
97 112 159
97 112 169
97 112 172
97 112 175
97 112 178
97 112 180
97 112 181
97 112 182
97 4 26
97 4 27
97 4 30
97 4 37
97 4 43
97 4 65
97 4 67
97 4 68
97 4 77
97 4 106
97 4 119
97 4 167
97 4 168
97 4 170
97 4 180
97 4 181
97 4 182
97 101 34
97 101 35
97 101 36
97 101 37
97 101 67
97 101 93
97 101 142
97 101 149
97 101 150
97 101 154
97 101 155
97 56 36
97 56 37
97 56 45
97 56 46
97 56 47
97 56 54
97 56 55
97 56 56
97 56 74
97 56 75
97 56 82
97 56 110
97 56 114
97 56 115
97 56 164
97 109 49
97 24 103
97 32 603
97 32 604
4 100 19
4 100 20
4 100 21
4 100 23
4 100 29
4 100 34
4 100 35
4 100 41
4 100 42
4 100 68
4 100 70
4 100 71
4 100 72
4 100 74
4 100 105
4 100 127
4 100 130
4 55 20
4 55 24
4 55 75
4 55 82
4 55 83
4 55 88
4 42 25
4 42 37
4 42 48
4 42 70
4 42 71
4 110 26
4 110 30
4 110 33
4 110 34
4 110 36
4 110 39
4 110 40
4 110 43
4 110 44
4 110 45
4 110 46
4 110 54
4 110 55
4 110 56
4 110 57
4 110 63
4 110 64
4 110 65
4 110 66
4 110 67
4 110 85
4 110 126
4 110 130
4 110 131
4 110 156
4 45 63
4 53 581
4 53 586
4 53 595
4 124 585
4 124 586
4 124 588
4 35 586
4 50 586
100 56 28
100 56 38
100 56 43
100 56 44
100 56 45
100 56 46
100 56 70
100 56 74
100 56 76
100 56 111
100 56 112
100 56 131
100 112 33
100 112 41
100 112 50
100 112 66
100 112 69
100 112 70
100 112 110
100 112 158
100 112 159
100 76 63
100 76 105
100 98 68
100 98 69
100 98 82
100 98 83
100 98 94
100 98 100
100 98 101
100 98 104
100 98 111
100 98 133
100 98 144
100 98 148
100 98 151
100 98 152
100 46 98
100 24 104
100 24 105
100 24 106
100 73 176
100 65 182
100 65 592
100 52 182
100 69 187
100 69 190
100 8 522
100 8 523
100 8 551
100 8 576
100 8 585
100 8 591
100 8 594
100 8 595
100 8 596
55 101 20
55 101 23
55 101 24
55 101 25
55 101 27
55 101 36
55 101 39
55 101 67
55 101 84
55 101 137
55 101 159
55 112 30
55 112 36
55 112 46
55 112 63
55 112 65
55 112 66
55 112 70
55 112 71
55 112 76
55 112 77
55 112 88
55 112 110
55 112 111
55 112 112
55 112 113
55 112 119
55 112 120
55 112 122
55 112 126
55 112 132
55 112 133
55 112 159
55 112 160
55 73 165
55 72 763
55 72 769
55 72 772
55 72 780
55 72 786
55 72 787
55 72 793
55 72 801
55 72 802
55 72 885
55 72 891
55 72 892
55 72 893
55 72 894
55 72 896
55 72 898
55 72 899
55 72 900
55 72 905
55 72 907
55 72 912
55 72 913
55 72 915
55 72 916
55 72 923
55 72 928
55 72 929
55 72 932
55 72 934
55 72 935
55 72 936
55 72 938
55 72 939
55 72 941
55 72 945
55 72 950
55 72 951
55 72 952
55 72 970
55 72 972
101 42 29
101 42 34
101 42 93
101 110 34
101 110 36
101 110 48
101 110 64
101 45 63
101 31 331
101 31 343
101 31 398
101 31 399
101 85 331
101 85 338
101 85 365
101 85 369
110 24 57
110 24 111
110 7 262
110 7 263
110 7 272
110 7 274
110 7 281
110 7 282
110 7 287
110 7 292
110 7 295
110 7 296
110 7 300
110 7 307
110 7 309
110 7 312
110 7 315
110 7 332
110 7 359
110 7 361
110 7 366
110 7 368
110 7 369
110 7 371
110 7 372
110 7 375
110 7 377
110 7 381
110 7 387
110 7 389
110 106 271
110 106 273
110 106 275
110 80 321
51 65 158
51 65 159
51 65 160
51 65 163
51 65 164
51 65 166
51 65 167
51 65 168
51 65 170
51 65 174
51 65 183
51 65 185
51 65 186
51 65 187
51 65 190
51 65 192
51 65 193
51 65 194
51 65 197
51 65 198
51 65 206
51 65 207
51 65 210
51 65 212
51 65 213
51 65 214
51 65 215
51 65 219
51 65 220
51 65 221
51 65 222
51 65 223
51 65 224
51 65 226
51 65 227
51 65 229
51 65 230
51 65 232
51 65 233
51 65 234
51 65 235
51 65 236
51 65 237
51 65 238
51 65 239
51 65 240
51 65 241
51 65 242
51 65 243
51 65 246
51 65 253
51 65 254
51 65 258
51 65 260
51 65 263
51 65 264
51 65 266
51 65 267
51 65 268
51 65 269
51 65 270
51 82 184
51 116 199
51 37 211
51 93 239
51 123 262
112 48 49
112 82 56
112 45 58
112 45 62
112 3 72
112 3 74
112 3 143
112 3 144
112 3 152
112 3 155
112 3 157
112 3 158
112 3 160
112 3 172
112 3 173
112 3 176
112 3 178
112 3 181
112 3 182
112 42 74
112 42 165
112 42 169
112 42 170
112 42 180
112 42 181
112 42 182
112 95 160
112 58 162
112 79 329
112 79 352
112 79 353
112 79 354
112 79 358
112 79 359
112 79 360
112 79 361
112 79 362
112 79 371
112 79 374
112 79 375
112 79 379
112 79 381
112 79 383
112 79 384
112 79 385
112 79 389
42 26 908
42 26 912
42 26 915
42 26 916
42 26 919
42 26 921
42 26 923
42 26 924
42 26 926
42 26 928
56 58 162
56 65 192
56 37 201
56 37 211
56 37 236
56 37 237
56 37 248
56 37 249
56 37 252
56 37 253
56 37 298
56 37 299
56 37 302
56 37 308
56 37 310
56 37 333
56 37 352
56 52 216
56 52 259
56 24 324
56 0 349
109 48 34
109 48 36
109 48 39
109 48 40
109 48 41
109 48 43
109 48 44
109 48 47
109 48 48
109 48 49
109 48 60
109 48 63
109 48 64
109 48 73
109 48 94
109 48 96
109 48 97
109 48 99
109 48 101
109 48 102
109 48 103
109 48 104
109 48 105
109 48 106
109 48 107
109 48 108
109 118 960
48 98 49
48 24 71
48 46 75
48 46 87
48 46 90
48 82 87
48 122 92
48 122 94
48 122 95
48 125 93
125 82 41
125 82 54
125 82 56
125 82 57
125 82 58
125 82 59
125 82 60
125 82 61
125 82 63
125 82 64
125 82 67
125 82 86
125 82 97
125 82 118
125 82 122
125 82 126
125 82 131
125 82 132
82 24 52
82 24 278
82 24 298
82 24 299
82 24 305
82 24 306
82 24 307
82 24 348
82 24 349
82 24 351
82 24 352
82 24 353
82 45 61
82 45 62
82 45 82
82 45 86
82 45 101
82 45 102
82 45 104
82 45 106
82 45 107
82 45 109
82 45 111
82 45 112
82 45 113
82 45 114
82 45 116
82 45 117
82 45 119
82 45 120
82 45 124
82 45 128
82 45 134
82 45 135
82 45 167
82 45 193
82 45 197
82 45 205
82 45 224
82 45 225
82 45 230
82 45 231
82 45 232
82 45 233
82 45 248
82 45 249
82 45 251
82 45 252
82 45 257
82 45 258
82 45 260
82 45 271
82 45 279
82 45 291
82 0 101
82 0 102
82 0 103
82 0 105
82 0 119
82 0 150
82 0 192
82 0 193
82 0 194
82 0 196
82 0 213
82 0 215
82 0 222
82 0 228
82 0 229
82 0 230
82 0 233
82 0 234
82 0 235
82 0 248
82 0 249
82 0 251
82 0 252
82 0 253
82 0 277
82 0 281
82 0 294
82 0 299
82 0 347
82 0 349
82 46 142
82 89 172
82 89 173
82 89 174
82 89 175
82 89 176
82 89 178
82 95 265
82 17 265
82 7 320
82 7 322
82 7 332
82 27 342
98 71 630
98 71 631
98 71 632
98 71 638
98 71 640
98 71 641
98 71 666
98 71 673
98 71 674
98 71 681
98 71 686
98 71 687
98 71 688
98 71 693
98 71 706
98 71 714
98 71 726
98 71 735
98 35 691
98 118 733
24 45 51
24 45 52
24 45 53
24 45 55
24 45 77
24 45 100
24 45 120
24 45 121
24 45 136
24 45 190
24 45 192
24 45 194
24 45 195
24 45 196
24 45 203
24 45 234
24 45 235
24 45 252
24 45 281
24 45 288
24 45 303
24 45 313
24 45 320
24 45 323
24 45 326
24 45 327
24 45 328
24 45 333
24 45 336
24 45 337
24 45 338
24 45 339
24 45 340
24 45 341
24 45 342
24 45 343
24 45 347
24 80 53
24 80 134
24 80 135
24 80 150
24 80 151
24 80 193
24 80 194
24 80 205
24 80 245
24 80 304
24 80 308
24 80 347
24 80 350
24 76 88
24 76 103
24 76 204
24 76 278
24 76 279
24 76 280
24 76 281
24 76 343
24 76 350
24 115 88
24 115 92
24 116 91
24 0 91
24 0 92
24 0 122
24 0 126
24 0 130
24 0 132
24 0 133
24 0 135
24 0 136
24 0 152
24 0 153
24 0 154
24 0 155
24 0 157
24 0 158
24 0 159
24 0 160
24 0 161
24 0 162
24 0 163
24 0 164
24 0 172
24 0 173
24 0 174
24 0 188
24 0 190
24 0 192
24 0 193
24 0 194
24 0 195
24 0 199
24 0 204
24 0 205
24 0 214
24 0 215
24 0 216
24 0 217
24 0 218
24 0 219
24 0 220
24 0 223
24 0 224
24 0 226
24 0 228
24 0 229
24 0 230
24 0 231
24 0 233
24 0 234
24 0 237
24 0 238
24 0 239
24 0 246
24 0 248
24 0 249
24 0 252
24 0 253
24 0 256
24 0 258
24 0 259
24 0 261
24 0 265
24 0 266
24 0 267
24 0 268
24 0 269
24 0 270
24 0 271
24 0 273
24 0 274
24 0 275
24 0 277
24 0 296
24 0 298
24 0 299
24 0 322
24 0 327
24 0 329
24 0 333
24 0 334
24 0 335
24 0 336
24 0 337
24 0 343
24 0 344
24 17 136
24 89 281
24 7 300
24 37 325
24 57 326
45 76 58
45 76 62
45 76 69
45 76 72
45 76 76
45 76 81
45 76 124
45 76 158
45 76 168
45 76 171
45 76 203
45 76 227
45 76 228
45 76 232
45 76 234
45 76 235
45 76 256
45 76 341
45 116 69
45 116 71
45 116 80
45 116 99
45 116 115
45 116 168
45 116 190
45 116 194
45 116 201
45 116 202
45 116 203
45 116 204
45 116 207
45 116 211
45 116 212
45 116 213
45 116 214
45 116 216
45 116 217
45 116 218
45 116 222
45 116 237
45 116 260
45 116 269
45 116 270
45 116 271
45 116 349
45 116 350
45 68 128
45 0 327
45 0 330
45 115 344
45 40 345
45 62 475
45 62 490
45 62 491
45 62 496
45 62 497
45 62 498
45 62 501
45 62 505
45 62 506
45 15 573
45 32 591
45 119 594
45 11 594
76 80 53
76 80 65
76 80 66
76 80 67
76 80 80
76 80 82
76 80 83
76 80 84
76 80 183
76 80 185
76 80 204
76 80 216
76 80 217
76 80 218
76 80 225
76 80 253
76 80 263
76 80 268
76 80 275
76 80 276
76 115 68
76 115 88
76 115 95
76 115 204
76 115 213
76 115 214
76 115 216
76 115 217
76 115 256
76 115 262
76 115 263
76 115 271
76 115 276
76 115 277
76 115 332
76 0 86
76 0 268
80 116 67
80 116 70
80 116 99
80 116 110
80 116 203
80 116 204
80 116 220
80 116 225
80 116 253
80 116 271
80 116 274
80 116 287
80 116 312
80 116 313
80 116 314
80 116 317
80 116 319
80 116 323
80 116 325
80 116 326
80 46 110
80 46 118
80 75 433
116 0 92
116 0 96
116 0 100
116 0 101
116 0 102
116 0 104
116 0 106
116 0 109
116 0 118
116 0 119
116 0 134
116 0 149
116 0 150
116 0 151
116 0 180
116 0 190
116 0 194
116 0 197
116 0 341
116 0 342
116 0 348
116 0 349
116 17 135
116 89 234
116 89 235
116 89 239
116 89 240
116 35 658
115 78 335
115 78 336
115 78 339
115 78 340
115 78 347
115 78 349
115 0 342
3 119 487
3 119 488
3 119 490
3 77 487
3 77 489
3 77 504
3 77 507
3 11 490
3 11 507
3 11 508
3 21 495
3 21 504
3 21 506
3 10 503
3 10 504
3 35 542
64 67 72
64 67 77
64 67 79
64 67 80
64 67 83
64 67 88
64 67 103
64 67 105
64 67 149
64 67 150
64 52 271
64 52 272
64 52 273
64 52 274
64 52 275
64 52 276
64 52 278
64 52 279
64 52 286
64 52 287
64 52 288
64 69 273
64 69 276
64 69 286
64 69 288
67 46 136
67 16 637
67 16 644
67 16 645
67 16 647
67 16 648
67 16 661
67 16 665
67 16 678
67 16 679
67 16 680
67 16 691
67 16 694
67 16 696
67 16 699
67 16 700
67 16 704
67 16 705
67 16 718
67 16 734
67 16 741
67 16 745
67 16 751
67 16 763
67 16 764
67 16 772
67 16 779
67 16 791
67 16 823
67 16 829
67 16 836
67 16 838
67 16 854
67 16 856
67 16 890
67 16 896
67 16 932
67 16 951
67 16 956
67 16 960
67 33 641
67 33 642
67 33 646
67 33 647
67 33 652
67 33 655
67 33 684
67 33 687
67 33 688
67 33 692
67 33 693
67 33 705
67 33 718
67 33 719
67 33 720
67 33 723
67 33 724
67 33 725
67 33 734
67 33 737
67 33 738
67 33 739
67 33 740
67 33 741
67 33 742
67 33 743
67 33 745
67 33 749
67 33 750
67 33 752
67 33 753
67 33 754
67 33 755
67 33 756
67 33 762
67 33 764
67 33 785
67 33 792
67 33 793
67 33 819
67 33 820
67 33 824
67 33 829
67 33 834
67 33 835
67 33 837
67 33 843
67 33 856
67 33 881
67 33 897
67 33 919
67 33 920
67 33 931
67 33 932
67 33 951
67 33 953
67 33 963
67 33 965
67 71 723
67 71 724
46 0 96
46 0 101
46 0 102
46 0 103
46 0 104
46 0 116
46 0 118
46 0 135
46 0 178
46 0 179
46 0 182
46 0 183
46 0 184
46 0 185
46 0 186
46 0 189
46 0 190
46 0 194
46 0 203
46 0 205
46 0 232
46 0 233
46 0 236
46 0 243
46 0 244
46 0 247
46 0 248
46 0 249
46 0 251
46 0 252
46 0 256
46 0 259
46 0 260
46 0 261
46 0 262
46 0 263
46 0 264
46 0 275
46 0 285
46 0 293
46 0 309
46 0 323
46 0 331
46 0 332
46 0 333
46 0 334
46 0 335
46 0 336
46 0 337
46 0 344
46 0 346
46 0 349
46 89 167
46 89 269
46 89 270
46 113 1015
46 113 1020
46 113 1021
46 113 1023
46 113 1027
46 113 1037
46 113 1040
46 113 1042
46 113 1044
46 113 1070
46 113 1229
46 113 1236
46 113 1238
46 113 1239
46 126 1040
46 126 1042
46 49 1058
46 49 1228
46 62 1105
46 62 1228
46 62 1229
46 58 1228
0 68 97
0 96 115
0 93 115
0 95 136
0 123 198
0 52 198
0 58 198
0 14 294
0 78 347
68 63 87
68 63 93
68 63 109
68 63 131
68 30 123
68 52 157
68 52 158
68 52 159
68 52 160
68 52 161
68 52 162
68 52 163
68 52 164
68 52 165
68 52 166
68 52 167
68 52 168
68 52 169
68 52 172
68 52 174
68 52 176
68 52 183
68 52 184
68 52 188
68 52 190
68 52 193
68 52 194
68 52 195
68 52 198
68 52 200
68 52 201
68 52 202
68 52 204
68 52 207
68 52 208
68 52 209
68 52 210
68 52 212
68 52 213
68 52 214
68 52 215
68 52 218
68 52 219
68 52 220
68 52 223
68 52 227
68 52 230
68 52 233
68 52 234
68 52 235
68 52 236
68 52 237
68 52 238
68 52 239
68 52 241
68 52 242
68 52 244
68 52 245
68 52 246
68 52 247
68 52 253
68 52 258
68 52 262
68 52 263
68 52 265
68 52 267
68 52 269
68 52 270
68 52 271
68 52 272
68 52 273
68 52 274
68 52 275
68 52 276
68 52 277
68 52 278
68 52 286
68 52 287
68 52 288
68 65 158
68 65 160
68 65 163
68 65 165
68 65 174
68 65 182
68 65 184
68 65 185
68 65 191
68 65 192
68 65 198
68 65 204
68 65 210
68 65 212
68 65 214
68 65 217
68 65 219
68 65 223
68 65 235
68 65 236
68 65 238
68 65 241
68 65 243
68 65 245
68 65 253
68 65 262
68 65 265
68 65 268
68 65 269
68 65 270
68 65 272
68 65 274
68 65 280
63 44 482
63 44 540
63 44 542
63 44 551
63 44 581
63 44 582
63 44 583
63 44 585
63 44 595
63 44 596
63 44 603
63 44 604
63 44 605
63 44 606
63 44 607
63 44 608
63 44 609
63 44 610
63 44 611
63 44 616
63 44 624
63 44 625
63 44 626
63 44 628
63 44 629
63 44 630
63 44 631
63 44 632
63 44 633
63 44 634
63 44 635
63 44 638
122 30 139
122 2 485
122 2 486
122 2 489
122 77 504
122 77 573
122 77 576
122 77 577
122 77 578
122 77 579
122 77 580
122 77 581
122 77 584
122 77 585
122 77 588
122 77 607
122 11 506
122 11 514
122 11 516
122 11 545
122 11 573
122 11 580
122 11 581
122 11 582
122 11 588
122 11 591
122 11 602
122 10 518
122 10 520
122 10 524
122 10 527
122 10 528
122 10 529
122 10 530
122 10 531
122 10 532
122 10 562
122 10 573
122 10 580
122 10 581
122 10 582
122 10 583
122 10 585
122 10 588
122 10 594
122 10 595
122 10 602
122 44 592
93 95 105
93 95 195
93 95 198
93 95 199
93 95 200
93 95 201
93 95 202
93 95 203
93 95 206
93 95 210
93 95 211
93 95 212
93 95 215
93 95 219
93 95 221
93 95 229
93 95 269
93 17 105
93 17 109
93 17 111
93 17 114
93 17 120
93 17 122
93 17 128
93 17 148
93 17 152
93 17 162
93 17 165
93 17 185
93 17 188
93 17 196
93 17 203
93 17 205
93 17 206
93 17 207
93 17 210
93 17 216
93 17 217
93 17 218
93 17 219
93 17 220
93 17 221
93 17 246
93 17 248
93 17 250
93 17 251
93 17 252
93 17 255
93 17 267
93 17 269
93 96 113
93 96 115
93 96 127
93 96 128
93 96 129
93 96 130
93 96 131
93 18 113
93 18 114
93 18 115
93 18 119
93 18 121
93 18 122
93 18 123
93 18 124
93 18 125
93 18 126
93 18 128
93 18 129
93 18 130
93 30 269
93 30 270
95 94 134
95 94 141
95 94 142
95 94 147
95 94 150
95 94 151
95 94 152
95 94 153
95 94 154
95 94 161
95 94 162
95 94 195
95 94 198
95 94 199
95 94 201
95 94 202
95 94 203
95 94 204
95 94 205
95 94 210
95 94 211
95 94 215
95 94 220
95 94 221
95 94 223
95 94 225
95 94 234
95 94 235
95 94 242
95 94 243
95 94 264
95 94 269
95 94 270
95 52 185
95 52 188
95 52 190
95 52 193
95 52 239
95 52 240
95 52 241
95 52 268
95 69 188
95 69 189
95 69 241
95 65 191
95 65 261
95 123 232
95 87 259
95 30 269
95 30 270
95 71 663
95 71 664
95 71 665
95 71 672
95 71 678
95 71 683
95 71 685
95 71 694
95 71 705
95 71 707
95 71 713
95 71 725
95 71 749
17 96 105
17 96 108
17 96 109
17 96 110
17 96 111
17 96 112
17 96 113
17 96 114
17 96 115
17 96 116
17 96 117
17 96 118
17 96 119
17 96 120
17 96 121
17 96 122
17 96 123
17 96 124
17 96 125
17 96 126
17 96 129
17 96 130
17 96 133
17 96 135
17 96 142
17 96 143
17 96 144
17 96 147
17 96 148
17 96 150
17 96 151
17 96 152
17 96 153
17 96 154
17 96 168
17 96 172
17 96 177
17 96 192
17 96 193
17 96 195
17 96 199
17 96 202
17 96 203
17 96 205
17 96 206
17 96 207
17 96 208
17 96 210
17 96 211
17 96 216
17 96 217
17 96 220
17 96 221
17 96 234
17 96 240
17 96 263
17 96 264
17 96 267
17 96 269
17 96 270
17 94 111
17 94 134
17 94 135
17 94 137
17 94 142
17 94 144
17 94 145
17 94 147
17 94 148
17 94 149
17 94 150
17 94 151
17 94 152
17 94 153
17 94 154
17 94 160
17 94 167
17 94 175
17 94 179
17 94 181
17 94 185
17 94 195
17 94 201
17 94 202
17 94 203
17 94 204
17 94 205
17 94 206
17 94 216
17 94 221
17 94 234
17 94 236
17 94 237
17 94 239
17 94 240
17 94 242
17 94 246
17 94 247
17 94 248
17 94 250
17 94 251
17 94 260
17 94 267
17 94 268
17 94 269
17 94 270
17 52 268
17 66 638
17 66 639
17 33 646
17 33 647
17 33 656
17 33 657
17 33 672
17 33 673
17 33 675
17 33 676
17 33 677
17 33 678
17 33 679
17 33 681
17 33 684
17 33 685
17 33 686
17 33 696
17 33 697
17 33 700
17 33 701
17 33 703
17 33 704
17 33 705
17 33 708
17 33 709
17 33 711
17 33 730
17 33 741
17 33 760
17 33 765
17 33 770
17 33 772
17 33 786
17 33 789
17 33 790
17 33 820
17 33 828
17 33 829
17 33 830
17 33 831
17 33 857
17 33 915
17 33 919
17 33 920
17 33 924
17 33 925
17 33 928
17 33 929
17 33 951
17 33 952
17 33 955
17 33 965
17 33 966
17 34 960
96 91 113
96 91 115
96 91 120
96 91 122
96 91 126
96 91 128
96 91 131
96 91 135
96 91 142
96 58 231
96 73 259
96 44 583
96 44 587
96 44 591
96 44 595
96 35 598
94 91 110
94 91 113
94 91 118
94 91 123
94 91 125
94 91 129
94 91 131
94 91 133
94 91 136
94 91 137
94 91 138
94 91 142
94 91 143
94 91 145
94 91 147
94 91 150
94 91 155
94 91 159
94 71 631
94 71 634
94 71 670
94 71 675
94 71 681
94 71 686
94 71 687
94 71 723
94 71 726
94 99 631
94 99 655
94 99 656
94 99 664
94 99 667
94 99 668
94 99 669
94 99 670
94 99 671
94 99 672
94 99 673
94 99 674
94 99 675
94 99 678
94 99 681
94 99 684
94 99 688
94 99 689
94 99 703
94 99 705
94 99 712
94 99 713
94 99 736
94 99 748
94 99 749
94 99 750
94 119 631
94 119 656
94 119 697
94 119 749
94 119 750
91 18 121
91 18 125
91 18 126
91 18 127
91 18 132
91 18 136
91 18 137
91 18 139
91 18 154
91 18 155
91 18 160
91 18 256
91 73 255
91 75 432
18 60 510
18 60 531
18 60 612
18 60 628
18 60 635
18 60 659
18 60 666
18 60 708
18 60 710
18 118 704
59 120 128
59 120 129
59 120 132
59 120 133
59 19 515
59 19 525
59 19 593
120 33 654
120 33 655
123 58 134
123 58 135
123 58 152
123 58 160
123 58 162
123 58 163
123 58 164
123 58 165
123 58 168
123 58 174
123 58 184
123 58 186
123 58 187
123 58 188
123 58 189
123 58 191
123 58 192
123 58 193
123 58 194
123 58 197
123 58 198
123 58 199
123 58 200
123 58 201
123 58 203
123 58 204
123 58 208
123 58 209
123 58 211
123 58 213
123 58 214
123 58 215
123 58 216
123 58 217
123 58 218
123 58 220
123 58 221
123 58 222
123 58 223
123 58 224
123 58 225
123 58 228
123 58 229
123 58 231
123 58 233
123 58 236
123 58 271
123 58 272
123 58 273
123 85 201
123 47 1018
123 47 1041
123 47 1043
123 47 1062
123 14 1063
58 87 201
58 87 202
58 49 1020
58 49 1026
58 49 1027
58 49 1085
58 49 1089
58 49 1096
58 49 1101
58 49 1108
58 49 1109
58 49 1110
58 49 1111
58 49 1112
58 49 1122
58 49 1125
58 49 1126
58 49 1127
58 49 1128
58 49 1129
58 49 1130
58 49 1131
58 49 1132
58 49 1134
58 49 1135
58 49 1177
58 49 1185
58 49 1193
58 49 1194
58 49 1209
58 49 1220
58 49 1221
58 49 1227
58 49 1236
58 61 1020
58 61 1076
58 61 1077
58 61 1078
58 61 1079
58 61 1080
58 61 1081
58 61 1082
58 61 1083
58 61 1084
58 61 1085
58 61 1086
58 61 1087
58 61 1088
58 61 1089
58 61 1090
58 61 1092
58 61 1093
58 61 1094
58 61 1095
58 61 1096
58 61 1097
58 61 1098
58 61 1100
58 61 1104
58 61 1107
58 61 1109
58 61 1111
58 61 1112
58 61 1113
58 61 1114
58 61 1115
58 61 1116
58 61 1117
58 61 1118
58 61 1119
58 61 1120
58 61 1121
58 61 1130
58 61 1131
58 61 1134
58 61 1135
58 61 1144
58 61 1161
58 61 1165
58 61 1180
58 61 1182
58 61 1184
58 61 1185
58 61 1187
58 61 1188
58 61 1189
58 61 1195
58 61 1212
58 61 1214
58 61 1221
58 61 1222
58 61 1223
58 61 1224
58 61 1225
58 61 1226
58 61 1227
58 61 1235
58 61 1239
58 61 1241
58 61 1244
58 61 1255
58 61 1256
58 61 1257
58 61 1258
58 61 1259
58 61 1260
58 61 1261
58 61 1262
58 61 1263
58 61 1264
58 61 1265
58 61 1268
58 61 1270
58 61 1272
58 61 1277
58 61 1278
58 61 1286
58 61 1287
58 61 1289
58 61 1292
58 61 1296
58 61 1300
58 61 1305
58 61 1306
58 61 1329
58 61 1334
58 61 1335
58 61 1336
58 12 1020
58 12 1080
58 12 1096
58 12 1097
58 12 1108
58 12 1109
58 12 1113
58 12 1114
58 12 1117
58 12 1118
58 12 1122
58 12 1127
58 12 1131
58 12 1134
58 12 1135
58 12 1136
58 12 1139
58 12 1193
58 12 1227
58 12 1235
58 12 1236
58 12 1249
58 12 1261
58 12 1262
58 12 1263
58 12 1264
58 12 1300
58 12 1305
58 12 1320
58 12 1336
52 124 581
52 124 586
52 124 587
52 50 582
52 50 583
52 50 587
52 50 595
52 50 601
52 50 602
52 50 609
52 50 610
52 50 622
52 50 623
52 50 624
52 50 625
52 50 632
52 50 635
52 50 645
52 50 648
52 50 649
52 50 651
52 50 653
52 50 654
52 50 666
52 50 667
52 50 668
52 50 672
52 50 682
52 50 688
52 50 689
52 50 695
52 50 702
52 5 603
52 5 610
52 5 612
52 5 625
52 5 635
52 5 636
52 5 645
52 5 647
52 5 650
52 5 651
52 5 653
52 5 655
52 5 657
52 5 668
65 16 573
65 16 577
65 16 620
73 87 171
73 87 172
73 87 175
73 87 176
73 87 177
73 87 178
73 87 180
73 87 184
73 87 190
73 87 199
73 87 202
73 87 209
73 87 214
73 87 220
73 87 223
73 87 236
73 87 254
73 87 257
73 87 258
73 87 260
89 13 1389
87 15 1357
87 15 1360
87 15 1362
69 117 1198
69 117 1201
69 117 1202
69 117 1203
69 117 1204
69 117 1205
69 117 1209
69 117 1214
69 117 1215
69 117 1216
69 117 1239
69 117 1241
69 117 1242
69 117 1243
69 117 1244
69 117 1245
69 117 1246
69 117 1252
69 117 1253
69 117 1254
69 117 1255
69 117 1256
69 117 1266
69 117 1267
69 117 1270
69 117 1271
69 117 1273
69 117 1275
69 117 1276
69 117 1277
69 117 1282
69 117 1283
69 117 1288
69 117 1289
69 117 1297
69 117 1301
69 117 1302
69 117 1309
69 117 1310
69 117 1311
69 117 1313
69 117 1314
69 117 1315
69 117 1318
69 117 1319
69 117 1320
69 117 1321
69 117 1322
69 117 1323
69 117 1324
69 117 1325
69 117 1326
69 117 1327
69 117 1328
69 117 1329
69 117 1330
69 117 1331
69 117 1332
69 117 1333
69 117 1334
69 117 1335
69 117 1336
69 117 1337
69 117 1338
69 117 1339
69 117 1340
69 117 1341
69 117 1342
69 117 1343
69 117 1344
69 117 1345
69 117 1346
69 117 1347
69 117 1348
69 117 1349
69 117 1350
69 117 1351
69 117 1352
69 117 1356
69 117 1357
69 117 1358
69 117 1359
69 117 1360
69 117 1361
69 117 1362
69 117 1364
69 117 1365
69 117 1366
69 117 1367
69 117 1376
69 117 1377
69 117 1378
69 117 1379
69 117 1384
69 117 1385
69 117 1386
69 117 1387
69 117 1389
69 117 1390
69 117 1394
69 117 1395
69 117 1396
69 117 1397
69 117 1398
69 117 1399
69 117 1400
69 117 1420
69 117 1421
69 117 1422
69 117 1423
69 117 1424
69 117 1425
37 77 732
37 77 733
37 77 810
37 7 732
37 7 733
37 7 748
37 7 815
37 7 817
37 7 818
37 7 819
37 7 820
37 7 821
37 7 825
37 7 826
37 7 827
37 7 828
37 7 829
37 7 831
37 7 832
85 78 334
85 31 365
85 31 368
85 31 369
85 31 404
85 31 415
107 108 260
107 108 264
107 108 282
107 108 286
107 108 294
107 108 312
107 108 318
107 108 319
107 108 360
107 108 361
107 108 366
107 108 372
107 108 375
107 108 378
107 108 382
107 108 386
107 108 387
107 108 392
107 7 261
107 7 264
107 7 265
107 7 282
107 7 295
107 7 316
107 7 318
107 7 361
107 7 363
107 7 370
107 7 375
107 7 387
107 35 447
107 13 514
108 75 429
108 75 430
108 75 432
108 75 434
108 75 435
108 75 436
108 75 439
108 75 440
108 75 441
108 75 442
108 75 444
108 75 447
108 75 451
108 75 453
108 75 454
108 75 457
108 75 458
108 75 459
108 75 462
108 75 468
108 75 469
108 75 470
108 75 471
108 75 474
108 75 477
108 75 480
108 75 483
108 75 486
108 75 488
108 75 489
108 75 490
108 75 492
108 75 495
108 75 498
108 75 508
108 75 511
108 75 512
108 75 516
108 75 517
108 75 518
108 75 519
108 75 520
108 75 521
108 75 523
108 75 525
108 75 526
108 75 527
108 75 528
7 40 732
7 40 733
7 40 737
7 40 747
7 40 748
7 40 759
7 40 763
7 40 767
7 40 773
7 40 802
7 40 820
7 40 821
7 40 822
7 40 823
7 40 824
7 40 825
7 40 840
7 40 841
7 40 842
7 40 843
7 40 844
7 81 732
7 81 733
7 81 767
7 81 771
7 81 772
7 81 815
7 25 843
106 8 276
106 8 280
106 8 281
106 79 321
106 79 323
106 79 329
106 79 332
106 79 333
106 79 334
106 79 335
106 79 336
106 79 337
106 79 339
106 79 340
106 79 341
106 79 344
106 79 350
106 79 354
106 79 358
106 79 359
106 79 365
106 79 367
106 79 386
106 79 407
106 79 424
106 79 431
106 79 432
106 38 384
106 38 386
106 38 406
106 38 411
106 38 421
106 38 427
106 38 431
8 34 552
14 61 1017
14 61 1022
14 61 1024
14 61 1025
14 61 1026
14 61 1030
14 61 1031
14 61 1036
14 61 1037
14 61 1038
14 61 1041
14 61 1043
14 61 1048
14 61 1049
14 61 1056
14 61 1057
14 61 1064
14 61 1066
14 61 1067
14 61 1069
14 61 1073
14 61 1076
14 61 1082
14 61 1084
14 61 1085
14 61 1086
14 61 1087
14 61 1095
14 61 1097
14 61 1104
14 61 1105
14 61 1107
14 61 1113
14 61 1131
14 61 1144
14 61 1164
14 61 1180
14 61 1235
14 61 1237
14 61 1263
14 61 1266
14 61 1290
14 61 1329
14 61 1331
14 61 1336
14 49 1026
14 49 1030
14 49 1036
14 49 1037
14 49 1038
14 49 1043
14 49 1049
14 49 1051
14 49 1053
14 49 1056
14 49 1057
14 49 1061
14 49 1062
14 49 1063
14 49 1067
14 49 1082
14 49 1084
14 49 1085
14 49 1086
14 49 1087
14 49 1095
14 49 1097
14 49 1101
14 49 1103
14 49 1104
14 49 1106
14 49 1107
14 49 1115
14 49 1116
14 49 1119
14 49 1120
14 49 1123
14 49 1124
14 49 1125
14 49 1128
14 49 1129
14 49 1131
14 49 1137
14 49 1141
14 49 1144
14 49 1152
14 49 1155
14 49 1156
14 49 1161
14 49 1162
14 49 1164
14 49 1166
14 49 1172
14 49 1174
14 49 1180
14 49 1181
14 49 1194
14 49 1213
14 49 1220
14 49 1224
14 49 1237
14 111 1076
14 111 1082
14 111 1084
14 111 1087
14 111 1101
14 111 1104
14 111 1107
14 111 1111
14 111 1120
14 111 1162
14 111 1166
14 111 1180
14 111 1181
14 111 1182
14 111 1234
14 57 1111
14 57 1120
14 57 1234
14 57 1237
14 57 1298
79 39 333
79 39 334
79 39 386
79 39 416
79 39 420
79 39 427
57 126 1052
57 113 1079
57 113 1086
57 113 1119
57 113 1185
57 113 1234
57 113 1237
6 60 326
6 60 327
6 60 328
6 60 345
6 60 348
6 60 350
6 60 376
6 27 352
6 27 353
6 27 374
6 39 353
6 39 374
6 39 376
6 77 732
6 77 733
6 77 736
6 77 840
6 77 841
6 77 842
6 77 843
6 83 810
60 27 336
60 27 342
60 27 345
60 27 348
60 27 349
60 27 350
60 27 357
60 27 365
60 27 366
60 40 338
60 40 348
60 40 350
60 40 355
60 40 365
60 40 376
60 40 379
60 35 677
60 92 709
40 27 327
40 27 331
40 27 352
40 27 353
40 27 382
40 27 383
40 5 331
40 5 332
40 5 337
40 5 340
40 5 348
40 5 350
40 5 351
40 5 352
40 5 354
40 5 375
40 5 382
40 5 383
40 78 334
40 77 732
40 77 733
40 77 814
40 77 837
40 77 841
40 77 842
40 77 843
40 77 844
40 38 732
40 38 733
40 38 734
40 38 747
40 38 767
40 38 768
40 38 800
40 38 805
40 83 733
40 83 763
40 83 767
40 83 836
27 5 336
27 5 343
27 5 345
27 5 348
27 5 382
27 5 383
27 39 348
27 61 358
27 61 382
61 5 330
61 5 336
61 5 343
61 5 346
61 5 349
61 5 352
61 5 382
61 39 330
61 39 349
61 39 382
61 47 1017
61 47 1064
61 47 1069
61 47 1070
61 47 1084
61 47 1096
61 47 1100
61 47 1111
61 47 1166
61 47 1185
61 47 1233
61 47 1234
61 47 1236
61 113 1017
61 113 1046
61 113 1047
61 113 1069
61 113 1086
61 113 1104
61 113 1107
61 113 1112
61 113 1114
61 113 1115
61 113 1122
61 113 1123
61 113 1124
61 113 1125
61 113 1126
61 113 1127
61 113 1130
61 113 1134
61 113 1176
61 113 1177
61 113 1178
61 113 1179
61 113 1180
61 113 1181
61 113 1182
61 113 1189
61 113 1190
61 113 1191
61 113 1195
61 113 1202
61 113 1203
61 113 1231
61 113 1237
61 49 1017
61 49 1018
61 49 1019
61 49 1021
61 49 1026
61 49 1038
61 49 1043
61 49 1044
61 49 1045
61 49 1049
61 49 1056
61 49 1065
61 49 1066
61 49 1069
61 49 1071
61 49 1072
61 49 1077
61 49 1082
61 49 1083
61 49 1084
61 49 1087
61 49 1088
61 49 1091
61 49 1092
61 49 1095
61 49 1104
61 49 1105
61 49 1107
61 49 1112
61 49 1113
61 49 1120
61 49 1130
61 49 1131
61 49 1135
61 49 1140
61 49 1141
61 49 1144
61 49 1145
61 49 1146
61 49 1147
61 49 1152
61 49 1153
61 49 1154
61 49 1162
61 49 1165
61 49 1166
61 49 1168
61 49 1169
61 49 1172
61 49 1179
61 49 1180
61 49 1181
61 49 1184
61 49 1185
61 49 1191
61 49 1193
61 49 1196
61 49 1197
61 49 1198
61 49 1201
61 49 1202
61 49 1203
61 49 1207
61 49 1209
61 49 1210
61 49 1211
61 49 1220
61 49 1222
61 49 1224
61 49 1225
61 49 1226
61 49 1227
61 49 1228
61 49 1232
61 126 1021
61 126 1024
61 126 1028
61 126 1032
61 126 1034
61 126 1035
61 126 1036
61 126 1044
61 126 1045
61 126 1046
61 126 1048
61 126 1050
61 126 1051
5 121 590
5 121 602
5 121 611
5 121 612
5 121 635
5 121 638
5 121 641
5 121 644
5 121 661
5 121 678
5 121 679
5 121 680
5 121 681
5 121 682
5 121 683
5 121 684
5 121 688
5 121 689
5 121 701
5 50 592
5 50 603
5 50 612
5 50 625
5 50 635
5 50 636
5 50 637
5 50 638
5 50 641
5 50 645
5 50 646
5 50 648
5 50 649
5 50 650
5 50 651
5 50 653
5 50 654
5 50 668
5 50 678
5 50 679
5 50 686
5 50 687
5 50 688
5 15 607
5 35 638
31 83 331
31 83 332
31 83 412
31 102 341
31 102 360
31 102 367
31 102 368
83 102 332
83 81 335
83 92 739
102 10 1093
102 10 1103
102 10 1104
102 10 1128
102 10 1133
102 10 1136
78 81 384
78 2 488
78 2 503
78 2 508
78 119 492
78 119 505
78 119 506
78 119 516
78 119 575
78 10 493
78 10 499
78 10 505
78 10 516
78 10 575
78 10 580
78 10 581
78 10 582
78 10 583
78 10 584
78 10 585
78 10 587
78 10 588
78 10 590
78 10 608
78 11 493
78 11 503
78 11 505
78 11 506
78 11 508
78 11 510
78 11 511
78 11 512
78 11 516
78 11 580
78 11 585
78 11 586
78 11 594
81 105 351
81 105 352
81 105 368
81 38 355
81 38 356
81 38 359
81 38 406
81 38 413
81 38 418
81 38 424
81 38 426
81 38 431
81 38 732
81 38 733
81 38 734
81 38 777
81 38 814
81 38 817
81 38 818
81 38 821
81 38 822
81 38 823
81 38 825
81 38 827
81 38 831
81 38 837
81 38 839
81 77 732
81 77 733
81 77 764
81 41 732
81 41 734
81 41 747
81 41 765
81 41 807
81 41 837
105 1 1452
105 1 1453
105 1 1454
105 1 1455
75 35 448
75 35 462
75 35 495
35 11 546
35 11 599
35 32 589
35 77 599
35 50 609
35 15 618
35 53 632
35 53 744
35 53 752
35 53 753
35 124 632
35 124 638
35 99 652
35 99 653
35 33 657
35 74 657
35 74 697
35 74 698
35 74 764
35 74 765
35 19 673
35 19 752
35 19 753
35 19 757
35 19 759
35 19 763
35 19 764
35 19 765
35 19 766
35 19 767
35 19 768
35 19 772
35 19 779
35 19 780
35 19 799
35 19 807
35 19 809
35 19 811
35 19 812
35 92 720
35 20 762
35 20 773
35 20 774
35 20 775
62 50 589
62 50 635
62 12 1020
62 12 1021
62 12 1028
62 12 1029
62 12 1042
62 12 1045
62 12 1046
62 12 1050
62 12 1052
62 12 1055
62 12 1065
62 12 1070
62 12 1071
62 12 1072
62 12 1075
62 12 1077
62 12 1078
62 12 1079
62 12 1080
62 12 1083
62 12 1088
62 12 1089
62 12 1090
62 12 1091
62 12 1092
62 12 1093
62 12 1094
62 12 1096
62 12 1109
62 12 1112
62 12 1117
62 12 1153
62 12 1225
62 12 1231
62 12 1236
62 12 1238
62 12 1270
62 12 1301
62 12 1330
62 12 1337
62 49 1028
62 49 1050
62 49 1081
62 49 1085
62 49 1086
62 49 1093
62 49 1094
62 49 1098
62 49 1109
62 49 1134
62 49 1138
62 49 1139
62 49 1155
62 49 1156
62 49 1157
62 49 1163
62 49 1167
62 49 1170
62 49 1171
62 49 1173
62 49 1234
44 11 569
44 12 593
44 32 604
22 119 485
22 10 485
22 11 485
22 11 486
22 2 485
22 2 486
22 2 498
22 2 503
22 2 505
22 2 507
22 2 508
22 92 803
22 92 843
119 12 485
119 12 498
119 12 499
119 12 501
119 12 503
119 12 505
119 12 525
119 12 533
119 12 534
119 12 535
119 12 536
119 12 537
119 12 538
119 12 550
119 12 574
119 12 575
119 12 576
119 12 577
119 12 578
119 12 579
119 12 589
119 12 590
119 12 606
119 12 607
119 13 485
119 13 486
119 13 487
119 13 489
119 13 490
119 13 492
119 13 493
119 13 496
119 13 502
119 13 503
119 13 504
119 13 505
119 13 507
119 13 508
119 13 515
119 13 519
119 13 521
119 13 535
119 13 547
119 13 575
119 13 576
119 13 577
119 13 578
119 13 589
119 13 590
119 13 600
119 13 603
119 13 604
119 13 606
119 13 607
119 32 600
119 71 646
119 71 648
119 71 717
119 71 720
119 71 749
11 12 485
11 12 486
11 12 491
11 12 492
11 12 493
11 12 494
11 12 503
11 12 504
11 12 510
11 12 516
11 12 517
11 12 530
11 12 532
11 12 533
11 12 534
11 12 537
11 12 573
11 12 581
11 12 585
11 12 587
11 12 588
11 12 589
11 12 590
11 12 591
11 12 593
11 12 594
11 12 602
11 12 605
11 12 606
11 12 607
11 34 544
11 32 600
11 114 1233
11 114 1235
11 114 1236
11 114 1239
11 114 1241
11 114 1248
11 114 1249
11 114 1250
11 114 1270
11 114 1280
11 114 1281
11 114 1284
11 114 1285
11 114 1286
11 114 1287
11 114 1288
11 114 1289
11 114 1310
11 114 1321
11 114 1332
11 114 1335
11 114 1337
11 114 1349
11 114 1350
11 114 1353
11 114 1371
11 114 1381
2 12 485
2 12 486
2 13 485
2 13 486
2 13 506
2 13 1404
2 32 580
2 103 1231
2 103 1250
2 103 1269
2 103 1339
2 104 1418
12 77 486
12 77 491
12 77 504
12 77 570
12 77 572
12 77 573
12 77 574
12 77 576
12 77 577
12 77 578
12 77 579
12 77 603
12 77 607
12 113 1016
12 113 1018
12 113 1045
12 113 1046
12 113 1048
12 113 1055
12 113 1071
12 113 1075
12 113 1078
12 113 1079
12 113 1083
12 113 1085
12 113 1086
12 113 1088
12 113 1089
12 113 1090
12 113 1091
12 113 1092
12 113 1093
12 113 1095
12 113 1096
12 113 1097
12 113 1102
12 113 1103
12 113 1105
12 113 1106
12 113 1108
12 113 1109
12 113 1112
12 113 1113
12 113 1114
12 113 1115
12 113 1116
12 113 1117
12 113 1119
12 113 1130
12 113 1132
12 113 1134
12 113 1135
12 113 1136
12 113 1138
12 113 1139
12 113 1145
12 113 1148
12 113 1163
12 113 1164
12 113 1167
12 113 1171
12 113 1186
12 113 1187
12 113 1188
12 113 1189
12 113 1190
12 113 1230
12 113 1233
12 47 1018
12 47 1044
12 47 1061
12 47 1071
12 47 1230
12 126 1018
12 126 1019
12 126 1021
12 126 1023
12 126 1024
12 126 1028
12 126 1035
12 126 1036
12 126 1044
12 126 1045
12 126 1046
12 126 1048
12 126 1050
12 126 1062
12 49 1020
12 49 1021
12 49 1028
12 49 1029
12 49 1042
12 49 1044
12 49 1050
12 49 1052
12 49 1054
12 49 1065
12 49 1068
12 49 1070
12 49 1075
12 49 1077
12 49 1078
12 49 1080
12 49 1081
12 49 1083
12 49 1088
12 49 1089
12 49 1090
12 49 1091
12 49 1092
12 49 1093
12 49 1094
12 49 1096
12 49 1100
12 49 1102
12 49 1130
12 49 1132
12 49 1134
12 49 1135
12 49 1139
12 49 1145
12 49 1146
12 49 1153
12 49 1157
12 49 1158
12 49 1159
12 49 1160
12 49 1167
12 49 1168
12 49 1169
12 49 1170
12 49 1171
12 49 1173
12 49 1184
12 49 1203
12 49 1218
12 49 1230
13 77 491
13 77 502
13 77 504
13 77 507
13 77 509
13 77 513
13 77 517
13 77 523
13 77 525
13 77 527
13 77 570
13 77 596
13 77 607
77 32 601
21 32 580
21 34 890
19 54 741
19 54 742
19 54 748
19 54 750
19 54 752
19 92 808
9 99 531
9 99 534
9 99 536
9 99 540
9 99 542
9 99 543
9 99 544
9 99 545
9 99 546
9 99 547
9 99 558
9 99 562
9 99 570
9 99 573
9 99 575
9 99 584
9 99 587
9 99 588
9 99 593
9 103 1109
9 103 1121
99 66 591
99 16 591
99 117 637
99 117 640
99 117 681
99 117 693
99 117 749
99 117 750
99 71 642
99 71 643
99 71 644
99 71 645
99 71 655
99 71 672
99 71 678
99 71 679
99 71 695
99 71 723
99 71 725
99 71 730
99 71 731
99 71 732
99 71 734
99 71 736
99 71 741
99 71 747
99 71 749
99 92 721
34 111 804
34 111 805
34 111 807
34 111 808
34 111 809
34 111 844
34 111 848
34 111 850
34 111 866
34 111 867
34 111 868
34 111 873
34 111 884
34 111 885
34 111 886
34 111 913
34 111 948
34 111 961
34 111 962
34 111 963
34 111 966
34 111 967
34 111 968
34 111 970
34 111 971
15 66 593
15 66 594
15 66 627
15 66 628
15 124 607
16 118 636
16 118 637
16 118 638
16 118 639
16 118 644
16 118 646
16 118 648
16 118 649
16 118 650
16 118 652
16 118 653
16 118 654
16 118 655
16 118 656
16 118 660
16 118 678
16 118 679
16 118 689
16 118 690
16 118 691
16 118 699
16 118 700
16 118 709
16 118 713
16 118 714
16 118 730
16 118 739
16 118 741
16 118 743
16 118 744
16 118 747
16 118 764
16 118 767
16 118 771
16 118 772
16 118 773
16 118 774
16 118 786
16 118 791
16 118 798
16 118 821
16 118 824
16 118 830
16 118 832
16 118 833
16 118 837
16 118 838
16 118 856
16 118 862
16 118 865
16 118 867
16 118 868
16 118 869
16 118 870
16 118 872
16 118 873
16 118 876
16 118 877
16 118 883
16 118 884
16 118 885
16 118 886
16 118 887
16 118 888
16 118 889
16 118 890
16 118 892
16 118 893
16 118 895
16 118 899
16 118 901
16 118 902
16 118 904
16 118 911
16 74 636
16 74 637
16 74 638
16 74 639
16 74 643
16 74 647
16 74 665
16 74 686
16 74 687
16 74 696
16 74 701
16 74 718
16 74 721
16 74 729
16 74 733
16 74 738
16 74 746
16 74 757
16 74 770
16 74 778
16 74 780
16 74 786
16 74 787
16 74 791
16 74 795
16 74 796
16 74 797
16 74 828
16 74 856
16 74 857
16 74 865
16 74 870
16 74 905
16 74 906
16 74 911
16 74 926
16 74 929
16 74 932
16 74 951
16 74 952
16 74 959
16 74 960
16 74 961
16 74 962
16 74 965
16 74 966
16 74 967
16 33 639
16 26 950
32 121 596
124 50 583
124 50 597
124 50 598
124 50 608
124 50 618
124 50 629
124 50 636
124 50 637
124 50 650
124 50 657
124 50 670
53 50 590
53 50 629
53 50 630
53 50 636
53 50 646
53 50 657
53 121 606
53 121 608
53 121 611
53 121 612
53 121 617
53 121 619
53 121 620
53 121 621
53 121 622
53 121 623
53 121 633
53 121 636
53 121 637
53 121 638
53 121 645
53 121 646
53 121 648
53 121 651
53 121 653
53 121 657
53 121 662
53 121 663
53 121 664
53 121 669
53 121 670
53 121 695
53 121 697
53 121 698
53 121 699
50 121 610
50 121 615
50 121 625
50 121 627
50 121 632
50 121 638
50 121 651
50 121 653
50 121 654
50 121 655
50 121 663
50 121 687
50 121 696
50 121 699
50 118 688
121 20 836
121 20 837
121 20 838
121 20 839
121 20 840
121 20 841
121 20 844
121 20 845
121 20 846
121 20 847
121 20 848
121 20 849
121 20 850
121 20 851
121 20 852
121 20 853
121 20 854
121 20 855
121 20 856
121 20 857
121 20 858
121 20 861
121 20 862
121 20 864
121 20 865
121 20 866
121 20 869
121 20 871
121 20 872
66 118 636
66 118 637
66 118 638
66 118 639
66 118 640
66 118 641
66 118 642
66 118 643
66 118 644
66 118 645
66 118 652
66 118 655
66 118 661
66 118 664
66 118 665
66 118 666
66 118 667
66 118 669
66 118 671
66 118 672
66 118 676
66 118 677
66 118 678
66 118 679
66 118 685
66 118 688
66 118 689
66 118 692
66 118 694
66 118 697
66 118 700
66 118 701
66 118 702
66 118 704
66 118 705
66 118 718
66 118 719
66 118 720
66 118 721
66 118 729
66 118 732
66 118 736
66 118 738
66 118 739
66 118 740
66 118 742
66 118 743
66 118 745
66 118 746
66 118 747
66 118 748
66 118 753
66 118 754
66 118 755
66 118 756
66 118 760
66 118 761
66 118 764
66 118 765
66 118 766
66 118 768
66 118 769
66 118 770
66 118 771
66 118 772
66 118 774
66 118 775
66 118 777
66 118 778
66 118 781
66 118 786
66 118 787
66 118 791
66 118 794
66 118 819
66 118 822
66 118 823
66 118 825
66 118 826
66 118 828
66 118 829
66 118 830
66 118 833
66 118 834
66 118 843
66 118 847
66 118 848
66 118 850
66 118 851
66 118 852
66 118 853
66 118 854
66 118 855
66 118 856
66 118 857
66 118 858
66 118 859
66 118 861
66 118 862
66 118 864
66 118 873
66 118 881
66 118 882
66 118 888
66 118 889
66 118 919
66 118 920
66 118 921
66 118 923
66 118 924
66 118 925
66 118 926
66 118 927
66 118 930
66 118 951
66 118 952
66 118 953
66 118 955
66 118 960
66 118 961
66 118 963
66 74 637
66 74 638
66 74 639
66 74 640
66 74 641
66 74 642
66 74 643
66 74 645
66 74 648
66 74 652
66 74 655
66 74 656
66 74 657
66 74 658
66 74 659
66 74 660
66 74 661
66 74 662
66 74 663
66 74 666
66 74 667
66 74 668
66 74 669
66 74 685
66 74 686
66 74 687
66 74 688
66 74 689
66 74 690
66 74 691
66 74 692
66 74 696
66 74 699
66 74 700
66 74 702
66 74 703
66 74 704
66 74 705
66 74 706
66 74 720
66 74 721
66 74 723
66 74 724
66 74 725
66 74 726
66 74 727
66 74 728
66 74 729
66 74 730
66 74 735
66 74 736
66 74 737
66 74 738
66 74 739
66 74 741
66 74 742
66 74 744
66 74 745
66 74 746
66 74 747
66 74 750
66 74 751
66 74 752
66 74 761
66 74 762
66 74 765
66 74 772
66 74 774
66 74 775
66 74 776
66 74 777
66 74 778
66 74 783
66 74 784
66 74 786
66 74 787
66 74 788
66 74 792
66 74 793
66 74 820
66 74 822
66 74 823
66 74 825
66 74 826
66 74 828
66 74 829
66 74 830
66 74 831
66 74 832
66 74 833
66 74 835
66 74 836
66 74 837
66 74 838
66 74 839
66 74 841
66 74 842
66 74 843
66 74 845
66 74 846
66 74 847
66 74 848
66 74 849
66 74 850
66 74 851
66 74 852
66 74 853
66 74 854
66 74 855
66 74 856
66 74 857
66 74 863
66 74 864
66 74 874
66 74 875
66 74 876
66 74 877
66 74 878
66 74 879
66 74 880
66 74 884
66 74 885
66 74 886
66 74 892
66 74 893
66 74 896
66 74 897
66 74 898
66 74 899
66 74 916
66 74 917
66 74 922
66 74 931
66 74 932
66 74 933
66 74 934
66 74 935
66 74 940
66 74 941
66 74 943
66 74 944
66 74 950
66 74 951
66 74 959
66 74 960
66 74 961
66 74 965
66 33 639
71 117 647
71 117 702
71 117 708
71 118 697
71 74 724
118 74 636
118 74 637
118 74 638
118 74 639
118 74 643
118 74 646
118 74 651
118 74 652
118 74 653
118 74 656
118 74 657
118 74 661
118 74 665
118 74 666
118 74 667
118 74 668
118 74 669
118 74 684
118 74 685
118 74 686
118 74 687
118 74 688
118 74 689
118 74 691
118 74 695
118 74 699
118 74 700
118 74 704
118 74 705
118 74 706
118 74 709
118 74 713
118 74 714
118 74 718
118 74 719
118 74 720
118 74 721
118 74 729
118 74 730
118 74 731
118 74 732
118 74 735
118 74 743
118 74 744
118 74 745
118 74 749
118 74 753
118 74 754
118 74 756
118 74 765
118 74 766
118 74 767
118 74 772
118 74 775
118 74 786
118 74 787
118 74 790
118 74 793
118 74 794
118 74 795
118 74 822
118 74 824
118 74 828
118 74 829
118 74 830
118 74 831
118 74 832
118 74 833
118 74 834
118 74 837
118 74 839
118 74 843
118 74 845
118 74 847
118 74 849
118 74 850
118 74 852
118 74 853
118 74 854
118 74 855
118 74 865
118 74 910
118 74 911
118 74 931
118 74 939
118 74 960
118 74 963
118 33 637
118 33 638
118 33 639
118 33 644
118 33 645
118 33 648
118 33 652
118 33 656
118 33 657
118 33 678
118 33 680
118 33 681
118 33 682
118 33 683
118 33 688
118 33 691
118 33 692
118 33 693
118 33 694
118 33 695
118 33 701
118 33 707
118 33 711
118 33 712
118 33 714
118 33 718
118 33 720
118 33 721
118 33 722
118 33 730
118 33 731
118 33 732
118 33 734
118 33 739
118 33 742
118 33 743
118 33 746
118 33 750
118 33 751
118 33 752
118 33 753
118 33 756
118 33 759
118 33 762
118 33 763
118 33 764
118 33 765
118 33 766
118 33 767
118 33 769
118 33 770
118 33 771
118 33 784
118 33 786
118 33 789
118 33 791
118 33 794
118 33 795
118 33 822
118 33 824
118 33 826
118 33 830
118 33 832
118 33 834
118 33 835
118 33 836
118 33 837
118 33 838
118 33 839
118 33 843
118 33 844
118 33 845
118 33 851
118 33 852
118 33 855
118 33 920
118 33 933
118 33 934
118 33 938
118 33 939
118 33 943
118 33 946
118 33 948
118 33 953
118 33 954
118 33 955
118 28 752
118 26 921
118 26 922
118 26 950
74 33 637
74 33 647
74 33 650
74 33 651
74 33 653
74 33 655
74 33 656
74 33 686
74 33 687
74 33 688
74 33 689
74 33 691
74 33 692
74 33 696
74 33 697
74 33 699
74 33 701
74 33 704
74 33 705
74 33 713
74 33 714
74 33 715
74 33 716
74 33 717
74 33 721
74 33 722
74 33 723
74 33 724
74 33 725
74 33 728
74 33 729
74 33 730
74 33 731
74 33 732
74 33 737
74 33 738
74 33 739
74 33 741
74 33 743
74 33 752
74 33 753
74 33 754
74 33 763
74 33 770
74 33 778
74 33 786
74 33 790
74 33 791
74 33 792
74 33 793
74 33 807
74 33 808
74 33 809
74 33 810
74 33 811
74 33 812
74 33 813
74 33 815
74 33 816
74 33 817
74 33 818
74 33 819
74 33 823
74 33 825
74 33 828
74 33 829
74 33 830
74 33 831
74 33 832
74 33 833
74 33 847
74 33 850
74 33 858
74 33 859
74 33 871
74 33 872
74 33 873
74 33 874
74 33 875
74 33 883
74 33 885
74 33 886
74 33 887
74 33 889
74 33 890
74 33 892
74 33 893
74 33 894
74 33 895
74 33 896
74 33 900
74 33 901
74 33 902
74 33 903
74 33 904
74 33 931
74 33 932
74 33 936
74 33 937
74 33 939
74 33 940
74 33 941
74 33 942
74 33 943
74 33 944
74 33 945
74 33 947
74 33 951
74 33 952
74 33 958
74 33 961
74 33 962
74 33 963
74 33 965
74 33 966
74 54 749
74 28 767
33 20 748
33 26 949
33 36 960
33 111 960
25 28 725
25 28 726
25 28 729
25 28 737
25 28 738
25 28 739
25 28 740
25 28 741
25 28 742
25 28 743
25 28 744
25 28 745
25 28 746
25 28 747
25 28 750
25 28 754
25 28 755
25 28 756
25 28 758
25 28 759
25 28 761
25 28 762
25 28 769
25 28 770
25 28 772
25 28 778
25 28 779
25 28 780
25 28 781
25 28 787
25 28 789
25 28 791
25 28 794
25 28 795
25 28 796
25 28 797
25 28 798
25 28 800
25 28 802
25 28 806
25 28 807
25 28 808
25 28 809
25 28 810
25 28 811
25 28 812
25 28 813
25 28 814
25 28 815
25 28 817
25 28 818
25 28 819
25 28 820
25 28 821
25 28 823
25 28 831
25 28 832
25 28 833
25 28 834
25 28 835
25 28 836
25 28 837
25 28 841
25 28 842
25 28 843
28 54 750
41 26 907
41 26 909
41 26 910
41 26 911
41 26 914
41 26 917
41 26 918
41 26 920
41 26 922
41 26 925
41 26 927
41 26 929
41 36 915
54 72 765
54 72 773
54 72 775
54 72 776
54 72 777
54 72 785
54 72 790
54 72 792
54 72 800
54 72 814
54 72 817
54 72 824
54 72 827
54 72 829
54 72 833
54 72 835
54 72 866
54 72 872
54 72 873
54 72 877
54 72 882
54 72 883
54 72 886
54 72 887
54 72 889
54 72 890
54 72 895
54 72 897
54 72 902
54 72 903
54 72 906
54 72 908
54 72 914
54 72 930
54 72 931
54 72 933
54 72 940
54 72 944
54 72 953
54 72 965
54 72 969
72 29 968
23 36 928
23 36 948
23 36 949
23 36 950
23 36 951
23 36 954
23 36 1073
23 36 1106
23 36 1111
111 47 1016
111 47 1017
111 47 1018
111 47 1019
111 47 1022
111 47 1026
111 47 1043
111 126 1018
111 126 1043
111 126 1045
111 126 1046
111 36 1125
26 29 969
26 36 973
36 29 985
36 29 989
36 29 991
36 29 992
113 49 1018
113 49 1095
113 49 1096
113 49 1101
113 49 1102
113 49 1103
113 49 1104
113 49 1107
113 49 1113
113 49 1119
113 49 1120
113 49 1131
113 49 1137
113 49 1138
113 49 1150
113 49 1162
113 49 1167
113 49 1176
113 49 1177
113 49 1179
113 49 1180
113 49 1181
113 49 1182
113 49 1183
113 49 1184
113 49 1185
113 49 1188
113 49 1189
113 49 1190
113 49 1191
113 49 1193
113 49 1194
113 49 1195
113 49 1196
113 49 1197
113 49 1198
113 49 1199
113 49 1203
113 49 1204
113 49 1227
113 49 1229
113 49 1236
113 49 1237
113 49 1238
113 49 1239
113 1 1070
113 1 1071
113 1 1073
113 1 1074
113 1 1075
113 1 1076
113 1 1079
113 1 1082
113 1 1084
113 1 1085
113 1 1086
113 1 1089
113 1 1090
113 1 1091
113 1 1093
113 1 1094
113 1 1096
113 1 1097
113 1 1098
113 1 1100
113 1 1101
113 1 1102
47 49 1017
47 49 1045
47 49 1059
47 49 1062
47 49 1230
47 49 1233
47 49 1238
47 49 1239
47 114 1381
49 126 1035
49 126 1044
49 126 1047
49 126 1049
49 126 1062
1 104 1230
