72 39 0
72 39 4
72 39 6
72 39 7
72 39 35
72 39 39
72 39 40
72 39 41
72 39 42
72 39 43
72 39 44
72 39 48
72 39 49
72 39 61
72 39 62
72 39 63
72 39 68
72 39 70
72 39 75
72 39 78
72 39 79
72 39 81
72 39 82
72 39 83
72 39 84
72 39 85
72 39 86
72 39 93
72 39 104
72 39 105
72 39 106
72 39 107
72 39 108
72 39 109
72 39 110
72 39 120
72 39 121
72 37 1
72 37 2
72 37 3
72 37 8
72 11 1
72 11 3
72 11 4
72 11 6
72 11 7
72 11 9
72 11 13
72 11 31
72 11 40
72 11 41
72 11 42
72 11 43
72 11 48
72 11 49
72 11 61
72 11 62
72 11 63
72 11 65
72 11 66
72 11 68
72 11 72
72 11 73
72 11 74
72 11 75
72 11 76
72 11 77
72 11 78
72 11 79
72 11 91
72 11 92
72 11 103
72 11 104
72 11 105
72 11 106
72 11 107
72 11 108
72 11 109
72 11 110
72 11 111
72 11 113
72 11 116
72 11 118
72 11 119
72 11 120
72 11 121
72 8 2
72 8 5
72 8 8
72 8 10
72 8 14
72 8 15
72 8 17
72 8 20
72 6 63
39 8 4
39 8 34
39 13 426
39 13 427
39 13 428
39 13 429
39 13 467
39 13 468
39 13 469
39 13 471
39 13 472
39 13 474
39 13 475
39 13 476
39 13 477
39 13 478
39 13 480
39 13 481
39 13 482
39 13 483
39 13 484
39 13 485
39 13 488
39 13 489
39 13 490
39 13 491
39 13 492
39 13 493
39 13 494
39 13 495
39 13 496
39 13 499
39 13 500
39 13 501
39 13 502
39 13 503
39 13 504
39 13 505
39 13 506
39 13 507
39 13 508
39 13 509
39 13 512
39 13 513
39 13 514
39 13 516
39 13 517
39 13 522
39 13 524
39 13 525
39 13 527
39 13 530
39 13 554
39 13 555
39 13 556
39 13 557
39 13 558
39 13 560
39 13 561
39 13 562
39 13 563
39 48 557
37 11 1
37 11 2
37 11 3
37 11 7
37 11 8
37 11 30
37 11 35
37 11 36
37 11 38
37 11 39
37 11 40
37 11 42
37 11 43
37 11 44
37 11 46
37 11 47
37 11 48
37 11 49
37 11 50
37 11 51
37 11 52
37 11 53
37 11 54
37 11 55
37 11 56
37 11 57
37 11 58
37 11 59
37 11 60
37 11 61
37 11 62
37 11 63
37 11 66
37 11 67
37 11 68
37 11 69
37 11 71
37 11 78
37 11 79
37 11 81
37 11 113
37 11 120
37 11 121
37 6 63
37 78 657
37 78 658
37 78 662
37 78 671
37 78 675
37 78 678
37 78 679
37 78 680
37 78 681
37 78 684
37 78 686
37 78 687
37 78 689
37 78 690
37 78 691
37 78 692
37 78 693
37 78 695
37 78 696
37 78 697
37 78 698
37 78 699
37 78 704
37 78 705
37 78 711
37 78 712
37 64 658
37 64 660
37 64 682
37 64 684
37 64 687
37 64 695
37 64 712
37 26 668
37 26 682
37 30 679
37 30 681
37 30 695
37 30 696
37 30 698
37 30 712
11 88 8
11 88 10
11 45 13
11 45 16
11 45 23
11 45 24
11 45 25
11 45 27
11 14 61
11 14 62
11 80 63
8 25 361
8 25 362
8 25 363
8 25 364
8 25 365
8 25 366
8 25 367
8 25 369
8 25 370
8 25 371
8 25 372
8 25 373
8 25 374
8 25 375
8 25 376
8 25 377
8 25 378
8 25 379
8 25 380
8 25 381
8 25 382
8 25 383
8 25 384
8 25 385
8 25 386
8 25 390
8 25 391
8 25 392
8 25 393
8 25 411
8 25 412
8 25 413
8 25 414
8 25 415
8 25 416
8 25 417
8 25 418
8 25 419
8 25 420
8 25 421
8 25 422
8 63 365
8 63 366
8 63 367
8 63 373
8 63 375
8 63 376
8 63 377
8 63 378
8 63 379
8 63 380
8 63 381
8 63 382
8 63 384
8 63 385
8 63 386
8 63 387
8 63 388
8 63 390
8 63 391
8 63 393
8 63 398
8 63 399
8 63 400
8 63 401
8 63 402
8 63 403
8 63 404
8 63 405
8 63 406
8 63 407
8 63 408
8 63 411
8 63 416
8 63 417
8 63 418
8 63 421
8 63 427
8 63 430
8 63 431
8 52 388
8 52 389
2 88 7
2 88 8
2 88 9
2 88 11
2 88 12
2 84 7
2 84 12
2 84 15
2 84 16
2 84 22
2 15 8
2 15 9
2 15 10
2 15 11
2 15 16
2 15 17
2 15 18
2 15 19
2 15 20
2 15 21
2 15 23
2 15 33
2 15 37
2 15 38
2 15 39
2 15 42
2 15 46
2 15 52
2 15 53
2 15 54
2 15 57
2 15 58
2 15 59
2 15 61
2 15 62
2 15 65
2 15 66
2 15 110
2 15 111
2 15 113
2 15 114
2 15 115
2 15 117
2 15 118
2 15 119
2 45 8
2 45 10
2 45 12
2 45 16
2 45 17
2 45 18
2 45 19
2 45 20
2 45 21
2 45 22
2 45 34
2 45 42
2 45 46
2 45 48
2 45 52
2 45 66
2 45 67
2 80 45
2 80 109
2 80 113
2 80 114
2 80 117
2 80 119
2 80 156
2 80 157
2 80 254
2 80 349
2 85 45
2 85 335
2 85 336
2 85 337
2 85 344
2 85 353
2 85 388
2 76 46
2 76 63
2 76 65
2 76 66
2 76 68
2 76 72
2 76 73
2 76 74
2 76 76
2 76 77
2 76 80
2 76 81
2 76 82
2 76 83
2 76 84
2 76 85
2 76 102
2 76 103
2 76 108
2 76 219
2 76 231
2 76 232
2 76 233
2 76 235
2 76 237
2 76 262
2 76 263
2 76 264
2 76 297
2 76 298
2 76 314
2 76 320
2 76 337
2 76 344
2 76 351
2 19 80
2 19 83
2 19 100
2 19 103
2 19 108
2 19 231
2 19 251
2 19 278
2 19 279
2 19 293
2 19 295
2 19 341
2 19 342
2 14 85
2 14 88
2 14 89
2 14 90
2 14 91
2 14 92
2 14 93
2 14 94
2 14 96
2 14 98
2 14 102
2 14 230
2 14 251
2 14 252
2 14 295
2 20 88
2 20 98
2 20 122
2 20 132
2 20 133
2 20 140
2 75 92
2 75 122
2 75 155
2 75 214
2 75 215
2 75 216
2 75 217
2 75 218
2 75 219
2 75 222
2 75 223
2 75 225
2 75 226
2 75 228
2 75 296
2 75 298
2 75 325
2 75 326
2 75 327
2 75 329
2 75 331
2 75 335
2 75 336
2 75 388
2 13 109
2 13 215
2 13 216
2 13 217
2 13 218
2 13 255
2 61 109
2 61 110
2 61 113
2 61 114
2 28 122
2 28 173
2 28 184
2 28 185
2 28 230
2 28 234
2 28 238
2 28 296
2 28 300
2 28 301
2 28 303
2 28 354
2 28 355
2 28 356
2 28 357
2 28 358
2 28 359
2 28 360
2 28 361
2 28 362
2 28 363
2 28 364
2 28 367
2 28 368
2 28 370
2 28 373
2 28 374
2 28 376
2 28 381
2 17 127
2 17 228
2 17 345
2 21 151
2 79 212
2 79 214
2 79 215
2 79 216
2 79 217
2 79 222
2 79 223
2 79 226
2 79 278
2 79 307
2 79 313
2 79 314
2 86 218
2 86 296
2 86 298
2 23 232
2 23 235
2 23 237
2 23 254
2 23 260
2 23 263
2 23 306
2 23 307
2 23 309
2 23 310
2 23 311
2 23 335
2 23 336
2 23 337
2 22 287
2 22 288
2 22 289
2 22 290
2 22 291
2 22 292
2 22 293
2 22 294
2 22 319
2 22 320
2 22 335
88 82 7
88 82 8
88 82 16
88 82 17
88 82 18
88 82 27
88 82 28
88 82 41
88 82 42
88 82 61
84 46 8
84 46 10
84 46 31
84 17 61
84 81 61
84 60 1184
84 60 1185
82 15 7
82 15 8
82 15 9
82 15 10
82 15 13
82 15 15
82 15 16
82 15 22
82 15 23
82 15 24
82 15 30
82 15 31
82 15 34
82 45 7
82 45 9
82 45 16
82 45 23
82 45 52
82 3 52
82 76 54
82 76 58
82 76 59
82 76 60
82 76 76
82 76 153
82 76 254
82 76 363
82 76 365
82 79 60
82 79 91
82 79 106
82 79 107
82 79 152
82 79 153
82 79 154
82 79 188
82 79 216
82 79 259
82 79 301
82 79 357
82 79 377
82 79 381
82 79 382
82 14 76
82 14 77
82 14 78
82 14 79
82 14 80
82 14 83
82 14 84
82 14 85
82 14 105
82 14 179
82 14 215
82 14 216
82 14 353
82 14 355
82 13 87
82 13 90
82 13 381
82 75 119
82 75 157
82 75 304
82 23 120
15 46 8
15 46 10
15 46 11
15 46 12
15 46 15
15 46 18
15 46 20
15 46 21
15 46 22
15 46 28
15 46 31
15 46 34
15 46 36
15 46 38
15 46 46
15 46 49
15 46 53
15 46 60
15 46 61
15 46 62
15 46 66
15 46 156
15 35 43
15 35 250
15 35 304
15 35 322
15 35 345
15 35 347
15 35 354
15 35 382
15 61 61
15 61 109
15 61 127
15 61 128
15 61 149
15 61 153
15 61 154
15 61 305
15 61 342
15 50 62
15 21 89
15 21 118
15 21 128
15 21 135
15 21 136
15 21 333
15 71 91
15 71 243
15 71 347
15 71 348
15 71 349
15 71 350
15 71 351
15 71 352
15 31 95
15 31 103
15 31 104
15 31 213
15 31 215
15 31 227
15 31 251
15 31 265
15 31 267
15 31 322
15 31 341
15 66 104
15 66 157
15 66 158
15 66 172
15 66 191
15 66 192
15 66 195
15 66 196
15 66 205
15 66 207
15 66 213
15 66 227
15 66 228
15 66 229
15 66 295
15 66 297
15 66 298
15 66 321
15 66 335
15 66 336
15 66 355
15 34 135
15 34 228
15 34 241
15 34 318
15 34 342
15 17 169
15 17 170
15 17 171
15 20 191
15 20 249
15 20 322
15 20 323
15 25 213
15 87 215
15 87 349
15 89 250
15 89 299
15 89 350
15 89 354
15 89 382
15 5 317
15 76 347
15 76 348
15 76 350
45 43 1115
45 43 1116
45 43 1117
45 43 1120
45 43 1121
45 43 1122
45 43 1123
45 43 1124
45 43 1127
45 43 1130
45 43 1131
45 43 1132
45 43 1142
45 43 1143
45 43 1145
45 43 1156
45 43 1157
45 43 1158
45 43 1191
45 43 1195
45 43 1196
45 43 1198
45 43 1201
45 43 1202
45 43 1203
45 43 1214
45 43 1215
45 56 1130
45 1 1131
46 3 110
46 3 111
46 3 112
46 3 116
46 3 117
46 3 119
46 3 120
46 3 121
46 3 124
46 3 125
46 3 127
46 3 128
46 3 129
46 3 130
46 3 131
46 3 136
46 3 137
46 3 139
46 3 145
46 3 146
46 3 147
46 3 148
46 3 149
46 3 150
46 3 151
46 3 152
46 3 154
46 3 155
46 3 158
46 3 159
46 3 163
46 3 164
46 3 166
46 3 167
46 3 168
46 3 169
46 3 170
46 3 173
46 3 174
46 3 175
46 3 182
46 3 183
46 3 184
46 3 185
46 3 186
46 3 187
46 3 188
46 3 189
46 3 190
46 3 191
46 3 192
46 3 193
46 3 194
46 3 195
46 3 196
46 3 197
46 3 198
46 3 199
46 3 200
46 3 201
46 3 202
46 3 203
46 3 204
46 3 205
46 3 206
46 3 207
46 3 208
46 3 209
46 3 210
46 3 211
46 3 212
46 3 213
46 3 214
46 3 215
46 3 216
46 3 217
46 3 218
46 3 219
46 3 220
46 3 221
46 3 222
46 3 223
46 3 224
46 3 225
46 3 226
46 3 228
46 3 229
46 3 236
46 3 237
46 3 238
46 80 117
46 14 156
46 17 157
46 19 157
46 21 157
28 17 27
28 20 28
28 21 28
28 71 44
28 71 106
28 71 107
28 71 126
28 71 128
28 71 132
28 71 133
28 71 134
28 71 135
28 71 137
28 71 138
28 71 139
28 71 140
28 71 142
28 71 143
28 71 152
28 71 155
28 71 156
28 71 158
28 71 225
28 71 300
28 71 306
28 71 328
28 71 336
28 71 337
28 71 338
28 71 342
28 89 46
28 89 60
28 89 94
28 89 97
28 89 98
28 89 107
28 89 108
28 89 109
28 89 110
28 89 113
28 89 117
28 89 118
28 89 155
28 89 173
28 89 229
28 89 261
28 89 289
28 89 290
28 89 298
28 89 315
28 89 328
28 66 46
28 66 104
28 66 106
28 66 212
28 66 213
28 66 214
28 66 215
28 66 216
28 66 225
28 66 239
28 66 250
28 66 251
28 66 259
28 66 278
28 66 279
28 66 280
28 66 294
28 66 324
28 66 326
28 66 327
28 66 328
28 66 329
28 66 336
28 66 348
28 35 60
28 35 62
28 35 100
28 35 111
28 35 247
28 35 250
28 35 251
28 34 97
28 34 120
28 34 206
28 34 207
28 34 225
28 34 226
28 34 283
28 34 294
28 34 312
28 34 326
28 34 333
28 34 336
28 34 337
28 34 353
28 34 354
28 34 355
28 34 356
28 34 357
28 34 358
28 34 359
28 34 360
28 34 361
28 34 362
28 34 364
28 34 366
28 75 172
28 76 172
28 76 350
28 80 332
28 80 348
28 61 346
28 18 350
28 53 475
28 53 477
28 53 503
28 53 504
28 53 506
28 53 507
28 53 512
28 53 513
28 53 514
28 53 516
28 53 517
28 53 518
28 53 519
28 53 520
28 53 521
28 53 522
28 53 523
28 53 525
28 53 526
28 53 527
28 53 530
28 53 534
28 53 537
28 53 538
28 53 539
28 53 540
28 53 542
28 53 545
28 53 549
28 53 551
28 53 552
28 53 566
28 53 571
28 53 574
28 53 577
28 53 578
28 53 601
28 53 607
28 53 608
28 53 609
28 53 610
28 53 615
28 53 616
28 53 617
28 53 618
28 53 619
28 53 622
28 53 623
28 53 624
28 53 630
28 53 635
28 53 637
28 53 638
28 53 643
28 53 644
28 53 667
28 53 685
28 53 692
28 53 695
28 53 696
28 53 708
28 53 709
28 10 526
28 49 542
28 49 543
28 49 544
28 49 545
28 49 546
28 49 565
28 49 566
28 64 682
28 78 682
17 66 44
17 66 73
17 66 76
17 66 77
17 66 79
17 66 80
17 66 82
17 66 104
17 66 124
17 66 188
17 66 189
17 66 190
17 66 191
17 66 192
17 66 193
17 66 195
17 66 196
17 66 197
17 66 198
17 66 199
17 66 202
17 66 251
17 66 260
17 66 279
17 66 299
17 66 300
17 66 328
17 71 44
17 71 83
17 71 285
17 71 328
17 71 398
17 89 46
17 89 98
17 89 99
17 89 157
17 89 160
17 89 164
17 89 171
17 89 172
17 89 258
17 89 260
17 89 261
17 89 264
17 89 265
17 89 266
17 89 273
17 89 274
17 89 277
17 89 301
17 89 308
17 89 311
17 89 315
17 89 328
17 89 387
17 61 47
17 61 88
17 61 89
17 61 90
17 61 113
17 61 280
17 61 346
17 61 347
17 61 348
17 35 47
17 35 227
17 35 356
17 76 49
17 76 52
17 76 88
17 76 102
17 76 270
17 76 334
17 76 385
17 87 60
17 87 62
17 87 63
17 87 64
17 87 65
17 87 66
17 87 67
17 87 68
17 87 69
17 87 90
17 87 95
17 87 97
17 87 98
17 87 158
17 87 315
17 87 386
17 83 60
17 83 88
17 83 90
17 83 91
17 83 92
17 83 303
17 83 308
17 83 310
17 83 311
17 83 312
17 83 317
17 83 318
17 83 322
17 83 324
17 21 66
17 21 156
17 21 158
17 21 337
17 21 345
17 21 347
17 21 388
17 13 73
17 13 77
17 13 85
17 31 100
17 31 259
17 31 260
17 31 261
17 31 263
17 31 264
17 31 300
17 31 303
17 31 314
17 31 315
17 22 109
17 22 398
17 22 399
17 34 112
17 25 270
17 24 271
17 19 334
17 12 355
17 23 361
17 23 373
17 75 386
17 81 398
20 19 28
20 14 44
20 14 110
20 14 122
20 14 123
20 14 128
20 14 132
20 14 133
20 14 141
20 14 220
20 14 224
20 14 227
20 14 280
20 14 301
20 14 309
20 14 324
20 14 354
20 79 44
20 79 221
20 79 222
20 79 226
20 79 249
20 79 265
20 79 271
20 79 272
20 79 296
20 79 329
20 61 48
20 80 88
20 80 92
20 80 94
20 80 104
20 80 105
20 80 107
20 80 300
20 80 302
20 80 354
20 71 116
20 71 117
20 75 118
20 75 228
20 31 129
20 66 194
20 76 203
20 76 204
20 76 206
20 23 271
20 1 340
20 1 347
21 75 45
21 61 48
21 61 49
21 61 50
21 80 48
21 80 115
21 80 118
21 80 119
21 80 125
21 80 152
21 80 159
21 80 161
21 79 49
21 79 51
21 79 58
21 79 61
21 79 96
21 79 158
21 79 323
21 79 356
21 79 383
21 76 57
21 76 58
21 76 62
21 76 63
21 76 65
21 76 66
21 76 67
21 76 68
21 76 98
21 76 107
21 76 108
21 76 109
21 76 120
21 76 123
21 76 127
21 76 128
21 76 228
21 76 243
21 76 278
21 76 279
21 76 280
21 76 281
21 76 282
21 76 283
21 76 353
21 76 354
21 76 386
21 76 387
21 14 60
21 14 61
21 14 99
21 14 219
21 14 256
21 14 260
21 14 261
21 14 270
21 14 357
21 14 360
21 14 369
21 14 371
21 14 373
21 14 379
21 14 382
21 14 383
21 14 386
21 23 74
21 23 290
21 25 156
21 25 157
21 1 347
13 66 28
13 66 385
13 66 386
13 66 387
13 80 101
13 75 298
13 75 355
13 75 360
13 75 366
13 75 367
13 75 368
13 75 379
13 61 346
13 61 348
13 5 385
13 5 386
13 12 386
13 49 556
66 19 28
66 19 63
66 19 64
66 19 65
66 19 66
66 19 68
66 19 69
66 19 76
66 19 84
66 19 104
66 19 206
66 19 240
66 19 241
66 19 243
66 19 327
66 19 329
66 71 44
66 71 46
66 71 49
66 71 50
66 71 51
66 71 62
66 71 63
66 71 72
66 71 73
66 71 78
66 71 80
66 71 81
66 71 82
66 71 84
66 71 85
66 71 87
66 71 90
66 71 92
66 71 93
66 71 96
66 71 106
66 71 108
66 71 109
66 71 110
66 71 111
66 71 112
66 71 116
66 71 119
66 71 123
66 71 162
66 71 213
66 71 219
66 71 220
66 71 224
66 71 225
66 71 227
66 71 228
66 71 231
66 71 239
66 71 246
66 71 260
66 71 265
66 71 266
66 71 301
66 71 302
66 71 307
66 71 309
66 71 310
66 71 316
66 71 317
66 71 328
66 71 330
66 71 331
66 71 332
66 71 333
66 71 339
66 71 340
66 71 341
66 71 342
66 71 343
66 71 344
66 71 346
66 71 350
66 71 352
66 71 356
66 71 357
66 71 381
66 71 382
66 71 383
66 14 46
66 14 99
66 14 103
66 14 157
66 14 220
66 14 228
66 14 249
66 14 282
66 14 284
66 14 287
66 14 288
66 14 289
66 14 299
66 79 47
66 79 48
66 79 58
66 79 59
66 79 62
66 79 63
66 79 64
66 79 67
66 79 68
66 79 69
66 79 70
66 79 71
66 79 72
66 79 73
66 79 74
66 79 75
66 79 77
66 79 78
66 79 79
66 79 80
66 79 88
66 79 89
66 79 93
66 79 94
66 79 96
66 79 106
66 79 108
66 79 110
66 79 112
66 79 113
66 79 114
66 79 116
66 79 117
66 79 122
66 79 123
66 79 124
66 79 127
66 79 128
66 79 129
66 79 135
66 79 136
66 79 137
66 79 138
66 79 142
66 79 143
66 79 144
66 79 148
66 79 149
66 79 184
66 79 187
66 79 209
66 79 210
66 79 212
66 79 245
66 79 247
66 79 248
66 79 249
66 79 300
66 79 301
66 79 304
66 79 305
66 79 306
66 79 309
66 79 310
66 79 312
66 79 313
66 79 314
66 79 316
66 79 320
66 79 321
66 79 327
66 79 329
66 79 342
66 79 343
66 79 344
66 79 349
66 79 351
66 79 352
66 79 353
66 79 354
66 79 355
66 79 356
66 79 357
66 79 358
66 79 359
66 79 360
66 79 361
66 79 362
66 79 364
66 79 365
66 79 366
66 79 368
66 79 369
66 79 370
66 79 371
66 79 372
66 79 373
66 79 374
66 79 375
66 79 376
66 79 377
66 79 378
66 79 379
66 79 380
66 79 381
66 79 382
66 75 48
66 75 57
66 75 62
66 75 75
66 75 76
66 75 105
66 75 112
66 75 120
66 75 134
66 75 137
66 75 140
66 75 143
66 75 144
66 75 145
66 75 151
66 75 153
66 75 154
66 75 203
66 75 204
66 75 205
66 75 206
66 75 216
66 75 217
66 75 250
66 75 310
66 75 312
66 75 354
66 75 358
66 75 361
66 75 362
66 75 363
66 75 370
66 76 49
66 76 50
66 76 51
66 76 52
66 76 53
66 76 54
66 76 55
66 76 57
66 76 58
66 76 59
66 76 62
66 76 99
66 76 102
66 76 109
66 76 113
66 76 117
66 76 118
66 76 135
66 76 154
66 76 224
66 76 225
66 76 251
66 76 262
66 76 264
66 76 267
66 76 268
66 76 269
66 76 270
66 76 271
66 76 272
66 76 277
66 80 55
66 80 56
66 80 58
66 80 59
66 80 73
66 80 74
66 80 76
66 80 77
66 80 78
66 80 79
66 80 80
66 80 81
66 80 82
66 80 84
66 80 85
66 80 98
66 80 107
66 80 145
66 80 147
66 80 168
66 80 246
66 80 262
66 80 268
66 80 300
66 80 318
66 80 319
66 80 333
66 80 335
66 80 347
66 80 348
66 80 350
66 80 350
66 80 381
66 85 65
66 85 75
66 85 114
66 85 262
66 85 263
66 85 264
66 85 282
66 86 86
66 86 101
66 86 103
66 86 111
66 86 112
66 86 114
66 86 117
66 86 120
66 86 240
66 86 241
66 86 242
66 86 243
66 86 250
66 86 260
66 86 329
66 1 102
66 1 126
66 1 127
66 1 142
66 1 146
66 1 147
66 1 148
66 1 149
66 1 150
66 1 313
66 1 317
66 34 103
66 34 120
66 34 121
66 34 155
66 34 158
66 34 159
66 34 160
66 34 225
66 34 226
66 34 227
66 34 228
66 34 229
66 34 240
66 34 243
66 34 270
66 34 271
66 34 273
66 34 274
66 34 277
66 34 278
66 34 331
66 34 332
66 34 333
66 34 334
66 34 335
66 34 336
66 34 339
66 35 111
66 35 156
66 35 157
66 35 184
66 81 121
66 81 337
66 3 156
66 47 156
66 23 158
66 23 203
66 23 206
66 23 213
66 23 359
66 18 170
66 18 171
66 18 194
66 22 187
66 22 323
66 61 278
66 61 296
66 61 321
66 61 383
66 4 385
66 4 386
66 4 387
66 12 385
66 12 386
19 22 42
19 87 44
19 87 60
19 87 61
19 87 62
19 87 91
19 87 105
19 87 107
19 87 158
19 87 219
19 87 221
19 87 228
19 87 296
19 87 297
19 87 299
19 87 300
19 87 317
19 87 318
19 87 319
19 87 321
19 87 322
19 71 45
19 71 52
19 71 63
19 71 67
19 71 68
19 71 70
19 71 71
19 71 160
19 71 164
19 71 165
19 71 167
19 71 190
19 71 327
19 89 46
19 89 86
19 89 87
19 89 88
19 89 89
19 89 91
19 89 93
19 89 100
19 89 101
19 89 103
19 89 120
19 89 122
19 89 123
19 89 129
19 89 144
19 89 155
19 89 157
19 89 158
19 89 159
19 89 160
19 89 161
19 89 162
19 89 163
19 89 224
19 89 227
19 89 231
19 89 232
19 89 233
19 89 234
19 89 235
19 89 236
19 89 237
19 89 238
19 89 239
19 89 241
19 89 243
19 89 300
19 89 306
19 89 321
19 89 322
19 89 326
19 89 329
19 89 330
19 89 383
19 89 385
19 89 388
19 31 46
19 31 47
19 31 93
19 31 95
19 31 107
19 31 115
19 31 155
19 31 285
19 31 315
19 31 323
19 31 325
19 31 327
19 34 90
19 34 109
19 34 112
19 34 113
19 34 126
19 34 127
19 34 128
19 34 132
19 34 133
19 34 138
19 34 139
19 34 141
19 34 144
19 34 155
19 34 240
19 34 254
19 34 255
19 34 260
19 34 261
19 34 271
19 34 278
19 34 279
19 34 280
19 34 284
19 34 329
19 34 330
19 34 388
19 35 109
19 35 111
19 35 113
19 35 115
19 61 123
19 61 124
19 61 125
19 61 126
19 61 127
19 61 128
19 61 133
19 61 134
19 61 135
19 61 152
19 61 154
19 61 264
19 80 172
19 80 178
19 25 224
19 25 225
19 25 226
19 25 227
19 25 238
19 25 277
19 25 340
19 24 228
19 24 229
19 24 250
19 24 253
19 24 256
19 24 293
19 24 294
19 24 300
19 24 301
19 5 317
19 7 318
19 33 567
79 22 42
79 71 42
79 71 44
79 71 45
79 71 46
79 71 49
79 71 51
79 71 52
79 71 53
79 71 54
79 71 60
79 71 72
79 71 86
79 71 87
79 71 88
79 71 91
79 71 92
79 71 93
79 71 94
79 71 105
79 71 110
79 71 120
79 71 122
79 71 123
79 71 124
79 71 125
79 71 126
79 71 128
79 71 132
79 71 133
79 71 134
79 71 135
79 71 137
79 71 138
79 71 154
79 71 155
79 71 157
79 71 158
79 71 183
79 71 188
79 71 190
79 71 191
79 71 195
79 71 197
79 71 199
79 71 200
79 71 209
79 71 210
79 71 214
79 71 215
79 71 217
79 71 218
79 71 219
79 71 225
79 71 228
79 71 229
79 71 268
79 71 269
79 71 271
79 71 272
79 71 273
79 71 274
79 71 275
79 71 276
79 71 277
79 71 278
79 71 295
79 71 296
79 71 297
79 71 301
79 71 302
79 71 304
79 71 305
79 71 306
79 71 307
79 71 308
79 71 309
79 71 310
79 71 316
79 71 336
79 71 344
79 71 351
79 71 354
79 71 355
79 71 356
79 71 357
79 71 358
79 71 359
79 71 360
79 71 370
79 71 381
79 71 382
79 71 388
79 34 44
79 34 104
79 34 138
79 34 148
79 34 326
79 18 48
79 18 205
79 18 206
79 18 207
79 18 212
79 18 258
79 18 259
79 18 321
79 87 61
79 87 62
79 87 113
79 87 254
79 87 260
79 87 383
79 49 62
79 89 89
79 89 90
79 89 155
79 89 250
79 89 255
79 89 258
79 89 259
79 89 260
79 89 262
79 89 264
79 89 266
79 89 267
79 89 271
79 89 274
79 89 277
79 89 291
79 89 323
79 35 101
79 35 327
79 31 112
79 31 133
79 31 262
79 31 264
79 31 265
79 31 277
79 31 320
79 31 322
79 31 323
79 31 324
79 31 331
79 31 352
79 24 187
79 24 271
79 83 220
79 83 221
79 83 222
79 83 223
79 83 337
79 12 320
79 61 321
79 43 776
79 43 780
79 43 781
79 43 782
79 43 788
79 43 799
79 43 841
79 43 850
79 43 851
79 43 852
79 43 853
79 43 858
79 43 859
79 43 860
79 43 861
79 43 865
79 43 866
79 43 877
79 54 776
79 54 777
22 23 45
22 76 46
22 76 106
22 76 328
22 14 88
22 14 89
22 31 216
22 31 233
22 31 324
22 89 271
22 89 342
22 71 271
22 71 317
22 71 319
22 71 320
22 71 326
22 71 398
22 25 318
22 25 325
22 25 328
22 25 332
22 34 325
22 40 336
22 40 340
22 83 398
71 76 51
71 76 53
71 76 54
71 76 61
71 76 224
71 76 225
71 76 226
71 76 251
71 76 262
71 76 264
71 76 265
71 76 303
71 76 324
71 76 326
71 76 347
71 76 384
71 86 60
71 86 61
71 86 106
71 86 108
71 86 158
71 86 242
71 86 261
71 86 268
71 86 271
71 86 272
71 86 276
71 86 300
71 86 385
71 1 60
71 1 206
71 1 211
71 1 231
71 1 250
71 1 265
71 1 309
71 1 316
71 1 317
71 1 318
71 1 320
71 75 61
71 75 62
71 75 117
71 75 120
71 75 122
71 75 142
71 75 143
71 75 151
71 75 195
71 75 213
71 75 215
71 75 217
71 75 246
71 75 251
71 75 277
71 75 322
71 75 354
71 75 357
71 75 358
71 75 359
71 75 369
71 75 370
71 75 373
71 75 374
71 75 380
71 75 381
71 75 382
71 75 384
71 80 73
71 80 108
71 80 158
71 80 177
71 80 178
71 80 188
71 80 201
71 80 230
71 80 321
71 80 334
71 80 350
71 80 381
71 80 398
71 23 80
71 23 155
71 23 159
71 23 163
71 23 179
71 23 220
71 23 221
71 23 223
71 23 301
71 23 308
71 23 316
71 23 320
71 23 388
71 14 112
71 14 113
71 14 114
71 14 220
71 14 228
71 14 230
71 14 250
71 14 388
71 85 120
71 85 261
71 47 157
71 31 239
71 31 331
71 31 332
71 31 336
71 31 349
71 31 384
71 31 385
71 9 322
71 61 383
71 81 398
80 18 43
80 18 89
80 18 91
80 18 93
80 18 94
80 18 108
80 18 118
80 18 122
80 18 128
80 18 135
80 18 136
80 18 153
80 18 335
80 18 337
80 18 351
80 18 387
80 18 388
80 14 45
80 14 47
80 14 273
80 14 299
80 76 49
80 76 51
80 76 52
80 76 53
80 76 54
80 76 55
80 76 56
80 76 57
80 76 58
80 76 59
80 76 153
80 76 154
80 76 280
80 76 291
80 89 75
80 89 95
80 89 118
80 89 159
80 89 161
80 89 190
80 89 257
80 89 259
80 89 330
80 89 353
80 49 78
80 61 87
80 61 90
80 61 108
80 61 109
80 61 110
80 61 112
80 61 113
80 61 114
80 61 117
80 61 120
80 61 122
80 61 125
80 61 126
80 61 130
80 61 131
80 61 132
80 61 133
80 61 139
80 61 148
80 61 149
80 61 150
80 61 152
80 61 153
80 61 154
80 61 190
80 61 191
80 61 214
80 61 244
80 61 245
80 61 296
80 61 297
80 61 298
80 61 305
80 61 308
80 61 349
80 61 365
80 87 90
80 87 91
80 87 93
80 87 189
80 87 211
80 87 248
80 87 262
80 87 263
80 25 91
80 25 122
80 25 124
80 25 125
80 25 126
80 25 142
80 83 94
80 83 98
80 83 262
80 83 263
80 83 264
80 31 95
80 31 99
80 31 145
80 31 146
80 31 147
80 31 167
80 31 265
80 31 266
80 31 267
80 31 305
80 31 333
80 31 351
80 35 103
80 35 105
80 35 122
80 35 127
80 35 128
80 35 132
80 35 133
80 35 138
80 35 240
80 35 303
80 35 349
80 35 384
80 34 137
80 34 337
80 34 338
80 75 143
80 75 154
80 75 201
80 75 213
80 75 214
80 75 215
80 75 216
80 75 217
80 75 225
80 75 226
80 75 239
80 75 314
80 75 359
80 75 382
80 81 170
18 76 44
18 76 50
18 76 52
18 76 53
18 76 343
18 14 157
18 14 158
18 14 212
18 14 213
18 14 298
18 14 310
18 14 319
18 14 320
18 14 324
18 14 349
18 14 785
18 75 201
18 23 343
18 23 385
18 42 594
18 42 659
18 42 675
18 42 681
18 42 774
18 42 785
18 42 787
18 42 788
18 42 789
18 42 790
18 42 791
18 42 792
18 42 793
18 42 794
18 42 795
18 42 796
18 42 808
18 42 809
18 42 816
18 42 835
18 42 836
18 42 840
18 42 841
18 42 845
18 42 849
18 42 850
18 42 851
18 42 856
18 42 858
18 42 861
18 42 862
35 61 48
35 61 49
35 61 50
35 61 51
35 61 104
35 61 122
35 61 148
35 1 64
35 1 66
35 1 155
35 1 173
35 1 188
35 1 196
35 1 197
35 1 228
35 1 382
35 14 104
35 14 105
35 14 106
35 14 107
35 14 227
35 14 309
35 85 105
35 85 326
35 85 327
35 85 331
35 76 109
35 76 111
35 76 156
35 76 187
35 76 244
35 76 245
35 23 109
35 23 122
35 23 124
35 23 125
35 23 247
35 23 384
35 31 109
35 31 113
35 31 187
35 31 330
35 3 116
35 3 156
35 47 156
35 86 244
35 86 245
35 86 258
35 86 266
35 86 328
35 86 388
35 75 304
35 75 388
35 38 304
35 9 482
35 9 483
81 31 43
81 61 88
81 61 89
81 87 90
81 87 96
81 87 97
81 87 262
81 87 264
81 87 315
81 89 257
81 89 301
81 89 344
81 0 567
31 75 45
31 75 61
31 75 88
31 75 89
31 75 91
31 75 92
31 75 93
31 75 122
31 75 263
31 75 264
31 75 265
31 75 302
31 75 305
31 61 45
31 61 104
31 61 272
31 61 277
31 61 346
31 61 349
31 14 62
31 14 88
31 14 213
31 14 298
31 14 310
31 76 87
31 76 107
31 76 109
31 76 110
31 76 111
31 76 112
31 76 117
31 76 118
31 76 155
31 76 156
31 76 203
31 76 205
31 76 206
31 76 207
31 76 208
31 76 209
31 76 226
31 76 228
31 76 235
31 76 236
31 23 90
31 23 156
31 23 238
31 23 247
31 23 286
31 23 287
31 23 288
31 23 289
31 23 324
31 51 208
31 51 209
31 85 287
31 85 288
31 85 315
31 77 551
76 34 44
76 34 99
76 34 103
76 34 121
76 34 124
76 34 126
76 34 127
76 34 128
76 34 129
76 34 130
76 34 131
76 34 132
76 34 133
76 34 134
76 34 135
76 34 138
76 34 139
76 34 140
76 34 141
76 34 142
76 34 143
76 34 144
76 34 145
76 34 146
76 34 147
76 34 148
76 34 149
76 34 214
76 34 215
76 34 216
76 34 217
76 34 226
76 34 227
76 34 245
76 34 246
76 34 247
76 34 248
76 34 277
76 34 279
76 75 61
76 75 62
76 75 63
76 75 246
76 75 252
76 75 253
76 75 254
76 75 299
76 75 333
76 75 338
76 75 340
76 75 342
76 75 345
76 75 351
76 75 384
76 89 61
76 89 62
76 89 63
76 89 65
76 89 66
76 89 67
76 89 68
76 89 71
76 89 90
76 89 102
76 89 103
76 89 108
76 89 112
76 89 113
76 89 115
76 89 117
76 89 120
76 89 121
76 89 122
76 89 123
76 89 126
76 89 127
76 89 128
76 89 129
76 89 154
76 89 155
76 89 173
76 89 174
76 89 175
76 89 176
76 89 182
76 89 185
76 89 188
76 89 189
76 89 225
76 89 228
76 89 244
76 89 248
76 89 324
76 89 325
76 89 342
76 89 343
76 89 351
76 25 97
76 25 98
76 25 108
76 25 113
76 25 155
76 25 156
76 25 157
76 25 224
76 25 241
76 25 245
76 25 247
76 25 263
76 25 270
76 25 271
76 25 302
76 25 303
76 25 320
76 25 321
76 25 322
76 25 326
76 25 327
76 25 329
76 25 331
76 25 337
76 25 344
76 25 345
76 25 389
76 87 106
76 87 107
76 87 117
76 87 160
76 87 161
76 87 163
76 87 165
76 87 171
76 87 337
76 87 338
76 87 339
76 87 342
76 87 343
76 87 344
76 87 345
76 87 347
76 61 121
76 61 365
76 61 366
76 61 367
76 61 368
76 61 370
76 61 375
76 61 376
76 61 377
76 61 378
76 61 380
76 61 381
76 23 156
76 23 157
76 23 246
76 23 328
76 23 330
76 23 333
76 86 160
76 86 161
76 86 162
76 86 163
76 86 164
76 86 165
76 86 171
76 86 172
76 86 177
76 86 178
76 86 346
76 86 350
76 24 225
76 24 226
76 24 307
76 24 319
76 24 320
76 24 322
76 24 327
76 24 329
76 24 331
76 24 342
76 83 386
34 23 45
34 23 158
34 23 215
34 23 245
34 23 246
34 23 247
34 23 277
34 23 283
34 23 294
34 1 46
34 1 115
34 1 251
34 1 295
34 85 60
34 85 120
34 85 121
34 85 303
34 85 317
34 86 87
34 86 88
34 86 126
34 86 127
34 86 128
34 86 129
34 86 144
34 86 245
34 86 294
34 86 388
34 14 110
34 14 214
34 14 260
34 14 261
34 14 266
34 14 269
34 14 278
34 14 279
34 14 312
34 14 317
34 14 386
34 14 387
34 75 111
34 75 121
34 75 156
34 75 157
34 75 215
34 61 271
34 61 272
34 61 273
34 61 316
34 64 659
34 64 661
34 78 659
34 78 670
34 33 659
34 33 670
14 89 89
14 89 100
14 89 128
14 89 216
14 89 217
14 89 218
14 89 226
14 89 227
14 89 245
14 89 299
14 87 104
14 87 105
14 87 215
14 87 216
14 87 217
14 87 218
14 87 219
14 87 226
14 87 312
14 87 313
14 61 110
14 61 278
14 61 341
14 61 342
14 61 349
14 83 121
14 25 124
14 25 125
14 25 126
14 25 127
14 25 131
14 25 132
14 25 142
14 25 252
14 4 156
14 24 188
14 24 189
14 24 256
14 12 317
14 65 608
14 65 609
14 43 784
14 40 785
87 86 160
87 86 161
87 86 162
87 86 163
87 86 165
87 86 170
87 86 172
87 23 189
87 23 335
87 23 337
87 23 343
87 75 338
87 75 341
87 32 346
75 89 46
75 89 74
75 89 89
75 89 246
75 89 294
75 89 295
75 89 298
75 89 301
75 89 340
75 89 341
75 89 342
75 89 344
75 89 352
75 89 354
75 89 393
75 83 111
75 83 118
75 23 150
75 24 201
75 24 219
75 24 306
75 24 319
75 24 333
75 24 334
75 24 335
75 24 342
75 12 323
75 1 328
75 1 333
75 1 334
75 25 335
75 25 336
75 25 344
75 40 336
75 40 338
75 40 339
75 40 340
75 40 341
75 40 342
23 61 110
23 61 148
23 61 357
23 89 113
23 89 189
23 89 224
23 89 226
23 89 227
23 89 277
23 89 343
23 89 344
23 24 324
23 24 327
23 24 329
23 24 336
85 89 47
85 89 48
85 89 60
85 89 99
85 89 107
85 89 109
85 89 115
85 89 117
85 89 118
85 89 158
85 89 213
85 89 215
85 89 218
85 89 219
85 89 225
85 89 228
85 89 249
85 89 256
85 89 257
85 89 258
85 89 301
85 89 302
85 89 303
85 89 305
85 89 306
85 89 315
85 89 316
85 89 317
85 89 318
85 89 320
85 89 321
85 89 322
85 89 329
85 89 331
85 89 341
85 89 351
85 89 353
85 89 356
85 89 358
85 89 359
85 89 360
85 89 382
85 89 383
85 89 385
85 89 386
85 89 388
85 6 62
85 6 467
85 6 468
85 6 469
85 6 471
85 6 474
85 6 477
85 6 478
85 6 479
85 6 483
85 6 484
85 6 485
85 6 492
85 6 496
85 6 497
85 6 498
85 6 499
85 6 500
85 6 501
85 6 502
85 6 503
85 6 504
85 6 505
85 6 506
85 6 507
85 6 517
85 6 529
85 6 530
85 6 532
85 6 545
85 6 546
85 6 547
85 6 565
85 6 568
85 6 571
85 6 572
85 6 573
85 6 574
85 6 575
85 6 576
85 6 586
85 6 618
85 6 623
85 6 624
85 6 627
85 6 628
85 6 630
85 6 633
85 6 634
85 6 635
85 6 636
85 6 637
85 6 638
85 6 639
85 6 640
85 6 644
85 6 647
85 6 651
85 6 652
85 6 653
85 61 92
85 61 93
85 61 95
85 61 96
85 61 97
85 61 98
85 12 317
85 64 467
85 64 468
85 64 469
85 64 470
85 64 472
85 64 473
85 64 477
85 64 484
85 64 485
85 64 490
85 64 498
85 64 499
85 64 500
85 64 501
85 64 507
85 64 510
85 64 513
85 64 517
85 64 525
85 64 531
85 64 532
85 64 556
85 64 563
85 64 565
85 64 566
85 64 567
85 64 570
85 64 572
85 64 582
85 64 592
85 64 593
85 64 594
85 64 595
85 64 598
85 64 599
85 64 602
85 64 603
85 64 615
85 64 624
85 64 638
85 64 640
85 64 641
85 64 642
85 64 643
85 64 644
85 64 646
85 64 647
85 64 651
85 64 652
85 67 468
85 67 469
85 67 470
85 67 475
85 67 476
85 67 477
85 67 478
85 67 479
85 67 480
85 67 484
85 67 489
85 67 495
85 67 496
85 67 499
85 67 500
85 67 507
85 67 509
85 67 510
85 67 512
85 67 516
85 67 524
85 67 532
85 67 536
85 67 569
85 67 570
85 67 572
85 67 575
85 67 576
85 67 604
85 67 605
85 67 607
85 67 608
85 67 617
85 67 641
85 67 642
85 67 651
85 67 652
85 67 653
61 89 98
61 89 99
61 89 123
61 16 395
1 24 334
1 58 869
1 58 901
1 58 902
1 58 905
1 58 906
1 58 907
1 58 933
1 58 934
1 58 935
1 58 951
1 58 956
1 58 972
1 58 1027
1 58 1053
1 58 1054
1 58 1056
1 58 1058
1 58 1059
1 58 1061
1 58 1062
1 58 1063
1 58 1064
1 58 1070
1 58 1071
1 58 1102
1 58 1103
1 58 1104
1 58 1105
1 58 1107
1 58 1109
1 58 1114
1 58 1115
1 58 1117
1 58 1124
1 58 1126
1 58 1127
1 58 1129
1 58 1130
1 55 870
1 55 888
1 55 945
1 55 947
1 55 948
1 55 972
1 55 980
1 55 982
1 55 1023
1 55 1024
1 55 1025
1 55 1028
1 55 1029
1 55 1030
1 55 1036
1 55 1043
1 55 1044
1 55 1046
1 55 1047
1 55 1058
1 55 1059
1 55 1060
1 55 1061
1 55 1062
1 55 1064
1 55 1080
1 55 1103
1 55 1134
1 60 903
1 60 904
1 60 905
1 60 906
1 60 938
1 60 945
1 60 955
1 60 981
1 60 1057
1 60 1062
1 60 1063
1 60 1072
1 60 1134
1 69 1102
1 69 1103
1 41 1130
1 41 1131
50 6 53
50 6 54
50 6 55
50 6 57
50 6 60
50 6 61
50 6 62
50 6 63
50 6 64
50 6 65
50 6 66
50 6 67
50 6 68
50 6 69
50 6 70
50 6 71
50 6 72
50 6 73
50 6 74
50 6 75
50 6 76
50 6 77
50 6 78
50 6 79
50 6 80
50 6 81
50 6 83
50 6 85
50 6 86
50 6 87
50 6 105
50 6 106
50 6 108
50 6 109
50 6 111
50 6 112
50 6 115
50 6 116
50 6 117
50 6 121
50 6 122
50 6 123
50 6 125
50 6 126
50 6 127
50 6 130
50 6 131
50 62 172
50 62 178
50 62 194
50 62 201
6 47 129
6 67 468
6 67 469
6 67 471
6 67 472
6 67 473
6 67 476
6 67 477
6 67 478
6 67 479
6 67 480
6 67 481
6 67 483
6 67 490
6 67 491
6 67 494
6 67 498
6 67 500
6 67 516
6 67 520
6 67 522
6 67 524
6 67 528
6 67 531
6 67 532
6 67 533
6 67 535
6 67 537
6 67 544
6 67 553
6 67 554
6 67 555
6 67 558
6 67 566
6 67 568
6 67 572
6 67 573
6 67 574
6 67 575
6 67 576
6 67 579
6 67 582
6 67 583
6 67 584
6 67 585
6 67 586
6 67 587
6 67 590
6 67 592
6 67 594
6 67 595
6 67 596
6 67 598
6 67 599
6 67 600
6 67 604
6 67 605
6 67 606
6 67 607
6 67 608
6 67 609
6 67 610
6 67 612
6 67 615
6 67 616
6 67 617
6 67 618
6 67 624
6 67 625
6 67 628
6 67 629
6 67 630
6 67 632
6 67 633
6 67 650
6 67 652
6 64 497
6 64 502
6 64 515
6 64 517
6 64 521
6 64 523
6 64 525
6 64 532
6 64 535
6 64 539
6 64 540
6 64 543
6 64 544
6 64 545
6 64 550
6 64 569
6 64 571
6 64 586
6 64 625
6 64 630
6 64 631
6 64 646
6 41 531
83 9 555
83 9 556
83 9 587
83 67 556
83 67 592
83 67 593
83 67 594
83 67 595
83 67 598
83 64 557
83 64 590
86 36 1184
86 36 1186
86 36 1189
86 36 1196
86 36 1197
49 36 586
25 63 365
25 63 367
25 63 373
25 63 374
25 63 375
25 63 376
25 63 377
25 63 380
25 63 381
25 63 382
25 63 383
25 63 384
25 63 385
25 63 386
25 63 387
25 63 390
25 63 391
25 63 392
25 63 393
25 63 409
25 63 411
25 63 413
25 63 414
25 63 416
25 63 421
47 74 535
47 74 538
47 74 540
47 74 548
47 74 552
47 74 558
47 74 562
47 74 580
47 74 582
47 74 584
47 74 587
47 74 591
47 74 592
47 74 593
47 74 595
47 74 596
47 74 597
47 74 598
47 74 600
47 74 601
4 12 266
4 12 267
4 12 268
4 12 269
4 12 270
4 12 271
4 12 277
4 12 278
4 12 281
4 12 282
4 12 283
4 12 284
4 12 285
4 12 286
4 12 299
4 12 300
4 12 304
4 12 308
4 12 309
4 12 310
4 12 311
4 12 312
4 12 313
4 12 315
4 12 316
4 12 318
4 12 319
4 12 320
4 12 321
4 12 322
4 12 324
4 12 325
4 12 329
4 12 332
4 12 335
4 12 344
4 12 345
4 12 346
4 12 347
4 12 348
4 12 349
4 12 352
4 12 353
4 12 354
4 12 357
4 12 358
4 12 359
4 12 360
4 12 361
4 12 362
4 12 366
4 12 367
4 12 369
4 12 370
4 12 371
4 12 372
4 12 373
4 12 374
4 12 375
4 12 378
4 12 379
4 12 380
4 12 381
4 12 382
4 12 383
4 12 384
4 12 385
4 12 386
51 62 171
51 62 173
51 62 174
51 62 175
51 62 176
51 62 179
51 62 180
51 62 197
51 62 198
51 62 204
51 62 206
51 62 207
51 62 210
51 62 223
51 62 226
51 62 227
51 62 228
51 62 229
51 62 230
51 62 231
51 62 232
51 62 236
51 62 239
51 62 240
51 62 241
51 62 242
51 62 248
51 62 252
51 62 265
51 62 266
51 62 268
51 62 269
51 62 270
51 62 271
51 62 272
51 62 273
51 62 274
51 62 277
51 62 279
51 62 284
51 62 285
51 7 279
51 12 409
51 12 410
51 12 411
51 12 412
51 12 413
51 12 415
51 12 416
51 12 417
51 12 418
51 12 419
51 12 420
51 12 422
51 12 433
51 12 434
51 12 435
51 12 436
51 12 437
51 12 438
51 12 439
51 12 440
51 12 446
51 12 447
51 12 448
24 73 201
24 73 202
73 26 198
73 26 199
73 26 200
73 26 203
73 26 204
73 26 205
73 26 206
73 26 208
73 26 210
73 26 211
73 26 214
73 26 215
73 26 222
73 26 223
73 26 224
73 26 225
73 26 227
73 26 228
73 26 233
73 26 234
73 26 236
73 26 237
73 26 243
73 26 244
73 26 245
73 26 248
73 26 249
73 26 250
73 26 261
73 26 266
73 26 267
73 26 268
73 26 269
73 26 270
73 26 271
73 26 272
73 26 273
73 26 274
73 26 275
73 26 276
73 26 277
73 26 278
73 26 279
73 26 280
73 26 281
73 26 282
73 26 283
73 26 284
73 26 288
73 26 310
73 26 313
73 26 314
73 26 315
73 26 316
26 52 461
26 52 575
26 52 606
38 7 278
38 27 1281
38 27 1296
38 27 1297
38 27 1391
38 27 1392
38 27 1402
38 27 1403
38 27 1406
38 27 1409
38 27 1410
7 29 952
7 29 953
7 29 956
7 29 958
7 29 959
7 29 960
7 29 965
7 29 967
7 29 968
7 29 969
7 29 970
7 29 971
7 29 980
7 29 981
7 29 982
7 29 983
7 29 988
7 29 989
7 29 990
7 29 992
7 29 993
7 29 994
7 29 995
7 29 999
7 29 1000
7 29 1001
7 29 1003
7 29 1004
7 29 1005
7 29 1007
7 29 1008
7 29 1013
7 29 1014
7 29 1031
7 29 1041
7 29 1042
7 29 1043
7 69 994
7 69 995
7 69 999
5 16 386
5 16 387
5 27 394
5 27 395
5 27 396
5 27 397
5 27 398
5 27 399
5 27 400
5 27 401
5 27 402
5 27 403
5 27 404
5 27 405
5 27 406
5 27 407
5 27 408
5 27 424
5 27 425
5 27 426
5 27 428
5 27 430
5 27 431
9 64 467
9 64 468
9 64 469
9 64 470
9 64 471
9 64 472
9 64 473
9 64 477
9 64 478
9 64 479
9 64 480
9 64 481
9 64 483
9 64 484
9 64 485
9 64 486
9 64 488
9 64 490
9 64 491
9 64 492
9 64 493
9 64 494
9 64 495
9 64 498
9 64 499
9 64 500
9 64 501
9 64 503
9 64 504
9 64 505
9 64 506
9 64 507
9 64 512
9 64 513
9 64 516
9 64 520
9 64 536
9 64 537
9 64 541
9 64 542
9 64 548
9 64 549
9 64 553
9 64 554
9 64 555
9 64 557
9 64 558
9 64 565
9 64 572
9 64 575
9 64 585
9 64 588
9 64 600
9 64 622
9 64 623
9 64 647
9 64 648
9 64 650
9 64 651
9 67 499
9 67 507
9 67 517
9 67 519
9 67 521
9 67 523
9 67 525
9 67 527
9 67 588
9 67 603
9 67 611
9 67 613
9 67 636
9 67 641
9 67 642
9 67 643
9 67 644
9 67 645
9 67 647
9 67 648
9 67 649
9 67 651
9 59 589
32 77 552
32 77 553
32 77 555
32 77 556
32 77 559
32 77 560
32 77 561
32 77 562
32 77 563
32 77 574
32 77 576
32 77 578
32 77 591
32 77 599
32 70 620
32 70 621
32 70 622
63 16 387
63 27 394
63 27 397
63 27 398
63 27 399
63 27 401
63 27 402
63 27 403
63 27 404
63 27 405
63 27 408
63 27 412
63 27 415
63 27 417
63 27 418
63 27 419
63 27 420
63 27 422
63 27 424
63 27 425
63 27 427
63 27 430
63 27 431
52 16 377
52 16 379
52 16 380
52 16 383
52 16 384
52 16 385
52 16 386
52 16 387
52 16 388
52 16 392
52 16 393
52 16 394
52 16 395
52 16 396
52 16 397
52 16 398
52 16 399
52 16 400
52 16 401
52 16 402
52 16 403
52 16 404
52 16 405
52 16 406
52 16 407
52 16 408
52 16 423
52 16 424
52 16 425
52 16 426
52 16 427
52 16 428
52 16 429
52 27 385
52 64 668
16 36 547
16 36 548
16 36 549
16 36 568
16 36 569
16 36 570
16 36 579
16 36 587
16 36 591
16 36 594
16 36 608
16 36 621
16 36 622
27 60 1189
27 60 1199
27 60 1200
27 60 1235
27 60 1239
27 60 1240
27 60 1243
27 60 1244
27 60 1245
27 60 1248
27 60 1249
27 60 1251
27 60 1252
27 60 1253
27 60 1254
27 60 1264
27 60 1266
27 60 1319
27 60 1332
27 60 1365
27 60 1371
27 60 1378
27 60 1379
27 60 1380
27 60 1381
27 60 1385
27 60 1386
27 60 1387
27 60 1388
27 60 1391
27 60 1393
27 60 1403
27 60 1408
27 60 1409
27 60 1410
10 41 434
10 41 437
10 41 438
10 41 439
10 41 440
10 41 441
10 41 442
10 41 443
10 41 444
10 41 445
10 41 446
10 41 447
10 41 448
10 41 449
10 41 450
10 41 451
10 41 453
10 41 454
10 41 455
10 41 456
10 41 466
10 41 534
10 41 535
10 44 952
10 44 957
10 44 958
10 44 959
10 44 960
10 44 964
10 44 967
10 44 968
10 44 969
10 44 981
10 44 982
10 44 983
10 44 1044
41 53 513
41 77 561
64 67 468
64 67 469
64 67 470
64 67 471
64 67 472
64 67 473
64 67 476
64 67 477
64 67 478
64 67 479
64 67 480
64 67 481
64 67 482
64 67 483
64 67 494
64 67 497
64 67 498
64 67 500
64 67 506
64 67 507
64 67 510
64 67 514
64 67 515
64 67 516
64 67 517
64 67 518
64 67 519
64 67 520
64 67 521
64 67 522
64 67 523
64 67 524
64 67 525
64 67 527
64 67 528
64 67 532
64 67 545
64 67 547
64 67 548
64 67 550
64 67 551
64 67 552
64 67 553
64 67 556
64 67 558
64 67 563
64 67 570
64 67 575
64 67 576
64 67 582
64 67 585
64 67 586
64 67 592
64 67 594
64 67 595
64 67 596
64 67 597
64 67 598
64 67 600
64 67 601
64 67 602
64 67 615
64 67 624
64 67 629
64 67 640
64 67 642
64 67 645
64 67 647
64 67 648
64 67 649
64 67 650
64 67 651
64 67 652
64 67 653
64 48 549
64 42 557
64 44 558
64 65 562
64 65 642
64 78 656
64 78 657
64 78 661
64 78 662
64 78 663
64 78 664
64 78 668
64 78 671
64 78 672
64 78 673
64 78 674
64 78 680
64 78 682
64 78 683
64 78 706
64 78 711
64 78 712
64 30 657
64 30 661
64 30 664
64 30 682
64 30 686
64 30 695
64 30 711
64 30 712
53 43 775
53 43 776
53 43 777
53 43 778
53 43 810
53 43 838
53 43 839
53 43 840
42 65 497
42 65 498
42 65 500
42 65 517
42 65 518
42 65 521
42 65 523
42 65 527
42 65 531
42 65 532
42 65 533
42 65 535
42 65 539
42 65 540
42 65 543
42 65 553
42 65 577
42 65 581
42 65 582
42 65 583
42 65 589
42 65 590
42 65 609
42 65 618
42 65 619
42 65 620
42 65 622
42 65 626
42 65 627
42 65 631
42 65 635
42 65 640
42 65 641
42 65 643
42 65 646
42 65 650
42 65 651
42 65 652
42 65 657
42 65 662
42 70 498
42 70 499
42 70 500
42 70 501
42 70 503
42 70 544
42 70 546
42 70 553
42 70 554
42 70 556
42 70 573
42 70 647
42 70 661
42 70 664
42 70 665
42 70 670
42 55 498
42 55 500
42 55 646
42 74 577
42 36 618
42 68 678
42 68 686
42 68 687
42 68 695
42 68 696
42 68 697
42 68 698
42 68 699
42 68 700
42 68 701
42 68 705
42 68 708
42 68 713
42 68 717
42 68 726
42 68 727
42 68 755
42 68 757
42 68 758
42 68 762
42 68 764
42 68 765
65 70 498
65 70 499
65 70 500
65 70 501
65 70 502
65 70 504
65 70 508
65 70 522
65 70 527
65 70 535
65 70 538
65 70 547
65 70 549
65 70 551
65 70 561
65 70 570
65 70 608
65 70 609
65 70 646
65 70 647
65 70 648
65 70 649
65 70 650
65 70 668
65 70 670
65 55 498
65 55 499
65 55 543
65 55 545
65 55 549
65 55 570
65 55 577
65 55 608
65 55 660
65 55 661
65 44 499
65 44 546
65 44 575
65 44 621
65 44 623
65 44 639
65 44 644
65 44 647
65 44 649
65 44 661
65 44 663
65 44 665
65 44 666
65 44 667
65 44 668
65 44 670
65 57 500
65 57 501
65 57 502
65 57 539
65 57 542
65 57 546
65 57 547
65 57 607
65 57 609
65 57 662
65 57 663
65 57 670
65 74 577
70 57 498
70 57 499
70 57 500
70 57 501
70 57 503
70 57 529
70 57 530
70 57 541
70 57 544
70 57 552
70 57 553
70 57 555
70 57 556
70 57 559
70 57 571
70 57 573
70 57 589
70 57 590
70 57 593
70 57 594
70 57 595
70 57 596
70 57 597
70 57 598
70 57 599
70 57 600
70 57 601
70 57 602
70 57 603
70 57 604
70 57 605
70 57 606
70 57 607
70 57 611
70 57 613
70 57 631
70 57 634
70 57 635
70 57 638
70 57 639
70 57 640
70 57 641
70 57 642
70 57 646
70 57 647
70 57 648
70 57 650
70 57 652
70 57 661
70 57 667
70 57 669
70 57 670
70 55 532
70 55 534
70 55 545
70 55 548
70 55 572
70 55 580
70 55 586
70 55 608
70 55 609
70 55 614
70 55 616
70 55 643
70 55 662
70 55 666
70 44 534
70 44 547
70 44 548
70 44 549
70 44 576
70 44 668
70 59 555
70 29 623
70 29 624
70 29 625
55 59 872
55 59 881
55 59 908
55 59 913
55 59 914
55 59 915
55 59 922
55 59 927
55 59 928
55 59 934
55 59 1058
55 59 1130
55 59 1131
55 59 1132
55 59 1133
55 59 1134
55 56 872
55 56 873
55 56 885
55 56 909
55 56 910
55 56 915
55 56 934
55 56 938
55 56 976
55 56 977
55 56 1022
55 56 1023
55 56 1024
55 56 1025
55 56 1028
55 56 1029
55 56 1030
55 56 1033
55 56 1039
55 56 1040
55 56 1042
55 56 1044
55 56 1045
55 56 1046
55 56 1047
55 56 1048
55 56 1054
55 56 1058
55 56 1059
55 56 1061
55 56 1062
55 56 1063
55 56 1064
55 56 1072
55 56 1079
55 56 1096
55 56 1097
55 56 1098
55 56 1131
55 56 1132
55 56 1133
55 56 1134
55 69 1100
57 44 499
57 44 501
57 44 556
57 44 573
57 44 660
57 44 661
57 44 662
57 44 663
57 44 670
57 44 671
57 56 1170
57 56 1171
57 56 1192
57 56 1210
57 56 1216
57 56 1218
57 56 1234
57 56 1241
44 68 692
44 68 693
44 68 694
44 68 702
44 68 706
44 68 707
44 68 710
44 68 711
44 29 952
44 29 958
44 29 959
44 29 960
44 29 963
44 29 964
44 29 967
44 29 968
44 29 976
44 29 980
44 29 981
44 29 982
44 29 983
44 29 985
59 0 506
59 0 507
59 0 511
59 0 512
59 0 514
59 0 523
59 0 524
59 0 525
59 0 531
59 0 545
59 0 550
59 0 552
59 0 553
59 0 563
59 0 569
59 0 574
59 0 588
59 0 595
59 0 596
59 0 598
59 0 613
59 0 656
59 0 670
59 0 671
59 0 673
59 0 683
59 0 692
59 0 693
59 58 872
59 58 908
59 58 909
59 58 910
59 58 911
59 58 931
59 58 980
59 58 993
59 58 1052
59 58 1055
59 58 1057
59 58 1058
59 58 1059
59 58 1060
59 58 1062
59 58 1132
59 58 1133
59 58 1134
0 58 551
48 74 533
48 74 534
48 74 536
48 74 539
48 74 541
48 74 544
48 74 547
48 74 551
48 74 565
48 74 577
48 74 579
48 74 585
48 74 588
48 33 585
36 60 1184
36 60 1197
36 60 1203
36 60 1215
36 60 1396
36 60 1410
36 30 1199
36 30 1202
36 30 1203
36 30 1204
36 30 1205
36 30 1206
36 30 1207
36 30 1208
36 30 1209
36 30 1211
36 30 1219
36 30 1220
77 29 564
77 29 567
77 29 573
77 29 575
77 29 577
77 29 579
77 29 630
77 29 635
58 69 1003
58 69 1013
58 43 1128
58 43 1130
33 78 688
30 78 656
30 78 657
30 78 659
30 78 664
30 78 665
30 78 681
30 78 682
30 78 686
30 78 687
30 78 695
30 78 696
30 78 697
30 78 699
30 78 711
30 78 712
54 69 1099
56 69 1099
56 69 1107
56 60 1101
