66 162 0
66 162 1
66 162 11
66 162 15
66 162 17
66 162 21
66 162 22
66 162 26
66 162 27
66 162 28
66 162 29
66 162 30
66 162 32
66 162 33
66 162 34
66 162 35
66 162 36
66 162 37
66 162 39
66 162 40
66 181 5
66 154 5
66 154 90
66 124 28
66 124 29
66 124 30
66 124 32
66 91 40
66 91 55
66 91 70
66 91 75
66 91 77
66 91 79
66 91 80
66 91 81
66 91 82
66 91 83
66 91 84
66 91 85
66 91 86
66 91 87
66 91 88
66 91 89
66 91 96
66 91 97
66 91 120
66 91 123
66 91 124
66 91 125
66 91 160
66 91 161
66 91 162
66 91 176
66 91 211
66 91 217
66 91 218
66 91 219
66 91 220
66 91 221
66 91 222
66 91 223
66 91 227
66 91 230
66 147 74
66 147 75
66 179 75
66 84 79
66 84 80
66 84 103
66 84 144
66 60 97
66 191 99
66 191 140
66 33 116
66 96 141
66 117 146
66 47 150
66 47 151
66 47 152
66 47 153
66 64 155
66 45 157
66 92 158
66 92 163
66 92 173
66 92 176
66 92 198
66 92 199
66 92 200
66 92 201
66 92 206
66 92 209
66 92 217
66 92 220
66 92 221
66 128 227
66 55 229
66 178 229
162 125 27
162 125 29
162 60 39
162 26 155
162 26 156
162 26 157
162 26 158
162 26 160
162 26 161
162 26 164
162 26 165
162 26 167
162 26 168
162 26 174
162 26 178
162 26 179
162 26 181
162 26 186
162 26 188
162 26 189
162 26 195
162 26 196
162 26 197
162 26 198
162 26 199
162 26 200
162 26 202
162 26 206
162 26 209
162 26 210
162 26 211
162 26 217
162 26 218
162 26 219
162 26 220
162 26 221
162 26 223
162 26 224
162 124 161
162 46 177
162 86 194
162 141 196
162 141 197
162 141 198
162 92 199
162 92 200
162 128 218
21 181 1
21 181 3
21 181 4
21 181 12
21 181 13
21 181 14
21 181 15
21 181 29
21 177 58
21 177 59
21 177 60
21 177 63
21 177 64
21 177 65
21 177 70
21 177 71
21 177 85
21 177 86
21 177 87
21 177 88
21 177 90
21 177 101
21 177 103
21 177 104
21 177 105
21 177 106
21 177 108
21 177 123
21 177 125
21 177 126
21 177 127
21 177 128
21 177 129
21 177 134
21 177 135
21 177 139
21 177 141
21 177 146
21 177 147
21 177 156
21 177 167
21 177 168
21 177 169
21 177 176
21 177 177
21 177 178
21 177 187
21 177 190
21 177 192
21 177 195
21 177 197
21 177 198
21 177 199
21 177 200
21 177 209
21 177 210
21 177 212
21 177 214
21 177 216
21 177 217
21 177 218
21 177 219
21 177 222
21 177 223
21 160 59
21 160 60
21 160 61
21 160 63
21 160 64
21 160 71
21 160 72
21 160 73
21 160 74
21 160 85
21 160 88
21 160 90
21 160 92
21 160 93
21 160 94
21 160 95
21 160 96
21 160 97
21 160 98
21 160 100
21 160 109
21 160 117
21 160 123
21 160 130
21 160 150
21 160 168
21 160 169
21 160 170
21 160 171
21 160 174
21 160 175
21 160 176
21 160 177
21 160 184
21 160 185
21 160 187
21 160 192
21 160 195
21 160 197
21 160 199
21 160 200
21 160 205
21 160 206
21 160 207
21 160 209
21 160 212
21 160 213
21 160 214
21 160 216
21 160 218
21 160 219
21 160 220
21 160 221
21 160 222
21 160 223
21 75 59
21 75 61
21 75 66
21 75 67
21 75 68
21 75 69
21 75 70
21 75 71
21 75 72
21 75 75
21 75 76
21 75 84
21 75 88
21 75 89
21 75 93
21 75 94
21 75 95
21 75 96
21 75 125
21 75 126
21 75 127
21 75 128
21 75 129
21 75 130
21 75 131
21 75 137
21 75 139
21 75 141
21 75 143
21 75 146
21 75 147
21 75 164
21 75 176
21 75 177
21 75 187
21 75 188
21 75 192
21 75 196
21 75 197
21 75 198
21 75 199
21 75 206
21 75 210
21 75 212
21 75 217
21 75 219
21 75 220
21 75 221
21 4 69
21 4 70
21 96 70
21 3 72
21 3 73
21 3 100
21 3 140
21 178 139
21 61 172
21 68 172
21 80 178
21 84 193
21 191 193
21 45 218
181 204 12
181 54 54
181 163 80
181 191 88
181 191 131
181 84 96
181 84 106
181 84 107
181 84 117
181 84 119
181 84 124
181 84 127
181 84 131
181 84 134
181 91 99
181 177 142
181 125 145
181 192 359
181 192 381
54 154 2
54 154 3
54 154 4
54 154 11
54 154 13
54 154 14
54 154 15
54 154 16
54 154 17
54 154 18
54 154 19
54 154 20
54 154 21
54 154 23
54 154 25
54 154 26
54 154 27
54 154 28
54 154 29
54 154 30
54 154 31
54 154 41
54 154 42
54 154 44
54 154 45
54 154 53
54 154 54
54 154 55
54 154 56
54 154 58
54 154 59
54 154 60
54 154 61
54 154 62
54 154 63
54 154 64
54 154 65
54 154 66
54 154 67
54 154 68
54 154 69
54 154 70
54 154 71
54 154 72
54 154 73
54 154 74
54 154 75
54 154 76
54 154 77
54 154 78
54 154 79
54 154 80
54 154 81
54 154 82
54 154 83
54 154 84
54 154 85
54 154 86
54 154 87
54 154 88
54 154 89
54 154 90
54 154 91
54 154 92
54 200 18
54 147 45
54 67 46
54 67 90
54 107 112
54 107 113
54 107 120
54 107 129
54 107 131
54 107 144
54 107 157
54 107 158
54 107 162
54 107 167
54 107 168
54 107 197
54 107 224
54 161 122
54 161 123
54 161 124
54 161 125
54 161 126
54 161 128
54 161 133
54 161 134
54 161 197
54 161 206
54 161 217
54 161 219
54 80 123
54 80 129
54 92 136
54 92 142
54 92 143
54 45 144
54 45 145
54 45 174
54 45 193
54 178 191
54 160 207
154 204 18
154 55 32
154 55 33
154 55 34
154 55 35
154 55 36
154 55 40
154 148 45
154 125 46
154 125 49
154 125 51
154 60 53
154 117 54
154 185 54
154 84 59
154 163 90
32 200 6
32 200 8
32 200 10
32 200 11
32 200 12
32 200 15
32 200 18
32 200 21
32 200 22
32 200 35
32 200 36
32 200 41
32 200 42
32 200 43
32 200 47
32 200 51
32 200 53
32 200 54
32 200 57
32 200 59
32 200 60
32 200 70
32 200 79
32 200 80
32 200 83
32 200 86
32 200 87
32 200 89
32 200 91
32 200 101
32 200 102
32 200 104
32 200 106
32 200 111
32 200 112
32 200 113
32 147 85
32 67 86
32 157 503
32 169 525
32 193 525
32 49 525
32 170 534
32 170 537
32 170 538
32 170 539
32 170 545
32 170 547
32 170 548
32 170 549
32 170 550
32 170 568
32 170 572
32 170 574
32 170 575
32 170 578
32 170 579
32 170 581
32 170 582
32 170 584
32 170 586
200 199 39
200 40 44
200 40 73
200 40 87
200 96 64
200 96 66
200 96 85
200 160 67
200 117 90
200 192 108
200 53 111
200 53 112
200 155 202
200 71 279
200 71 280
200 35 279
200 35 280
117 124 9
117 124 10
117 124 12
117 124 13
117 124 14
117 124 15
117 124 17
117 124 18
117 124 19
117 124 21
117 124 22
117 124 23
117 124 24
117 124 25
117 124 26
117 124 27
117 124 31
117 124 39
117 124 40
117 124 43
117 124 44
117 124 45
117 124 46
117 124 48
117 124 58
117 124 66
117 124 67
117 124 72
117 124 73
117 124 74
117 124 75
117 124 76
117 124 77
117 124 78
117 124 93
117 124 97
117 124 107
117 124 120
117 124 134
117 124 135
117 124 137
117 124 141
117 124 144
117 124 147
117 124 151
117 124 154
117 124 155
117 124 156
117 124 157
117 124 159
117 124 160
117 124 164
117 124 185
117 124 186
117 124 188
117 124 190
117 124 191
117 124 197
117 124 205
117 124 211
117 124 212
117 124 213
117 124 214
117 124 215
117 124 223
117 124 224
117 124 230
117 124 235
117 124 237
117 124 242
117 124 257
117 124 265
117 124 266
117 124 267
117 124 268
117 124 269
117 147 44
117 4 119
117 4 120
117 96 119
117 69 148
117 102 148
117 102 206
117 102 207
117 102 208
117 102 209
117 102 210
117 102 211
117 102 213
117 102 215
117 102 233
117 102 242
117 102 245
117 102 256
117 86 202
117 187 202
117 175 453
117 116 453
117 169 488
117 169 489
117 126 495
117 82 498
117 106 519
124 46 24
124 60 43
124 192 117
124 4 140
124 61 148
124 92 159
124 3 178
124 64 198
124 64 199
124 178 236
124 102 250
124 102 267
124 102 269
124 102 270
124 174 265
124 203 842
124 203 903
124 203 904
204 55 17
204 34 20
204 34 23
204 34 24
204 34 25
204 34 33
204 77 34
204 147 41
204 147 42
204 147 85
204 143 46
204 53 109
204 53 113
204 53 116
204 53 213
204 53 217
204 53 218
204 80 110
204 80 156
204 82 111
204 16 112
204 16 133
204 45 113
204 45 114
204 45 131
204 45 198
204 45 230
204 45 231
204 45 232
204 107 116
204 107 127
204 107 129
204 107 131
204 107 133
204 107 148
204 107 149
204 107 150
204 107 157
204 107 162
204 107 167
204 107 172
204 107 200
204 107 202
204 107 203
204 107 204
204 107 214
204 107 215
204 107 218
204 107 226
204 107 233
204 161 137
204 161 184
204 161 204
204 161 217
204 161 220
204 161 223
204 92 143
204 128 145
204 128 203
204 128 217
204 180 233
55 163 90
55 186 117
55 186 118
55 186 119
55 186 127
55 186 131
55 186 155
55 186 166
55 186 167
55 186 180
55 186 181
55 186 202
55 186 221
55 186 223
55 186 224
55 186 225
55 186 233
55 186 234
55 155 117
55 155 118
55 155 119
55 155 120
55 155 127
55 155 131
55 155 200
55 155 201
55 155 203
55 155 204
55 155 207
55 155 218
55 46 191
55 175 201
55 175 227
55 175 229
55 6 204
55 6 205
55 6 206
55 6 209
55 6 210
55 23 208
55 26 220
55 153 220
55 82 229
55 48 232
55 141 233
55 144 242
34 71 214
34 71 216
34 71 218
34 71 222
34 71 223
34 71 224
34 71 226
34 71 227
34 71 228
34 71 230
34 71 231
34 71 232
34 71 233
34 71 234
34 71 235
34 71 236
34 71 238
34 71 239
34 71 240
34 71 246
34 71 247
34 71 255
34 71 256
34 92 235
46 61 41
46 3 44
46 3 68
46 3 69
46 91 59
46 91 63
46 91 64
46 187 62
46 176 66
46 75 70
46 4 70
46 76 70
46 107 112
46 107 137
46 107 140
46 107 141
46 107 142
46 107 143
46 107 175
46 107 179
46 107 199
46 16 114
46 16 115
46 16 123
46 16 124
46 16 125
46 16 126
46 16 130
46 16 132
46 16 133
46 16 135
46 16 136
46 16 153
46 16 171
46 16 189
46 161 125
46 161 129
46 161 130
46 161 131
46 161 134
46 161 136
46 161 175
46 161 185
46 161 189
46 161 190
46 161 191
46 161 192
46 161 200
46 161 213
46 161 225
46 161 228
46 161 230
46 108 151
46 108 184
46 160 199
46 177 200
125 116 35
125 116 87
125 116 88
125 116 89
125 116 92
125 116 94
125 116 95
125 116 98
125 116 101
125 116 174
125 116 176
125 116 187
125 116 189
125 116 252
125 116 258
125 147 79
125 67 80
125 77 104
125 4 146
125 4 187
125 26 161
125 102 202
125 102 204
125 102 205
125 102 207
125 102 213
125 102 215
125 102 216
125 102 217
125 102 222
125 102 226
125 102 228
125 102 229
125 102 230
125 102 234
125 102 235
125 102 236
125 102 237
125 102 242
125 102 243
125 102 245
125 102 246
125 102 248
125 102 251
125 102 256
125 102 257
125 102 258
125 102 261
125 68 220
125 35 464
125 49 481
125 49 482
125 49 486
125 118 490
125 118 491
125 118 515
125 187 496
125 187 497
125 170 537
125 82 569
199 47 28
199 116 34
199 77 35
199 77 36
199 77 37
199 77 38
199 77 39
199 77 41
199 77 42
199 77 43
199 77 45
199 77 46
199 77 53
199 77 65
199 77 66
199 77 67
199 77 68
199 77 70
199 77 71
199 77 73
199 77 74
199 77 79
199 77 81
199 77 82
199 77 85
199 77 86
199 77 87
199 77 88
199 77 92
199 77 94
199 77 95
199 77 96
199 77 103
199 77 129
199 77 130
199 77 131
199 77 132
199 77 133
199 77 134
199 77 135
199 77 157
199 77 166
199 67 40
199 22 165
199 22 166
199 176 736
199 172 749
199 172 750
199 172 751
199 172 765
199 172 786
199 172 792
199 172 794
199 172 795
199 89 754
199 51 761
47 60 36
47 68 112
47 68 113
47 68 114
47 68 115
47 68 117
47 68 118
47 68 119
47 68 124
47 68 125
47 68 126
47 68 130
47 68 131
47 68 133
47 68 135
47 68 136
47 68 137
47 68 138
47 68 139
47 68 140
47 68 145
47 68 146
47 68 147
47 68 148
47 68 149
47 68 150
47 68 155
47 68 156
47 68 157
47 68 158
47 68 169
47 68 182
47 68 183
47 68 184
47 68 185
47 68 198
47 68 208
47 68 209
47 68 211
47 68 212
47 68 226
47 68 227
47 68 228
47 68 229
47 68 233
47 68 234
47 68 236
47 68 239
47 68 240
47 155 126
47 92 127
47 92 133
47 92 134
47 92 139
47 92 234
47 141 132
47 141 134
47 141 229
47 153 132
47 69 136
47 16 137
47 16 138
47 16 139
47 16 141
47 16 240
47 91 143
47 188 193
47 26 214
47 128 230
47 177 240
40 143 30
40 143 31
40 143 32
40 143 37
40 143 39
40 143 40
40 143 41
40 143 42
40 143 43
40 143 44
40 143 45
40 143 46
40 143 47
40 143 48
40 143 49
40 143 50
40 143 51
40 143 52
40 143 53
40 143 54
40 143 55
40 143 56
40 143 57
40 143 58
40 143 62
40 143 63
40 143 64
40 143 66
40 143 68
40 143 69
40 143 70
40 143 71
40 143 72
40 143 73
40 143 74
40 143 75
40 143 76
40 143 77
40 143 78
40 143 79
40 143 80
40 143 81
40 143 84
40 143 85
40 143 86
40 143 87
40 143 88
40 143 89
40 143 90
40 143 91
40 143 93
40 143 95
40 143 96
40 143 97
40 143 101
40 143 102
40 143 103
40 143 104
40 143 105
40 143 107
40 143 109
40 143 110
40 143 111
40 143 112
40 143 115
40 143 116
40 143 119
40 143 120
40 143 121
40 143 122
40 143 123
40 143 124
40 143 129
40 143 130
40 143 131
40 143 133
40 143 134
40 143 135
40 143 136
40 143 137
40 143 138
40 143 139
40 143 140
40 143 142
40 143 143
40 143 144
40 143 145
40 143 147
40 143 148
40 143 149
40 143 150
40 143 151
40 143 152
40 143 153
40 143 154
40 143 155
40 143 156
40 143 157
40 143 158
40 143 159
40 77 40
40 147 40
40 176 81
40 67 85
40 141 145
40 92 145
40 142 146
40 5 149
40 5 150
40 5 151
40 5 152
40 5 153
40 5 154
40 5 155
40 5 156
40 5 157
40 5 158
40 5 159
40 5 160
40 127 824
40 127 825
40 127 832
40 27 869
143 65 37
143 91 37
143 179 81
143 84 90
143 5 148
143 5 149
143 5 150
143 5 151
143 5 152
143 5 153
143 5 154
143 5 155
143 5 156
143 5 157
143 5 158
143 5 159
143 33 149
143 33 150
143 33 151
143 33 152
143 33 153
143 33 154
143 33 155
143 33 156
143 33 157
143 33 158
143 33 159
143 153 153
143 78 197
144 61 33
144 41 33
144 41 34
144 41 35
144 41 36
144 41 38
144 41 240
144 41 243
144 41 244
144 41 245
144 41 247
144 41 248
144 41 249
144 41 250
144 41 251
144 41 252
144 41 253
144 41 254
144 41 294
144 41 298
144 41 319
144 41 322
144 41 330
144 41 331
144 41 333
144 41 334
144 41 336
144 41 337
144 41 338
144 41 339
144 41 341
144 41 342
144 41 343
144 41 344
144 41 345
144 41 346
144 41 347
144 41 348
144 41 349
144 41 350
144 41 351
144 41 352
144 41 353
144 41 354
144 41 355
144 41 356
144 41 357
144 41 358
144 41 359
144 41 360
144 41 361
144 41 362
144 41 363
144 41 364
144 41 368
144 41 371
144 41 377
144 41 379
144 41 380
144 41 386
144 41 387
144 41 391
144 41 403
144 41 404
144 41 409
144 41 412
144 41 414
144 41 415
144 41 416
144 41 418
144 41 419
144 41 421
144 41 423
144 41 425
144 147 38
144 147 42
144 17 263
144 112 436
144 112 439
144 71 447
61 33 98
61 153 125
61 153 126
61 153 128
61 69 129
61 69 133
61 69 138
61 69 139
61 69 148
61 69 154
61 69 162
61 69 172
61 69 184
61 69 192
61 69 193
61 69 194
61 69 195
61 69 196
61 69 206
61 70 147
61 142 147
61 102 147
61 3 158
61 3 208
61 75 162
61 92 169
61 82 189
61 82 193
61 155 192
61 155 207
61 16 195
41 60 35
41 91 36
41 16 144
41 33 147
41 33 148
41 33 149
41 33 150
41 33 151
41 33 152
41 33 153
41 33 154
41 33 155
41 33 156
41 33 157
41 33 158
41 33 159
41 33 160
41 17 264
116 102 258
116 102 267
116 102 269
116 111 383
116 111 384
116 111 385
116 111 386
116 111 388
116 111 390
116 111 392
116 111 393
116 111 394
116 111 395
116 111 398
116 111 405
116 111 406
116 111 407
116 111 409
116 111 410
116 111 414
116 111 415
116 111 416
116 111 417
116 111 418
116 111 429
116 111 432
116 129 384
116 129 385
116 129 386
116 129 388
116 129 390
116 129 393
116 129 396
116 129 405
116 129 406
116 129 407
116 129 408
116 129 413
116 129 414
116 129 425
116 129 429
116 129 437
116 129 438
116 129 444
116 129 450
116 129 451
116 129 452
116 129 453
116 134 384
116 134 386
116 134 387
116 134 388
116 134 390
116 134 393
116 134 415
116 134 416
116 134 417
116 134 418
116 134 428
116 134 440
116 134 443
116 134 445
116 134 453
77 91 129
77 91 130
77 91 131
77 91 132
77 102 152
77 81 161
77 81 164
77 155 204
77 182 262
185 22 34
185 22 35
185 22 43
185 22 44
185 22 45
185 22 53
185 22 54
185 22 57
185 22 58
185 22 59
185 22 60
185 22 77
185 22 78
185 22 79
185 22 80
185 22 82
185 22 85
185 22 86
185 22 87
185 22 94
185 22 98
185 22 100
185 22 105
185 22 106
185 22 107
185 22 108
185 22 109
185 22 110
185 22 111
185 22 112
185 22 113
185 22 114
185 22 115
185 22 116
185 22 117
185 22 118
185 22 119
185 22 120
185 22 121
185 22 122
185 22 123
185 22 124
185 22 125
185 22 126
185 22 127
185 22 128
185 22 129
185 22 130
185 22 131
185 22 132
185 22 133
185 22 134
185 22 135
185 22 136
185 22 137
185 22 138
185 22 139
185 22 140
185 22 141
185 22 142
185 22 143
185 22 144
185 22 149
185 22 157
185 22 158
185 22 159
185 22 160
185 22 163
185 147 69
185 147 73
185 147 79
185 67 73
185 86 108
185 86 129
185 187 140
185 176 701
185 176 702
185 176 703
185 176 704
185 101 701
185 101 702
185 104 701
185 184 702
185 43 735
185 51 737
185 51 738
185 51 739
185 51 740
22 84 95
22 84 96
22 84 97
22 84 98
22 84 99
22 84 109
22 84 123
22 84 124
22 84 125
22 84 126
22 84 127
22 84 130
22 84 131
22 84 132
22 84 133
22 84 134
22 84 135
22 84 137
22 84 138
22 84 140
22 84 141
22 84 142
22 65 98
22 179 105
22 191 113
22 191 128
22 191 131
22 191 132
22 191 133
22 4 146
22 76 166
22 155 206
22 153 209
22 153 210
60 147 41
60 98 67
60 67 73
60 67 74
60 86 97
60 137 833
60 156 835
60 156 836
60 156 845
60 158 852
60 158 853
60 158 854
91 147 37
91 147 92
91 98 37
91 3 68
91 3 122
91 3 123
91 176 71
91 176 72
91 176 74
91 86 79
91 86 80
91 187 99
91 4 103
91 33 115
91 75 123
91 153 138
91 92 144
91 92 170
91 92 172
91 92 173
91 92 200
91 92 201
91 92 209
91 92 210
91 92 214
91 92 215
91 92 216
91 92 225
91 69 148
91 69 177
91 80 167
91 107 168
91 107 228
91 26 171
91 141 197
91 141 202
91 141 203
91 141 205
91 141 225
91 71 229
91 56 229
65 147 91
65 147 92
65 5 116
65 3 122
65 3 125
65 108 135
65 108 136
65 108 137
65 108 141
65 108 143
65 108 144
65 108 147
65 108 148
65 108 155
65 108 156
65 108 165
65 108 169
65 108 172
65 108 173
65 108 174
65 108 175
65 108 176
65 108 177
65 108 185
65 108 186
65 108 192
65 108 196
65 37 135
65 37 137
65 37 147
65 37 165
65 37 169
65 37 170
65 37 173
65 37 178
65 37 179
65 37 180
65 37 181
65 37 184
65 37 185
65 37 186
65 37 188
65 37 189
65 37 192
65 37 193
65 37 196
65 153 142
65 68 148
65 92 162
65 92 172
65 92 216
65 26 162
65 141 182
65 141 185
65 141 191
65 141 192
65 141 201
65 141 202
65 141 203
65 141 204
65 141 208
65 141 209
65 141 211
65 141 212
65 141 213
65 141 215
65 141 216
65 141 217
65 141 218
65 141 219
65 141 220
65 141 221
65 141 222
65 141 225
65 107 183
65 160 185
65 155 228
147 98 38
147 98 39
147 98 40
147 98 43
147 98 44
147 98 45
147 98 46
147 98 48
147 98 50
147 98 51
147 98 52
147 98 53
147 98 54
147 98 55
147 98 56
147 98 58
147 98 59
147 98 60
147 98 61
147 98 62
147 98 63
147 98 64
147 98 69
147 98 78
147 98 79
147 98 82
147 98 83
147 98 84
147 98 85
147 98 86
147 98 87
147 98 88
147 98 89
147 98 90
147 98 91
147 98 92
147 98 93
147 98 95
147 98 96
147 84 86
147 11 807
147 11 833
147 11 838
147 11 839
147 11 850
147 11 856
147 11 858
147 11 859
147 11 860
147 11 864
147 11 865
147 113 830
147 113 831
147 113 858
147 113 859
147 113 861
147 113 865
98 148 37
98 163 56
98 163 57
98 163 58
98 163 88
98 84 86
148 155 461
148 155 462
148 155 463
148 155 464
148 155 465
148 155 466
148 155 467
148 155 468
148 155 469
148 155 470
148 155 471
148 155 472
148 155 473
148 155 474
148 155 475
148 155 476
148 155 477
148 155 478
148 155 481
148 155 482
148 155 483
148 155 484
148 155 485
148 155 486
148 155 487
148 155 488
148 155 489
148 155 490
148 155 491
148 155 492
148 155 493
148 155 494
148 155 495
148 155 496
148 155 501
148 155 505
148 155 506
148 155 507
148 155 508
148 155 509
148 155 510
148 155 511
148 155 512
148 155 513
148 155 515
148 155 516
148 155 517
148 155 518
148 155 519
148 155 520
148 155 521
148 155 522
148 155 523
148 155 524
148 155 525
148 155 526
148 155 527
148 155 528
148 155 529
148 155 530
148 155 531
148 155 532
148 155 533
148 155 534
148 155 535
148 155 536
148 155 537
148 155 538
148 155 539
148 155 540
148 155 541
148 155 542
148 155 543
148 155 544
148 155 547
148 155 548
148 155 549
148 155 550
148 155 553
148 155 554
148 155 555
148 155 556
148 155 557
148 155 558
148 155 559
148 155 560
148 155 561
148 155 562
148 155 563
148 155 564
148 155 565
148 155 578
148 155 581
148 155 583
148 155 584
148 155 585
148 155 590
148 155 591
148 155 592
148 155 594
148 155 595
148 155 596
148 155 597
148 155 601
148 155 602
148 155 603
148 193 497
148 201 497
148 165 498
148 165 499
148 165 511
148 205 501
148 205 505
148 122 503
148 122 519
148 30 511
148 30 516
148 93 520
148 93 521
148 99 528
148 99 529
148 82 529
148 82 530
148 72 540
148 88 541
148 194 590
148 35 597
148 35 601
148 106 597
148 171 603
67 163 41
67 163 46
67 163 50
67 163 64
67 163 65
67 163 66
67 163 67
67 163 76
67 163 77
67 163 78
67 163 79
67 163 80
67 163 82
67 163 83
67 163 84
67 163 85
67 163 88
67 163 90
67 191 87
67 153 132
67 48 159
67 48 206
67 48 207
67 48 210
67 48 213
67 48 225
67 16 240
163 193 390
163 193 396
163 193 397
163 193 399
163 193 400
163 193 405
163 193 414
163 193 415
163 193 416
163 193 418
163 193 421
163 193 422
163 193 423
163 193 424
163 193 425
163 193 426
163 193 427
163 201 392
163 201 393
163 201 394
163 201 395
163 201 397
163 201 398
163 201 399
163 201 401
163 201 402
163 201 403
163 201 404
163 201 405
163 201 406
163 201 407
163 201 408
163 201 410
163 201 411
163 201 412
163 201 413
163 201 416
163 201 417
163 201 418
163 201 422
163 201 424
163 201 425
163 201 426
163 201 428
163 201 429
163 201 430
163 201 431
163 201 440
163 201 441
163 7 393
163 7 397
163 7 398
163 130 403
163 130 404
163 106 520
3 75 42
3 75 43
3 75 44
3 75 45
3 75 47
3 75 48
3 75 49
3 75 50
3 75 53
3 75 54
3 75 55
3 75 61
3 75 72
3 75 73
3 75 74
3 75 78
3 75 79
3 75 83
3 75 84
3 75 87
3 75 88
3 75 90
3 75 92
3 75 93
3 75 94
3 75 95
3 75 96
3 75 97
3 75 99
3 75 100
3 75 102
3 75 103
3 75 105
3 75 106
3 75 111
3 75 113
3 75 114
3 75 115
3 75 116
3 75 117
3 75 118
3 75 119
3 75 120
3 75 121
3 75 123
3 75 127
3 75 128
3 75 130
3 75 133
3 75 135
3 75 137
3 75 138
3 75 144
3 75 146
3 75 147
3 75 150
3 75 154
3 75 157
3 75 160
3 75 161
3 75 162
3 84 47
3 84 54
3 84 55
3 84 56
3 84 58
3 84 59
3 84 60
3 84 61
3 84 62
3 84 63
3 84 64
3 84 65
3 84 66
3 84 67
3 84 68
3 191 58
3 191 59
3 191 63
3 191 65
3 191 66
3 191 67
3 191 68
3 191 73
3 96 70
3 96 144
3 96 145
3 177 72
3 160 99
3 128 111
3 74 131
3 74 134
3 74 136
3 74 142
3 74 145
3 74 148
3 74 153
3 74 158
3 4 145
3 155 156
3 45 160
3 45 164
3 68 161
3 68 208
3 129 200
3 129 205
3 190 202
3 190 203
3 190 204
75 84 54
75 96 64
75 96 65
75 96 66
75 96 67
75 96 68
75 96 69
75 96 70
75 96 144
75 97 65
75 4 65
75 4 66
75 4 67
75 4 68
75 159 127
75 159 192
75 159 201
75 174 139
75 174 141
75 174 146
75 174 190
75 174 191
75 174 195
75 174 199
75 174 208
75 174 219
75 174 220
75 92 164
84 187 47
84 187 50
84 187 54
84 187 72
84 187 74
84 187 75
84 187 76
84 187 77
84 187 78
84 187 81
84 187 83
84 187 85
84 187 86
84 187 87
84 187 89
84 187 90
84 187 92
84 187 95
84 187 98
84 187 100
84 187 104
84 187 107
84 187 109
84 187 116
84 187 117
84 187 118
84 187 119
84 187 120
84 187 121
84 187 122
84 187 123
84 187 124
84 187 125
84 187 126
84 187 128
84 187 131
84 187 132
84 187 133
84 187 134
84 187 135
84 187 137
84 187 138
84 187 139
84 187 141
84 187 142
84 187 146
84 187 147
84 187 148
84 187 150
84 187 151
84 187 152
84 187 154
84 187 155
84 187 158
84 187 164
84 187 165
84 187 166
84 187 167
84 187 168
84 187 169
84 187 170
84 187 171
84 187 175
84 187 176
84 187 177
84 187 179
84 187 181
84 187 184
84 187 186
84 187 190
84 187 194
84 187 195
84 187 201
84 187 203
84 187 204
84 187 205
84 187 206
84 187 208
84 187 209
84 187 210
84 187 211
84 187 212
84 187 213
84 4 72
84 4 169
84 174 141
84 174 193
84 96 143
84 56 149
84 186 160
84 186 201
84 142 173
84 175 201
84 128 209
84 128 210
84 126 463
84 155 528
84 109 558
84 109 561
84 157 571
84 157 584
187 33 108
187 92 183
187 92 189
187 190 202
187 81 210
187 9 448
187 9 449
187 9 450
187 9 451
187 9 452
187 9 453
187 9 454
187 9 455
187 9 456
187 9 457
187 9 458
187 9 459
187 9 460
187 9 462
187 9 465
187 9 466
187 9 467
187 9 468
187 9 471
187 9 472
187 9 473
187 9 477
187 9 478
187 9 479
187 9 480
187 9 481
187 9 483
187 9 484
187 9 485
187 9 486
187 9 487
187 9 488
187 9 489
187 9 490
187 9 491
187 9 492
187 9 493
187 9 495
187 9 497
187 9 500
187 9 501
187 9 502
187 9 503
187 9 504
187 9 507
187 9 508
187 9 509
187 9 510
187 9 511
187 9 513
187 9 514
187 9 515
187 9 518
187 9 520
187 79 451
187 79 455
187 79 458
187 79 459
187 79 518
187 189 464
191 86 49
191 86 51
191 86 62
191 86 64
191 86 73
191 86 79
191 86 82
191 86 84
191 86 88
191 86 91
191 86 93
191 86 94
191 86 99
191 86 102
191 86 103
191 86 108
191 86 110
191 86 111
191 86 112
191 86 113
191 86 114
191 86 115
191 86 129
191 86 136
191 86 140
191 86 143
191 86 144
191 86 153
191 86 156
191 86 159
191 86 162
191 86 163
191 86 178
191 86 183
191 86 191
191 86 196
191 86 200
191 86 202
191 86 207
191 159 193
191 155 193
191 128 210
191 14 796
191 14 801
191 14 802
191 14 804
191 14 805
191 14 808
191 14 833
191 14 839
86 33 108
86 81 204
86 81 209
86 74 883
86 132 884
86 132 885
86 132 886
86 132 893
86 132 895
86 132 896
86 132 897
86 132 898
96 4 54
96 4 55
96 4 56
96 4 61
96 4 62
96 4 65
96 4 66
96 4 67
96 4 68
96 4 69
96 4 70
96 4 72
96 4 74
96 4 75
96 4 76
96 4 77
96 4 79
96 4 80
96 4 81
96 4 82
96 4 83
96 4 84
96 4 90
96 4 95
96 4 96
96 4 97
96 4 98
96 4 99
96 4 100
96 4 101
96 4 102
96 4 103
96 4 104
96 4 105
96 4 106
96 4 107
96 4 108
96 4 109
96 4 110
96 4 111
96 4 112
96 4 114
96 4 115
96 4 116
96 4 117
96 4 118
96 4 119
96 4 120
96 4 121
96 4 122
96 4 123
96 4 124
96 4 125
96 4 126
96 4 127
96 4 128
96 4 129
96 4 130
96 4 131
96 4 132
96 4 133
96 4 134
96 4 135
96 4 136
96 4 137
96 4 140
96 4 141
96 4 142
96 4 143
96 4 144
96 4 145
96 4 146
96 4 147
96 4 149
96 4 150
96 4 153
96 4 154
96 4 156
96 4 157
96 4 158
96 4 159
96 4 160
96 4 161
96 4 166
96 4 167
96 4 170
96 4 171
96 4 172
96 4 173
96 4 176
96 4 179
96 4 180
96 4 181
96 4 182
96 4 183
96 4 184
96 4 185
96 4 186
96 4 187
96 4 188
96 4 189
96 179 78
96 74 145
96 92 179
4 179 64
4 179 65
4 160 69
4 33 106
4 5 106
4 74 145
4 178 168
4 37 169
4 155 170
4 155 173
4 155 175
4 190 175
4 108 176
177 76 59
177 76 63
177 76 66
177 76 71
177 76 72
177 76 84
177 76 85
177 76 87
177 76 96
177 76 123
177 76 133
177 76 135
177 76 168
177 76 187
177 76 193
177 76 196
177 76 198
177 76 213
177 159 76
177 159 97
177 159 122
177 159 125
177 159 168
177 159 169
177 159 186
177 159 208
177 159 213
177 128 106
177 45 109
177 45 125
177 45 128
177 45 129
177 45 132
177 45 190
177 161 110
177 161 190
177 161 239
177 16 114
177 16 119
177 16 120
177 16 144
177 16 155
177 16 168
177 16 180
177 16 182
177 16 187
177 16 199
177 176 123
177 155 139
177 155 193
177 62 172
177 26 210
177 26 212
177 127 212
177 53 219
177 107 239
160 174 61
160 174 63
160 174 65
160 174 66
160 174 67
160 174 68
160 174 69
160 174 70
160 174 71
160 174 72
160 174 73
160 174 78
160 174 90
160 174 92
160 174 123
160 174 178
160 174 187
160 174 197
160 174 198
160 174 199
160 174 200
160 174 209
160 174 210
160 174 211
160 174 212
160 174 214
160 174 215
160 174 216
160 174 217
160 174 218
160 174 221
160 174 222
160 174 223
160 76 70
160 76 71
160 76 85
160 76 90
160 76 91
160 76 92
160 76 93
160 76 94
160 76 95
160 76 96
160 76 114
160 76 124
160 76 125
160 76 166
160 76 168
160 76 176
160 76 185
160 76 188
160 76 197
160 76 198
160 76 200
160 76 205
160 76 212
160 76 213
160 76 218
160 76 219
160 76 220
160 176 123
160 155 193
160 26 224
76 179 123
76 92 165
76 45 218
174 161 200
174 17 237
174 17 238
174 17 241
174 17 253
174 17 258
174 17 268
174 17 269
174 17 276
174 17 282
174 17 289
174 17 301
174 17 336
174 17 348
174 17 350
174 17 356
174 17 365
174 128 270
179 97 62
179 97 101
179 97 103
179 97 108
179 97 121
179 97 129
179 157 493
179 157 494
179 157 495
179 157 496
179 157 499
179 157 500
179 157 501
179 157 502
179 157 503
179 157 506
179 157 507
179 157 512
179 157 513
179 157 514
179 157 515
179 157 516
179 157 520
179 157 530
179 157 531
179 157 533
179 157 534
179 157 536
179 157 540
179 157 562
179 88 545
179 106 564
176 180 698
176 180 699
176 180 700
176 180 701
176 180 704
176 180 705
176 180 707
176 180 708
176 180 709
176 180 710
176 180 711
176 180 713
176 180 714
176 180 717
176 180 719
176 180 724
176 180 725
176 180 726
176 180 733
176 180 735
176 180 736
176 180 737
176 180 738
176 101 698
176 101 701
176 101 704
176 101 707
176 101 708
176 101 709
176 101 711
176 101 712
176 101 713
176 101 714
176 101 716
176 101 717
176 101 719
176 101 722
176 101 725
176 101 730
176 101 731
176 101 732
176 101 733
176 101 734
176 101 735
176 101 736
176 101 737
176 64 714
176 20 720
176 202 732
159 80 179
159 137 903
159 137 904
159 137 914
159 105 903
159 105 904
159 105 1009
159 15 904
159 15 910
159 15 935
159 15 944
159 15 945
159 15 946
159 15 947
159 15 948
159 15 949
159 15 964
159 15 970
159 15 971
159 15 974
159 15 975
159 15 976
159 15 977
159 15 978
159 15 979
159 15 980
159 15 986
159 15 1009
159 15 1010
159 81 935
33 5 92
33 5 93
33 5 94
33 5 95
33 5 97
33 5 98
33 5 99
33 5 100
33 5 104
33 5 107
33 5 108
33 5 109
33 5 111
33 5 112
33 5 113
33 5 114
33 5 116
33 5 117
33 5 118
33 5 119
33 5 120
33 5 130
33 5 140
33 5 141
33 5 142
33 5 143
33 5 144
33 5 145
33 5 147
33 5 148
33 5 149
33 5 150
33 5 151
33 5 152
33 5 153
33 5 154
33 5 155
33 5 156
33 5 157
33 5 158
33 5 159
33 5 160
33 141 146
33 92 146
33 152 630
33 152 633
33 152 636
33 152 638
33 152 652
33 152 653
33 152 655
33 152 657
33 152 666
33 152 667
33 152 671
33 152 673
33 152 675
33 152 677
33 152 679
33 152 680
33 152 681
33 152 683
33 152 686
33 152 687
33 152 688
33 152 689
33 152 690
33 152 691
33 152 692
33 152 693
33 152 695
33 152 697
33 152 698
33 152 700
33 152 702
33 152 704
33 152 707
33 152 708
33 100 638
33 19 641
33 19 642
5 142 146
5 68 147
161 127 106
161 127 115
161 127 118
161 127 120
161 127 121
161 127 190
161 127 233
161 107 110
161 107 116
161 107 117
161 107 119
161 107 129
161 107 130
161 107 165
161 107 167
161 107 175
161 107 176
161 107 189
161 107 191
161 107 197
161 107 198
161 107 202
161 107 204
161 107 211
161 107 217
161 107 225
161 107 226
161 107 239
161 16 111
161 16 139
161 16 147
161 16 171
161 16 189
161 16 190
161 16 191
161 16 194
161 16 197
161 16 201
161 16 203
161 16 204
161 16 239
161 82 115
161 82 116
161 82 117
161 82 120
161 82 121
161 82 122
161 82 123
161 82 124
161 82 125
161 82 126
161 82 127
161 82 128
161 82 129
161 82 130
161 82 131
161 82 133
161 82 166
161 82 167
161 82 172
161 82 197
161 82 198
161 82 202
161 82 210
161 82 211
161 82 217
161 82 230
161 92 144
161 92 145
161 64 187
161 62 192
161 62 194
161 81 217
161 141 226
161 186 228
161 186 229
127 53 111
127 53 112
127 53 114
127 53 118
127 53 219
127 53 220
127 53 224
127 53 230
127 107 112
127 107 113
127 107 114
127 107 118
127 107 121
127 107 122
127 107 123
127 107 124
127 107 125
127 107 126
127 107 129
127 107 130
127 107 131
127 107 132
127 107 133
127 107 149
127 107 168
127 107 189
127 107 190
127 107 203
127 107 205
127 107 206
127 107 207
127 107 231
127 107 235
127 107 236
127 80 116
127 80 117
127 80 164
127 16 120
127 16 169
127 16 189
127 45 121
127 45 173
127 45 175
127 45 189
127 45 193
127 45 224
127 45 233
127 92 132
127 92 136
127 92 139
127 92 190
127 24 168
127 29 841
127 150 906
127 150 908
127 150 909
127 150 910
127 81 907
128 82 111
128 82 113
128 82 114
128 82 115
128 82 132
128 82 166
128 82 192
128 82 195
128 82 231
128 82 232
128 16 112
128 16 113
128 16 190
128 16 200
128 16 207
128 16 208
128 81 150
128 81 151
128 81 152
128 81 154
128 81 155
128 81 162
128 81 164
128 81 165
128 81 179
128 81 192
128 81 193
128 81 200
128 81 204
128 81 206
128 81 208
128 81 209
128 81 210
128 81 215
128 81 216
128 81 221
128 81 227
128 81 230
128 81 231
128 81 232
128 81 233
128 81 234
128 81 235
128 81 236
128 81 237
128 81 238
128 81 242
128 81 244
128 81 249
128 81 277
128 81 280
128 92 239
192 78 262
192 78 263
192 182 262
192 182 263
45 16 111
45 16 112
45 16 113
45 16 127
45 16 128
45 16 129
45 16 131
45 16 134
45 16 137
45 16 167
45 16 188
45 16 190
45 16 191
45 16 208
45 82 113
45 82 122
45 82 125
45 82 146
45 82 177
45 82 194
45 82 195
45 82 198
45 82 215
45 82 225
45 82 228
45 68 121
45 141 135
45 141 137
45 92 136
45 92 154
45 69 147
45 69 160
45 69 166
45 70 152
45 142 157
45 102 169
45 26 177
45 26 202
45 26 203
45 175 192
45 48 213
45 186 229
45 95 851
45 95 852
45 83 863
45 36 906
53 82 109
53 82 113
53 82 120
53 82 121
53 82 122
53 82 124
53 82 125
53 82 126
53 82 127
53 82 128
53 82 133
53 82 145
53 82 146
53 82 185
53 82 191
53 82 192
53 82 194
53 82 195
53 82 196
53 82 197
53 82 226
53 92 144
53 92 169
53 142 144
53 48 215
53 168 810
53 168 812
53 168 813
53 168 814
53 168 815
53 168 821
53 168 822
53 168 823
53 168 835
53 168 846
53 90 810
53 90 811
53 90 812
53 90 820
53 90 822
53 90 838
53 90 839
53 90 843
53 90 850
53 90 852
53 90 883
53 90 884
53 90 885
53 90 886
53 90 887
53 121 904
53 121 910
82 208 109
82 208 121
82 208 131
82 208 146
82 208 148
82 208 159
82 208 162
82 208 163
82 208 188
82 208 189
82 208 190
82 208 191
82 208 192
82 208 195
82 208 196
82 208 197
82 208 198
82 208 233
82 107 113
82 107 114
82 107 120
82 107 121
82 107 144
82 107 145
82 107 146
82 107 149
82 107 150
82 107 151
82 107 152
82 107 155
82 107 162
82 107 172
82 107 175
82 107 177
82 107 194
82 107 197
82 107 202
82 107 203
82 107 211
82 107 216
82 107 226
82 107 229
82 178 189
82 178 190
82 178 191
82 178 229
82 16 203
82 16 204
82 190 228
82 99 454
82 99 455
82 99 457
82 99 458
82 99 459
82 99 460
82 99 461
82 99 462
82 99 463
82 99 465
82 99 471
82 99 472
82 99 477
82 99 480
82 99 481
82 99 482
82 99 483
82 99 495
82 99 496
82 99 497
82 99 501
82 99 503
82 99 504
82 99 506
82 99 507
82 99 508
82 99 509
82 99 510
82 99 511
82 99 512
82 99 513
82 99 514
82 99 519
82 99 521
82 99 523
82 99 526
82 99 527
82 99 528
82 99 529
82 99 530
82 99 531
82 99 533
82 99 534
82 99 535
82 99 536
82 99 537
82 99 538
82 99 539
82 99 540
82 99 541
82 99 542
82 99 543
82 99 544
82 99 545
82 99 546
82 99 547
82 99 548
82 99 549
82 99 550
82 99 551
82 99 552
82 99 553
82 99 554
82 99 555
82 99 556
82 99 557
82 99 558
82 99 559
82 99 560
82 99 561
82 99 562
82 99 563
82 99 564
82 99 565
82 99 566
82 99 567
82 99 568
82 99 569
82 99 570
82 99 581
82 99 584
82 99 585
82 99 586
82 103 481
82 172 484
82 93 521
82 151 558
82 151 559
82 151 560
82 151 561
82 151 562
82 151 563
82 151 564
82 151 565
82 151 566
82 109 559
82 109 560
82 109 562
82 109 563
82 109 564
82 109 565
82 79 567
82 79 569
82 73 581
82 73 584
82 73 585
82 194 584
208 16 112
208 16 131
208 16 188
208 26 212
208 48 213
208 78 234
107 80 116
107 80 117
107 80 164
107 80 167
107 141 134
107 141 138
107 141 139
107 141 144
107 16 138
107 16 189
107 16 190
107 16 200
107 16 201
107 16 204
107 16 205
107 16 206
107 16 207
107 16 239
107 26 209
107 175 228
107 155 228
80 150 752
80 120 763
16 180 118
16 180 154
16 180 178
16 180 179
16 180 185
16 180 188
16 180 195
16 180 239
16 180 240
16 180 241
16 142 138
16 92 139
16 92 140
16 92 141
16 92 143
16 92 166
16 92 167
16 92 228
16 68 148
16 102 166
16 69 170
16 56 180
16 62 184
16 26 208
68 153 126
68 62 130
68 62 137
68 62 150
68 62 152
68 62 153
68 62 156
68 62 167
68 62 185
68 62 197
68 62 198
68 62 204
68 62 205
68 62 207
68 62 208
68 92 133
68 92 159
68 37 158
68 102 166
68 141 177
68 142 178
68 180 240
164 56 117
164 56 118
164 56 119
164 56 128
164 56 131
164 56 132
164 56 148
164 56 153
164 56 154
164 56 155
164 56 169
164 56 170
164 56 171
164 56 173
164 56 174
164 56 175
164 56 176
164 56 177
164 56 178
164 56 179
164 56 189
164 56 197
164 56 202
164 56 221
164 56 222
164 56 224
164 56 225
164 155 117
164 155 118
164 155 119
164 155 193
164 155 200
164 155 244
164 186 118
164 186 119
164 186 124
164 186 125
164 186 127
164 186 148
164 186 155
164 186 160
164 186 161
164 186 180
164 186 181
164 186 191
164 186 199
164 186 200
164 186 201
164 186 203
164 186 222
164 186 224
164 186 225
164 186 244
164 186 245
164 186 246
164 175 118
164 175 119
164 175 125
164 175 225
164 48 125
164 31 618
56 178 118
56 178 119
56 178 120
56 178 167
56 178 180
56 178 181
56 178 200
56 178 223
56 178 225
56 190 128
56 190 137
56 190 156
56 17 242
56 31 400
56 134 427
56 167 427
155 178 118
155 178 119
155 178 122
155 178 123
155 178 127
155 178 128
155 178 130
155 178 131
155 178 134
155 178 135
155 178 137
155 178 138
155 178 151
155 178 153
155 178 154
155 178 155
155 178 156
155 178 157
155 178 164
155 178 169
155 178 180
155 178 184
155 178 191
155 178 195
155 178 197
155 178 198
155 178 199
155 178 200
155 178 208
155 178 215
155 178 225
155 178 226
155 178 233
155 178 234
155 190 118
155 190 119
155 190 120
155 190 122
155 190 127
155 190 128
155 190 149
155 190 176
155 190 177
155 190 178
155 190 179
155 190 180
155 190 183
155 190 198
155 190 199
155 190 200
155 190 201
155 190 207
155 190 226
155 190 244
155 20 139
155 6 203
155 6 204
155 186 205
155 153 216
155 153 217
155 92 237
155 201 501
155 201 520
155 201 522
155 201 523
155 201 524
155 27 501
155 24 505
155 24 597
155 24 599
155 24 601
155 24 602
155 183 505
155 121 519
155 93 520
155 103 526
155 88 541
155 36 546
155 36 597
155 36 598
155 36 599
155 36 601
186 178 118
186 178 119
186 178 120
186 178 125
186 178 168
186 178 169
186 178 170
186 178 171
186 178 172
186 178 193
186 178 196
186 178 198
186 178 199
186 178 200
186 178 203
186 178 204
186 178 205
186 178 214
186 178 215
186 178 216
186 178 217
186 178 218
186 178 225
186 178 226
186 178 227
186 178 228
186 178 237
186 178 238
186 178 239
186 78 172
186 78 173
186 78 174
186 78 175
186 78 176
186 78 178
186 78 179
186 78 180
186 78 181
186 78 182
186 78 183
186 78 184
186 78 193
186 78 194
186 78 195
186 78 197
186 78 198
186 78 199
186 78 200
186 78 202
186 78 254
186 78 255
186 78 257
186 78 263
186 92 185
186 92 186
186 23 198
175 18 446
175 18 448
175 18 451
175 18 452
175 18 456
175 18 458
175 18 459
175 18 460
175 18 461
175 18 462
175 18 463
175 18 464
175 18 465
175 18 466
175 18 467
175 18 468
175 18 469
175 18 470
175 18 471
175 18 472
175 18 473
175 18 475
175 18 476
175 18 477
175 18 481
175 18 482
175 18 483
175 18 485
175 18 486
175 18 495
175 18 498
175 18 503
175 18 506
175 18 507
175 18 510
175 18 511
175 18 512
175 18 513
175 18 514
175 18 525
175 18 529
175 18 532
175 18 535
175 18 537
175 18 538
175 18 539
175 18 540
175 18 543
175 18 547
175 18 548
175 18 550
175 18 551
175 18 552
175 18 553
175 18 554
175 18 555
175 18 556
175 18 557
175 18 558
175 18 559
175 18 561
175 18 562
175 18 563
175 18 564
175 18 565
175 18 567
175 18 568
175 18 570
175 103 446
175 103 447
175 103 448
175 103 449
175 103 450
175 103 451
175 103 452
175 103 454
175 103 460
175 103 461
175 103 463
175 103 464
175 103 465
175 103 466
175 103 467
175 103 469
175 103 471
175 103 472
175 103 473
175 103 474
175 103 475
175 103 478
175 103 479
175 103 482
175 103 483
175 103 485
175 103 486
175 103 490
175 103 491
175 103 492
175 103 497
175 103 498
175 103 499
175 103 501
175 103 502
175 103 504
175 103 506
175 103 511
175 103 512
175 103 513
175 103 518
175 103 525
175 103 526
175 103 527
175 103 529
175 103 531
175 103 532
175 103 536
175 103 537
175 103 538
175 103 560
175 103 561
175 103 563
175 103 566
175 103 567
175 103 569
175 103 570
175 93 447
175 93 448
175 93 449
175 93 452
175 93 456
175 93 460
175 93 461
175 93 463
175 93 466
175 93 467
175 93 469
175 93 471
175 93 473
175 93 479
175 93 480
175 93 483
175 93 485
175 93 486
175 93 490
175 93 491
175 93 492
175 93 495
175 93 496
175 93 497
175 93 499
175 93 501
175 93 503
175 93 505
175 93 506
175 93 507
175 93 509
175 93 510
175 93 514
175 93 515
175 93 517
175 93 526
175 93 528
175 93 529
175 93 531
175 93 532
175 93 533
175 93 535
175 93 536
175 93 539
175 93 547
175 93 548
175 93 563
175 93 565
175 93 566
175 93 567
175 93 569
175 99 463
175 24 468
175 183 501
175 183 502
175 121 563
175 13 566
178 153 176
178 153 222
178 153 223
178 102 179
178 102 203
178 102 236
178 70 183
178 78 229
178 169 449
180 101 698
180 101 699
180 101 700
180 101 701
180 101 705
180 101 706
180 101 707
180 101 708
190 102 154
190 153 222
190 71 229
190 196 234
190 78 237
190 136 576
190 136 627
190 136 629
190 136 630
190 136 631
190 136 636
190 136 638
190 50 579
190 50 581
190 50 582
190 50 596
190 50 597
190 50 606
190 50 608
190 50 610
190 50 611
190 50 626
190 50 631
190 50 636
190 50 638
190 57 587
190 188 616
190 119 618
190 42 638
190 42 640
92 141 122
92 141 123
92 141 125
92 141 126
92 141 127
92 141 128
92 141 129
92 141 130
92 141 131
92 141 132
92 141 133
92 141 134
92 141 139
92 141 145
92 141 148
92 141 150
92 141 151
92 141 152
92 141 153
92 141 156
92 141 157
92 141 159
92 141 161
92 141 162
92 141 163
92 141 174
92 141 177
92 141 192
92 141 202
92 141 203
92 141 204
92 141 205
92 141 222
92 141 223
92 141 224
92 141 225
92 141 226
92 141 227
92 141 228
92 141 254
92 141 255
92 141 256
92 141 257
92 153 133
92 142 144
92 142 159
92 142 162
92 64 161
92 108 162
92 69 166
92 69 177
92 102 166
92 62 168
92 70 169
92 70 184
92 26 171
92 26 199
92 6 213
92 6 222
92 6 225
92 23 214
92 23 219
92 23 223
92 23 225
92 23 226
92 196 233
92 196 234
92 71 235
92 188 238
92 188 239
92 182 252
141 108 161
141 171 865
141 171 867
141 171 868
141 171 871
141 171 872
141 171 874
141 171 875
141 171 876
141 171 877
48 30 582
48 30 584
48 30 585
48 30 586
48 30 587
48 30 589
48 30 590
48 30 597
48 30 599
48 30 601
48 30 602
48 30 604
48 30 621
48 30 622
48 30 623
48 30 625
48 30 626
48 30 627
48 30 628
48 30 629
48 30 630
48 30 631
48 30 632
48 30 634
48 30 635
48 30 636
48 30 637
48 30 638
48 30 639
48 30 646
48 30 647
48 30 680
48 30 697
48 30 711
48 30 717
48 30 718
48 30 719
48 30 721
48 30 728
48 30 729
48 30 730
48 30 734
48 30 735
48 39 587
48 168 590
48 145 594
48 184 597
48 51 603
48 27 618
48 19 620
48 20 684
48 104 731
48 202 732
48 122 732
48 195 734
48 195 735
153 142 133
153 6 211
69 142 152
69 142 202
62 138 424
62 138 425
62 138 428
62 138 429
62 138 438
62 138 445
62 138 447
62 138 449
62 138 450
62 138 453
62 138 457
62 138 461
62 138 463
62 138 471
62 138 482
62 138 488
62 138 489
62 138 491
62 138 492
62 138 494
62 138 496
62 138 502
62 138 504
62 99 497
62 106 518
62 139 570
62 13 577
74 83 855
74 83 859
74 83 862
74 83 865
74 83 866
74 83 867
74 83 868
74 83 870
74 83 872
74 83 874
74 83 875
74 83 883
74 83 884
74 83 887
74 83 890
74 83 895
74 83 896
74 83 897
74 83 898
74 83 903
74 83 906
74 95 861
74 95 862
74 95 864
74 95 865
74 44 862
74 44 866
74 44 885
74 133 883
74 207 885
74 36 904
142 108 135
142 108 136
142 108 138
142 108 139
142 108 143
142 108 144
142 108 149
142 108 152
142 108 153
142 108 155
142 108 156
142 108 157
142 108 159
142 108 160
142 108 161
142 108 162
142 108 170
142 108 171
142 108 172
142 108 174
142 108 175
142 108 177
142 108 178
142 108 183
142 108 184
142 108 186
142 108 187
142 108 190
142 108 191
142 108 192
142 108 195
142 108 202
142 37 135
142 37 136
142 37 137
142 37 138
142 37 144
142 37 152
142 37 158
142 37 159
142 37 160
142 37 161
142 37 162
142 37 168
142 37 169
142 37 170
142 37 174
142 37 186
142 37 187
142 37 190
142 37 191
142 37 192
142 37 193
142 37 196
142 37 197
142 37 198
142 37 200
142 37 202
142 64 135
142 64 136
142 64 139
142 64 142
142 64 143
142 64 148
142 64 154
142 64 156
142 64 157
142 64 159
142 64 162
142 64 168
142 64 169
142 64 170
142 64 174
142 64 183
142 64 185
142 64 186
142 64 187
142 64 192
142 64 195
142 64 196
142 64 198
142 64 199
142 64 202
142 26 191
142 26 192
142 26 198
142 26 199
142 26 200
142 6 196
142 102 200
142 23 226
108 38 135
108 38 137
108 38 153
108 38 155
108 38 169
108 38 175
108 38 181
108 38 182
108 38 183
108 38 194
108 38 196
108 38 202
108 37 136
108 37 139
108 37 147
108 37 150
108 37 154
108 37 156
108 37 158
108 37 161
108 37 162
108 37 163
108 37 168
108 37 170
108 37 185
108 37 186
108 37 187
108 37 191
108 37 192
108 37 195
108 37 199
108 64 138
108 64 140
108 64 187
108 64 195
108 64 202
108 70 152
108 70 202
108 6 196
108 23 196
38 64 138
38 64 157
38 64 187
38 64 195
38 64 198
38 64 199
38 64 202
38 63 531
38 13 582
38 139 588
38 139 589
37 26 188
37 6 194
37 6 195
37 70 200
37 70 202
37 133 901
64 26 186
64 78 198
64 70 202
64 23 666
64 23 671
64 23 673
64 23 675
64 23 677
64 23 679
64 23 680
64 23 683
64 23 708
64 23 742
64 23 743
64 23 766
64 23 769
64 23 773
64 23 774
64 23 775
64 23 776
64 23 777
64 23 778
64 23 781
64 23 796
64 23 806
64 23 858
64 23 860
64 189 735
64 123 737
64 43 741
64 104 769
64 104 770
64 104 771
64 104 772
64 104 773
64 104 774
64 104 775
64 104 779
64 104 781
20 104 664
20 110 708
20 110 713
20 110 714
20 110 728
20 89 724
102 70 145
102 70 146
102 70 147
102 70 148
102 70 149
102 70 151
102 70 153
102 70 154
102 70 158
102 70 159
102 70 160
102 70 162
102 70 163
102 70 173
102 70 178
102 70 179
102 70 181
102 70 190
102 70 191
102 70 200
102 71 232
102 78 245
70 35 248
70 35 264
70 35 276
70 35 278
70 35 279
70 35 280
81 26 218
81 151 892
81 151 897
81 151 898
81 151 903
81 151 904
81 151 906
81 151 908
81 105 949
81 105 953
26 129 218
26 170 743
26 170 781
24 35 434
24 35 435
24 35 440
24 35 441
24 35 442
24 35 443
24 35 444
24 35 445
24 35 446
24 35 447
24 35 448
24 35 454
24 35 455
24 35 456
24 35 457
24 35 458
24 35 459
24 35 460
24 35 461
24 35 462
24 35 464
24 35 465
24 35 466
24 35 468
24 35 469
24 35 470
24 35 472
24 35 473
24 35 474
24 35 476
24 35 477
24 35 478
24 35 482
24 35 483
24 35 484
24 35 485
24 35 486
24 35 487
24 35 488
24 35 515
24 35 522
24 35 524
24 35 527
24 35 533
24 35 534
24 35 535
24 35 536
24 35 537
24 35 538
24 35 539
24 35 540
24 35 541
24 35 542
24 35 543
24 35 544
24 35 545
24 35 546
24 35 547
24 35 548
24 35 549
24 35 550
24 35 551
24 35 552
24 35 553
24 35 554
24 35 555
24 35 556
24 35 557
24 35 558
24 35 559
24 35 560
24 35 561
24 35 562
24 35 563
24 35 564
24 35 565
24 35 566
24 35 567
24 35 568
24 35 569
24 35 570
24 35 571
24 35 572
24 35 573
24 35 574
24 35 575
24 35 576
24 35 577
24 35 578
24 35 579
24 35 580
24 35 581
24 35 582
24 35 583
24 35 584
24 35 585
24 35 586
24 35 587
24 35 588
24 35 589
24 35 590
24 35 591
24 35 592
24 35 593
24 35 594
24 35 595
24 35 596
24 35 597
24 35 599
24 35 601
24 9 457
24 9 514
24 99 468
24 118 485
24 118 486
24 139 487
24 93 500
24 149 596
24 149 597
24 149 601
24 149 602
78 149 691
78 149 695
78 149 703
78 149 704
78 149 716
78 149 717
78 149 723
78 149 724
78 149 727
78 149 733
78 149 735
78 149 737
78 149 741
78 149 742
78 149 745
78 149 751
78 149 760
78 149 761
78 149 764
78 149 769
78 149 770
78 149 771
78 25 731
78 89 769
6 23 188
6 23 189
6 23 190
6 23 191
6 23 192
6 23 195
6 23 196
6 23 197
6 23 198
6 23 199
6 23 205
6 23 206
6 23 207
6 23 208
6 23 209
6 23 210
6 23 211
6 23 212
6 23 213
6 23 215
6 23 216
6 23 217
6 23 218
6 23 222
6 23 225
6 23 227
6 23 229
6 23 230
6 23 231
6 23 232
6 23 233
6 23 234
6 23 235
6 23 236
6 23 237
6 23 238
6 23 239
6 23 240
6 23 241
6 23 242
6 23 244
6 23 245
6 23 246
6 23 247
6 23 248
6 23 249
6 23 250
6 23 251
6 23 252
6 23 253
6 23 254
6 23 255
6 23 256
6 23 257
6 23 258
6 23 259
6 23 260
6 23 261
6 23 262
6 23 265
6 23 266
6 23 267
6 23 268
6 23 270
6 23 271
6 23 272
6 23 273
6 23 274
6 23 275
6 23 276
6 23 277
6 23 278
6 23 279
6 23 280
6 23 281
6 23 282
6 23 284
6 23 287
6 23 288
6 23 289
6 23 291
6 23 295
6 23 296
6 23 306
6 23 307
6 23 309
6 23 312
6 23 313
23 17 279
23 149 731
188 130 584
188 130 585
188 130 586
188 130 590
188 130 591
188 130 596
188 130 597
188 130 607
188 130 608
188 130 609
188 130 610
188 130 612
188 130 617
188 130 618
188 130 619
188 130 620
188 130 621
188 130 623
188 130 624
188 1 593
129 83 253
129 83 268
129 83 269
129 83 274
129 83 282
129 83 283
129 83 284
129 71 273
129 112 391
129 112 396
129 112 397
129 112 398
129 112 399
129 112 400
129 112 402
129 112 411
129 112 412
129 112 417
129 112 420
129 112 422
129 112 426
129 112 427
129 112 428
129 112 429
129 112 430
129 112 431
129 112 432
129 112 436
129 112 437
129 112 438
129 112 439
129 112 440
129 112 444
129 112 445
129 112 446
129 112 447
129 112 448
129 112 449
129 112 450
129 112 452
129 112 453
129 135 395
129 135 396
129 135 397
129 135 408
129 135 409
129 135 411
129 135 414
129 135 419
129 135 421
129 135 422
129 135 425
129 135 430
129 135 433
129 7 424
129 12 425
196 72 443
196 72 444
196 72 445
196 72 446
196 72 447
196 72 449
196 72 453
196 72 455
196 72 456
196 72 457
196 72 459
196 72 460
196 72 461
196 72 463
196 72 464
196 72 466
196 72 468
196 72 472
196 72 473
196 72 474
196 72 480
196 72 481
196 72 482
196 72 483
196 18 469
196 201 478
35 9 462
35 18 470
35 12 479
35 12 484
35 50 479
35 50 480
35 0 481
35 0 484
35 183 486
182 72 443
182 72 444
182 72 446
182 72 447
182 72 448
182 72 449
182 72 453
182 72 454
182 72 455
182 72 456
182 72 457
182 72 459
182 72 460
182 72 461
182 72 463
182 72 464
182 72 466
182 72 468
182 72 470
182 72 471
182 72 473
182 72 474
182 72 479
182 72 480
182 72 481
182 72 482
182 72 483
182 193 443
182 193 444
182 193 445
182 193 446
182 193 448
182 193 449
182 193 450
182 193 453
182 193 454
182 193 455
182 193 456
182 193 457
182 193 458
182 193 459
182 193 460
182 193 462
182 193 467
182 193 470
182 193 471
182 193 472
182 193 474
182 193 475
182 193 476
182 193 477
182 193 478
182 193 479
182 193 480
182 193 481
182 193 482
182 193 483
83 95 859
83 95 865
169 50 255
169 50 256
169 50 257
169 50 434
169 50 435
169 50 446
169 50 450
169 50 451
169 50 452
169 50 459
169 50 461
169 50 470
169 50 475
169 50 476
169 50 486
169 50 488
169 50 489
169 50 490
169 50 491
169 50 492
169 50 493
169 50 498
169 50 505
169 50 506
169 50 511
169 50 514
169 50 515
169 50 516
169 50 517
169 50 518
169 50 520
169 50 521
169 50 524
169 50 525
169 8 284
169 72 449
169 193 449
169 9 488
169 9 489
169 183 489
169 197 517
169 189 518
169 12 524
169 12 525
169 119 612
169 100 630
169 100 631
169 100 632
169 100 634
169 100 635
169 100 636
169 100 638
169 100 640
169 100 641
169 100 642
169 100 646
169 100 647
169 100 648
169 100 649
169 100 650
169 100 654
169 100 656
169 100 657
169 19 638
50 112 427
50 112 428
50 126 478
50 126 479
50 126 480
50 126 483
50 126 484
50 30 526
50 13 573
50 135 579
50 135 585
50 135 588
50 135 590
50 135 591
50 135 592
50 135 597
50 135 599
50 135 600
50 135 601
50 135 607
50 135 608
50 135 609
50 135 625
50 135 626
50 201 583
50 201 584
50 27 583
50 121 583
50 139 588
50 145 594
50 145 639
49 167 258
49 167 259
49 167 260
49 167 262
49 167 263
49 167 264
49 167 265
49 167 267
49 167 268
49 167 269
49 167 270
49 167 273
49 167 274
49 167 275
49 167 276
49 167 277
49 167 278
49 167 279
49 167 280
49 167 281
49 167 282
49 167 283
49 167 284
49 167 285
49 167 286
49 167 287
49 167 288
49 167 289
49 167 290
49 167 291
49 167 292
49 167 293
49 167 294
49 167 295
49 167 296
49 167 297
49 167 298
49 167 303
49 167 304
49 167 307
49 167 308
49 167 309
49 167 310
49 167 311
49 167 312
49 167 316
49 167 317
49 167 319
49 167 320
49 167 322
49 167 323
49 167 324
49 167 325
49 167 326
49 167 328
49 167 329
49 167 330
49 167 331
49 167 332
49 167 333
49 167 334
49 167 337
49 167 338
49 167 341
49 167 342
49 167 346
49 167 347
49 167 349
49 167 350
49 167 356
49 167 358
49 167 360
49 167 361
49 167 362
49 167 363
49 167 364
49 167 365
49 167 366
49 167 367
49 167 368
49 167 369
49 167 370
49 167 371
49 167 372
49 167 373
49 167 375
49 167 376
49 167 377
49 167 378
49 167 380
49 167 381
49 167 382
49 167 383
49 167 385
49 167 386
49 167 387
49 167 388
49 167 394
49 167 401
49 167 413
49 167 420
49 167 421
49 167 425
49 167 426
49 167 427
49 167 429
49 167 430
49 167 432
49 167 433
49 57 427
49 134 428
49 72 449
49 72 453
49 12 476
49 12 477
49 12 478
49 12 479
49 12 480
49 12 481
49 12 482
49 12 483
49 12 516
49 12 525
49 12 526
49 183 485
49 183 488
49 139 524
49 28 641
49 28 648
49 28 656
49 28 657
49 28 658
49 28 679
49 28 686
49 28 698
167 115 285
167 134 307
167 29 391
167 106 522
167 52 740
167 52 747
167 52 768
115 8 268
115 8 280
115 8 282
115 8 285
115 8 287
115 8 288
115 8 289
115 8 290
115 8 291
115 8 306
115 8 307
115 8 308
115 8 309
115 8 310
115 8 311
115 110 308
115 110 309
115 130 387
115 130 389
115 130 391
115 130 394
115 130 397
115 130 403
115 130 404
115 130 410
115 130 411
115 130 412
115 130 415
115 130 421
115 130 430
115 130 431
115 130 433
115 130 440
115 135 389
115 135 392
115 135 394
115 135 396
115 135 397
115 135 400
115 135 421
115 135 431
115 112 391
115 112 396
115 112 397
115 112 400
115 112 404
115 112 408
115 112 411
115 112 412
115 112 431
115 112 437
115 112 438
115 112 440
115 112 443
115 112 448
115 112 450
115 112 451
115 112 452
115 112 453
8 114 269
8 114 270
8 114 273
8 114 274
8 114 275
8 114 276
8 114 277
8 114 278
8 114 286
8 134 308
8 110 308
8 111 309
114 146 782
114 146 785
114 146 811
114 146 812
114 146 813
114 146 814
114 146 821
114 146 829
114 146 834
114 146 835
114 146 836
114 146 837
114 146 839
114 146 860
114 146 866
114 11 782
114 11 785
114 11 786
114 11 787
114 11 797
114 11 800
114 11 802
114 11 806
114 11 814
114 11 820
114 11 832
114 11 835
114 11 836
114 11 837
114 11 838
114 11 845
114 11 846
114 11 847
114 11 851
114 11 852
114 11 853
114 11 854
114 11 855
114 11 857
114 11 859
114 11 860
114 11 866
114 136 793
114 136 802
114 136 807
111 133 295
111 133 297
111 133 309
111 133 321
111 133 332
111 133 334
111 133 335
111 130 383
111 130 384
111 130 385
111 130 386
111 130 390
111 130 395
111 130 401
111 130 410
111 130 414
111 130 415
111 130 416
111 130 418
111 130 419
111 130 421
111 130 423
111 135 384
111 135 392
111 135 393
111 135 394
111 135 395
111 135 396
111 135 397
111 135 400
111 135 402
111 135 404
111 135 414
111 135 415
111 135 416
111 135 418
111 135 425
111 135 430
111 135 431
111 135 433
111 7 393
111 7 403
111 7 424
111 12 424
111 165 449
133 29 334
133 29 335
133 203 835
133 146 864
133 140 880
145 42 295
145 42 411
145 42 417
145 42 420
145 42 422
145 42 424
145 42 426
145 42 638
145 42 639
145 30 590
145 194 594
145 194 639
145 13 605
145 13 608
145 202 606
145 10 606
145 171 612
145 136 639
42 51 630
42 51 636
42 51 637
42 51 638
42 51 639
42 51 640
42 195 632
42 135 638
42 135 639
134 110 296
134 110 298
134 110 300
134 110 305
134 110 306
134 110 308
134 110 310
134 110 319
134 110 320
134 110 322
134 110 323
134 110 324
134 110 328
134 110 329
134 110 330
134 110 331
134 110 336
134 130 384
134 130 385
134 130 386
134 130 387
134 130 388
134 130 389
134 130 399
134 130 401
134 130 404
134 130 410
134 130 415
134 130 416
134 130 417
134 130 423
134 130 424
134 130 426
134 130 428
134 130 429
134 130 432
134 130 434
134 130 436
134 130 438
134 130 440
134 130 442
134 130 443
134 130 444
134 130 447
134 130 448
134 130 450
134 130 451
134 130 453
134 112 387
134 112 388
134 112 399
134 112 405
134 112 413
134 112 423
134 112 424
134 112 426
134 112 428
134 112 429
134 112 432
134 112 435
134 112 436
134 112 437
134 112 438
134 112 439
134 112 440
134 112 441
134 112 442
134 112 444
134 112 448
134 112 450
134 112 451
134 112 452
134 112 453
134 7 413
134 7 424
134 118 453
29 87 349
29 87 350
29 87 352
29 87 353
29 87 354
29 87 355
29 87 396
29 87 399
29 87 402
29 87 407
29 87 408
29 87 409
29 87 462
29 87 463
29 87 470
29 87 482
29 87 485
29 87 490
29 87 491
29 168 810
29 168 811
29 168 813
29 168 815
29 168 819
29 168 820
29 168 822
29 168 823
29 168 836
29 168 840
29 168 841
29 168 842
29 168 844
29 168 845
29 168 849
29 168 850
29 168 861
29 90 810
29 90 811
29 90 812
29 90 814
29 90 822
29 90 887
29 90 888
29 90 889
29 90 890
29 90 895
29 52 810
29 52 811
29 52 815
29 52 817
29 52 820
29 52 824
29 52 825
29 52 826
29 52 827
29 52 829
29 52 830
29 52 835
29 52 845
29 52 884
29 52 885
29 52 886
29 52 887
29 52 900
29 39 870
29 39 871
29 121 903
29 121 904
29 207 903
29 207 904
87 31 397
87 31 398
87 31 406
87 31 416
87 31 458
87 31 461
87 31 464
87 31 465
87 31 471
87 31 481
87 31 483
87 31 484
87 0 402
85 57 358
85 57 361
85 57 376
85 57 377
85 57 380
85 57 387
85 57 388
85 57 389
85 57 390
85 57 391
85 57 400
85 57 407
85 57 408
85 57 425
85 57 426
85 57 439
85 73 856
85 73 858
85 73 860
85 73 861
85 73 864
85 73 869
85 73 871
85 63 861
85 36 904
57 130 391
57 130 586
57 130 621
57 130 623
57 130 624
57 130 625
57 130 626
57 184 601
57 184 624
57 184 625
57 184 629
57 184 644
57 184 646
57 184 651
57 184 652
57 184 653
12 0 366
12 0 367
12 0 368
12 0 369
12 0 372
12 0 376
12 0 377
12 0 378
12 0 379
12 0 380
12 0 386
12 0 387
12 0 388
12 0 389
12 0 390
12 0 403
12 0 404
12 0 405
12 0 414
12 0 415
12 0 416
12 0 418
12 0 420
12 0 421
12 0 422
12 0 423
12 0 424
12 0 425
12 0 426
12 0 427
12 0 428
12 0 429
12 0 430
12 0 431
12 0 432
12 0 433
12 0 434
12 0 435
12 0 436
12 0 437
12 0 438
12 0 439
12 0 440
12 0 441
12 0 442
12 0 443
12 0 444
12 0 445
12 0 446
12 0 447
12 0 448
12 0 449
12 0 450
12 0 452
12 0 454
12 0 456
12 0 457
12 0 458
12 0 459
12 0 460
12 0 465
12 0 475
12 0 476
12 0 477
12 0 478
12 0 479
12 0 480
12 0 481
12 0 482
12 0 483
12 0 484
12 0 488
12 0 489
12 0 493
12 0 496
12 0 497
12 0 499
12 0 500
12 130 421
12 112 421
12 126 483
12 9 492
12 30 502
12 30 503
12 30 504
12 30 507
12 30 510
12 30 511
12 30 514
12 30 516
12 30 520
12 30 521
12 30 523
12 30 524
12 30 525
12 30 526
12 30 527
12 183 503
12 193 505
12 193 524
12 1 523
130 119 582
130 119 586
130 119 593
130 119 606
130 119 618
130 119 620
130 119 621
130 119 622
130 119 623
130 119 624
130 119 653
135 7 412
135 9 452
135 194 575
135 194 587
135 194 588
135 194 600
135 194 604
135 194 605
135 194 607
135 194 608
135 194 609
135 194 611
135 194 612
135 194 613
135 194 614
135 194 616
135 194 618
135 194 620
135 194 621
135 194 622
135 194 623
135 194 624
135 194 625
135 194 626
135 194 628
135 194 632
135 194 635
135 194 637
135 194 639
135 30 591
112 189 445
112 166 594
112 166 595
112 166 596
112 166 597
112 166 598
112 166 599
112 166 600
112 166 601
112 166 603
112 166 609
112 166 612
112 166 613
112 166 614
112 166 615
112 166 616
112 166 617
112 166 621
112 166 622
112 166 625
112 166 626
193 7 438
193 197 468
193 197 493
193 197 508
193 197 514
193 197 516
193 197 518
193 197 524
201 189 391
201 189 403
201 189 404
201 189 411
201 189 412
201 189 413
201 189 415
201 189 416
201 189 418
201 189 421
201 189 422
201 189 423
201 189 424
201 189 425
201 189 426
201 189 427
201 189 465
201 189 467
201 189 515
201 189 519
201 189 523
201 7 398
201 7 399
201 72 446
201 9 457
201 122 476
201 122 477
201 122 478
201 122 481
201 122 482
201 122 483
201 122 484
201 122 485
201 122 486
201 122 488
201 122 489
201 122 490
201 122 491
201 122 492
201 122 493
201 122 496
201 122 497
201 122 498
201 122 499
201 122 500
201 122 503
201 122 504
201 122 505
201 122 506
201 122 507
201 122 508
201 122 509
201 122 511
201 122 513
201 122 514
201 122 515
201 122 516
201 122 517
201 122 519
201 122 520
201 122 522
201 122 524
201 122 525
201 122 526
201 122 528
201 122 529
201 122 530
201 122 540
201 122 541
201 122 542
201 122 543
201 122 544
201 122 545
201 122 550
201 122 552
201 122 553
201 122 554
201 122 556
201 122 557
201 122 560
201 122 562
201 122 563
201 122 564
201 122 565
201 122 566
201 122 567
201 122 570
201 122 571
201 122 573
201 122 574
201 122 575
201 122 576
201 122 577
201 122 578
201 122 579
201 122 580
201 122 581
201 122 582
201 122 583
201 122 584
201 122 585
201 122 586
201 122 587
201 122 588
201 122 589
201 122 590
201 122 591
201 122 592
201 122 593
201 122 594
201 122 595
201 122 596
201 122 597
201 122 598
201 122 601
201 122 602
201 122 604
201 122 605
201 122 612
201 122 614
201 122 616
201 122 618
201 122 619
201 122 620
201 18 503
201 73 518
201 93 521
201 106 575
189 7 392
189 7 397
189 7 399
189 7 411
189 165 468
189 165 476
189 165 480
189 165 482
189 165 483
189 165 491
189 165 492
189 165 513
189 165 519
189 126 501
189 30 524
189 149 707
189 195 708
189 104 728
189 104 729
189 104 730
189 104 731
189 104 732
189 122 735
189 136 836
189 136 837
31 152 609
31 152 611
31 152 612
31 152 613
31 152 614
31 152 615
31 152 620
31 152 621
31 152 622
31 152 625
31 152 626
31 152 628
31 152 637
31 152 639
31 152 641
31 152 643
31 152 651
31 152 656
31 152 658
31 152 659
31 152 660
31 152 663
31 152 665
31 152 668
31 152 669
31 152 670
31 152 672
31 152 674
31 152 676
31 152 678
31 152 682
31 152 684
31 152 685
31 152 694
31 152 696
31 152 699
31 152 701
31 152 703
31 152 705
31 152 706
31 152 709
31 152 710
31 152 711
31 152 712
31 152 713
31 152 714
31 152 715
31 152 716
31 152 717
31 152 718
31 152 719
31 152 720
31 152 721
31 152 722
31 152 723
31 13 619
31 10 619
31 122 722
31 44 722
138 126 487
138 126 488
138 126 990
138 183 502
138 105 902
138 105 903
138 105 904
138 105 905
138 105 906
138 105 919
138 105 925
138 105 947
138 105 959
138 105 962
138 105 963
138 105 964
138 105 965
138 105 973
138 105 974
138 105 981
138 105 982
138 105 986
138 105 987
138 15 904
138 15 905
138 15 947
138 15 948
138 15 949
138 15 954
138 15 956
138 15 957
138 15 965
138 15 966
138 15 967
138 15 968
138 15 972
138 15 973
138 15 974
138 15 975
138 15 976
138 15 977
138 15 978
138 15 979
138 15 980
138 15 981
138 158 921
138 158 941
138 158 946
138 158 947
138 158 948
138 158 949
138 158 951
138 158 952
138 158 953
138 158 956
138 158 957
138 158 958
138 158 974
138 158 975
138 158 976
138 158 978
138 150 948
165 197 434
165 197 435
165 197 436
165 197 437
165 197 438
165 197 439
165 197 443
165 197 444
165 197 446
165 197 448
165 197 453
165 197 454
165 197 458
165 197 459
165 197 468
165 197 470
165 197 473
165 197 476
165 197 479
165 197 494
165 197 495
165 197 500
165 197 501
165 183 463
165 183 508
165 183 509
165 183 512
165 9 481
165 9 507
165 9 508
165 9 509
165 51 746
197 118 463
197 73 491
197 73 492
197 73 493
197 73 495
197 73 496
197 73 497
197 73 498
197 73 499
197 73 500
197 73 501
197 73 502
197 73 503
197 73 504
197 73 505
197 73 506
197 73 507
197 73 508
197 73 509
197 73 510
197 73 511
197 73 512
197 73 513
197 73 514
197 73 515
197 73 516
197 73 518
197 73 521
197 73 526
197 73 533
197 73 534
197 73 536
197 73 539
197 73 542
197 73 556
197 73 557
197 73 558
197 73 559
197 73 560
197 73 561
197 73 568
197 73 569
197 73 571
197 73 584
197 93 499
197 99 584
139 63 439
139 63 440
139 63 446
139 63 448
139 63 454
139 63 456
139 63 464
139 63 466
139 63 469
139 63 478
139 63 485
139 63 486
139 63 487
139 63 490
139 63 493
139 63 495
139 63 498
139 63 499
139 63 503
139 88 522
139 157 559
139 157 560
139 157 561
139 170 582
139 30 582
63 126 487
63 126 488
63 88 509
63 88 581
63 30 524
63 140 566
63 25 669
63 25 670
63 25 674
63 25 676
63 25 678
63 25 682
63 25 684
63 25 710
63 25 712
63 25 713
63 25 714
63 25 717
63 25 719
63 25 725
63 25 726
63 25 727
63 25 731
63 25 732
63 25 734
63 25 735
63 25 736
63 25 739
63 25 748
63 25 749
63 25 751
63 25 753
63 25 754
63 25 755
63 25 756
63 25 757
63 25 758
63 25 759
63 25 761
63 25 762
63 25 763
63 25 764
63 25 765
63 25 767
63 25 768
63 25 783
63 25 784
63 25 785
63 25 786
63 25 788
63 25 789
63 25 792
63 25 793
63 25 795
63 25 809
63 25 813
63 25 814
63 25 815
63 25 816
63 25 817
63 25 841
63 25 842
63 25 843
63 25 844
63 25 845
63 25 846
63 25 847
63 25 849
63 25 850
63 25 852
63 25 853
63 25 854
63 25 855
63 149 732
63 104 749
63 104 764
63 104 768
63 104 783
63 104 784
63 11 812
63 132 861
63 95 861
72 205 478
18 93 447
18 93 450
18 93 451
18 93 452
18 93 454
18 93 456
18 93 457
18 93 460
18 93 461
18 93 462
18 93 463
18 93 464
18 93 465
18 93 466
18 93 467
18 93 468
18 93 473
18 93 474
18 93 478
18 93 479
18 93 482
18 93 484
18 93 486
18 93 492
18 93 498
18 93 503
18 93 506
18 93 507
18 93 508
18 93 523
18 93 524
18 93 526
18 93 527
18 93 528
18 93 529
18 93 530
18 93 536
18 93 537
18 93 538
18 93 543
18 93 548
18 93 550
18 93 559
18 93 563
18 93 564
18 93 565
18 93 567
18 93 569
18 103 448
18 103 449
18 103 454
18 103 455
18 103 461
18 103 462
18 103 463
18 103 465
18 103 466
18 103 467
18 103 468
18 103 471
18 103 472
18 103 478
18 103 479
18 103 481
18 103 482
18 103 484
18 103 485
18 103 490
18 103 493
18 103 495
18 103 496
18 103 497
18 103 498
18 103 499
18 103 502
18 103 503
18 103 506
18 103 509
18 103 510
18 103 511
18 103 512
18 103 513
18 103 521
18 103 522
18 103 523
18 103 525
18 103 528
18 103 529
18 103 531
18 103 532
18 103 536
18 103 537
18 103 540
18 103 548
18 103 563
18 103 569
18 99 456
18 99 465
18 122 498
18 183 534
18 140 538
103 93 447
103 93 448
103 93 449
103 93 452
103 93 454
103 93 457
103 93 459
103 93 461
103 93 462
103 93 463
103 93 465
103 93 466
103 93 467
103 93 468
103 93 469
103 93 474
103 93 479
103 93 482
103 93 483
103 93 484
103 93 486
103 93 491
103 93 494
103 93 495
103 93 497
103 93 499
103 93 503
103 93 504
103 93 506
103 93 512
103 93 513
103 93 522
103 93 523
103 93 526
103 93 527
103 93 529
103 93 530
103 93 531
103 93 532
103 93 533
103 93 536
103 93 537
103 93 548
103 93 550
103 93 551
103 93 552
103 93 553
103 93 556
103 93 557
103 93 558
103 93 562
103 93 563
103 93 566
103 93 567
103 93 569
103 149 500
103 122 563
93 99 481
93 99 492
93 121 499
93 172 527
93 172 530
93 172 534
93 172 537
93 172 540
93 172 541
93 172 543
93 172 549
93 172 551
93 172 562
93 172 564
9 118 449
9 118 451
9 118 454
9 118 455
9 118 456
9 118 457
9 118 460
9 118 462
9 118 463
9 118 464
9 118 465
9 118 472
9 118 474
9 118 475
9 118 476
9 118 477
9 118 479
9 118 481
9 118 483
9 118 486
9 118 488
9 118 489
9 118 490
9 118 497
9 118 503
9 118 504
9 118 507
9 118 514
9 118 515
9 118 520
9 126 451
9 126 493
9 126 494
9 126 495
9 126 496
9 126 497
9 126 499
9 126 503
9 126 505
9 126 507
9 126 508
9 126 509
9 126 510
9 126 515
9 126 516
9 126 518
9 99 456
9 79 459
9 79 485
9 79 486
9 79 489
9 79 490
9 79 499
9 79 500
9 79 515
9 79 516
9 79 518
9 122 505
9 106 519
118 183 450
118 183 451
118 183 453
118 183 454
118 183 455
118 183 456
118 183 458
118 183 459
118 183 460
118 183 461
118 183 462
118 183 463
118 183 464
118 183 465
118 183 466
118 183 468
118 183 470
118 183 471
118 183 473
118 183 477
118 183 478
118 183 479
118 183 483
118 183 484
118 183 485
118 183 486
118 183 487
118 183 488
118 183 489
118 183 490
118 183 495
118 183 497
118 183 498
118 183 499
118 183 501
118 183 502
118 183 503
118 183 504
118 183 505
118 183 506
118 183 507
118 183 512
118 183 513
118 183 514
118 183 515
118 183 518
118 79 456
118 79 457
118 79 458
118 131 643
118 131 651
118 131 652
183 126 451
183 126 494
183 126 495
183 126 500
183 126 510
183 73 491
183 73 492
183 73 493
183 73 495
183 73 496
183 73 497
183 73 499
183 73 503
183 73 505
183 73 506
183 73 507
183 73 508
183 73 511
183 73 512
183 73 514
183 73 515
183 73 516
183 73 518
183 73 521
183 73 524
183 73 530
183 73 534
183 73 539
183 73 550
183 73 551
183 73 552
183 73 553
183 73 554
183 73 555
183 73 556
183 73 557
183 73 558
183 73 561
183 73 562
183 73 563
183 194 491
183 194 492
183 194 493
183 194 494
183 194 495
183 194 496
183 194 497
183 194 498
183 194 499
183 194 507
183 194 508
183 194 512
183 194 515
183 194 518
183 194 521
183 194 533
183 194 537
183 194 539
183 194 540
183 194 545
183 194 546
183 194 547
183 194 548
183 194 563
183 106 519
183 172 534
183 10 569
126 79 451
126 79 454
126 79 455
126 79 459
126 79 460
126 79 462
126 79 463
126 79 467
126 79 479
126 79 480
126 79 481
126 79 482
126 79 483
126 79 485
126 79 486
126 79 488
126 79 492
126 79 493
126 79 495
126 79 497
126 79 525
126 79 532
126 79 536
126 79 540
126 79 557
126 79 558
126 79 567
126 79 568
126 79 569
126 79 918
126 99 569
126 39 839
126 151 916
79 99 568
79 99 569
79 150 893
79 150 895
79 150 896
79 150 899
79 150 900
79 150 901
79 150 902
79 150 905
79 150 909
79 150 910
79 150 911
79 150 912
79 150 913
79 150 914
79 150 915
79 150 917
79 150 918
79 150 920
79 150 921
79 150 922
79 150 923
79 150 924
79 150 925
79 150 926
79 150 927
79 150 928
79 150 929
79 150 930
79 150 931
79 150 932
79 150 934
79 150 935
79 150 936
79 150 940
79 150 941
79 150 942
79 150 943
79 150 948
79 150 949
79 150 951
79 150 952
79 150 955
79 150 956
79 150 957
79 150 958
79 150 959
79 150 960
79 150 961
79 150 962
79 150 963
99 109 558
99 109 559
99 109 560
99 109 561
99 109 562
99 109 563
99 109 564
99 109 565
99 151 558
99 151 559
99 151 560
99 151 561
99 151 562
99 151 563
99 151 564
99 151 565
99 151 566
99 73 581
99 73 584
99 73 585
99 157 584
205 27 474
205 27 475
205 27 476
205 27 477
205 27 480
205 27 481
205 27 482
205 27 490
205 27 491
205 27 493
205 27 494
205 27 506
205 27 516
205 27 527
205 27 528
205 27 575
205 27 576
205 27 577
205 27 578
205 27 579
205 27 580
205 27 581
205 27 582
205 27 583
205 27 586
205 27 587
205 27 589
205 27 596
205 27 615
205 27 616
205 27 619
205 27 620
205 1 572
205 1 573
205 1 574
205 1 575
205 1 576
205 1 577
27 122 476
27 122 481
27 122 483
27 122 489
27 122 491
27 122 506
27 122 510
27 122 517
27 122 557
27 122 572
27 122 573
27 122 574
27 122 575
27 122 576
27 122 577
27 122 578
27 122 580
27 122 581
27 122 582
27 122 584
27 122 586
27 122 615
27 122 618
27 122 619
27 122 620
27 149 505
27 146 582
27 171 607
27 100 607
27 198 608
27 166 826
27 166 829
27 166 830
27 166 831
27 166 838
27 166 839
27 166 858
27 166 859
27 166 860
122 1 573
122 1 574
122 1 575
122 1 576
122 1 577
122 19 614
122 43 721
122 43 722
122 43 723
122 43 724
122 43 725
122 43 726
122 43 727
122 43 728
122 43 729
122 43 730
122 43 731
122 43 732
122 43 733
122 43 734
122 43 735
122 43 737
122 43 738
122 43 739
122 43 740
122 43 741
122 43 742
122 43 743
122 43 744
122 43 745
122 43 746
122 43 747
122 43 748
122 43 749
122 43 750
122 43 751
122 43 752
122 43 753
122 43 754
122 43 755
122 43 756
122 43 759
122 43 760
122 43 761
122 43 762
122 43 763
122 43 764
122 43 765
122 43 766
122 43 767
122 43 768
122 43 769
122 43 770
122 43 772
122 43 773
122 43 775
122 43 776
122 43 777
122 43 779
122 43 780
122 43 783
122 43 784
122 43 785
122 43 787
122 43 788
122 43 789
122 43 791
122 43 792
122 43 794
122 43 796
122 43 797
122 43 798
122 43 800
122 43 801
122 43 802
122 43 803
122 43 805
122 43 806
122 43 807
122 43 808
122 43 817
122 43 820
122 94 729
122 184 732
122 206 741
122 206 796
122 206 797
122 206 798
122 206 807
122 206 808
122 168 818
172 157 534
172 28 742
172 28 746
172 28 747
172 28 748
172 28 749
172 28 763
172 28 765
172 28 768
172 28 783
172 28 784
172 28 787
172 28 791
172 28 792
172 136 789
73 157 493
73 157 494
73 157 500
73 157 501
73 157 502
73 157 510
73 157 511
73 157 512
73 157 513
73 157 514
73 157 515
73 157 516
73 157 518
73 157 520
73 157 524
73 157 525
73 157 536
73 157 540
73 157 542
73 157 545
73 157 546
73 157 549
73 157 550
73 157 556
73 157 559
73 157 560
73 157 561
73 157 562
73 157 564
73 157 565
73 157 566
73 157 570
73 157 571
73 30 503
73 140 552
73 140 556
73 140 871
73 140 873
73 90 882
73 123 885
194 157 493
194 157 498
194 157 499
194 157 500
194 157 501
194 157 502
194 157 507
194 157 509
194 157 510
194 157 514
194 157 515
194 157 516
194 157 517
194 157 518
194 157 533
194 157 539
194 157 556
194 157 561
194 157 562
194 157 584
194 106 561
194 51 628
194 51 635
194 51 637
194 51 639
194 43 637
194 43 639
157 1 562
157 156 713
157 156 714
157 156 715
157 156 720
157 156 721
157 156 735
157 156 736
157 156 737
157 156 738
157 156 741
157 156 747
157 156 748
157 156 749
157 156 750
157 156 751
157 156 759
157 156 760
157 156 761
157 156 762
157 156 763
157 156 764
157 156 765
157 156 774
157 156 779
157 156 783
121 30 519
121 106 571
121 203 840
121 203 841
121 203 843
121 203 844
121 203 851
121 203 856
121 203 858
121 203 861
121 203 864
121 203 865
121 203 866
121 203 867
121 203 870
121 203 876
121 203 877
121 203 878
121 203 879
121 203 880
121 203 893
121 203 896
121 203 897
121 203 903
121 203 904
121 203 910
121 123 842
121 123 880
121 123 903
121 123 904
121 123 910
121 123 911
149 30 588
149 156 721
149 2 721
149 2 723
149 89 770
30 1 523
30 168 535
30 168 536
30 168 540
30 168 542
30 168 543
30 168 544
30 168 546
30 168 551
30 168 552
30 168 553
30 168 556
30 168 557
30 168 559
30 168 560
30 168 561
30 168 567
30 168 573
30 168 577
30 168 580
30 168 583
30 168 585
30 168 589
30 168 590
30 168 591
30 168 592
30 13 579
30 13 580
30 13 581
30 10 579
30 10 580
30 136 603
30 198 734
30 198 735
106 1 516
106 1 517
106 1 518
106 1 519
106 1 520
106 1 521
106 1 522
106 1 523
106 1 524
106 1 525
106 1 526
106 1 527
106 1 529
106 1 530
106 1 532
106 1 539
106 1 540
106 1 548
106 1 549
106 1 550
106 1 551
106 1 552
106 1 553
106 1 557
106 1 559
106 1 561
106 1 564
106 1 565
106 1 566
106 1 567
106 1 568
106 1 569
106 1 570
106 1 571
106 1 573
106 1 574
106 1 575
106 1 579
106 1 581
106 1 582
106 1 583
106 1 584
106 1 585
106 1 586
106 1 588
106 1 589
106 1 590
106 1 591
106 1 592
106 1 593
106 1 594
106 1 595
106 1 596
106 1 597
106 43 597
1 43 597
109 151 520
109 151 521
109 151 527
109 151 528
109 151 533
109 151 536
109 151 540
109 151 541
109 151 543
109 151 549
109 151 550
109 151 555
109 151 556
109 151 557
109 151 558
109 151 559
109 151 560
109 151 561
109 151 562
109 151 563
109 151 564
109 151 565
170 13 582
170 13 583
170 13 584
170 51 591
170 203 745
170 203 746
170 203 776
170 203 779
170 203 780
170 158 745
170 120 775
168 90 810
168 90 811
168 90 819
168 90 846
140 13 582
140 173 863
140 173 881
140 173 890
140 173 891
140 173 892
140 173 893
140 95 873
140 95 876
140 44 877
36 150 895
36 150 896
36 95 907
202 13 561
202 13 562
202 13 563
202 13 564
202 13 565
202 13 567
202 13 568
202 13 569
202 13 570
202 13 571
202 13 572
202 13 573
202 13 575
202 13 576
202 13 577
202 13 578
202 13 580
202 13 581
202 13 582
202 13 583
202 13 584
202 13 592
202 13 593
202 13 594
202 13 595
202 13 596
202 13 598
202 13 601
202 13 602
202 13 603
202 13 604
202 13 606
202 13 608
202 13 609
202 13 610
202 13 613
202 13 614
202 13 615
202 13 616
202 13 617
202 13 618
202 13 619
202 13 620
202 13 622
202 13 623
202 13 626
202 13 627
202 13 628
202 13 629
202 13 630
202 13 631
202 13 632
202 10 561
202 10 562
202 10 563
202 10 568
202 10 569
202 10 571
202 10 572
202 10 573
202 10 574
202 10 577
202 10 583
202 10 584
202 10 600
202 10 601
202 10 602
202 10 610
202 10 618
202 10 630
202 10 631
202 10 632
202 19 630
202 123 718
202 123 719
202 123 721
202 123 722
202 123 723
202 123 724
202 123 725
202 123 726
202 123 727
202 123 728
202 123 729
202 123 730
202 123 733
202 123 734
202 123 735
202 123 737
202 123 738
202 123 739
202 123 740
202 123 749
202 123 750
202 123 751
202 123 752
202 123 753
202 123 756
202 123 759
202 123 762
202 123 763
202 123 768
202 123 783
202 123 784
202 123 785
202 123 791
202 123 795
202 123 809
202 123 813
202 123 814
202 123 816
202 123 818
202 123 819
202 123 820
202 123 822
202 123 823
202 123 824
202 43 721
202 43 722
202 43 723
202 43 724
202 43 725
202 43 726
202 43 727
202 43 732
202 43 733
202 43 734
202 43 735
202 43 739
202 43 740
202 43 741
202 43 742
202 43 750
202 43 751
202 43 752
202 43 755
202 43 776
202 43 785
202 43 791
202 43 796
202 43 797
202 43 798
202 43 806
202 43 807
202 94 729
202 94 818
202 184 732
202 156 764
202 158 781
202 158 782
202 132 823
202 132 824
13 10 561
13 10 562
13 10 563
13 10 564
13 10 565
13 10 567
13 10 568
13 10 569
13 10 570
13 10 571
13 10 572
13 10 573
13 10 574
13 10 575
13 10 576
13 10 577
13 10 579
13 10 580
13 10 581
13 10 583
13 10 585
13 10 588
13 10 589
13 10 590
13 10 593
13 10 594
13 10 595
13 10 596
13 10 597
13 10 598
13 10 601
13 10 602
13 10 603
13 10 605
13 10 606
13 10 608
13 10 609
13 10 610
13 10 612
13 10 618
13 10 619
13 10 620
13 10 622
13 10 625
13 10 628
13 10 629
13 10 630
13 10 631
13 113 603
13 113 623
13 113 625
13 113 626
13 166 612
13 152 619
13 19 624
13 19 628
13 19 629
13 19 630
13 19 631
10 136 603
10 19 630
136 51 627
136 51 628
136 51 634
136 51 635
136 51 636
136 51 637
136 51 638
136 51 639
136 100 629
136 132 795
136 123 814
119 184 581
119 184 586
119 184 587
119 184 588
119 184 589
119 184 602
119 184 603
119 184 617
119 184 618
119 184 619
119 184 620
119 184 621
119 184 622
119 184 623
119 184 624
119 184 625
119 184 644
119 184 645
119 184 646
119 184 651
119 184 652
119 184 653
119 58 586
119 58 587
119 58 588
119 58 589
119 58 590
119 58 591
119 58 601
119 58 625
119 58 635
119 58 636
119 58 637
119 58 642
119 58 644
119 58 645
119 58 646
119 58 651
119 58 652
119 58 653
119 89 754
119 203 775
119 203 776
119 156 792
184 146 609
184 146 621
184 131 635
184 131 637
184 131 638
184 131 639
184 131 648
184 131 649
184 131 650
184 131 651
184 131 652
184 131 653
184 101 711
184 101 712
184 101 713
184 101 714
184 101 715
184 101 716
184 101 718
184 101 719
184 101 720
184 101 721
184 101 722
184 101 724
184 101 725
184 101 728
184 101 730
184 101 734
184 101 735
184 101 736
184 101 737
184 101 738
184 173 712
184 173 718
184 173 720
184 173 722
184 173 723
146 137 782
146 11 784
146 11 785
146 11 809
146 11 813
146 11 814
146 11 821
146 11 823
146 11 824
146 11 825
146 11 834
146 11 835
146 11 836
146 11 837
146 11 841
146 11 842
146 11 843
146 11 844
146 11 845
146 11 847
146 11 848
146 11 849
146 11 851
146 11 854
146 11 861
146 11 862
146 11 866
58 131 644
58 131 652
58 2 710
58 2 711
58 2 712
58 2 713
58 2 715
58 2 718
58 2 720
58 2 722
58 2 723
58 2 725
58 2 726
58 2 748
58 2 752
58 2 759
58 2 764
58 2 776
58 2 777
58 2 778
58 2 816
58 156 780
58 156 781
166 52 825
166 52 826
166 52 829
166 52 830
166 90 827
166 90 828
166 90 914
166 90 915
166 90 919
166 90 920
43 94 729
43 101 732
43 104 733
43 104 734
43 104 753
43 104 754
43 104 755
43 104 757
43 104 758
43 104 759
43 104 760
43 104 761
43 104 762
43 104 763
43 104 764
43 104 765
43 104 769
43 104 770
43 104 772
43 104 773
43 104 775
43 104 776
43 104 777
43 104 778
43 104 779
43 104 780
43 104 782
43 104 783
43 104 784
43 104 785
43 104 786
43 104 787
43 104 789
171 100 599
171 100 600
171 100 601
171 100 602
171 100 606
171 100 607
171 100 608
171 100 609
171 100 610
171 100 611
171 100 612
171 100 613
171 100 619
171 100 620
171 100 623
171 100 624
171 100 626
171 195 602
171 195 603
171 195 608
100 198 603
100 198 608
100 25 605
100 25 606
195 19 635
195 101 709
195 101 710
195 94 718
195 94 727
195 89 719
195 123 721
195 14 785
195 14 786
195 14 787
195 14 789
195 14 794
195 14 795
195 14 798
195 14 800
195 14 812
195 14 813
195 14 815
195 14 819
195 14 821
195 14 822
195 14 823
195 14 830
195 14 832
195 14 834
195 14 835
195 14 836
195 14 837
195 14 838
195 14 840
195 14 842
195 14 843
195 14 848
198 152 615
198 19 624
198 101 711
113 137 791
113 137 792
113 137 794
113 137 795
113 137 796
113 137 799
113 137 800
113 137 801
113 11 798
113 11 801
113 11 808
113 11 834
113 11 856
113 11 858
113 11 861
113 11 865
113 11 867
25 101 714
25 104 742
25 104 745
25 104 746
25 104 747
25 104 749
25 104 751
25 104 753
25 104 754
25 104 755
25 104 756
25 104 757
25 104 758
25 104 759
25 104 760
25 104 762
25 104 763
25 104 764
25 104 765
25 104 766
25 104 767
25 104 769
25 104 770
25 104 771
25 104 772
25 104 774
25 104 775
25 104 776
25 104 778
25 104 781
25 104 782
25 104 783
131 94 715
131 94 717
131 94 718
131 94 719
131 94 720
131 94 721
131 94 723
131 94 724
131 94 725
131 94 726
131 94 727
131 94 728
131 94 729
131 94 730
131 94 731
131 94 732
131 94 733
131 94 736
131 94 737
131 94 739
131 94 740
131 94 747
131 94 750
131 94 751
131 94 752
131 94 753
131 94 755
131 94 756
131 94 757
131 94 760
131 94 764
131 94 765
131 94 766
131 94 768
131 94 770
131 94 786
131 94 789
131 94 790
131 94 793
131 94 794
131 94 800
131 94 808
131 94 809
131 94 810
131 94 811
131 94 812
131 94 813
131 94 814
131 94 815
131 94 816
131 94 817
131 94 818
131 94 819
131 94 820
131 94 821
131 94 822
131 137 808
131 123 823
131 123 824
28 120 753
28 89 754
28 94 777
28 203 783
28 203 784
28 203 785
28 203 786
28 203 792
28 203 794
104 101 724
104 123 734
104 123 752
104 123 753
104 123 768
104 123 784
104 123 785
104 123 786
104 123 787
104 94 754
104 2 792
104 2 793
104 2 854
104 2 855
104 158 854
104 158 855
104 59 854
104 59 855
101 173 697
101 173 700
101 123 732
101 94 733
173 89 723
2 158 715
2 158 716
2 158 717
2 158 720
2 158 722
2 158 729
2 158 730
2 158 731
2 158 733
2 158 734
2 158 739
2 158 743
2 158 744
2 158 745
2 158 748
2 158 749
2 158 750
2 158 751
2 158 753
2 158 755
2 158 759
2 158 764
2 158 795
2 158 796
2 158 797
2 158 800
2 158 802
2 158 803
2 158 804
2 158 806
2 158 807
2 158 808
2 158 809
2 158 810
2 158 811
2 158 812
2 158 813
2 158 814
2 158 815
2 158 816
2 158 817
2 158 818
2 158 819
2 158 820
2 158 822
2 158 823
2 158 824
2 158 826
2 158 827
2 158 829
2 158 830
2 158 835
2 158 838
2 158 839
2 158 850
2 158 851
2 158 852
2 158 853
2 158 854
2 156 716
2 156 739
2 156 745
2 156 749
2 156 751
2 156 774
2 156 776
2 156 780
2 156 781
2 156 782
2 156 814
2 156 815
2 156 816
2 156 817
2 156 822
2 156 823
2 156 824
2 156 825
2 156 827
2 156 828
2 156 830
2 156 852
2 94 734
2 206 758
2 206 763
2 206 764
2 203 761
2 59 852
2 59 853
2 59 854
156 59 729
156 59 730
156 59 736
156 59 748
156 59 749
156 59 750
156 59 758
156 59 779
156 59 792
156 59 793
156 59 794
156 59 795
156 59 820
156 94 740
156 158 742
156 158 743
156 158 744
156 158 746
156 158 777
156 158 778
156 158 780
156 158 781
156 158 831
156 206 781
158 59 714
158 59 715
158 59 716
158 59 719
158 59 721
158 59 725
158 59 726
158 59 746
158 59 747
158 59 748
158 59 749
158 59 750
158 59 751
158 59 761
158 59 781
158 59 792
158 94 737
158 94 756
158 105 910
158 105 914
158 105 925
158 105 946
158 105 947
158 105 950
158 105 954
158 105 955
158 105 957
158 105 969
158 105 973
158 105 974
158 15 911
158 15 914
158 15 915
158 15 916
59 206 781
94 132 744
94 132 745
94 132 769
94 132 771
94 132 772
94 132 773
94 132 774
94 132 775
94 132 776
94 132 777
94 132 778
94 132 779
94 132 780
94 132 796
94 132 797
94 132 798
94 132 799
94 132 802
94 132 804
94 132 806
94 132 807
94 120 771
94 203 777
94 203 778
94 11 802
94 11 803
94 44 818
123 44 771
123 44 774
123 44 782
123 44 786
123 44 790
123 44 799
123 44 804
123 44 809
123 44 810
123 44 811
123 44 812
123 44 813
123 44 814
123 44 815
123 44 816
123 44 818
123 44 819
123 44 821
123 44 822
123 44 823
123 207 900
123 207 909
123 207 910
123 52 904
123 52 909
123 52 910
123 52 911
89 150 769
44 206 809
44 206 812
44 206 814
44 206 816
44 206 818
44 206 819
44 206 823
44 206 824
44 137 814
44 132 823
44 132 824
44 95 853
44 95 854
44 95 855
44 95 856
44 95 857
44 95 858
44 95 859
44 95 860
44 95 861
44 95 862
44 95 863
44 95 865
44 95 866
44 95 867
44 95 868
44 95 869
44 95 870
44 95 871
44 95 872
44 95 873
44 95 874
44 95 875
44 95 876
44 95 877
44 95 878
44 95 879
44 95 880
44 95 881
44 95 882
44 95 885
44 95 886
44 95 887
44 95 888
44 95 890
44 95 891
44 95 892
44 95 893
44 95 895
44 95 896
44 95 897
44 95 898
44 95 899
44 95 900
44 95 901
44 95 902
44 95 904
44 95 905
44 95 906
44 95 908
44 95 909
44 95 910
44 95 911
44 95 913
44 95 914
44 95 917
44 95 918
44 95 919
44 95 921
44 120 886
44 15 918
44 105 918
52 90 882
52 203 904
52 203 909
52 203 910
150 105 933
150 105 949
150 105 956
150 15 942
150 15 943
120 207 895
11 137 782
11 137 783
11 137 791
11 137 796
11 137 797
11 137 799
11 137 800
11 137 802
11 137 803
11 137 805
11 137 806
11 137 807
11 14 816
137 15 911
137 15 912
137 15 914
137 105 914
95 15 918
105 15 904
105 15 905
105 15 909
105 15 910
105 15 912
105 15 913
105 15 914
105 15 915
105 15 916
105 15 919
105 15 929
105 15 932
105 15 947
105 15 956
105 15 958
105 15 959
105 15 965
105 15 967
105 15 973
105 15 974
105 15 990
105 15 1001
105 15 1005
105 15 1009
