133 112 0
133 112 2
133 112 6
133 112 9
133 112 10
133 112 11
133 112 13
133 112 14
133 112 16
133 112 18
133 112 19
133 112 20
133 112 21
133 112 22
133 112 23
133 112 24
133 112 25
133 112 26
133 112 27
133 112 28
133 112 29
133 112 30
133 112 31
133 112 33
133 112 34
133 112 39
133 112 42
133 112 46
133 112 47
133 112 48
133 112 49
133 112 50
133 112 51
133 112 52
133 112 53
133 112 54
133 112 55
133 112 56
133 112 58
133 112 61
133 112 62
133 112 79
133 112 80
133 112 109
133 112 112
133 112 113
133 112 117
133 112 119
133 112 123
133 112 126
133 112 128
133 112 130
133 112 131
133 112 132
133 112 133
133 112 136
133 112 137
133 112 141
133 112 142
133 112 143
133 112 144
133 112 145
133 112 147
133 112 148
133 112 151
133 112 152
133 112 155
133 107 88
133 107 89
133 107 91
133 107 92
133 107 93
133 107 94
133 107 99
133 107 100
133 107 101
133 107 103
133 107 105
133 38 390
133 38 391
133 127 412
133 19 421
133 19 422
133 19 423
133 19 424
133 19 428
133 19 432
133 19 433
133 19 434
133 19 438
133 19 439
133 19 448
133 19 449
133 19 450
133 19 451
133 19 452
133 19 453
133 19 454
133 19 455
133 19 457
133 19 479
133 19 480
133 19 486
133 19 488
133 19 489
133 19 490
133 19 493
133 19 495
133 19 496
133 19 497
133 19 498
133 19 499
133 19 500
133 19 503
133 19 514
133 19 516
133 123 439
112 6 42
112 6 43
112 6 1015
112 33 43
112 33 48
112 33 50
112 33 52
112 33 54
112 33 55
112 21 706
112 21 708
112 21 709
112 21 710
112 21 711
112 21 714
112 21 715
112 21 716
112 21 717
112 21 719
112 21 720
112 21 721
112 21 722
112 21 723
112 21 724
112 21 725
112 21 729
112 21 730
112 21 731
112 21 732
112 21 740
112 21 741
112 21 743
112 21 744
112 21 748
112 21 750
112 21 752
112 21 755
112 21 756
112 21 761
112 21 762
112 21 763
112 21 764
112 21 765
112 21 766
112 21 767
112 21 768
112 21 769
112 21 770
112 21 772
112 21 775
112 21 782
112 21 785
112 21 795
112 21 798
112 21 799
112 21 803
112 21 804
112 21 805
112 21 806
112 21 807
112 21 809
112 21 810
112 21 811
112 21 812
112 21 814
112 21 824
112 21 825
112 21 826
112 21 827
112 21 828
112 21 830
112 21 833
112 21 834
112 21 835
112 21 840
112 21 841
112 21 842
112 21 843
112 21 846
112 21 849
112 21 850
112 21 851
112 21 856
112 21 859
112 21 860
112 21 861
112 21 862
112 21 863
112 21 865
112 21 866
112 21 867
112 21 868
112 21 869
112 21 870
112 21 871
112 21 872
112 21 873
112 21 875
112 21 876
112 21 877
112 21 878
112 21 879
112 21 880
112 21 881
112 21 882
112 21 884
112 21 885
112 21 886
112 21 887
112 21 888
112 21 889
112 21 891
112 21 892
112 21 893
112 21 894
112 21 895
112 21 896
112 21 898
112 21 899
112 21 900
112 21 903
112 21 904
112 21 905
112 21 907
112 21 908
112 21 910
112 21 912
112 21 913
112 21 914
112 21 915
112 21 916
112 21 918
112 21 922
112 40 732
112 114 734
112 114 735
112 114 736
112 114 738
112 114 739
112 114 744
112 114 748
112 75 734
112 75 736
112 75 747
112 15 740
112 15 744
112 15 748
112 118 762
112 118 799
112 118 800
112 118 803
112 38 763
112 38 783
112 38 792
112 38 808
112 38 812
112 38 813
112 38 828
112 38 834
112 38 835
112 110 785
112 110 919
112 134 819
112 134 820
112 134 840
112 134 909
112 134 911
112 134 924
112 97 892
112 48 892
112 58 893
112 51 893
112 51 894
112 106 896
112 30 908
112 30 910
112 30 911
112 30 912
112 26 910
112 41 914
112 22 926
112 22 927
112 22 928
112 22 929
112 22 930
112 22 931
112 22 932
112 22 933
112 22 934
112 22 935
112 22 937
112 22 939
112 22 940
112 22 942
112 22 946
112 22 948
112 22 949
112 22 950
112 22 951
112 84 958
112 84 959
112 84 960
112 84 961
112 84 975
112 84 978
112 84 979
112 84 982
112 84 983
112 84 984
112 84 993
112 84 994
112 84 995
112 84 1005
112 84 1008
112 84 1012
112 84 1014
112 84 1027
112 10 958
112 10 959
112 10 961
112 10 969
112 10 973
112 10 975
112 10 977
112 10 981
112 10 982
112 10 983
112 10 987
112 10 989
112 10 990
112 10 991
112 10 1004
112 10 1008
112 10 1010
112 10 1017
112 10 1018
112 10 1019
112 10 1020
112 10 1023
112 10 1024
112 10 1025
112 10 1027
112 94 959
112 94 993
112 23 963
112 23 1024
112 125 976
112 16 979
112 32 980
112 45 1012
112 45 1018
112 45 1019
112 131 1018
111 107 31
111 107 39
111 107 40
111 107 41
111 107 44
111 107 45
111 107 46
111 107 47
111 107 49
111 107 50
111 107 51
111 107 52
111 107 58
111 107 60
111 107 61
111 107 62
111 107 63
111 107 64
111 107 69
111 107 81
111 107 86
111 107 87
111 107 88
111 107 89
111 107 90
111 107 93
111 107 94
111 107 95
111 107 98
111 107 99
111 107 100
111 107 101
111 107 102
111 107 103
111 107 104
111 107 105
111 107 113
111 107 114
111 107 115
111 107 117
111 107 121
111 107 123
111 107 124
111 107 126
111 107 141
111 107 155
111 107 156
111 107 157
111 107 158
111 107 160
111 107 161
111 107 162
111 107 163
111 107 164
111 107 165
111 107 169
111 107 174
111 107 176
111 107 177
111 107 178
111 107 179
111 107 180
111 107 181
111 107 182
111 107 183
111 107 185
111 107 190
111 107 193
111 107 194
111 107 195
111 107 196
111 107 197
111 107 198
111 107 199
111 107 200
111 107 202
111 132 42
111 132 76
111 132 98
111 132 99
111 132 100
111 132 108
111 132 990
111 21 738
111 21 746
111 21 808
111 82 746
111 110 908
111 110 910
111 110 911
111 49 934
111 13 979
111 91 989
111 91 996
111 91 1009
111 91 1010
111 91 1011
111 91 1013
111 91 1015
111 91 1017
111 91 1020
111 91 1021
111 79 1026
111 79 1027
107 88 142
107 88 179
107 75 749
33 77 36
33 77 37
33 77 44
33 77 47
33 77 48
33 77 49
33 77 55
33 77 65
33 77 74
33 77 75
33 77 81
33 77 83
33 77 86
33 77 103
33 77 104
33 77 111
33 77 112
33 77 113
33 77 114
33 77 118
33 77 120
33 77 121
33 102 37
33 102 38
33 102 40
33 102 44
33 102 54
33 102 68
33 102 69
33 102 72
33 102 74
33 102 75
33 102 78
33 102 87
33 102 92
33 102 104
33 102 106
33 102 111
33 102 117
33 102 120
33 54 38
33 54 40
33 54 44
33 54 73
33 54 75
33 54 93
33 42 39
33 42 47
33 42 48
33 42 49
33 42 50
33 42 51
33 42 52
33 42 55
33 42 56
33 42 58
33 42 64
33 42 65
33 42 70
33 42 73
33 42 74
33 42 75
33 42 77
33 42 85
33 42 87
33 42 93
33 42 94
33 42 101
33 42 102
33 42 103
33 42 104
33 42 106
33 42 107
33 42 108
33 42 109
33 42 110
33 42 111
33 42 112
33 42 113
33 42 114
33 104 43
33 104 45
33 104 53
33 104 66
33 104 67
33 104 93
33 104 97
33 104 99
33 104 100
33 104 102
33 104 103
33 104 107
33 104 109
33 104 112
33 52 65
33 52 80
33 52 101
33 52 103
33 52 116
33 11 89
77 104 42
77 104 53
77 104 76
77 104 97
77 104 103
77 104 112
77 54 44
77 54 68
77 54 69
77 54 72
77 54 73
77 54 75
77 54 79
77 54 86
77 54 87
77 54 88
77 54 89
77 54 112
77 108 385
77 108 386
77 108 387
77 108 415
77 108 582
77 108 640
102 54 44
102 54 60
102 54 64
102 54 75
102 54 78
102 54 79
102 54 87
102 54 88
102 54 116
102 54 117
102 84 44
102 84 46
102 84 52
102 84 79
102 84 87
102 84 88
102 84 104
102 84 111
102 84 115
102 84 118
102 43 46
102 43 73
102 43 74
102 43 75
102 43 77
102 43 79
102 43 87
102 43 91
102 43 92
102 43 94
102 43 110
102 43 111
102 43 117
102 125 990
102 61 998
102 61 999
102 61 1003
102 61 1017
102 61 1022
102 61 1024
102 32 998
102 32 1024
102 23 1022
84 52 37
84 52 45
84 52 57
84 52 66
84 52 67
84 52 70
84 52 76
84 52 77
84 52 113
84 52 114
84 52 118
84 42 39
84 42 45
84 42 46
84 42 48
84 42 49
84 42 50
84 42 65
84 42 73
84 42 74
84 42 75
84 42 76
84 42 77
84 42 84
84 42 85
84 42 88
84 42 90
84 42 95
84 42 96
84 42 97
84 42 98
84 42 99
84 42 101
84 42 105
84 42 106
84 42 111
84 42 112
84 42 113
84 42 114
84 42 118
84 22 959
84 125 978
84 8 992
84 8 1012
84 8 1027
84 103 1014
84 79 1027
84 79 1028
52 104 55
52 104 56
52 104 57
52 104 61
52 104 62
52 104 63
52 104 83
52 104 93
52 104 96
52 104 102
52 89 724
52 89 729
52 89 731
52 89 734
52 89 735
52 89 737
52 89 738
52 89 747
52 89 750
52 89 759
52 75 731
52 21 732
52 105 735
54 42 37
54 42 38
54 42 39
54 42 40
54 42 41
54 42 45
54 42 46
54 42 47
54 42 65
54 42 74
54 42 75
54 42 76
54 42 77
54 42 78
54 42 79
54 42 82
54 42 86
54 42 88
54 42 89
54 42 93
54 42 95
54 42 99
54 42 100
54 42 102
54 42 104
54 42 105
54 42 106
54 42 107
54 42 108
54 42 115
54 42 117
54 42 118
54 42 119
54 42 120
54 42 121
54 42 122
54 42 123
54 42 124
54 42 125
54 42 126
54 126 122
54 96 782
42 108 40
42 113 44
42 113 45
42 113 48
42 113 49
42 113 50
42 113 51
42 113 52
42 113 55
42 113 56
42 104 59
42 104 76
42 104 93
42 104 97
42 104 99
42 104 112
42 104 113
42 104 114
42 6 79
42 14 782
42 90 830
42 90 835
42 90 838
42 90 841
42 90 843
42 90 845
42 90 846
42 90 847
42 90 849
42 90 850
42 90 854
42 90 859
42 90 860
42 90 861
42 90 862
42 90 863
42 90 864
42 90 865
42 90 866
42 90 867
42 90 876
42 90 877
42 90 879
42 90 880
42 90 881
42 90 882
42 90 883
42 90 884
42 90 885
42 90 886
42 90 887
42 90 897
42 90 914
42 90 915
42 90 916
42 106 842
42 51 842
42 97 848
42 97 894
42 97 895
42 44 882
42 44 883
42 16 890
42 16 928
42 16 929
42 64 908
37 103 39
37 103 40
37 103 45
37 103 46
37 103 51
37 103 52
37 103 53
37 103 55
37 103 56
37 103 69
37 103 71
37 103 74
37 103 76
37 103 77
37 103 85
37 103 86
37 103 87
37 103 88
37 103 89
37 103 90
37 103 91
37 103 92
37 103 94
37 103 95
37 103 98
37 103 100
37 103 101
37 103 102
37 103 104
37 103 107
37 103 109
37 103 110
37 103 111
37 103 112
37 103 114
37 27 40
37 27 41
37 27 57
37 27 100
37 7 52
37 7 90
37 7 92
37 7 94
37 7 303
37 7 308
37 7 309
37 7 328
37 132 84
37 55 304
37 55 306
103 6 40
103 6 44
103 6 45
103 6 46
103 6 52
103 6 67
103 6 73
103 6 89
103 6 90
103 6 91
103 6 92
103 6 93
103 6 94
103 6 95
103 6 98
103 6 99
103 6 101
103 6 104
103 6 107
103 6 108
103 6 109
103 6 110
103 6 111
103 6 113
103 6 114
103 6 987
103 6 989
103 6 995
103 6 996
103 6 997
103 6 999
103 6 1001
103 6 1010
103 6 1016
103 6 1019
103 113 42
103 104 43
103 26 45
103 26 56
103 26 59
103 26 90
103 26 91
103 26 92
103 26 102
103 26 103
103 26 104
103 26 113
103 125 992
103 45 993
103 45 1000
103 45 1004
103 45 1008
103 45 1022
103 45 1029
103 45 1031
103 45 1032
103 45 1033
103 45 1034
103 45 1036
103 45 1037
103 131 1006
103 131 1021
103 131 1036
103 131 1037
103 119 1024
103 119 1025
103 119 1026
103 119 1027
103 119 1028
103 119 1029
103 119 1030
103 119 1032
103 86 1024
103 86 1025
103 86 1032
6 36 41
6 36 42
6 36 58
6 36 59
6 36 73
6 36 74
6 36 75
6 36 89
6 36 93
6 36 95
6 36 96
6 36 97
6 36 98
6 36 99
6 36 100
6 36 102
6 36 107
6 36 111
6 36 112
6 36 113
6 36 114
6 132 42
6 132 967
6 132 980
6 132 1001
6 132 1003
6 132 1005
6 132 1008
6 132 1010
6 132 1016
6 132 1017
6 27 42
6 27 44
6 27 83
6 46 968
6 46 969
6 46 970
6 46 971
6 46 973
6 46 976
6 46 980
6 46 982
6 46 983
6 46 999
6 46 1010
6 46 1018
6 61 980
6 22 988
6 125 995
6 8 1009
6 8 1010
6 8 1024
6 120 1014
27 105 41
27 105 44
27 105 47
27 105 94
27 43 289
27 43 291
27 43 292
27 43 295
27 43 301
27 43 304
27 43 305
27 43 313
27 43 314
27 43 318
27 43 333
27 43 341
27 43 347
27 43 348
27 43 349
27 43 350
27 43 353
27 43 354
27 43 454
27 43 455
27 43 459
27 43 460
27 43 461
27 43 462
27 43 463
27 43 464
27 43 465
27 43 466
27 43 468
27 43 469
27 43 470
27 43 471
27 43 474
27 43 506
27 43 511
27 43 516
27 43 517
27 43 589
27 43 603
27 53 289
27 53 295
27 53 297
27 53 304
27 53 315
27 53 316
27 53 320
27 53 321
27 53 322
27 53 324
27 53 326
27 53 327
27 53 341
27 53 342
27 53 343
27 53 350
27 53 352
27 53 353
27 53 509
27 53 511
27 53 512
27 53 513
27 53 514
27 53 515
27 53 516
27 53 517
27 53 518
27 53 526
27 53 527
27 53 528
27 53 529
27 53 530
27 53 532
27 53 533
27 53 536
27 53 537
27 53 539
27 53 540
27 53 541
27 53 542
27 53 543
27 53 545
27 53 547
27 53 548
27 53 549
27 53 550
27 53 557
27 53 570
27 53 572
27 53 573
27 53 574
27 53 578
27 53 580
27 53 581
27 53 582
27 53 589
27 53 592
27 53 593
27 53 594
27 53 600
27 53 601
27 53 607
27 53 612
27 53 616
27 53 617
27 53 624
27 53 625
27 8 289
27 8 290
27 8 291
27 8 292
27 8 295
27 8 297
27 8 304
27 8 305
27 8 307
27 8 308
27 8 314
27 8 315
27 8 316
27 8 318
27 8 319
27 8 320
27 8 321
27 8 322
27 8 323
27 8 324
27 8 325
27 8 329
27 8 330
27 8 331
27 8 332
27 8 333
27 8 334
27 8 335
27 8 336
27 8 337
27 8 341
27 8 343
27 8 346
27 8 347
27 8 348
27 8 349
27 8 350
27 8 352
27 8 353
27 8 354
27 8 355
27 8 360
27 8 362
27 8 373
27 8 455
27 8 456
27 8 457
27 8 458
27 8 459
27 8 460
27 8 462
27 8 463
27 8 464
27 8 465
27 8 466
27 8 467
27 8 470
27 8 506
27 8 508
27 8 509
27 8 510
27 8 511
27 8 512
27 8 513
27 8 514
27 8 625
27 127 301
27 127 305
27 127 308
27 127 310
27 127 314
27 127 315
27 127 318
27 127 327
27 127 331
27 127 468
27 127 473
27 127 481
27 104 304
27 104 305
27 104 308
27 104 318
27 104 319
27 104 320
27 104 321
27 104 322
27 104 323
27 104 324
27 104 325
27 104 326
27 104 327
27 104 329
27 104 330
27 104 331
27 104 333
27 104 337
27 104 346
27 104 347
27 104 349
27 104 350
27 104 352
27 104 353
27 104 376
27 104 377
27 104 384
27 104 385
27 104 386
27 104 387
27 104 389
27 104 392
27 104 393
27 104 394
27 104 395
27 104 399
27 104 400
27 104 401
27 104 402
27 104 405
27 104 406
27 104 409
27 104 411
27 104 412
27 104 413
27 104 414
27 104 415
27 104 416
27 104 417
27 104 418
27 104 420
27 104 423
27 104 424
27 104 425
27 104 426
27 104 427
27 104 428
27 104 430
27 104 431
27 104 442
27 104 443
27 104 446
27 104 447
27 104 450
27 104 454
27 104 455
27 104 456
27 104 457
27 104 458
27 104 459
27 104 460
27 104 461
27 104 462
27 104 463
27 104 464
27 104 465
27 104 466
27 104 467
27 104 478
27 104 479
27 104 480
27 104 481
27 104 482
27 104 483
27 104 484
27 104 485
27 104 486
27 104 487
27 104 488
27 104 489
27 104 490
27 104 491
27 104 492
27 104 493
27 104 494
27 104 495
27 104 502
27 104 503
27 104 511
27 104 512
27 104 513
27 104 514
27 104 516
27 104 533
27 104 541
27 104 542
27 104 544
27 104 545
27 104 546
27 104 547
27 104 548
27 104 549
27 104 552
27 104 558
27 104 560
27 104 561
27 104 562
27 104 567
27 104 568
27 104 579
27 91 389
27 91 391
27 91 394
27 91 401
27 91 402
27 91 403
27 91 404
27 91 405
27 91 406
27 91 407
27 91 408
108 86 384
108 47 451
108 82 549
108 15 595
108 15 606
108 16 645
36 113 42
36 26 55
36 26 95
36 26 96
36 26 97
36 26 98
36 26 99
36 26 104
36 26 107
36 43 66
36 124 573
36 124 580
36 124 586
36 124 590
36 124 600
36 124 601
36 124 603
36 124 604
36 124 605
36 124 608
36 124 609
36 124 622
36 124 625
36 124 674
36 124 682
36 124 683
36 124 684
36 124 685
36 124 686
36 124 687
36 124 688
36 124 689
36 124 690
36 124 691
36 124 692
36 124 693
36 124 694
36 124 695
36 124 696
36 124 697
36 124 698
36 124 699
36 124 700
36 124 701
36 124 702
36 124 703
36 124 704
36 124 706
36 124 708
36 124 710
36 124 711
36 124 712
36 124 713
36 124 737
36 83 577
36 83 586
36 83 594
36 83 600
36 83 601
36 83 602
36 83 603
36 83 604
36 83 605
36 83 611
36 83 612
36 83 616
36 83 619
36 83 622
36 83 624
36 83 625
36 83 626
36 83 643
36 83 691
36 83 736
36 83 737
36 83 738
105 31 649
105 31 651
105 31 652
105 31 653
105 31 654
105 31 655
105 31 656
105 31 657
105 31 659
105 31 660
105 31 661
105 31 663
105 31 668
105 31 669
105 31 674
105 31 675
105 31 676
105 31 677
105 31 679
105 31 680
105 31 682
105 31 684
105 31 686
105 31 691
105 31 692
105 31 693
105 31 694
105 31 695
105 31 696
105 31 697
105 31 699
105 31 700
105 31 701
105 31 702
105 31 703
105 31 704
105 31 705
105 31 706
105 31 707
105 31 708
105 31 709
105 31 710
105 31 711
105 31 712
105 31 713
105 31 714
105 31 715
105 31 716
105 31 717
105 31 718
105 31 719
105 31 720
105 31 721
105 31 727
105 31 729
105 31 735
105 31 736
105 31 737
105 31 745
105 31 750
105 31 751
105 31 752
105 41 651
105 41 652
105 41 656
105 41 657
105 41 658
105 41 659
105 41 661
105 41 663
105 41 670
105 41 673
105 41 674
105 41 675
105 41 676
105 41 677
105 41 678
105 41 679
105 41 680
105 41 681
105 41 686
105 41 688
105 41 689
105 41 692
105 41 693
105 41 694
105 41 695
105 41 696
105 41 699
105 41 700
105 41 701
105 41 702
105 41 705
105 41 706
105 41 707
105 41 708
105 41 709
105 41 710
105 41 711
105 41 712
105 41 713
105 41 714
105 41 715
105 41 716
105 41 717
105 41 718
105 41 719
105 41 720
105 41 721
105 41 722
105 41 723
105 41 724
105 41 725
105 41 726
105 41 727
105 41 729
105 41 730
105 41 731
105 41 732
105 41 733
105 41 734
105 41 735
105 41 736
105 41 737
105 41 745
105 41 747
105 41 748
105 41 749
105 41 750
105 41 751
105 41 752
105 128 657
105 92 658
105 92 659
105 95 658
105 87 659
105 87 660
105 87 661
105 87 663
105 1 679
105 1 680
105 63 680
105 100 707
105 82 726
105 82 727
105 82 731
105 115 751
105 9 751
104 132 45
104 11 103
104 7 287
104 7 288
104 7 304
104 7 305
104 7 307
104 7 314
104 7 317
104 7 318
104 7 319
104 7 320
104 7 323
104 7 325
104 7 327
104 7 329
104 7 330
104 7 331
104 7 332
104 7 333
104 7 335
104 7 336
104 7 338
104 7 339
104 7 346
104 7 347
104 7 349
104 7 350
104 7 351
104 7 352
104 7 353
104 7 354
104 7 376
104 7 377
104 7 391
104 7 392
104 7 395
104 7 397
104 7 404
104 7 406
104 7 409
104 7 414
104 7 415
104 7 417
104 7 418
104 7 421
104 7 423
104 7 426
104 7 430
104 7 431
104 7 432
104 7 433
104 7 442
104 7 443
104 7 444
104 7 446
104 7 455
104 7 456
104 7 463
104 7 471
104 7 474
104 7 503
104 7 504
104 7 511
104 7 512
104 7 513
104 7 514
104 7 515
104 7 518
104 7 522
104 7 523
104 7 524
104 7 525
104 7 526
104 7 528
104 7 529
104 7 532
104 7 533
104 7 534
104 7 535
104 7 543
104 7 544
104 7 550
104 7 551
104 7 552
104 7 556
104 7 558
104 7 559
104 7 560
104 7 562
104 7 563
104 7 573
104 7 581
104 7 582
104 7 583
104 7 585
104 7 586
104 7 587
104 7 588
104 7 595
104 7 599
104 7 602
104 7 603
104 7 604
104 7 622
104 7 625
104 7 626
104 7 627
104 7 628
104 7 629
104 7 630
104 44 289
104 44 297
104 44 305
104 44 306
104 44 307
104 44 308
104 44 309
104 44 310
104 44 311
104 44 312
104 44 315
104 44 329
104 44 330
104 44 331
104 44 332
104 44 333
104 44 336
104 44 337
104 44 350
104 44 351
104 44 352
104 44 357
104 44 453
104 44 454
104 44 455
104 44 456
104 44 458
104 44 459
104 44 460
104 44 461
104 44 462
104 44 463
104 44 464
104 44 465
104 44 466
104 44 468
104 44 473
104 44 510
104 44 511
104 44 513
104 44 517
104 44 521
104 44 522
104 44 523
104 44 524
104 44 525
104 44 526
104 44 527
104 44 528
104 44 529
104 44 531
104 44 532
104 44 548
104 44 549
104 44 552
104 44 553
104 44 555
104 44 556
104 44 557
104 44 558
104 44 559
104 44 560
104 44 561
104 44 564
104 44 566
104 44 567
104 44 568
104 44 569
104 44 570
104 44 571
104 44 572
104 44 573
104 44 574
104 44 575
104 44 576
104 44 577
104 44 578
104 44 579
104 44 580
104 44 581
104 44 582
104 44 583
104 44 584
104 44 585
104 44 586
104 44 587
104 44 588
104 44 589
104 44 590
104 44 591
104 44 592
104 44 593
104 44 595
104 44 596
104 44 599
104 44 600
104 44 602
104 44 605
104 44 606
104 44 607
104 44 608
104 44 609
104 44 610
104 44 611
104 44 612
104 44 613
104 44 614
104 44 615
104 44 617
104 44 618
104 44 619
104 44 620
104 44 621
104 44 622
104 44 623
104 44 630
104 127 294
104 127 297
104 127 304
104 127 327
104 127 335
104 127 336
104 127 337
104 127 338
104 127 364
104 127 365
104 127 367
104 127 368
104 127 369
104 127 442
104 127 451
104 55 302
104 55 336
104 55 337
104 55 343
104 55 346
104 55 348
104 55 349
104 55 351
104 55 352
104 55 355
104 55 363
104 55 364
104 55 365
104 55 366
104 55 367
104 55 368
104 55 369
104 55 370
104 55 371
104 55 457
104 55 458
104 55 459
104 55 461
104 55 462
104 55 465
104 55 468
104 55 471
104 55 519
104 55 522
104 55 531
104 55 629
104 55 630
104 38 304
104 97 407
104 62 475
132 101 967
132 101 969
132 101 971
132 101 1005
132 101 1007
132 10 990
132 86 1015
113 116 109
113 11 356
113 11 375
113 11 376
113 11 378
113 11 384
113 11 385
113 11 386
26 7 46
26 7 53
26 7 55
26 7 95
26 7 111
26 13 896
26 21 903
26 29 924
26 29 926
26 49 947
7 28 287
7 28 293
7 28 296
7 28 300
7 28 302
7 28 303
7 28 306
7 28 317
7 28 328
7 28 338
7 28 339
7 28 340
7 28 351
7 28 361
7 28 365
7 28 366
7 28 370
7 28 375
7 127 289
7 127 297
7 127 330
7 127 331
7 127 343
7 127 374
7 43 290
7 43 291
7 43 293
7 43 294
7 43 300
7 43 302
7 43 304
7 43 305
7 43 314
7 43 318
7 43 319
7 43 320
7 43 321
7 43 322
7 43 323
7 43 324
7 43 325
7 43 326
7 43 327
7 43 331
7 43 332
7 43 333
7 43 334
7 43 336
7 43 337
7 43 339
7 43 340
7 43 341
7 43 342
7 43 345
7 43 346
7 43 347
7 43 348
7 43 349
7 43 350
7 43 351
7 43 353
7 43 354
7 43 355
7 43 356
7 43 357
7 43 365
7 43 369
7 43 370
7 43 371
7 43 373
7 43 374
7 43 375
7 43 376
7 43 377
7 43 378
7 43 379
7 43 380
7 43 381
7 43 382
7 43 417
7 43 418
7 43 419
7 43 523
7 43 531
7 43 562
7 43 563
7 53 290
7 53 291
7 53 293
7 53 297
7 53 298
7 53 300
7 53 302
7 53 309
7 53 310
7 53 311
7 53 313
7 53 314
7 53 315
7 53 316
7 53 318
7 53 321
7 53 322
7 53 324
7 53 327
7 53 329
7 53 330
7 53 336
7 53 337
7 53 338
7 53 339
7 53 340
7 53 342
7 53 348
7 53 349
7 53 350
7 53 351
7 53 353
7 53 355
7 53 417
7 53 453
7 53 458
7 53 459
7 53 460
7 53 461
7 53 462
7 53 463
7 53 464
7 53 465
7 53 471
7 53 479
7 53 505
7 53 506
7 53 507
7 53 508
7 53 509
7 53 510
7 53 514
7 53 529
7 53 631
43 55 288
43 55 299
43 55 300
43 55 314
43 55 318
43 55 337
43 55 350
43 55 351
43 55 365
43 55 366
43 55 371
43 55 372
43 55 373
43 55 374
43 106 291
43 106 562
43 106 563
11 62 255
11 62 269
11 62 272
11 62 273
11 62 276
11 62 289
11 62 292
11 62 294
11 62 295
11 62 301
11 62 304
11 62 305
11 62 310
11 62 313
11 62 314
11 62 315
11 62 318
11 62 321
11 62 322
11 62 323
11 62 324
11 62 325
11 62 329
11 62 330
11 62 331
11 62 332
11 62 333
11 62 334
11 62 335
11 62 337
11 62 341
11 62 343
11 62 345
11 62 346
11 62 347
11 62 368
11 62 374
11 62 385
11 62 386
11 62 393
11 62 394
11 62 400
11 62 401
11 62 402
11 62 403
11 62 404
11 62 406
11 62 407
11 62 409
11 62 410
11 62 411
11 62 412
76 116 98
76 116 101
76 116 102
76 116 109
76 116 111
76 116 113
76 116 126
76 116 128
76 116 129
76 116 130
76 116 131
76 116 132
76 116 133
76 116 137
76 116 144
76 116 145
76 116 159
76 116 162
76 116 795
76 116 796
76 116 798
76 116 804
76 116 814
76 116 824
76 116 829
76 116 830
76 116 831
76 116 832
76 116 833
76 116 834
76 116 835
76 116 836
76 116 837
76 116 838
76 116 839
76 116 840
76 116 841
76 116 842
76 116 843
76 116 844
76 116 845
76 116 846
76 116 847
76 116 848
76 116 849
76 116 850
76 116 851
76 116 852
76 116 854
76 116 856
76 116 857
76 116 858
76 116 859
76 116 860
76 116 861
76 116 863
76 116 864
76 116 865
76 116 871
76 116 872
76 116 873
76 116 874
76 116 875
76 116 876
76 116 877
76 116 878
76 116 879
76 116 880
76 116 881
76 116 882
76 116 883
76 116 884
76 116 885
76 116 886
76 116 887
76 116 888
76 116 889
76 116 890
76 116 891
76 116 892
76 116 893
76 116 894
76 116 895
76 116 896
76 116 897
76 116 898
76 116 902
76 116 903
76 116 904
76 116 907
76 116 908
76 116 909
76 116 910
76 116 912
76 116 913
76 116 914
76 116 915
76 116 916
76 116 920
76 116 921
76 116 924
76 116 928
76 116 930
76 116 936
76 116 946
76 116 948
76 116 949
76 116 950
76 116 952
76 116 955
76 116 959
76 116 963
76 116 964
76 116 965
76 116 966
76 116 967
76 116 968
76 116 969
76 116 970
76 116 981
76 116 983
76 116 984
76 116 985
76 116 991
76 116 994
76 116 998
76 116 1000
76 116 1002
76 116 1003
76 116 1004
76 116 1005
76 116 1006
76 116 1011
76 21 867
76 21 869
76 3 890
76 13 967
76 13 970
76 8 1008
116 126 148
116 126 149
116 134 836
116 97 859
116 3 863
116 3 864
116 3 866
116 3 867
116 3 868
116 3 869
116 3 870
116 3 871
116 3 872
116 3 881
116 3 884
116 3 963
116 130 868
116 130 871
116 130 881
116 130 882
116 130 883
116 130 884
116 130 889
116 130 993
116 55 873
116 55 874
116 55 881
116 55 882
116 55 883
116 55 891
116 55 892
116 109 880
116 109 897
116 109 898
116 109 902
116 109 903
116 109 904
116 109 905
116 109 906
116 109 907
116 109 908
116 109 909
116 109 910
116 109 913
116 109 914
116 109 915
116 109 917
116 109 918
116 109 919
116 109 920
116 109 921
116 109 922
116 109 923
116 109 924
116 109 926
116 109 927
116 109 928
116 109 930
116 109 931
116 109 932
116 109 933
116 109 934
116 109 935
116 109 936
116 109 937
116 109 938
116 109 939
116 109 940
116 109 942
116 16 958
116 16 970
10 126 111
10 126 114
10 126 128
10 126 129
10 126 130
10 126 137
10 126 139
10 126 143
10 126 144
10 126 145
10 126 151
10 126 158
10 126 159
10 126 163
10 126 164
10 126 165
10 126 168
10 126 175
10 126 177
10 126 178
10 126 179
10 126 180
10 126 181
10 126 182
10 126 183
10 126 184
10 126 185
10 126 186
10 126 189
10 126 190
10 126 191
10 126 194
10 126 195
10 126 196
10 126 197
10 126 198
10 126 203
10 126 204
10 126 206
10 126 207
10 126 224
10 126 236
10 126 237
10 126 238
10 126 239
10 126 240
10 22 958
10 22 959
10 91 959
10 91 968
10 91 969
10 91 975
10 91 978
10 91 979
10 91 980
10 91 981
10 91 982
10 91 983
10 91 984
10 91 985
10 91 986
10 91 988
10 91 991
10 91 1010
10 91 1011
10 91 1013
10 91 1016
10 91 1020
10 91 1028
10 125 974
10 5 1011
10 5 1021
10 79 1027
10 79 1028
126 117 144
126 117 145
126 117 146
69 81 127
69 81 128
69 81 129
69 81 130
69 81 131
69 81 133
69 81 135
69 81 136
69 81 137
69 81 138
69 81 139
69 81 141
69 81 142
69 81 144
69 81 145
69 81 146
69 81 148
69 81 149
69 81 152
69 81 153
69 81 158
69 81 159
69 81 160
69 81 161
69 81 162
69 81 163
69 81 164
69 81 166
69 81 169
69 81 172
69 81 177
69 81 178
69 81 182
69 81 189
69 81 190
69 81 191
69 81 192
69 81 193
69 81 194
69 81 195
69 81 196
69 81 197
69 81 198
69 81 200
69 81 201
69 20 138
69 20 141
69 20 142
69 20 146
69 20 184
69 20 188
69 20 198
69 109 427
69 109 428
69 109 432
69 109 433
69 109 435
69 109 436
69 109 440
69 109 447
69 109 454
69 109 459
69 109 466
69 109 467
69 109 468
69 109 469
69 109 475
69 109 489
69 58 427
69 58 428
69 58 431
69 58 432
69 58 434
69 58 442
69 58 444
69 58 445
69 58 451
69 58 453
69 58 454
69 58 455
69 58 459
69 58 460
69 58 461
69 58 462
69 58 463
69 58 464
69 58 465
69 58 466
69 58 468
69 58 493
69 58 494
69 58 495
69 47 427
69 47 428
69 47 430
69 47 431
69 47 435
69 47 436
69 47 439
69 47 440
69 47 441
69 47 446
69 47 447
69 47 454
69 47 455
69 47 457
69 47 462
69 47 465
69 47 466
69 47 469
69 47 474
69 47 475
69 47 489
69 47 490
69 47 493
69 38 431
69 50 457
69 50 458
69 71 460
69 94 462
69 0 488
69 115 492
81 14 129
81 14 139
81 14 142
81 14 145
81 14 146
81 14 147
81 14 193
81 14 194
81 62 412
14 56 782
14 56 783
20 88 612
20 88 613
20 88 614
20 88 631
20 88 634
20 88 635
20 88 637
20 88 638
20 88 643
20 88 644
20 88 645
20 88 646
20 88 647
20 88 648
20 88 682
20 88 684
20 128 613
20 128 630
20 128 632
20 128 633
20 128 634
20 128 635
20 128 637
20 128 638
20 128 648
20 128 665
20 128 666
20 128 671
20 128 672
20 128 675
20 92 620
20 92 625
20 92 627
20 92 628
20 92 630
20 92 632
20 92 633
20 92 634
20 92 635
20 92 636
20 92 637
20 92 639
20 92 640
20 92 641
20 92 644
20 92 653
20 92 655
20 92 661
20 92 679
20 92 683
20 92 684
20 92 691
20 38 643
20 118 643
20 75 673
88 128 613
88 128 648
88 128 649
88 128 652
88 128 654
88 128 675
88 128 692
88 44 631
88 87 658
88 92 658
117 89 353
117 89 380
117 89 381
85 73 221
85 73 222
85 73 227
85 73 231
85 73 232
85 73 234
85 73 235
85 73 237
85 73 243
85 73 244
85 73 245
85 73 256
85 73 264
85 34 249
85 87 545
85 87 546
85 87 548
85 87 549
85 87 550
85 87 551
85 87 552
85 87 553
85 87 554
85 87 555
85 87 556
85 87 557
85 87 558
85 87 559
85 87 560
85 87 561
85 87 564
85 87 567
85 87 570
85 87 571
85 87 575
85 87 576
85 87 577
85 87 578
85 87 579
85 87 580
85 87 581
85 87 582
85 87 583
85 87 584
85 87 588
85 87 589
85 87 590
85 87 591
85 87 593
85 87 594
85 87 599
85 87 604
85 87 608
85 87 609
85 87 610
85 87 612
85 87 614
85 87 615
85 87 618
85 87 619
85 87 621
85 87 622
85 87 623
85 87 625
85 87 641
85 87 642
85 87 644
85 87 645
85 87 646
85 87 647
85 87 649
85 87 650
85 87 651
85 87 652
85 87 653
85 87 654
85 87 660
85 87 661
85 87 662
85 87 663
85 87 664
85 87 665
85 87 666
85 87 667
85 87 668
85 87 669
85 87 670
85 87 671
85 87 672
85 87 673
85 87 674
85 87 675
85 87 676
85 87 677
85 87 678
85 87 679
85 87 680
85 87 681
85 87 682
85 87 683
85 87 684
85 87 685
85 87 686
85 87 687
85 87 689
85 87 690
85 87 691
85 87 692
85 87 696
85 87 697
85 87 698
85 87 701
85 87 702
85 87 703
85 87 706
85 87 707
85 87 708
85 87 709
85 87 711
85 87 721
85 87 722
85 87 723
85 31 660
85 31 661
85 31 662
73 122 222
73 122 231
73 122 235
73 34 225
73 34 231
73 34 232
73 34 234
73 34 256
73 34 278
73 72 232
73 72 234
73 72 237
73 72 245
73 72 267
73 72 273
73 72 288
73 72 290
73 99 457
72 78 222
72 78 224
72 78 225
72 78 226
72 78 227
72 78 228
72 78 229
72 78 233
72 78 234
72 78 236
72 78 237
72 78 240
72 78 241
72 78 244
72 78 245
72 78 253
72 78 255
72 78 261
72 78 265
72 78 282
72 78 290
72 78 291
72 34 223
72 34 226
72 34 227
72 34 235
72 34 236
72 34 237
72 34 240
72 34 245
72 34 250
72 34 254
72 34 256
72 34 258
72 34 259
72 34 266
72 34 267
72 34 268
72 34 278
72 34 282
72 34 283
72 34 289
72 34 290
72 34 291
72 122 227
72 122 235
72 122 236
72 122 290
72 122 291
72 15 398
78 80 223
78 80 228
78 80 229
78 80 230
78 80 233
78 80 236
78 80 240
78 80 246
78 80 253
78 80 254
78 80 255
78 80 258
78 80 261
78 80 262
78 80 265
78 80 269
78 80 270
78 80 281
78 80 283
78 80 286
78 80 289
78 80 290
78 34 223
78 34 226
78 34 227
78 34 230
78 34 231
78 34 232
78 34 235
78 34 239
78 34 241
78 34 242
78 34 244
78 34 255
78 34 263
78 34 280
78 34 281
78 34 282
78 34 283
78 34 284
78 34 289
78 34 290
78 34 291
78 122 229
78 122 230
78 122 231
78 122 232
78 122 235
78 122 236
78 122 287
78 122 290
78 122 291
78 64 830
78 64 861
78 64 863
78 64 868
78 64 870
78 64 882
78 64 883
78 64 907
78 64 910
78 64 911
78 44 852
78 44 855
78 44 856
78 44 857
78 44 883
78 44 911
122 34 223
122 34 224
122 34 227
122 34 256
122 34 290
122 34 291
122 34 292
122 80 230
122 80 236
122 80 265
122 80 290
122 80 291
122 80 292
80 34 223
80 34 226
80 34 228
80 34 229
80 34 230
80 34 233
80 34 257
80 34 265
80 34 286
80 34 290
80 34 291
80 34 292
80 68 223
80 68 228
80 68 233
80 68 236
80 68 239
80 68 287
80 68 291
80 68 292
80 92 563
80 115 585
80 31 656
80 41 661
80 110 693
34 68 247
34 68 249
68 119 1011
68 119 1014
68 119 1015
68 119 1016
68 119 1017
68 119 1018
68 119 1022
68 119 1023
68 119 1027
68 119 1030
68 119 1031
68 119 1032
68 119 1033
68 119 1036
68 119 1037
68 119 1039
68 119 1040
68 86 1011
68 86 1016
68 86 1020
68 86 1033
68 86 1036
68 86 1037
68 45 1033
62 114 376
62 114 385
62 114 386
62 114 387
62 0 397
62 0 408
62 0 410
62 0 455
62 0 469
62 0 492
62 0 552
62 0 568
62 0 569
62 0 570
62 66 403
62 66 404
62 66 405
62 66 406
62 66 407
62 66 410
62 66 411
62 66 420
62 66 429
62 66 430
62 66 432
62 66 437
62 66 438
62 66 439
62 66 453
62 66 454
62 66 455
62 66 461
62 66 462
62 66 465
62 66 466
62 66 467
62 66 469
62 66 470
62 66 478
62 66 480
62 66 484
62 66 485
62 66 486
62 66 487
62 66 488
62 66 490
62 66 491
62 66 511
62 66 527
62 66 530
62 66 532
62 66 533
62 66 536
62 66 537
62 66 541
62 66 544
62 66 547
62 66 548
62 66 549
62 66 550
62 66 553
62 66 554
62 66 555
62 66 556
62 66 557
62 66 558
62 66 559
62 66 560
62 66 561
62 66 564
62 66 565
62 66 566
62 66 568
62 66 569
62 66 570
62 15 502
62 8 510
66 17 271
66 17 274
66 17 275
66 17 278
66 17 284
66 17 286
66 17 290
66 17 293
66 17 299
66 17 300
66 17 303
66 17 308
66 17 311
66 17 317
66 17 326
66 17 328
66 17 336
66 17 338
66 17 339
66 17 340
66 17 342
66 17 344
66 17 354
66 17 363
66 17 377
66 114 402
66 0 408
66 0 409
66 0 413
66 0 414
66 0 423
66 0 468
66 0 470
66 0 489
66 0 491
66 0 512
66 0 519
66 0 535
66 0 536
66 0 564
66 0 568
66 0 569
66 0 570
66 38 426
66 47 460
66 94 466
66 82 510
66 82 525
66 82 526
66 82 530
66 82 536
66 82 537
66 82 541
66 82 542
66 82 544
66 115 513
66 115 519
66 134 516
17 121 914
38 91 276
38 91 277
38 91 283
38 91 284
38 91 287
38 91 288
38 91 304
38 91 305
38 91 306
38 91 314
38 91 324
38 91 325
38 91 330
38 91 336
38 91 338
38 91 348
38 91 349
38 91 350
38 91 352
38 91 356
38 91 365
38 91 376
38 91 380
38 91 381
38 91 383
38 91 384
38 91 385
38 91 386
38 91 387
38 91 388
38 91 389
38 91 390
38 91 395
38 91 396
38 91 397
38 91 398
38 91 399
38 91 400
38 91 401
38 91 402
38 91 403
38 91 408
38 91 409
38 91 418
38 91 425
38 91 426
38 91 427
38 91 428
38 91 429
38 91 430
38 91 431
38 91 433
38 91 434
38 12 390
38 119 610
38 119 612
38 119 613
38 119 614
38 119 615
38 119 616
38 119 617
38 119 618
38 119 619
38 119 620
38 119 621
38 119 622
38 119 623
38 119 624
38 119 625
38 119 626
38 119 627
38 119 628
38 119 629
38 119 630
38 119 631
38 119 632
38 119 633
38 119 634
38 119 635
38 119 636
38 119 637
38 119 638
38 119 639
38 119 640
38 119 641
38 119 642
38 119 643
38 119 644
38 119 645
38 119 646
38 119 647
38 119 648
38 119 653
38 119 654
38 119 655
38 119 657
38 119 658
38 119 659
38 119 660
38 119 661
38 119 662
38 119 663
38 119 671
38 119 672
38 119 673
38 119 675
38 119 678
38 119 679
38 119 680
38 119 682
38 119 684
38 119 714
38 119 715
38 119 716
38 119 717
38 119 718
38 119 719
38 119 722
38 119 723
38 119 726
38 119 727
38 119 728
38 119 729
38 119 730
38 119 731
38 119 734
38 119 736
38 119 737
38 119 742
38 119 744
38 119 781
38 119 782
38 119 817
38 119 818
38 119 822
38 119 825
38 119 828
38 119 829
38 119 830
38 119 831
38 119 832
38 119 833
38 119 834
38 119 835
38 119 836
38 119 837
38 119 847
38 119 848
38 119 849
38 119 850
38 119 851
38 21 762
38 21 808
38 21 811
38 21 827
38 21 829
38 21 830
38 21 831
38 21 833
38 21 834
38 21 835
38 56 780
38 135 781
38 60 849
91 125 988
91 45 1010
91 65 1015
91 23 1024
28 44 287
28 44 288
28 44 293
28 44 296
28 44 299
28 44 300
28 44 302
28 44 303
28 44 306
28 44 311
28 44 312
28 44 328
28 44 340
28 44 351
28 44 366
28 44 370
28 44 456
28 44 457
28 44 458
28 55 299
28 55 300
28 55 303
28 55 317
28 55 338
28 55 339
28 55 340
28 55 351
28 55 531
28 127 300
28 127 309
28 127 311
28 127 312
28 106 309
28 106 317
28 106 338
28 106 339
28 106 351
28 106 375
28 106 378
28 106 419
28 106 496
28 106 497
28 19 451
28 67 716
28 15 728
44 127 300
44 127 301
44 127 302
44 127 307
44 127 308
44 127 309
44 127 366
44 127 369
44 127 371
44 127 374
44 127 455
44 127 466
44 127 468
44 127 469
44 127 470
44 127 471
44 8 384
44 8 386
44 8 387
44 8 388
44 8 390
44 8 391
44 8 392
44 8 393
44 8 394
44 8 395
44 8 396
44 8 397
44 8 398
44 8 400
44 8 401
44 8 402
44 8 403
44 8 404
44 8 405
44 8 406
44 8 407
44 8 408
44 8 409
44 8 410
44 8 411
44 8 412
44 8 413
44 8 414
44 8 415
44 8 416
44 8 420
44 8 421
44 8 422
44 8 423
44 8 424
44 8 425
44 8 426
44 8 427
44 8 428
44 8 429
44 8 430
44 8 431
44 8 432
44 8 433
44 8 434
44 8 435
44 8 436
44 8 447
44 8 452
44 8 455
44 8 456
44 8 457
44 8 458
44 8 459
44 8 460
44 8 461
44 8 462
44 8 463
44 8 464
44 8 465
44 8 466
44 8 470
44 8 472
44 8 473
44 8 477
44 8 478
44 8 479
44 8 506
44 8 507
44 8 508
44 8 511
44 8 512
44 8 513
44 8 515
44 8 516
44 8 517
44 8 524
44 8 525
44 8 526
44 8 528
44 8 529
44 8 532
44 8 533
44 8 555
44 8 556
44 8 558
44 8 559
44 8 561
44 8 567
44 8 568
44 8 569
44 8 570
44 8 571
44 8 572
44 8 573
44 8 575
44 8 580
44 8 581
44 8 582
44 8 583
44 8 584
44 8 585
44 8 586
44 8 587
44 8 588
44 8 599
44 8 600
44 8 601
44 8 603
44 8 604
44 8 607
44 8 609
44 8 610
44 8 611
44 8 612
44 8 613
44 8 614
44 8 615
44 8 617
44 8 618
44 8 619
44 8 622
44 8 624
44 8 625
44 8 630
44 8 631
44 8 632
44 8 633
44 8 634
44 53 475
44 53 478
44 53 479
44 53 505
44 53 506
44 53 507
44 53 511
44 53 631
44 60 838
44 110 852
55 8 295
55 8 307
55 8 319
55 8 341
55 8 374
55 127 300
55 127 301
55 127 344
55 127 362
55 127 363
55 127 366
55 127 374
55 127 376
55 127 377
55 127 378
55 127 379
55 127 380
55 127 381
55 130 815
55 130 816
55 130 821
55 130 823
55 130 824
55 130 826
55 130 862
55 130 867
55 130 870
55 130 871
55 130 875
55 130 876
55 130 877
55 130 878
55 130 882
55 130 883
55 130 884
55 130 889
55 130 893
55 130 895
55 130 897
55 130 898
55 130 911
55 130 913
55 130 914
55 130 915
55 130 916
55 130 965
55 130 969
55 3 842
55 3 875
55 3 876
55 3 880
55 3 881
55 3 882
55 3 883
55 3 884
55 3 886
55 3 889
55 3 890
55 3 900
55 3 910
55 3 912
55 3 913
55 3 945
55 3 969
55 3 972
55 110 847
55 83 890
55 83 891
55 83 892
53 127 384
53 127 385
53 127 386
53 127 387
53 127 388
53 127 390
53 127 391
53 127 392
53 127 393
53 127 394
53 127 395
53 127 396
53 127 406
53 127 407
53 127 410
53 127 411
53 127 412
53 127 413
53 127 414
53 70 387
53 94 468
53 98 630
53 106 787
53 106 788
53 106 789
53 106 790
53 106 791
53 106 792
53 106 793
53 106 794
53 106 795
53 106 796
53 106 797
53 106 798
53 106 799
53 106 805
53 106 806
53 106 807
53 106 808
53 106 809
53 106 810
53 106 811
53 106 812
53 106 813
53 106 814
53 106 815
53 106 816
53 106 817
53 106 818
53 106 819
53 106 820
53 106 822
53 106 823
53 106 824
53 106 825
53 106 826
53 106 827
53 106 828
53 106 829
53 106 830
53 106 831
53 106 832
53 106 834
53 106 835
53 106 836
53 106 837
53 106 838
53 106 839
53 106 840
53 106 841
53 106 842
53 106 843
53 106 844
53 106 852
53 106 853
53 106 854
53 106 855
53 106 856
53 106 857
53 106 858
53 106 859
53 106 861
53 106 862
53 106 863
53 106 864
53 106 865
53 106 866
53 106 867
53 106 868
53 106 870
53 106 875
53 106 876
53 106 877
53 106 878
53 106 879
53 106 880
53 106 881
53 106 883
53 106 884
53 106 885
53 106 886
53 106 887
53 106 888
53 106 889
53 106 890
53 106 891
53 106 892
53 106 893
53 106 894
53 106 895
53 106 896
53 106 897
53 106 898
53 106 899
53 106 900
53 106 901
53 106 902
53 106 903
53 106 904
53 106 905
53 106 906
53 90 795
53 64 860
8 19 453
8 134 453
8 127 455
8 127 456
8 127 457
8 127 459
8 127 462
8 127 465
8 127 466
8 127 467
8 127 470
8 0 519
8 98 988
8 115 1008
8 45 1009
8 45 1010
8 45 1011
8 45 1012
8 45 1021
8 101 1011
8 101 1018
8 119 1013
127 74 408
106 60 854
106 99 869
106 99 870
106 21 893
106 21 896
106 135 901
134 12 333
134 12 334
134 12 335
134 12 336
134 12 337
134 12 338
134 12 340
134 12 341
134 12 343
134 12 345
134 12 346
134 12 347
134 12 348
134 12 349
134 12 350
134 12 351
134 12 352
134 12 355
134 12 356
134 12 360
134 12 362
134 12 363
134 12 365
134 12 367
134 12 368
134 12 370
134 12 379
134 12 382
134 12 387
134 12 389
134 12 390
134 12 391
134 12 410
134 12 412
134 12 413
134 12 415
134 12 416
134 110 628
134 110 634
134 110 636
134 110 637
134 110 638
134 110 639
134 110 640
134 110 641
134 110 643
134 110 650
134 110 651
134 110 652
134 110 653
134 110 654
134 110 657
134 110 658
134 110 691
134 110 692
134 110 695
134 110 698
134 110 702
134 110 708
134 110 709
134 110 710
134 110 714
134 110 715
134 110 717
134 110 718
134 110 719
134 110 721
134 110 723
134 110 730
134 110 731
134 110 733
134 110 734
134 110 735
134 110 770
134 110 772
134 110 773
134 110 775
134 110 779
134 110 808
134 110 830
134 110 832
134 110 833
134 110 834
134 110 835
134 110 839
134 110 840
134 110 843
134 110 844
134 110 845
134 110 846
134 110 848
134 110 852
134 110 855
134 110 866
134 110 870
134 110 871
134 110 872
134 110 874
134 110 875
134 110 876
134 110 877
134 110 878
134 110 879
134 110 881
134 110 882
134 110 883
134 110 884
134 110 886
134 110 887
134 110 888
134 110 889
134 110 891
134 110 892
134 110 894
134 110 895
134 110 896
134 110 897
134 110 900
134 110 901
134 110 903
134 110 904
134 110 905
134 110 906
134 110 907
134 110 910
134 110 911
134 110 912
134 110 913
134 110 914
134 110 915
134 110 917
134 110 918
134 110 933
134 110 938
134 110 941
134 110 945
134 110 946
134 110 952
134 110 953
134 110 955
134 110 956
134 110 960
134 110 963
134 110 964
134 110 967
134 110 974
134 110 975
134 110 976
134 110 977
134 110 978
134 110 980
134 110 981
134 110 982
134 110 983
134 110 984
134 110 996
134 51 636
134 51 637
134 119 638
134 119 651
134 119 829
134 119 830
134 119 831
134 87 692
134 21 829
134 21 830
134 21 831
134 21 842
134 21 901
134 21 903
134 21 910
134 21 911
134 25 909
12 70 389
12 97 391
12 47 569
12 47 576
12 47 580
12 47 581
12 47 585
12 47 586
12 47 587
12 47 595
12 47 596
12 47 609
12 47 611
12 47 613
12 57 569
12 57 576
12 57 585
12 57 586
12 57 613
12 57 614
12 63 576
12 63 577
12 63 602
12 63 605
12 63 606
12 63 610
12 63 613
12 63 614
12 83 587
12 83 588
12 83 607
12 124 587
12 124 588
12 39 595
12 24 595
12 35 606
114 82 496
114 82 497
114 82 498
114 82 499
114 82 500
114 82 501
114 82 524
114 82 531
114 82 538
114 82 539
114 82 542
114 82 543
114 82 562
114 82 563
114 82 733
114 82 739
114 82 742
114 71 520
114 71 524
114 71 539
114 71 543
114 21 739
114 21 740
114 21 744
114 21 745
114 21 748
114 31 751
118 82 382
118 82 383
118 82 384
118 82 388
118 82 390
118 82 391
118 82 398
118 82 401
118 82 451
118 82 452
118 110 652
118 39 739
118 39 740
118 39 756
118 39 757
118 39 760
118 39 761
118 39 762
118 39 763
118 39 779
118 39 780
118 39 788
118 39 789
118 39 790
118 39 802
118 39 803
118 39 804
118 39 805
118 39 806
118 39 807
118 39 813
118 39 819
118 39 821
118 39 823
118 39 824
118 39 826
118 39 827
118 129 778
118 135 826
118 135 827
118 135 828
82 35 398
82 15 436
82 15 437
82 15 438
82 15 439
82 15 440
82 15 441
82 15 442
82 15 443
82 15 444
82 15 445
82 15 446
82 15 447
82 15 448
82 15 449
82 15 450
82 15 451
82 15 452
82 15 453
82 15 454
82 15 456
82 15 457
82 15 458
82 15 459
82 15 460
82 15 461
82 15 462
82 15 464
82 15 465
82 15 466
82 15 467
82 15 468
82 15 469
82 15 470
82 15 471
82 15 472
82 15 473
82 15 474
82 15 475
82 15 476
82 15 477
82 15 478
82 15 479
82 15 480
82 15 481
82 15 482
82 15 483
82 15 484
82 15 485
82 15 486
82 15 487
82 15 488
82 15 489
82 15 490
82 15 491
82 15 492
82 15 493
82 15 495
82 15 497
82 15 498
82 15 499
82 15 500
82 15 501
82 15 502
82 15 503
82 15 504
82 15 505
82 15 506
82 15 507
82 15 508
82 15 509
82 15 510
82 15 511
82 15 512
82 15 513
82 15 514
82 15 515
82 15 516
82 15 517
82 15 523
82 15 525
82 15 530
82 15 531
82 15 532
82 15 535
82 15 536
82 15 537
82 15 538
82 15 539
82 15 541
82 15 542
82 15 543
82 15 544
82 15 545
82 15 546
82 15 547
82 15 548
82 15 549
82 15 551
82 15 552
82 15 553
82 15 554
82 15 555
82 15 556
82 15 557
82 15 558
82 15 559
82 15 560
82 15 561
82 15 562
82 15 563
82 15 564
82 15 565
82 15 566
82 15 567
82 15 568
82 15 569
82 15 571
82 15 572
82 15 573
82 15 574
82 15 575
82 15 576
82 15 577
82 15 578
82 15 579
82 15 580
82 15 581
82 15 582
82 15 583
82 15 584
82 15 585
82 15 586
82 15 590
82 15 591
82 15 592
82 15 593
82 15 594
82 15 595
82 15 596
82 15 597
82 15 598
82 15 599
82 15 600
82 15 631
82 15 632
82 15 646
82 15 647
82 15 648
82 15 649
82 15 650
82 15 651
82 15 652
82 15 653
82 15 654
82 15 655
82 15 656
82 15 657
82 15 658
82 15 659
82 15 660
82 15 662
82 15 664
82 15 665
82 15 666
82 15 667
82 15 668
82 15 669
82 15 670
82 15 671
82 15 672
82 15 673
82 15 674
82 15 675
82 15 676
82 15 677
82 15 679
82 15 680
82 15 681
82 15 685
82 15 693
82 15 694
82 15 695
82 15 696
82 15 697
82 15 698
82 15 699
82 15 700
82 15 701
82 15 702
82 15 704
82 15 705
82 15 706
82 15 707
82 15 708
82 15 709
82 15 710
82 15 711
82 15 721
82 15 722
82 15 723
82 15 726
82 15 727
82 15 728
82 15 731
82 15 735
82 15 736
82 15 745
82 15 746
82 15 748
82 120 457
82 87 458
82 5 467
82 96 694
82 129 737
82 21 745
82 21 748
35 123 384
35 123 385
35 123 386
35 123 389
35 123 390
35 123 391
35 123 392
35 123 393
35 123 402
35 123 403
35 123 404
35 123 409
35 123 410
35 123 413
35 123 416
35 123 417
35 123 418
35 123 423
35 123 424
35 123 429
35 123 431
35 123 432
35 123 433
35 123 434
35 123 435
35 123 436
35 123 440
35 123 441
35 123 442
35 123 443
35 123 444
35 123 445
35 123 446
35 75 445
123 79 408
86 74 388
86 74 389
86 74 394
86 74 411
86 120 1023
86 120 1033
86 120 1035
86 120 1036
86 120 1038
86 5 1026
86 5 1030
70 48 582
70 87 615
74 100 571
74 100 572
74 100 573
74 100 574
74 100 575
74 100 577
74 100 581
74 100 582
74 100 584
74 100 585
74 100 587
74 100 589
74 100 591
74 100 594
74 100 602
74 100 605
74 100 606
74 100 607
74 100 608
74 100 609
74 100 610
74 100 613
74 100 614
74 100 615
74 100 616
74 100 617
74 100 618
74 100 619
74 100 620
74 100 622
74 100 623
74 100 627
74 100 629
74 100 630
74 100 631
97 99 413
97 99 840
97 99 888
97 60 834
97 60 835
97 60 836
97 60 837
97 60 838
97 60 839
97 60 840
97 60 841
97 60 842
97 60 843
97 60 845
97 60 846
97 60 848
97 60 849
97 60 852
97 60 854
97 60 855
97 60 856
97 60 857
97 60 859
97 60 865
97 60 867
97 60 868
97 60 869
97 60 870
97 60 872
97 60 873
97 60 874
97 60 881
97 60 886
97 60 887
97 60 888
97 60 889
97 60 891
97 60 892
97 60 893
97 60 894
97 60 895
97 60 896
97 60 897
97 60 898
97 130 848
97 119 849
97 83 859
0 109 488
0 47 488
0 75 502
0 15 510
0 71 563
15 115 436
15 115 437
15 115 438
15 115 439
15 115 440
15 115 441
15 115 442
15 115 443
15 115 445
15 115 446
15 115 447
15 115 448
15 115 449
15 115 450
15 115 451
15 115 452
15 115 453
15 115 454
15 115 455
15 115 456
15 115 457
15 115 458
15 115 459
15 115 460
15 115 462
15 115 463
15 115 464
15 115 465
15 115 466
15 115 467
15 115 468
15 115 469
15 115 470
15 115 471
15 115 472
15 115 473
15 115 474
15 115 475
15 115 476
15 115 477
15 115 478
15 115 479
15 115 480
15 115 481
15 115 482
15 115 486
15 115 487
15 115 488
15 115 490
15 115 491
15 115 492
15 115 494
15 115 495
15 115 496
15 115 497
15 115 498
15 115 500
15 115 501
15 115 502
15 115 505
15 115 506
15 115 507
15 115 508
15 115 510
15 115 511
15 115 518
15 115 519
15 115 522
15 115 524
15 115 528
15 115 537
15 115 538
15 115 539
15 115 540
15 115 541
15 115 542
15 115 543
15 115 544
15 115 545
15 115 546
15 115 547
15 115 548
15 115 549
15 115 550
15 115 551
15 115 552
15 115 553
15 115 554
15 115 555
15 115 556
15 115 557
15 115 558
15 115 559
15 115 560
15 115 561
15 115 563
15 115 564
15 115 565
15 115 566
15 115 567
15 115 568
15 115 569
15 115 570
15 115 571
15 115 572
15 115 573
15 115 574
15 115 575
15 115 576
15 115 577
15 115 578
15 115 579
15 115 580
15 115 581
15 115 582
15 115 583
15 115 584
15 115 585
15 115 586
15 115 587
15 115 588
15 115 589
15 115 590
15 115 592
15 115 593
15 115 594
15 115 595
15 115 596
15 115 597
15 115 598
15 115 599
15 115 600
15 115 617
15 115 619
15 115 624
15 115 625
15 115 657
15 115 658
15 115 659
15 115 661
15 115 662
15 115 663
15 115 664
15 115 665
15 115 667
15 115 668
15 115 669
15 115 673
15 115 674
15 115 675
15 115 676
15 115 677
15 115 678
15 115 679
15 115 680
15 115 681
15 115 682
15 115 683
15 115 684
15 115 685
15 115 693
15 115 694
15 115 695
15 115 696
15 115 697
15 115 698
15 115 699
15 115 700
15 115 701
15 115 702
15 115 703
15 115 704
15 115 707
15 115 708
15 115 709
15 115 710
15 115 711
15 115 721
15 115 723
15 115 724
15 115 725
15 115 726
15 115 727
15 115 728
15 115 729
15 115 730
15 115 737
15 115 738
15 115 739
15 115 740
15 115 741
15 115 742
15 115 743
15 115 744
15 115 745
15 115 746
15 115 748
15 115 749
15 115 751
15 71 510
15 71 518
15 71 521
15 71 522
15 71 523
15 71 526
15 71 527
15 71 528
15 71 529
15 71 530
15 71 531
15 71 534
15 71 537
15 128 674
15 21 739
15 21 744
15 21 745
15 21 746
15 21 748
50 99 406
50 99 407
50 99 408
50 99 409
50 99 410
50 99 411
50 99 412
50 99 413
50 99 415
50 99 417
50 99 418
50 99 419
50 99 421
50 99 423
50 99 424
50 99 425
50 99 427
50 99 428
50 99 429
50 99 430
50 99 431
50 99 432
50 99 448
50 99 449
50 99 450
50 99 451
50 99 456
50 99 459
50 99 460
50 99 461
50 99 464
50 99 465
50 99 466
50 99 467
50 99 468
50 99 469
50 99 470
50 99 471
50 99 477
50 99 478
50 99 479
50 99 480
50 99 483
50 99 484
50 99 485
50 99 486
50 90 731
50 41 735
99 47 456
99 47 467
99 47 468
99 58 467
99 64 857
99 109 894
79 94 960
79 94 961
79 94 966
79 94 992
79 94 1002
79 94 1013
79 94 1019
79 94 1020
79 23 1002
79 45 1004
19 75 953
19 61 954
19 61 956
109 46 427
109 46 428
109 46 429
109 46 432
109 46 433
109 46 436
109 46 440
109 46 441
109 46 445
109 46 447
109 46 448
109 46 449
109 46 451
109 46 453
109 46 454
109 46 455
109 46 456
109 46 465
109 46 468
109 46 469
109 46 475
109 46 479
109 46 488
109 46 490
109 56 440
109 56 447
109 56 464
109 56 470
109 56 481
109 56 482
109 75 492
109 3 871
109 3 872
109 3 873
109 57 876
109 83 877
109 83 880
109 83 941
109 130 881
46 58 428
46 58 429
46 58 432
46 58 433
46 58 437
46 58 438
46 58 442
46 58 443
46 58 444
46 58 445
46 58 446
46 58 447
46 58 451
46 58 452
46 58 464
46 58 465
46 58 466
46 58 484
46 58 489
46 58 490
46 58 493
46 131 966
46 131 967
46 131 969
46 131 970
46 131 972
46 131 973
46 131 974
46 131 975
46 131 977
46 131 981
46 131 991
46 131 1001
46 131 1036
46 131 1037
46 101 966
46 101 969
46 101 970
46 101 994
46 119 1030
46 119 1032
46 119 1033
58 49 467
47 49 456
47 49 457
47 49 466
47 49 468
47 87 462
47 59 569
47 59 584
47 59 585
47 59 605
47 59 609
47 59 612
47 59 613
47 67 584
47 67 607
47 119 612
47 39 612
115 75 436
115 75 437
115 75 438
115 75 439
115 75 440
115 75 441
115 75 442
115 75 443
115 75 444
115 75 445
115 75 446
115 75 447
115 75 448
115 75 449
115 75 450
115 75 451
115 75 452
115 75 453
115 75 454
115 75 455
115 75 456
115 75 457
115 75 458
115 75 459
115 75 461
115 75 462
115 75 464
115 75 465
115 75 466
115 75 467
115 75 468
115 75 469
115 75 471
115 75 472
115 75 473
115 75 475
115 75 476
115 75 477
115 75 478
115 75 479
115 75 480
115 75 481
115 75 482
115 75 486
115 75 487
115 75 488
115 75 490
115 75 491
115 75 492
115 75 493
115 75 494
115 75 495
115 75 502
115 75 503
115 75 504
115 75 505
115 75 506
115 75 507
115 75 508
115 75 509
115 75 510
115 75 511
115 75 512
115 75 525
115 75 527
115 75 528
115 75 530
115 75 532
115 75 533
115 75 535
115 75 537
115 75 540
115 75 541
115 75 544
115 75 545
115 75 546
115 75 547
115 75 548
115 75 549
115 75 551
115 75 552
115 75 553
115 75 554
115 75 555
115 75 556
115 75 557
115 75 558
115 75 559
115 75 560
115 75 561
115 75 564
115 75 565
115 75 566
115 75 567
115 75 568
115 75 569
115 75 571
115 75 572
115 75 573
115 75 574
115 75 575
115 75 576
115 75 577
115 75 578
115 75 579
115 75 580
115 75 581
115 75 582
115 75 584
115 75 585
115 75 586
115 75 587
115 75 590
115 75 591
115 75 592
115 75 593
115 75 594
115 75 595
115 75 597
115 75 598
115 75 599
115 75 600
115 75 630
115 75 631
115 75 632
115 75 649
115 75 657
115 75 658
115 75 659
115 75 660
115 75 661
115 75 662
115 75 663
115 75 664
115 75 665
115 75 666
115 75 667
115 75 668
115 75 669
115 75 670
115 75 671
115 75 673
115 75 674
115 75 675
115 75 676
115 75 677
115 75 678
115 75 679
115 75 680
115 75 681
115 75 682
115 75 683
115 75 684
115 75 685
115 75 686
115 75 687
115 75 688
115 75 689
115 75 690
115 75 691
115 75 692
115 75 693
115 75 694
115 75 695
115 75 696
115 75 697
115 75 698
115 75 699
115 75 700
115 75 701
115 75 702
115 75 703
115 75 704
115 75 705
115 75 706
115 75 707
115 75 708
115 75 709
115 75 710
115 75 711
115 75 712
115 75 713
115 75 714
115 75 715
115 75 716
115 75 717
115 75 718
115 75 719
115 75 720
115 75 721
115 75 722
115 75 723
115 75 725
115 75 726
115 75 727
115 75 728
115 75 730
115 75 731
115 75 732
115 75 734
115 75 736
115 75 737
115 75 738
115 75 743
115 75 744
115 75 749
115 87 457
115 31 458
115 60 510
115 83 646
115 83 647
115 83 648
115 83 649
115 83 652
115 83 791
115 83 792
115 83 793
115 83 794
115 83 797
115 83 799
115 83 800
115 83 801
115 83 802
115 83 805
115 83 806
115 83 807
115 83 808
115 83 809
115 83 810
115 83 812
115 83 813
115 83 815
115 83 816
115 83 817
115 83 818
115 83 819
115 83 820
115 83 821
115 83 822
115 83 826
115 83 827
115 83 853
115 83 855
115 83 919
115 83 922
115 83 923
115 83 925
115 83 926
115 83 927
115 83 929
115 83 934
115 83 935
115 83 937
115 83 938
115 83 939
115 83 940
115 83 941
115 83 942
115 83 943
115 83 944
115 83 947
115 83 951
115 83 954
115 83 958
115 83 987
115 83 988
115 83 989
115 83 990
115 83 992
115 83 995
115 83 996
115 83 997
115 83 999
115 83 1001
115 83 1007
115 83 1008
115 83 1009
115 83 1010
115 25 712
115 25 714
115 25 715
115 67 712
115 29 713
115 29 714
115 29 715
115 29 717
115 40 732
115 40 749
115 40 751
115 61 956
75 71 522
75 71 523
75 71 524
75 71 534
75 71 538
75 71 543
75 9 534
75 9 732
75 9 747
75 9 749
75 9 750
75 48 599
75 128 673
75 41 730
75 41 750
75 21 738
75 59 917
75 59 918
75 59 919
75 59 920
75 59 921
75 59 924
75 59 925
75 59 926
75 59 927
75 59 928
75 59 929
75 59 930
75 59 931
75 59 932
75 59 933
75 59 934
75 59 935
75 59 936
75 59 937
75 59 938
75 59 939
75 59 941
75 59 948
75 59 950
75 59 951
75 59 952
75 59 953
75 59 954
75 59 955
75 59 956
75 59 957
56 30 484
56 41 782
49 30 483
49 30 881
49 30 882
49 30 884
49 30 947
49 22 934
87 30 479
87 30 482
87 30 527
87 71 520
87 121 527
87 121 528
87 13 557
87 95 565
87 95 566
87 95 567
87 100 615
87 83 622
87 67 722
120 94 480
120 94 489
120 65 1010
120 65 1021
120 65 1025
120 65 1026
31 40 651
31 40 652
31 40 655
31 40 656
31 40 657
31 40 659
31 40 671
31 40 674
31 40 675
31 40 676
31 40 680
31 40 686
31 40 688
31 40 691
31 40 693
31 40 694
31 40 696
31 40 699
31 40 700
31 40 701
31 40 705
31 40 706
31 40 708
31 40 711
31 40 712
31 40 713
31 40 714
31 40 715
31 40 716
31 40 717
31 40 718
31 40 721
31 40 735
31 40 737
31 40 738
31 40 743
31 40 745
31 40 749
31 40 750
31 40 751
31 40 752
31 1 679
31 1 680
71 60 562
71 61 912
71 61 913
71 61 914
71 61 915
71 61 916
71 61 946
71 61 959
71 61 965
71 61 966
71 61 973
71 61 979
71 61 980
71 61 983
71 61 984
71 61 985
71 4 915
71 4 917
71 4 985
71 13 980
71 5 980
131 5 462
131 5 466
131 5 467
131 5 469
131 5 471
131 5 474
131 5 475
131 5 476
131 5 480
131 5 498
131 5 512
131 5 532
131 5 535
131 5 543
131 5 546
131 5 587
131 5 601
131 5 608
131 5 616
131 5 622
131 5 630
131 5 631
131 5 645
131 5 1000
131 5 1002
131 5 1004
131 5 1034
131 5 1036
5 48 594
5 67 594
5 101 967
5 101 971
5 101 973
5 101 993
5 101 994
5 101 998
5 101 1000
5 101 1003
5 101 1004
5 101 1005
5 101 1011
5 101 1032
5 101 1036
5 45 1004
5 45 1029
5 45 1036
5 65 1029
5 65 1030
94 22 969
94 22 983
94 22 984
94 22 992
94 22 996
94 22 998
94 22 1001
94 22 1002
94 22 1004
94 22 1005
94 22 1006
94 22 1007
94 22 1014
94 22 1021
94 93 1020
30 25 875
30 25 876
30 25 877
30 25 878
30 25 879
30 25 880
30 25 881
30 25 882
30 25 883
30 25 884
30 25 885
30 25 886
30 25 887
30 25 888
30 25 889
30 25 890
30 25 892
30 25 897
30 25 898
30 25 899
30 25 907
30 25 908
30 25 909
30 25 912
30 25 913
30 25 915
30 25 916
30 25 922
30 25 923
30 25 935
30 25 941
30 25 942
30 25 944
30 25 945
30 25 947
30 13 896
30 13 898
30 21 907
30 21 908
30 61 941
60 64 840
60 64 841
60 93 844
60 93 845
60 93 888
60 93 890
60 41 894
23 39 525
23 39 531
23 39 532
23 39 533
23 39 534
23 39 541
23 39 542
23 39 544
23 39 548
23 39 552
23 39 553
23 39 555
23 39 557
23 39 560
23 39 565
23 39 566
23 39 567
23 39 568
23 39 569
23 39 571
23 39 581
23 39 582
23 39 583
23 39 584
23 39 585
23 39 586
23 39 588
23 39 590
23 39 591
23 39 592
23 39 593
23 39 594
23 39 595
23 39 599
23 39 601
23 39 603
23 39 623
23 39 629
23 39 630
23 39 631
23 39 632
23 39 635
23 39 636
23 39 637
23 39 638
23 39 639
23 13 526
39 92 629
39 129 772
39 129 775
39 129 777
13 92 557
13 40 567
13 16 889
13 16 890
13 16 891
13 16 894
13 16 895
13 16 896
13 16 897
13 16 899
13 16 900
13 16 901
13 16 902
13 16 903
13 16 904
13 16 905
13 16 906
13 16 907
13 16 908
13 16 909
13 16 910
13 16 911
13 16 912
13 16 913
13 16 914
13 16 915
13 16 916
13 16 917
13 16 921
13 16 923
13 16 925
13 16 928
13 16 929
13 16 930
13 16 931
13 16 932
13 16 933
13 16 934
13 16 938
13 16 939
13 16 940
13 16 943
13 16 944
13 16 945
13 16 946
13 16 947
13 16 948
13 16 949
13 16 950
13 16 952
13 16 954
13 16 957
13 16 958
13 16 959
13 16 960
13 16 961
13 16 962
13 16 965
13 16 966
13 16 967
13 16 968
13 16 969
13 16 970
13 16 971
13 16 972
13 16 973
13 16 974
13 16 975
13 16 976
13 16 977
13 16 978
13 16 979
13 16 980
13 16 981
13 16 982
13 16 983
13 41 890
13 41 892
13 41 893
13 41 928
13 41 929
13 41 930
13 41 931
13 59 947
13 59 953
13 59 964
13 61 978
13 32 978
13 98 978
9 110 715
9 2 739
40 24 540
40 24 543
40 63 602
24 29 680
24 29 681
24 29 687
24 29 688
24 29 689
24 29 690
24 29 691
24 29 692
24 29 693
24 29 694
24 29 695
24 29 701
24 29 707
24 29 708
24 29 710
24 29 717
24 29 720
24 29 721
24 29 722
24 29 723
24 29 724
24 29 725
24 29 726
24 29 727
24 29 729
24 29 730
24 29 731
92 95 556
92 95 564
92 95 634
92 95 635
92 95 636
92 95 637
92 95 638
92 95 639
92 95 641
92 95 642
92 128 617
92 128 632
92 128 635
92 128 640
92 128 641
92 128 642
92 128 643
92 128 648
92 128 665
92 128 666
92 128 685
92 128 691
92 128 692
95 128 643
95 128 647
95 128 655
95 128 656
95 128 657
57 3 805
57 3 816
57 3 917
57 3 918
57 3 919
57 3 928
57 3 930
57 3 931
57 130 813
57 130 817
57 130 818
57 130 820
57 130 822
57 130 825
57 130 829
57 130 917
57 130 920
57 130 921
57 130 922
57 130 923
57 130 936
57 130 939
57 130 940
57 130 952
57 130 1000
59 63 569
59 63 571
59 63 576
59 63 577
59 63 581
59 63 587
59 63 596
59 63 604
59 63 605
59 63 613
59 63 614
59 4 917
59 4 918
63 48 570
63 48 576
63 48 591
63 48 592
63 48 596
63 48 600
63 48 601
63 48 603
63 48 604
63 48 608
63 48 613
63 1 648
63 1 649
63 1 650
63 1 656
63 1 658
63 1 662
63 1 667
63 1 669
63 1 670
63 1 672
63 1 688
48 25 881
48 25 884
100 90 604
100 90 609
100 124 613
124 83 575
124 83 580
124 83 585
124 83 586
124 83 588
124 83 589
124 83 593
124 83 594
124 83 595
124 83 596
124 83 597
124 83 598
124 83 600
124 83 601
124 83 602
124 83 604
124 83 606
124 83 607
124 83 612
124 83 613
124 83 621
124 83 622
124 83 625
124 83 634
124 83 663
124 83 664
124 83 671
124 83 730
124 83 734
124 83 737
124 128 663
124 21 732
124 90 733
83 119 660
83 90 800
83 41 800
83 3 863
83 3 864
83 3 865
83 3 866
83 3 868
83 3 869
83 3 871
83 3 881
83 130 866
83 130 871
67 18 609
51 96 592
51 96 593
51 96 595
51 96 596
51 96 597
51 96 608
51 96 612
51 96 617
51 96 630
51 96 631
51 96 632
51 96 633
51 96 636
51 96 637
51 96 674
51 96 675
51 96 676
51 96 679
51 96 684
51 96 685
51 96 689
51 96 690
51 96 691
51 96 693
51 96 694
51 96 706
51 96 708
51 96 709
51 21 894
51 21 895
96 98 626
96 98 661
96 98 662
96 119 632
96 119 633
96 110 639
96 21 708
96 41 782
96 41 783
96 41 785
96 41 786
96 41 789
96 41 790
96 41 791
96 41 793
96 41 795
96 41 797
96 41 798
96 41 799
96 41 800
96 41 802
96 41 803
96 41 804
96 41 805
96 41 806
96 41 808
96 41 809
96 41 810
96 41 811
96 41 812
96 41 815
96 41 817
96 41 818
96 41 819
96 41 820
96 41 821
96 41 822
96 41 823
96 41 824
96 41 826
96 41 827
96 41 828
96 41 829
96 41 837
96 41 839
96 41 842
96 41 844
96 41 848
96 41 851
96 41 852
96 41 853
96 41 855
96 41 870
96 41 874
96 41 875
96 41 888
96 41 893
96 41 894
96 41 895
96 41 896
96 41 898
96 41 899
96 41 900
96 41 901
96 41 902
96 41 903
96 41 905
96 41 906
96 41 907
96 41 908
96 41 909
96 41 910
96 41 911
96 41 912
96 41 917
96 41 918
96 41 920
96 41 921
96 41 923
96 41 924
96 41 925
96 41 926
96 41 927
96 41 928
96 41 929
96 41 930
96 41 931
96 41 937
96 41 938
96 41 939
96 41 941
96 41 943
96 41 944
96 41 945
96 3 846
90 45 883
90 21 914
18 125 978
18 125 981
18 125 1005
18 125 1016
119 110 790
119 93 1012
119 93 1021
119 93 1024
119 93 1025
119 93 1032
119 93 1034
119 93 1037
119 93 1039
119 93 1040
98 32 946
98 32 947
98 32 965
98 32 967
98 32 968
98 32 969
98 32 978
98 32 988
98 32 989
98 32 991
98 32 992
98 32 1000
98 32 1004
98 32 1005
98 32 1007
98 32 1008
98 32 1016
98 65 946
98 65 950
98 65 954
98 65 956
98 65 957
98 65 958
98 65 959
98 65 960
98 65 961
98 65 962
98 65 963
98 65 964
98 65 965
98 65 968
98 65 969
98 65 973
98 65 976
98 65 983
98 65 991
98 65 994
98 135 966
98 110 974
110 135 732
110 135 739
110 135 740
110 135 741
110 135 743
110 135 745
110 135 750
110 135 763
110 135 765
110 135 771
110 135 776
110 135 782
110 135 796
110 135 798
110 135 799
110 135 801
110 135 802
110 135 803
110 135 804
110 135 805
110 135 807
110 135 810
110 135 812
110 135 813
110 135 814
110 135 815
110 135 816
110 135 820
110 135 823
110 135 826
110 135 827
110 135 828
110 135 829
110 135 919
110 135 926
110 135 927
110 135 928
110 135 931
110 135 942
110 135 943
110 135 944
110 135 948
110 135 949
110 135 950
110 135 951
110 135 954
110 135 957
110 135 958
110 135 986
110 135 987
110 135 988
110 135 995
110 135 997
110 21 909
110 21 910
110 21 911
110 21 918
16 101 895
16 29 896
16 32 978
41 21 914
129 2 720
129 2 745
129 2 749
129 2 750
129 2 766
129 2 780
129 2 787
129 2 788
129 2 790
129 2 791
135 93 852
135 64 852
130 3 804
130 3 822
130 3 839
130 3 841
130 3 843
130 3 858
130 3 859
130 3 860
130 3 861
130 3 862
130 3 863
130 3 864
130 3 865
130 3 867
130 3 870
130 3 871
130 3 872
130 3 873
130 3 874
130 3 877
130 3 878
130 3 890
130 3 891
130 3 893
130 3 898
130 3 899
130 3 917
130 3 920
130 3 938
130 3 941
130 3 944
130 3 945
130 3 950
130 3 957
130 3 965
130 3 967
130 3 971
130 3 975
130 3 976
130 3 977
130 3 983
130 3 1001
130 3 1002
64 93 826
64 93 828
64 93 830
64 93 832
64 93 833
64 93 834
64 93 835
64 93 836
64 93 837
64 93 839
64 93 840
64 93 842
64 93 845
64 93 853
64 93 856
64 93 861
64 93 862
64 93 863
64 93 865
64 93 868
64 93 869
64 93 870
64 93 876
64 93 883
64 93 884
64 93 891
64 93 892
64 93 894
64 93 895
64 93 901
64 93 902
64 93 905
64 93 913
64 45 829
64 45 835
64 45 836
64 45 852
64 45 857
64 45 858
64 45 863
64 45 870
64 45 871
64 45 872
64 45 874
64 45 877
64 45 878
64 45 882
64 45 883
64 45 905
64 45 906
64 45 908
64 45 910
64 45 911
93 45 857
93 45 1032
93 65 1010
93 65 1021
93 65 1026
93 65 1039
93 65 1040
61 32 964
61 32 968
61 32 1025
61 4 975
61 4 976
61 4 977
61 4 978
61 4 984
61 4 985
32 65 955
32 65 998
32 65 1019
32 65 1020
32 65 1021
32 65 1024
