95 24 0
95 24 2
95 24 29
95 24 75
95 24 80
95 24 90
95 24 100
95 24 107
95 24 108
95 93 45
95 93 46
95 93 47
95 93 48
95 93 57
95 78 54
95 78 55
95 78 56
95 78 57
95 26 86
95 26 92
95 26 94
95 48 100
95 56 100
24 61 781
24 80 782
3 49 26
3 49 41
3 49 47
3 49 48
3 49 79
3 49 80
3 49 81
3 49 82
3 49 83
3 49 84
3 49 85
3 49 86
3 49 87
3 49 90
3 49 91
3 49 92
3 49 93
3 49 96
3 49 97
3 49 98
3 49 101
3 49 107
3 49 110
3 49 116
3 49 122
3 49 131
3 49 137
3 49 138
3 49 147
3 49 148
3 49 149
3 49 152
3 49 153
3 49 174
3 49 176
3 49 184
3 27 111
3 88 140
3 88 142
3 91 140
3 51 156
3 51 157
3 51 158
3 51 159
3 51 160
3 51 161
3 51 165
3 51 166
3 51 167
3 51 169
3 51 185
3 51 186
3 51 187
49 29 111
49 12 237
49 12 251
49 12 315
49 12 326
49 12 328
49 12 396
49 12 397
49 12 436
49 12 494
49 12 496
49 12 497
49 12 520
49 12 528
49 9 272
49 43 275
49 43 312
49 43 321
49 43 502
49 43 512
49 43 513
49 59 332
48 56 33
48 56 36
48 56 37
48 56 38
48 56 39
48 56 40
48 56 41
48 56 54
48 56 56
48 56 57
48 56 58
48 56 59
48 56 60
48 56 62
48 56 63
48 56 70
48 56 72
48 56 84
48 56 89
48 56 90
48 56 91
48 56 100
48 56 103
48 56 107
48 56 136
48 56 137
48 56 138
48 56 139
48 56 140
48 56 141
48 56 142
48 56 143
48 56 144
48 56 145
48 56 147
48 56 149
48 56 150
48 56 151
48 56 152
48 56 154
48 56 175
48 56 176
48 56 177
48 56 179
48 56 190
48 56 193
48 56 195
48 56 198
48 56 199
48 56 208
48 56 219
48 56 220
48 56 229
48 42 38
48 42 39
48 42 40
48 42 41
48 42 43
48 42 44
48 42 45
48 42 46
48 42 47
48 42 50
48 42 51
48 42 52
48 42 53
48 42 54
48 42 55
48 42 56
48 42 58
48 42 59
48 42 62
48 42 63
48 42 71
48 42 72
48 42 74
48 42 78
48 42 84
48 42 85
48 42 86
48 42 90
48 42 91
48 42 94
48 42 95
48 42 96
48 42 97
48 42 98
48 42 99
48 42 101
48 42 139
48 42 141
48 42 153
48 42 203
48 42 206
48 42 207
48 42 208
48 42 219
48 42 225
48 42 226
48 42 227
48 42 229
48 40 201
48 12 236
48 43 236
48 91 711
48 91 712
48 91 713
48 91 715
48 91 716
48 91 717
48 91 718
48 91 719
48 91 720
48 91 721
48 91 722
48 91 723
48 91 724
48 91 726
48 91 727
48 91 728
48 91 730
48 91 732
48 91 734
48 91 736
48 91 738
48 91 739
48 91 741
48 91 742
48 91 745
48 91 748
48 91 749
48 91 750
48 91 752
48 91 753
48 91 761
48 91 762
48 91 763
48 91 764
48 91 766
48 91 767
48 91 768
48 91 769
48 91 770
48 91 771
48 1 711
48 1 712
48 1 716
48 1 717
48 1 720
48 1 721
48 1 723
48 1 724
48 1 725
48 1 726
48 1 727
48 1 731
48 1 732
48 1 735
48 1 736
48 1 738
48 1 739
48 1 741
48 1 771
48 83 725
48 38 763
48 68 767
56 43 38
56 43 39
56 43 40
56 43 41
56 43 43
56 43 44
56 43 45
56 43 46
56 43 57
56 43 59
56 43 63
56 43 85
56 43 93
56 43 108
56 43 122
56 43 123
56 43 124
56 43 185
56 43 218
56 43 222
56 43 223
56 43 228
56 43 229
56 39 133
56 32 134
56 20 183
56 69 205
56 84 359
56 84 360
56 84 365
56 84 369
56 84 403
56 84 431
56 84 437
56 84 448
56 84 452
56 84 457
56 84 463
42 60 62
42 60 84
42 60 94
42 60 95
42 60 101
42 60 209
42 60 210
42 60 217
42 9 248
42 9 249
42 9 253
42 9 265
42 9 270
42 9 272
42 9 273
42 9 275
42 9 276
42 9 279
42 9 280
42 9 281
42 9 292
42 9 332
42 9 364
42 9 365
42 9 435
42 57 249
42 57 262
42 57 274
42 57 275
42 57 276
42 57 278
42 57 281
42 57 282
42 57 287
42 57 288
42 57 291
42 57 308
42 57 312
42 57 372
42 57 404
42 57 406
42 57 434
42 43 274
42 64 282
43 46 156
43 46 157
43 46 158
43 46 159
43 46 160
43 46 161
43 46 162
43 46 163
43 46 171
43 12 235
43 12 236
43 12 237
43 12 238
43 12 249
43 12 250
43 12 251
43 12 253
43 12 254
43 12 255
43 12 256
43 12 281
43 12 286
43 12 294
43 12 295
43 12 312
43 12 316
43 12 317
43 12 318
43 12 321
43 12 323
43 12 324
43 12 325
43 12 326
43 12 328
43 12 351
43 12 355
43 12 397
43 12 401
43 12 402
43 12 417
43 12 418
43 12 419
43 12 420
43 12 421
43 12 422
43 12 423
43 12 424
43 12 425
43 12 426
43 12 427
43 12 428
43 12 429
43 12 430
43 12 431
43 12 432
43 12 433
43 12 434
43 12 440
43 12 441
43 12 442
43 12 443
43 12 444
43 12 445
43 12 446
43 12 447
43 12 448
43 12 449
43 12 450
43 12 451
43 12 453
43 12 454
43 12 455
43 12 495
43 12 498
43 12 499
43 12 500
43 12 510
43 12 511
43 12 515
43 12 516
43 12 517
43 36 333
43 76 518
93 78 41
93 78 42
93 78 43
93 78 44
93 78 49
93 78 52
93 78 53
93 78 54
93 78 57
93 78 58
93 78 65
93 78 67
93 78 68
93 78 69
93 78 70
93 78 75
93 78 77
93 78 78
93 78 79
93 78 81
93 78 82
93 78 83
93 78 85
93 78 86
93 78 87
93 78 97
93 78 98
93 78 99
93 78 100
93 78 101
93 78 102
93 78 103
93 78 104
93 78 106
93 78 107
93 78 108
93 78 109
93 78 112
93 78 113
93 78 116
93 78 118
93 78 119
93 78 121
93 78 124
93 78 125
93 78 126
93 78 127
93 78 128
93 78 129
93 46 58
93 82 105
93 30 106
93 27 117
93 63 129
93 54 753
93 54 782
93 54 793
93 83 776
93 83 779
93 83 791
93 18 782
93 18 793
93 22 791
93 22 793
78 29 117
78 46 128
78 65 129
78 21 592
78 21 674
46 74 77
46 74 78
46 74 79
46 74 82
46 74 91
46 74 92
46 74 96
46 74 97
46 74 101
46 74 102
46 74 103
46 74 104
46 74 105
46 74 107
46 74 109
46 74 110
46 74 120
46 74 121
46 74 123
46 74 124
46 74 126
46 74 127
46 74 128
46 74 129
46 74 131
46 74 132
46 74 134
46 74 135
46 74 137
46 74 138
46 74 143
46 74 151
46 74 153
46 74 154
46 74 155
46 74 157
46 74 158
46 74 160
46 74 168
46 74 169
46 74 170
46 74 178
46 74 179
46 74 180
46 74 182
46 74 184
46 74 185
46 74 189
46 74 191
46 74 192
46 74 193
46 74 195
46 74 201
46 30 79
46 60 156
46 60 157
46 60 160
46 60 161
46 60 162
46 60 164
46 60 165
46 60 166
46 60 167
46 60 168
46 60 188
46 67 182
46 20 185
46 64 195
60 5 440
60 5 441
60 5 442
60 5 443
60 5 444
60 5 445
60 5 446
60 5 447
60 5 448
60 5 449
60 5 450
60 5 451
60 5 452
60 5 456
60 5 457
60 5 458
60 5 461
60 5 462
60 5 463
60 5 464
60 5 465
60 5 466
60 5 467
60 5 488
60 5 497
60 5 498
60 5 503
60 5 504
60 5 505
60 5 506
60 5 507
60 5 508
60 5 530
60 5 532
60 5 537
60 5 538
60 5 540
60 5 577
60 5 578
60 5 580
60 5 586
60 5 592
60 5 598
60 5 600
60 5 601
60 5 603
60 5 650
60 5 651
60 5 652
60 5 653
60 5 654
60 5 655
60 5 656
60 5 657
60 5 658
60 37 440
60 37 441
60 37 442
60 37 443
60 37 444
60 37 445
60 37 446
60 37 447
60 37 448
60 37 451
60 37 452
60 37 454
60 37 455
60 37 457
60 37 458
60 37 459
60 37 461
60 37 462
60 37 463
60 37 464
60 37 467
60 37 488
60 37 503
60 37 505
60 37 508
60 37 538
60 37 540
60 37 580
60 37 619
60 37 645
60 37 646
60 37 647
60 37 650
60 37 652
60 37 653
60 37 654
60 37 655
60 37 656
60 37 657
60 37 658
60 67 440
60 67 443
60 67 446
60 67 507
60 67 532
60 67 537
60 67 538
60 67 586
60 67 590
60 30 489
60 30 490
60 52 634
60 52 644
29 85 67
29 85 101
29 85 102
29 85 119
29 30 103
29 23 961
29 23 962
29 23 963
29 23 964
29 23 969
29 23 970
29 23 976
29 23 977
29 23 982
29 23 996
29 23 997
29 23 998
29 23 999
29 23 1000
29 23 1001
29 23 1009
29 23 1016
29 23 1018
29 23 1019
29 23 1020
29 23 1024
29 23 1027
29 19 962
29 19 963
29 19 964
29 19 965
29 19 966
29 19 969
29 19 970
29 19 971
29 19 975
29 19 977
29 19 981
29 19 982
29 19 985
29 19 993
29 19 995
29 19 1002
29 19 1006
29 19 1007
29 19 1009
29 19 1021
29 19 1023
29 19 1024
29 19 1027
29 19 1028
29 45 984
85 32 633
85 32 634
85 32 635
85 32 636
85 32 642
85 32 644
85 32 691
85 32 725
85 32 730
85 32 734
85 32 758
85 32 762
85 32 763
85 32 964
85 32 970
85 32 971
85 32 972
85 32 981
85 32 982
85 32 983
85 32 986
85 32 987
85 32 990
85 32 991
85 32 996
85 32 1041
85 32 1042
85 32 1046
85 32 1049
85 32 1051
85 32 1052
85 32 1053
85 32 1054
85 32 1055
85 32 1056
85 32 1057
85 81 1053
85 81 1055
85 81 1056
85 81 1057
74 32 77
74 30 78
74 30 79
74 86 113
74 20 136
74 39 156
74 35 182
74 41 202
74 11 202
74 45 204
74 4 306
32 63 139
32 63 140
32 63 142
32 63 144
32 63 145
32 63 147
32 63 148
32 63 149
32 63 151
32 63 153
32 63 154
32 63 155
32 63 156
32 63 157
32 63 158
32 63 159
32 63 160
32 63 161
32 63 162
32 63 163
32 63 164
32 63 165
32 63 166
32 63 167
32 63 168
32 63 169
32 63 170
32 63 171
32 79 633
32 79 634
32 79 635
32 79 636
32 79 637
32 79 638
32 79 639
32 79 641
32 79 643
32 79 644
32 79 692
32 79 693
32 79 698
32 79 699
32 79 700
32 79 709
32 79 724
32 79 725
32 79 727
32 79 728
32 79 729
32 79 730
32 79 732
32 79 733
32 79 734
32 79 735
32 79 738
32 79 739
32 79 742
32 79 747
32 79 751
32 79 752
32 79 753
32 79 754
32 79 755
32 79 756
32 79 767
32 79 777
32 79 811
32 79 830
32 79 853
32 79 856
32 79 898
32 79 971
32 79 980
32 79 982
32 79 1054
32 79 1055
32 79 1056
30 80 90
30 80 91
30 80 92
30 80 93
30 80 94
30 80 95
30 80 97
30 80 98
30 80 100
30 80 101
30 80 107
30 80 108
30 80 109
30 80 110
30 80 111
30 80 113
30 80 114
30 80 115
30 80 116
30 80 117
30 80 118
30 80 119
30 80 120
30 80 121
30 80 122
30 80 124
30 80 125
30 80 128
30 80 129
30 80 130
30 80 131
30 80 132
30 80 133
30 80 136
30 80 137
30 80 138
30 80 139
30 80 151
30 80 170
30 80 171
30 65 141
30 65 143
30 65 146
30 65 150
30 65 152
30 15 169
30 15 170
30 15 171
30 69 468
30 69 469
30 76 468
30 76 469
30 76 470
30 76 472
30 76 473
30 76 474
30 76 475
30 76 476
30 76 478
30 76 479
30 76 480
30 76 481
30 76 482
30 76 485
30 76 490
30 76 493
30 76 494
30 76 497
30 76 498
30 76 505
30 76 514
30 76 521
30 76 522
30 76 523
30 76 525
30 76 526
30 76 527
30 76 528
30 76 529
30 76 531
30 76 535
30 76 537
30 76 538
30 76 540
30 76 542
30 76 556
30 76 561
30 76 600
30 76 602
30 76 607
30 76 609
30 76 610
30 76 611
30 76 617
30 76 621
30 76 622
30 76 626
30 76 644
30 70 470
30 70 475
30 70 479
30 70 480
30 70 490
30 70 493
30 70 494
30 70 521
30 70 522
30 70 576
30 70 615
30 70 616
30 70 617
30 70 631
30 70 632
30 70 643
30 50 473
30 50 497
30 50 498
30 50 499
30 50 506
30 50 519
30 50 586
30 50 588
30 50 589
30 50 601
30 50 645
30 50 646
30 50 647
30 53 479
30 35 485
30 35 547
30 5 489
30 5 490
26 59 966
80 27 98
80 27 111
80 15 132
80 15 169
80 15 170
80 15 171
80 37 133
80 8 133
80 8 175
80 8 176
80 8 189
80 8 193
80 8 199
80 8 208
80 8 218
80 8 219
80 63 139
80 63 140
80 63 141
80 63 142
80 63 143
80 63 144
80 63 145
80 63 146
80 63 147
80 63 148
80 63 149
80 63 150
80 63 151
80 63 152
80 63 153
80 63 154
80 63 155
80 63 156
80 63 157
80 63 158
80 63 159
80 63 160
80 63 161
80 63 162
80 63 163
80 63 164
80 63 165
80 63 166
80 63 167
80 63 168
80 63 169
80 63 170
80 63 171
80 22 542
80 22 543
80 22 578
80 22 579
80 22 580
80 22 581
80 22 582
80 22 583
80 22 591
80 22 593
80 22 602
80 22 603
80 22 605
80 22 622
80 22 623
80 22 624
80 22 625
80 22 626
80 22 627
80 22 628
80 22 629
80 22 630
80 22 631
80 22 632
80 22 633
80 22 634
80 22 635
80 22 638
80 22 639
80 22 641
80 22 643
80 22 644
80 22 647
80 22 649
80 22 650
80 22 653
80 22 665
80 22 666
80 22 670
80 22 671
80 22 672
80 22 673
80 22 675
80 22 676
80 22 678
80 22 679
80 22 682
80 22 683
80 22 684
80 22 686
80 22 688
80 22 689
80 22 692
80 22 696
80 22 702
80 22 703
80 22 704
80 22 708
80 22 709
80 22 710
80 22 712
80 22 714
80 22 715
80 22 719
80 22 720
80 22 721
80 22 723
80 22 729
80 22 730
80 22 738
80 22 742
80 22 743
80 22 745
80 22 750
80 22 751
80 22 758
80 22 764
80 22 772
80 22 773
80 22 774
80 22 775
80 22 776
80 22 777
80 22 780
80 22 782
80 22 784
80 22 785
80 22 787
80 22 788
80 22 791
80 22 793
80 92 791
80 92 793
80 18 793
80 54 793
80 54 794
35 67 97
35 67 98
35 67 99
35 67 100
35 67 101
35 67 102
35 67 103
35 67 104
35 67 105
35 67 106
35 67 107
35 67 110
35 67 111
35 67 113
35 67 115
35 67 117
35 67 118
35 67 123
35 67 124
35 67 149
35 67 153
35 67 155
35 67 156
35 67 157
35 67 158
35 67 159
35 67 161
35 67 162
35 67 163
35 67 165
35 67 166
35 67 167
35 67 168
35 67 169
35 67 182
35 67 183
35 67 184
35 67 186
35 67 187
35 67 188
35 67 189
35 67 192
35 67 193
35 67 194
35 67 200
35 67 201
35 67 205
35 67 207
35 67 208
35 67 210
35 67 212
35 67 213
35 67 214
35 67 215
35 67 225
35 67 226
35 67 231
35 67 252
35 67 258
35 67 264
35 67 265
35 67 266
35 67 270
35 67 272
35 67 273
35 67 274
35 67 275
35 67 276
35 67 278
35 67 280
35 67 281
35 67 285
35 67 286
35 67 288
35 67 289
35 67 476
35 67 492
35 67 499
35 67 504
35 67 521
35 67 530
35 67 531
35 67 532
35 67 543
35 67 544
35 19 146
35 52 167
35 52 518
35 52 636
35 52 644
35 5 440
35 5 441
35 5 447
35 5 449
35 5 450
35 5 453
35 5 456
35 5 458
35 5 459
35 5 460
35 5 461
35 5 464
35 5 466
35 5 467
35 5 485
35 5 486
35 5 488
35 5 496
35 5 497
35 5 498
35 5 499
35 5 500
35 5 501
35 5 502
35 5 503
35 5 504
35 5 506
35 5 507
35 5 510
35 5 511
35 5 512
35 5 514
35 5 515
35 5 530
35 5 531
35 5 532
35 5 533
35 5 536
35 5 537
35 5 539
35 5 548
35 5 577
35 5 578
35 5 581
35 5 582
35 5 583
35 5 584
35 5 585
35 5 586
35 5 588
35 5 589
35 5 591
35 5 592
35 5 594
35 5 596
35 5 597
35 5 598
35 5 599
35 5 600
35 5 601
35 5 602
35 5 603
35 5 606
35 5 608
35 5 610
35 5 611
35 5 612
35 5 629
35 5 645
35 5 646
35 5 647
35 5 648
35 5 649
35 5 650
35 5 651
35 5 652
35 5 653
35 5 655
35 5 656
35 5 657
35 5 658
35 63 449
35 63 450
35 63 453
35 63 456
35 63 460
35 63 471
35 63 472
35 63 474
35 63 475
35 63 479
35 63 480
35 63 482
35 63 483
35 63 484
35 63 491
35 63 492
35 63 493
35 63 494
35 63 496
35 63 497
35 63 498
35 63 499
35 63 500
35 63 501
35 63 502
35 63 504
35 63 507
35 63 514
35 63 517
35 63 519
35 63 521
35 63 523
35 63 525
35 63 528
35 63 532
35 63 533
35 63 534
35 63 535
35 63 546
35 63 549
35 63 576
35 63 577
35 63 578
35 63 579
35 63 581
35 63 582
35 63 583
35 63 613
35 63 614
35 63 615
35 63 616
35 63 617
35 63 618
35 63 620
35 63 621
35 63 622
35 63 623
35 63 624
35 63 625
35 63 626
35 63 627
35 63 628
35 63 629
35 63 632
35 63 634
35 63 636
35 63 638
35 63 639
35 63 640
35 63 642
35 63 643
35 63 644
35 63 663
35 76 485
35 17 622
35 22 637
67 15 166
67 20 170
67 5 472
67 5 484
67 5 492
67 5 493
67 5 521
67 5 522
67 5 527
67 5 528
67 5 529
67 5 551
27 96 631
27 96 633
27 96 634
27 96 647
27 96 648
27 96 649
27 96 650
27 96 652
27 96 670
27 96 671
27 96 676
27 96 678
27 96 679
27 6 684
27 6 685
27 6 686
27 6 687
27 6 690
27 6 691
27 6 692
27 6 693
27 6 694
27 6 695
27 6 699
27 6 700
27 6 701
27 6 711
27 6 712
27 6 713
27 6 723
27 6 731
27 6 732
27 6 751
27 6 754
27 6 756
27 6 771
27 6 781
27 6 782
27 6 784
27 6 787
27 6 793
27 6 794
27 6 795
27 6 797
27 6 815
27 6 816
27 6 837
27 6 842
27 6 843
27 6 844
27 6 847
27 6 850
27 6 851
27 6 852
27 6 854
27 6 855
27 61 685
27 61 691
27 61 692
27 61 693
27 61 694
27 61 700
27 61 711
27 61 712
27 61 713
27 61 714
27 61 729
27 61 750
27 61 754
27 61 755
27 61 756
27 61 781
27 61 796
27 61 798
27 61 804
27 61 805
27 61 812
27 61 813
27 61 814
27 61 817
27 61 827
27 61 837
27 61 841
27 61 842
27 61 843
27 61 844
27 61 845
27 61 846
27 61 847
27 61 852
27 61 854
27 61 855
27 36 696
27 44 829
82 8 212
82 88 492
82 88 494
82 88 495
82 88 528
82 88 529
82 88 531
82 88 533
82 88 534
82 88 535
82 88 543
82 88 544
82 88 548
82 88 549
82 88 550
82 88 551
82 88 552
82 88 556
82 88 557
82 88 558
82 88 559
82 88 560
82 88 562
82 88 563
82 88 564
82 88 567
82 88 568
82 88 569
82 88 570
82 88 571
82 88 572
82 88 573
82 88 574
82 88 575
82 88 576
86 91 108
86 91 115
86 91 119
86 91 215
86 91 219
86 91 220
86 91 223
86 91 226
86 91 308
86 91 310
86 91 318
86 91 329
86 0 410
86 94 442
91 65 109
91 33 252
91 1 710
91 1 711
91 1 712
91 1 714
91 1 715
91 1 716
91 1 717
91 1 718
91 1 720
91 1 721
91 1 722
91 1 724
91 1 726
91 1 727
91 1 728
91 1 731
91 1 732
91 1 736
91 1 739
91 1 741
91 1 752
91 1 753
91 1 754
91 1 758
91 1 767
91 1 769
91 1 771
91 1 772
91 97 717
91 71 739
91 71 770
91 36 761
89 63 108
89 88 120
89 88 246
89 13 649
89 13 650
89 13 655
89 13 656
89 13 657
89 13 658
89 13 667
89 53 666
89 53 672
89 53 699
89 53 705
89 53 707
89 53 708
89 53 711
89 53 720
89 53 753
89 53 755
89 53 768
89 53 774
89 53 775
89 53 776
89 53 778
89 53 781
89 53 782
89 53 783
89 53 823
89 53 841
89 53 846
89 53 847
89 64 711
63 15 169
63 15 170
63 15 171
63 15 173
63 65 439
63 65 441
63 65 442
63 65 506
63 65 513
63 65 517
63 65 519
63 65 520
63 65 522
63 65 528
63 65 547
63 65 549
63 65 587
63 65 589
63 5 468
63 5 469
63 5 470
63 5 471
63 5 472
63 5 473
63 5 474
63 5 475
63 5 478
63 5 479
63 5 480
63 5 483
63 5 491
63 5 492
63 5 493
63 5 496
63 5 499
63 5 500
63 5 501
63 5 502
63 5 510
63 5 511
63 5 514
63 5 515
63 5 517
63 5 519
63 5 521
63 5 522
63 5 523
63 5 524
63 5 525
63 5 526
63 5 527
63 5 528
63 5 529
63 5 531
63 5 533
63 5 535
63 5 536
63 5 544
63 5 546
63 5 549
63 5 550
63 5 560
63 5 561
63 5 569
63 5 573
63 5 575
63 5 576
63 5 579
63 5 581
63 5 582
63 5 584
63 5 585
63 5 587
63 5 588
63 5 589
63 5 591
63 5 602
63 5 606
63 5 610
63 5 612
63 5 613
63 5 614
63 5 615
63 5 621
63 5 627
63 5 628
63 5 629
63 5 632
63 5 636
63 5 637
63 5 638
63 5 639
63 5 640
63 5 641
63 5 642
63 5 643
63 5 661
63 5 663
63 76 484
63 76 485
63 76 486
63 76 489
63 76 490
63 28 485
63 28 486
63 50 485
63 16 613
63 16 614
65 37 173
65 37 441
65 37 442
65 37 446
65 37 509
65 37 519
65 37 535
65 37 537
65 37 538
65 5 440
65 5 441
65 5 443
65 5 446
65 5 447
65 5 450
65 5 451
65 5 452
65 5 453
65 5 509
65 5 511
65 5 516
65 5 519
65 5 530
65 5 531
65 5 586
65 5 587
65 5 588
65 5 590
65 76 516
88 55 180
88 7 930
88 7 931
88 7 932
88 7 935
88 7 936
88 7 943
88 7 944
88 7 955
88 7 956
88 7 957
88 7 958
88 7 959
88 7 960
88 7 961
88 7 962
88 7 963
88 7 964
88 7 965
88 7 966
88 7 967
88 7 968
88 7 977
88 7 979
88 7 982
88 7 983
88 7 984
88 7 985
88 7 987
88 7 988
88 7 990
88 7 993
88 7 995
88 7 1001
88 7 1002
88 7 1003
88 7 1005
88 7 1009
88 7 1016
88 7 1020
88 14 930
88 14 931
88 14 945
88 14 947
88 14 951
88 14 953
88 14 954
88 14 957
88 14 959
88 14 961
88 14 962
88 14 977
88 14 979
88 14 983
88 14 988
88 14 990
88 14 991
88 14 1002
88 14 1009
88 14 1010
88 14 1022
88 14 1025
88 14 1032
88 14 1033
88 14 1034
8 37 126
8 37 129
8 37 131
8 37 132
8 37 134
8 37 135
8 37 136
8 37 142
8 37 143
8 37 144
8 37 145
8 37 146
8 37 148
8 37 149
8 37 150
8 37 151
8 37 154
8 37 155
8 37 156
8 37 157
8 37 158
8 37 159
8 37 161
8 37 162
8 37 163
8 37 164
8 37 166
8 37 167
8 37 168
8 37 169
8 37 170
8 37 171
8 39 128
8 39 130
8 39 138
8 39 140
8 39 147
8 39 152
8 39 153
8 41 165
8 58 165
8 58 186
8 11 165
8 15 173
8 0 186
37 58 164
37 58 167
37 21 167
37 5 442
37 5 443
37 5 444
37 5 445
37 5 446
37 5 448
37 5 451
37 5 452
37 5 454
37 5 455
37 5 457
37 5 462
37 5 463
37 5 465
37 5 468
37 5 469
37 5 470
37 5 471
37 5 475
37 5 478
37 5 479
37 5 480
37 5 481
37 5 482
37 5 483
37 5 484
37 5 489
37 5 490
37 5 491
37 5 492
37 5 493
37 5 494
37 5 508
37 5 509
37 5 513
37 5 516
37 5 517
37 5 520
37 5 521
37 5 524
37 5 525
37 5 528
37 5 529
37 5 534
37 5 538
37 5 540
37 5 543
37 5 547
37 5 549
37 5 574
37 5 575
37 5 576
37 5 579
37 5 580
37 5 587
37 5 590
37 5 604
37 5 605
37 5 609
37 5 613
37 5 614
37 5 615
37 5 617
37 5 626
37 5 628
37 5 630
37 5 631
37 5 632
37 5 633
37 5 634
37 5 635
37 5 637
37 5 638
37 5 639
37 5 640
37 5 641
37 5 642
37 5 643
37 5 644
37 5 659
37 5 660
37 5 663
37 76 486
37 76 644
37 16 619
37 28 645
39 57 795
39 57 811
39 57 817
39 57 818
39 57 820
39 57 839
39 57 841
39 57 842
39 57 845
39 57 853
39 57 856
39 57 857
39 57 858
39 57 877
39 57 890
39 57 891
39 57 892
39 57 893
39 57 895
39 57 896
39 57 898
39 57 899
39 57 900
39 57 911
39 57 912
39 57 928
39 57 929
39 57 932
39 57 961
39 87 854
39 87 856
39 10 854
39 10 895
39 45 870
20 52 129
20 52 130
20 52 133
20 52 135
20 52 136
20 52 140
20 52 141
20 52 143
20 52 144
20 52 147
20 52 148
20 52 149
20 52 150
20 52 154
20 52 155
20 52 156
20 52 157
20 52 158
20 52 159
20 52 160
20 52 161
20 52 162
20 52 163
20 52 164
20 52 165
20 52 166
20 52 167
20 52 168
20 52 171
20 52 172
20 52 173
20 52 174
20 52 175
20 52 176
20 52 177
20 52 183
20 52 185
20 52 186
20 52 187
20 52 188
20 52 189
20 52 191
20 52 195
20 52 196
20 52 198
20 52 199
20 52 201
20 52 204
20 52 206
20 52 207
20 52 209
20 52 210
20 52 213
20 52 215
20 52 217
20 52 218
20 52 219
20 52 220
20 52 227
20 52 231
20 52 232
20 52 234
20 52 235
20 52 236
20 52 238
20 52 241
20 52 243
20 52 244
20 52 249
20 52 251
20 52 253
20 52 257
20 52 263
20 52 265
20 52 266
20 52 268
20 52 271
20 52 287
20 52 288
20 52 301
20 52 304
20 52 306
20 52 307
20 52 308
20 52 309
20 52 316
20 52 317
20 33 147
20 11 165
20 40 174
20 58 179
20 58 181
20 58 182
20 58 191
20 58 226
20 58 265
20 58 266
20 58 275
20 58 276
20 58 277
20 58 278
20 58 280
20 58 282
20 58 321
20 58 348
20 58 349
20 58 375
20 58 402
20 83 305
52 51 167
52 41 174
52 69 468
52 69 469
52 28 468
52 28 469
52 28 470
52 28 474
52 28 475
52 28 480
52 28 481
52 28 482
52 28 483
52 28 520
52 28 521
52 28 523
52 28 537
52 28 538
52 28 540
52 28 541
52 28 563
52 28 600
52 28 602
52 28 606
52 28 609
52 28 610
52 28 611
52 28 621
52 28 637
52 76 469
52 76 470
52 76 478
52 76 479
52 76 481
52 76 482
52 76 491
52 76 497
52 76 498
52 76 500
52 76 505
52 76 529
52 76 540
52 76 549
52 76 562
52 76 569
52 76 570
52 76 600
52 76 602
52 76 606
52 76 609
52 76 610
52 76 627
52 76 628
52 76 630
52 76 631
52 76 635
52 76 637
52 76 638
52 76 639
52 76 640
52 76 645
52 70 470
52 70 479
52 70 491
52 70 492
52 70 540
52 70 541
52 70 549
52 70 550
52 70 556
52 70 576
52 70 602
52 70 609
52 70 613
52 70 615
52 70 639
52 5 636
52 5 644
55 19 131
55 19 132
55 19 134
55 19 137
55 19 138
55 19 139
55 19 142
55 19 145
55 19 146
55 19 151
55 19 152
55 19 153
55 19 182
55 19 184
55 19 190
55 19 194
55 19 197
55 19 200
55 19 202
55 19 205
55 19 208
55 19 212
55 19 214
55 19 216
55 19 221
55 19 222
55 19 224
55 19 225
55 19 228
55 19 229
55 19 230
55 19 233
55 19 237
55 19 242
55 19 250
55 19 252
55 19 255
55 19 256
55 19 264
55 19 267
55 19 269
55 19 272
55 19 273
55 19 274
55 19 275
55 19 276
55 19 277
55 19 278
55 19 279
55 19 280
55 19 281
55 19 282
55 19 285
55 19 300
55 19 315
55 21 155
55 21 157
55 21 161
55 21 164
55 21 165
55 21 166
55 21 167
55 21 168
55 21 169
55 21 170
55 21 171
55 21 172
55 21 173
55 21 174
55 21 175
55 21 178
55 21 180
55 21 184
55 21 185
55 21 187
55 21 188
55 21 203
55 21 206
55 21 209
55 21 214
55 21 227
55 21 228
55 21 229
55 21 230
55 21 231
55 21 263
55 21 264
55 21 267
55 21 270
55 21 272
55 21 279
55 21 281
55 21 283
55 21 284
55 21 285
55 21 293
55 21 316
55 21 317
55 21 322
55 21 327
55 21 333
55 21 334
55 21 335
55 21 336
55 21 337
55 21 339
55 21 340
55 21 342
55 21 344
55 21 345
55 21 346
55 21 347
55 21 350
55 21 351
55 21 352
55 21 353
55 21 354
55 21 355
55 21 373
55 21 376
55 21 379
55 21 380
55 21 381
55 21 382
55 21 383
55 21 384
55 21 386
55 21 392
55 21 393
55 21 394
55 21 401
55 21 403
55 21 404
55 21 410
55 21 411
55 21 412
55 21 414
55 21 416
55 21 423
55 21 424
55 21 425
55 21 429
55 21 431
55 21 441
55 21 446
55 21 449
55 21 455
55 21 457
55 21 458
55 21 459
55 21 460
55 21 461
55 21 464
55 21 465
55 21 474
55 33 253
55 12 315
55 75 368
55 75 369
55 75 370
55 4 370
19 51 167
19 33 256
19 12 315
19 22 962
19 22 963
19 22 965
19 22 970
19 22 971
19 22 974
19 22 975
19 22 976
19 22 977
19 22 981
19 22 993
19 22 995
19 22 1003
19 62 995
19 62 996
19 62 999
69 33 136
69 33 148
69 33 150
69 33 181
69 33 196
69 33 199
69 33 204
69 33 206
69 33 223
69 33 251
69 33 253
69 33 257
69 33 271
69 33 283
69 59 302
33 41 169
33 51 169
33 64 185
33 64 186
33 64 187
33 64 188
33 64 189
33 64 191
33 64 196
33 64 203
33 64 204
33 64 211
33 64 238
33 64 244
33 64 248
33 64 259
33 64 260
33 64 280
33 64 292
33 64 294
33 64 295
33 64 299
33 64 300
33 64 301
33 9 283
58 0 154
58 0 155
58 0 156
58 0 157
58 0 159
58 0 161
58 0 166
58 0 167
58 0 168
58 0 169
58 0 171
58 0 172
58 0 173
58 0 175
58 0 176
58 0 177
58 0 178
58 0 179
58 0 181
58 0 182
58 0 185
58 0 186
58 0 187
58 0 195
58 0 196
58 0 197
58 0 203
58 0 209
58 0 210
58 0 211
58 0 212
58 0 214
58 0 216
58 0 219
58 0 220
58 0 226
58 0 227
58 0 235
58 0 238
58 0 260
58 0 261
58 0 262
58 0 263
58 0 264
58 0 265
58 0 266
58 0 278
58 0 282
58 0 283
58 0 284
58 0 285
58 0 286
58 0 287
58 0 289
58 0 291
58 0 307
58 0 311
58 0 314
58 0 315
58 0 316
58 0 317
58 0 318
58 0 319
58 0 320
58 0 321
58 0 334
58 0 335
58 0 344
58 0 357
58 0 358
58 0 359
58 0 364
58 0 365
58 0 366
58 0 370
58 0 371
58 0 372
58 0 373
58 0 374
58 0 375
58 0 394
58 0 401
58 0 402
58 0 403
58 0 404
58 0 407
58 0 409
58 0 410
58 0 411
58 0 412
58 0 414
58 0 423
58 0 424
58 0 425
58 0 430
58 0 431
58 0 432
58 0 446
58 0 447
58 0 449
58 0 460
58 0 466
58 0 469
58 0 470
58 0 471
58 0 473
58 0 474
58 0 475
58 0 479
58 0 480
58 0 481
58 4 381
58 53 483
58 59 826
58 59 832
58 59 833
58 59 834
58 59 839
58 59 840
58 59 847
58 59 848
58 59 854
58 59 855
58 59 856
58 59 857
58 59 858
58 59 861
58 59 864
58 59 865
58 59 866
58 59 867
58 59 868
58 59 869
58 59 870
58 59 871
58 59 872
58 59 874
58 59 875
58 59 876
58 59 880
58 59 881
58 59 882
58 59 884
58 59 885
58 59 886
58 59 887
58 59 888
58 59 899
58 59 900
58 59 902
58 59 903
58 59 904
58 59 905
58 59 906
58 59 907
58 59 911
58 59 912
58 59 915
58 59 916
58 59 924
58 59 925
58 59 927
58 59 928
58 59 929
58 59 930
58 59 937
58 59 938
58 59 941
58 59 942
58 59 945
58 59 946
58 59 948
58 59 949
58 59 951
58 59 953
58 59 954
58 59 955
58 59 956
58 59 957
58 59 959
58 59 960
58 59 963
58 59 966
58 59 967
58 59 968
58 59 969
58 59 970
58 59 971
58 59 972
58 59 973
58 59 974
58 59 975
58 59 996
58 59 1002
58 59 1003
58 59 1004
58 59 1006
58 45 933
58 45 934
0 21 155
0 21 157
0 21 159
0 21 164
0 21 167
0 21 168
0 21 169
0 21 170
0 21 171
0 21 181
0 21 182
0 21 186
0 21 187
0 21 193
0 21 202
0 21 205
0 21 211
0 21 212
0 21 213
0 21 215
0 21 225
0 21 230
0 21 234
0 21 243
0 21 244
0 21 246
0 21 247
0 21 248
0 21 249
0 21 257
0 21 260
0 21 263
0 21 264
0 21 265
0 21 270
0 21 275
0 21 278
0 21 279
0 21 282
0 21 283
0 21 285
0 21 286
0 21 296
0 21 308
0 21 316
0 21 321
0 21 326
0 21 333
0 21 334
0 21 335
0 21 337
0 21 344
0 21 357
0 21 359
0 21 365
0 21 367
0 21 373
0 21 380
0 21 385
0 21 386
0 21 395
0 21 404
0 21 405
0 21 416
0 21 423
0 21 425
0 21 429
0 21 431
0 21 440
0 21 446
0 21 454
0 21 460
0 21 461
0 21 463
0 21 464
0 21 470
0 21 473
0 21 476
0 21 477
0 21 479
0 21 480
0 21 484
0 21 489
0 21 490
0 21 495
0 21 496
0 21 497
0 21 501
0 21 503
0 21 506
0 41 224
0 75 370
0 5 504
21 11 163
51 83 740
51 83 753
51 83 773
51 83 786
51 18 740
51 18 767
51 18 773
51 18 774
51 18 793
41 11 160
41 11 161
41 11 163
41 11 164
41 11 166
41 11 167
41 11 168
41 11 179
41 11 182
41 11 197
41 11 202
41 11 204
41 11 205
41 11 222
41 11 225
41 11 226
41 9 254
41 9 274
41 9 278
41 9 331
41 61 365
11 40 178
11 40 184
11 40 190
11 40 194
11 40 195
11 40 199
11 40 200
11 40 206
11 40 207
11 40 209
11 40 220
11 40 221
11 40 227
40 54 792
40 54 793
40 54 794
40 54 796
40 54 806
40 54 807
40 54 819
40 54 840
40 54 913
40 54 979
40 54 981
40 10 793
40 10 794
40 10 801
40 10 802
40 10 806
40 10 807
40 10 808
40 10 809
40 10 855
40 10 865
40 10 893
40 10 896
40 10 925
40 10 929
40 10 931
40 10 962
40 10 974
40 10 981
40 10 982
64 6 685
64 6 686
64 6 688
64 6 691
64 6 693
64 6 694
64 6 695
64 6 696
64 6 697
64 6 699
64 6 700
64 6 701
64 6 703
64 6 705
64 6 706
64 6 710
64 6 711
64 6 712
64 6 723
64 6 728
64 6 737
64 6 738
64 6 739
64 6 742
64 6 743
64 6 746
64 6 749
64 6 751
64 6 754
64 6 755
64 6 765
64 6 777
64 6 786
64 6 788
64 6 796
64 6 798
64 6 801
64 6 802
64 6 805
64 6 819
64 6 820
64 6 822
64 6 837
64 6 838
64 6 840
64 6 841
64 6 842
64 6 843
64 6 845
64 6 846
64 6 847
64 6 852
64 6 854
64 6 855
64 25 785
64 72 787
66 31 193
66 31 202
66 31 224
66 31 226
66 31 249
66 31 250
66 31 276
66 31 278
66 31 279
66 31 293
66 31 296
66 83 743
66 83 762
66 83 763
66 18 762
66 18 763
66 18 764
66 96 894
66 96 906
66 96 910
66 96 913
66 96 914
66 25 907
31 22 1017
31 22 1028
45 71 800
45 71 803
45 71 804
45 71 805
45 71 812
45 71 813
45 71 814
45 71 816
45 71 821
45 25 833
45 25 834
45 25 835
45 25 836
45 6 837
45 6 838
45 6 839
45 6 840
45 6 841
45 6 843
45 6 844
45 6 845
45 6 846
45 6 847
45 6 848
45 6 849
45 6 850
45 6 851
45 6 852
45 61 840
45 61 841
45 61 842
45 61 843
45 61 844
45 61 845
45 61 846
45 61 847
45 13 878
45 62 988
45 7 1002
12 44 279
12 44 385
12 44 387
12 44 389
12 44 393
12 44 394
12 44 396
12 44 398
12 44 399
12 44 400
12 44 405
12 44 411
12 44 412
12 44 413
12 44 414
12 44 415
12 44 480
12 44 481
12 44 490
12 44 492
12 44 494
12 44 528
12 68 325
12 68 370
12 59 330
12 90 406
12 90 491
12 28 518
9 61 249
9 61 252
9 61 253
9 61 259
9 61 268
9 61 275
9 61 276
9 61 277
9 61 283
9 61 284
9 61 286
9 61 292
9 61 293
9 61 294
9 61 296
9 61 297
9 61 299
9 61 300
9 61 301
9 61 304
9 61 309
9 61 311
9 61 312
9 61 314
9 61 320
9 61 324
9 61 325
9 61 329
9 61 330
9 61 332
9 61 333
9 61 335
9 61 336
9 61 338
9 61 339
9 61 340
9 61 341
9 61 342
9 61 343
9 61 344
9 61 345
9 61 365
9 61 373
9 61 375
9 61 376
9 61 380
9 61 381
9 61 383
9 61 384
9 61 385
9 61 386
9 61 387
9 61 388
9 61 389
9 61 391
9 61 392
9 61 393
9 61 395
9 61 396
9 61 398
9 61 399
9 61 400
9 61 401
9 61 402
9 61 404
9 61 405
9 61 406
9 61 407
9 61 409
9 61 410
9 61 411
9 61 412
9 61 413
9 61 414
9 61 415
9 61 416
9 61 418
9 61 420
9 61 421
9 61 423
9 61 424
9 61 425
9 61 427
9 61 433
9 61 434
9 57 250
9 57 254
9 57 255
9 57 267
9 57 278
9 57 290
9 57 298
9 57 302
9 57 310
9 57 313
9 57 316
9 57 318
9 57 319
9 57 321
9 57 322
9 57 323
9 57 326
9 57 327
9 57 328
9 57 331
9 57 334
9 57 337
9 57 346
9 57 369
9 57 397
9 57 417
9 57 419
9 57 422
9 57 426
9 57 429
9 4 410
9 92 426
57 10 793
57 10 796
57 10 806
57 10 807
57 10 808
57 10 817
57 10 818
57 10 819
57 10 820
57 10 892
57 10 974
57 10 979
57 13 880
61 6 744
61 6 745
61 6 747
61 6 748
61 6 752
61 6 756
61 6 781
61 6 784
61 6 787
47 83 278
47 83 304
47 83 305
47 83 309
47 83 310
47 83 311
47 83 312
47 83 313
47 83 314
47 83 315
47 83 322
47 83 323
47 83 327
47 83 329
47 83 340
47 83 342
47 83 343
47 83 344
47 44 390
47 44 391
47 44 392
47 44 393
47 44 394
47 44 395
47 44 398
47 44 399
47 44 400
47 44 528
83 5 638
83 76 652
83 76 653
83 76 657
83 76 681
83 76 683
83 76 684
83 76 686
83 76 689
83 76 690
83 76 691
83 76 693
83 76 710
83 76 711
83 76 712
83 76 713
83 6 718
83 6 774
83 36 718
83 36 760
83 36 761
83 36 762
83 36 763
83 17 740
83 17 741
83 17 749
83 17 755
83 17 761
83 17 762
83 17 763
83 17 773
83 17 776
83 17 780
83 17 781
83 17 788
83 17 791
83 97 743
83 77 743
83 77 746
83 77 747
83 77 749
83 77 750
83 77 753
83 77 754
83 77 773
83 77 775
83 77 777
83 77 779
83 77 780
83 77 782
83 77 783
83 77 788
83 77 791
83 44 758
83 1 761
44 92 398
44 92 406
44 28 987
59 70 303
59 70 304
59 70 305
59 70 306
59 70 308
59 70 309
59 70 310
59 70 311
59 70 312
59 70 313
59 70 314
59 70 318
59 70 319
59 70 324
59 70 327
59 70 328
59 70 332
59 70 337
59 70 338
59 70 340
59 70 342
59 70 343
59 70 348
59 70 353
59 70 354
59 70 365
59 70 366
59 70 367
59 70 368
59 70 369
59 70 397
59 36 304
59 36 305
59 36 307
59 36 309
59 36 314
59 36 324
59 36 325
59 36 328
59 36 332
59 36 338
59 36 339
59 36 340
59 36 341
59 36 343
59 36 355
59 36 366
59 36 368
59 36 369
59 36 402
59 71 857
59 23 882
59 97 883
70 34 303
70 34 354
70 34 356
70 34 357
70 75 414
70 75 415
70 76 495
70 76 502
70 76 506
70 76 509
70 76 516
70 76 517
70 76 532
70 76 541
70 76 583
70 76 586
70 76 592
70 76 594
70 76 595
70 76 596
70 76 598
70 76 601
70 76 614
70 76 646
34 62 303
34 62 311
34 62 312
34 62 319
34 62 346
34 62 347
34 62 365
34 62 378
34 62 382
34 62 395
34 62 397
34 62 407
34 62 408
34 62 409
34 62 410
34 62 411
34 62 412
34 62 413
34 62 414
34 62 415
34 81 1051
34 81 1053
34 81 1057
62 68 378
62 68 380
62 68 391
62 68 394
62 68 395
62 68 398
62 68 399
62 68 403
62 68 404
62 68 405
62 68 406
62 68 407
62 68 408
62 68 409
62 68 410
62 68 411
62 68 412
62 68 413
62 68 414
62 68 415
62 4 414
62 75 414
62 75 415
62 28 957
62 28 958
62 28 960
62 28 961
62 28 962
62 28 963
62 28 964
62 28 965
62 28 966
62 28 968
62 28 969
62 28 970
62 28 971
62 28 972
62 28 973
62 28 980
62 28 981
62 28 983
62 28 985
62 28 1010
62 28 1013
62 28 1014
62 28 1017
62 28 1022
62 28 1023
62 28 1024
62 28 1025
62 23 996
62 23 997
36 68 305
36 68 308
36 68 309
36 68 310
36 68 314
36 68 325
36 68 326
36 68 327
36 68 335
36 68 340
36 68 341
36 68 343
36 68 345
36 68 353
36 68 355
36 68 358
36 68 364
36 68 366
36 68 367
36 68 368
36 68 369
36 68 370
36 68 371
36 68 378
36 68 379
36 68 381
36 68 406
36 68 407
36 68 408
36 68 409
36 68 410
36 68 411
36 68 412
36 68 413
36 68 414
36 68 415
36 75 414
36 75 415
36 4 414
68 4 414
68 97 688
68 97 689
68 97 693
68 97 696
68 97 697
68 97 702
68 97 710
68 97 711
68 97 722
68 97 723
68 97 734
68 97 735
68 97 737
68 97 738
68 97 739
68 97 740
68 97 742
68 97 743
68 97 744
68 97 745
68 97 746
68 97 747
68 97 748
68 97 749
68 97 750
68 97 762
68 97 765
68 97 766
68 97 767
68 97 768
68 97 775
68 97 776
68 97 777
68 97 778
68 97 790
68 97 792
68 97 793
68 97 794
68 97 795
68 97 796
68 97 800
68 97 801
68 97 812
68 97 816
68 97 817
68 97 818
68 97 819
68 97 821
68 97 822
68 97 828
68 97 834
68 97 835
68 97 839
68 97 840
68 97 841
68 97 842
68 97 858
68 97 859
68 97 860
68 97 861
68 97 862
68 97 863
68 97 864
68 97 865
68 97 866
68 97 870
68 97 871
68 97 872
68 97 873
68 97 874
68 97 875
68 97 877
68 97 878
68 97 879
68 97 880
68 97 881
68 97 884
68 97 885
68 97 886
68 97 887
68 97 888
68 97 891
68 97 892
68 97 893
68 97 895
68 97 896
68 97 897
68 97 898
68 97 899
68 97 900
68 97 901
68 97 902
68 97 903
68 97 905
68 97 907
68 97 911
68 97 938
68 97 943
68 97 955
68 97 956
68 97 957
68 97 958
68 97 972
68 97 976
68 97 977
68 72 697
68 72 698
68 72 699
68 72 700
68 72 701
68 72 702
68 72 705
68 72 706
68 54 975
4 75 307
4 75 309
4 75 310
4 75 311
4 75 326
4 75 327
4 75 332
4 75 333
4 75 334
4 75 343
4 75 350
4 75 351
4 75 352
4 75 358
4 75 360
4 75 363
4 75 364
4 75 370
4 75 371
4 75 372
4 75 373
4 75 374
4 75 376
4 75 381
4 75 382
4 75 384
4 75 385
4 75 386
4 75 387
4 75 388
4 75 389
4 75 395
4 75 411
4 75 412
4 75 414
84 94 411
81 53 361
81 53 363
81 53 366
81 53 370
81 53 371
81 53 373
81 53 374
81 53 380
81 53 381
81 53 382
81 53 383
81 53 384
81 53 385
81 53 386
81 53 387
81 53 388
81 53 393
81 53 394
81 53 402
81 53 405
81 53 407
81 53 408
81 53 422
81 53 428
81 53 429
81 53 430
81 53 434
81 53 436
81 53 447
81 53 464
81 53 469
53 13 678
53 13 684
53 13 689
53 13 690
53 13 693
53 13 696
53 13 698
53 13 699
53 13 700
53 13 704
53 13 705
53 13 711
53 13 712
53 13 715
53 13 716
53 13 722
53 13 752
53 13 753
53 13 756
53 13 757
53 13 769
53 13 770
53 13 771
53 13 772
53 13 774
53 13 775
53 13 776
53 13 777
53 13 779
53 13 780
53 13 787
53 13 788
53 13 789
53 13 790
53 13 791
53 13 792
53 13 793
53 13 794
53 13 795
53 13 796
53 13 797
53 13 798
53 13 799
53 13 804
53 13 806
53 13 809
53 13 810
53 13 811
53 13 812
53 13 814
53 13 815
53 13 816
53 13 817
53 13 818
53 13 820
53 13 821
53 13 822
53 13 823
53 13 824
53 13 825
53 13 826
53 13 827
53 13 828
53 13 829
53 13 830
53 13 831
53 13 832
53 13 833
53 13 834
53 13 835
53 13 836
53 13 837
53 13 838
53 13 839
53 13 840
53 13 841
53 13 842
53 13 844
53 13 845
53 13 846
53 13 847
53 13 848
53 13 852
53 13 853
53 13 873
53 13 881
53 6 708
53 6 710
53 6 711
53 97 839
53 54 873
53 23 888
16 79 377
16 79 378
16 79 391
16 79 395
16 79 403
16 79 404
16 79 474
16 79 476
16 79 504
16 92 417
16 92 420
16 76 604
16 5 609
16 5 610
16 5 612
16 5 613
16 5 614
79 90 427
79 90 429
79 90 432
79 90 433
79 90 453
79 90 457
79 90 461
79 90 465
79 90 468
79 90 469
79 90 470
79 90 485
79 87 521
79 87 526
79 87 636
79 87 642
79 87 724
79 87 728
79 87 732
79 87 817
79 87 1054
92 77 428
92 77 430
92 77 431
92 77 434
92 77 435
92 77 436
92 77 437
92 77 438
92 77 439
92 77 440
92 77 441
92 77 442
92 77 443
92 77 444
92 77 445
92 77 446
92 77 447
92 77 448
92 77 449
92 77 450
92 77 451
92 77 452
92 77 454
92 77 455
92 77 458
92 77 459
92 77 460
92 77 462
92 77 463
92 77 464
92 77 466
92 77 467
92 77 473
92 77 751
92 77 752
90 38 484
90 76 492
90 7 1011
90 7 1013
90 7 1015
90 7 1017
90 7 1019
90 14 1017
90 14 1026
90 14 1027
90 14 1028
90 14 1029
90 14 1030
90 14 1031
90 14 1035
90 14 1036
77 54 741
77 54 753
77 54 773
77 54 774
77 18 750
77 18 751
77 18 752
77 18 753
77 18 754
77 18 755
77 18 758
77 18 772
77 18 773
77 18 780
77 18 781
5 28 485
5 28 514
5 28 516
5 76 486
5 76 488
5 76 490
5 76 519
5 50 488
5 17 615
5 17 616
28 76 486
28 76 487
28 76 499
28 76 501
28 76 502
28 76 506
28 76 509
28 76 512
28 76 515
28 76 516
28 76 534
28 76 536
28 76 541
28 76 548
28 76 584
28 76 587
28 76 588
28 76 589
28 76 590
28 76 591
28 76 592
28 76 593
28 76 594
28 76 595
28 76 601
28 76 646
28 76 647
28 72 488
28 72 497
28 72 498
28 72 499
28 72 510
28 72 511
28 72 513
28 72 532
28 72 534
28 72 535
28 72 537
28 72 587
28 72 588
28 72 589
28 72 590
28 72 591
28 72 592
28 72 593
28 72 594
28 72 595
28 72 600
28 72 601
28 72 602
28 72 606
28 72 609
28 72 610
28 72 611
28 72 618
28 72 646
28 2 977
76 71 468
76 71 469
76 72 470
76 72 471
76 72 475
76 72 478
76 72 479
76 72 480
76 72 483
76 72 491
76 72 492
76 72 498
76 72 500
76 72 537
76 72 540
76 72 547
76 72 549
76 72 550
76 72 568
76 72 597
76 72 600
76 72 602
76 72 603
76 72 613
76 72 616
76 72 622
76 72 625
76 72 628
76 72 631
76 72 639
76 72 641
76 72 642
76 72 643
76 72 644
76 50 517
76 50 541
76 50 588
76 50 601
76 50 608
76 50 614
76 50 646
76 50 647
76 17 719
76 17 720
71 6 700
71 1 739
71 50 770
71 13 884
72 50 498
72 50 504
72 50 515
72 50 516
72 50 517
72 50 601
72 50 645
72 50 646
72 73 689
72 73 697
72 73 769
72 96 697
72 13 718
38 6 697
38 13 727
38 1 761
87 13 641
87 13 642
87 13 643
87 13 644
87 13 659
87 13 660
87 13 662
87 13 663
87 13 664
87 13 665
87 13 666
87 13 679
87 13 687
87 13 694
87 13 713
87 13 715
87 13 752
87 13 753
87 13 754
87 13 761
87 13 764
87 13 765
87 13 766
87 13 767
87 13 768
87 13 769
87 13 771
87 13 772
87 13 777
87 13 778
87 13 780
87 13 783
87 13 785
87 13 786
87 13 787
87 13 789
87 13 792
87 13 793
87 13 794
87 13 795
87 13 796
87 13 797
87 13 802
87 13 803
87 13 806
87 13 807
87 13 808
87 13 818
87 13 820
87 13 823
87 13 824
87 13 829
87 13 830
87 13 831
87 13 833
87 13 834
87 13 835
87 13 836
87 13 837
87 13 838
87 13 839
87 13 840
87 13 841
87 13 842
87 13 843
87 13 844
87 13 847
87 13 848
87 13 851
87 13 853
87 13 854
87 13 855
87 13 856
87 13 859
87 13 860
87 13 861
87 13 862
87 13 867
87 13 868
87 13 869
87 13 870
87 13 871
87 13 884
87 13 885
87 13 886
87 13 887
87 13 888
87 6 711
13 10 855
73 25 848
73 25 850
73 25 854
73 25 855
73 25 856
73 25 857
73 25 860
73 25 864
73 25 865
73 25 866
73 25 867
73 25 868
73 25 869
73 25 872
73 25 875
73 25 876
73 25 879
73 25 881
73 25 884
73 25 885
73 25 889
73 25 891
73 25 893
73 25 895
73 25 896
73 25 907
73 25 917
73 25 918
73 25 919
73 25 921
73 25 932
73 25 934
73 25 935
73 25 936
73 25 937
73 25 938
73 25 939
73 25 940
73 25 941
73 25 942
73 25 943
73 25 944
73 25 945
73 25 947
73 25 950
73 25 952
73 25 953
73 25 954
73 25 955
73 25 957
73 25 958
73 25 959
73 25 960
73 25 961
73 25 962
73 25 963
73 25 965
73 25 966
73 25 967
73 25 968
73 25 969
73 25 973
73 25 975
73 25 976
73 25 977
73 25 978
73 25 979
73 25 980
73 25 981
73 25 982
73 25 983
73 25 984
73 25 985
73 25 986
73 25 987
73 25 991
73 25 993
73 25 994
73 25 995
73 25 996
73 25 997
73 25 998
73 25 999
73 25 1000
73 25 1001
73 25 1004
73 25 1005
73 25 1006
73 25 1007
73 25 1008
73 25 1009
73 25 1015
73 25 1016
73 25 1017
73 25 1018
73 25 1019
73 25 1026
73 25 1027
73 25 1028
73 25 1029
18 23 1015
54 2 979
7 14 930
7 14 932
7 14 933
7 14 935
7 14 954
7 14 960
7 14 968
7 14 977
7 14 983
7 14 984
7 14 1004
7 14 1007
7 14 1017
7 14 1018
7 14 1019
7 14 1020
7 14 1021
