73 52 0
73 52 4
73 52 6
73 52 7
73 52 9
73 52 16
73 52 25
73 52 33
73 52 34
73 52 35
73 52 36
73 52 37
73 52 39
73 52 40
73 52 45
73 52 46
73 52 47
73 52 48
73 52 49
73 52 52
73 52 53
73 52 54
73 52 61
73 52 63
73 52 64
73 52 65
73 52 68
73 52 69
73 52 70
73 52 71
73 52 79
73 52 84
73 52 94
73 52 95
73 52 96
73 52 97
73 52 100
73 52 102
73 52 103
73 52 104
73 15 11
73 98 98
73 75 232
52 2 632
52 2 633
52 2 635
52 2 637
52 2 638
52 2 640
52 2 642
52 2 643
52 2 647
52 2 648
52 2 650
52 2 652
52 2 654
52 2 659
52 2 660
52 2 661
52 2 662
52 2 663
52 2 675
52 2 693
52 2 695
52 2 718
52 2 719
52 2 720
52 2 726
52 2 733
52 2 734
52 2 763
52 2 764
52 2 767
52 2 820
52 2 821
52 2 828
52 2 829
52 2 832
60 65 2
60 65 3
60 65 11
60 65 12
60 65 15
60 65 20
60 65 29
60 85 48
60 85 50
60 85 51
60 85 52
60 85 53
60 85 61
60 85 62
60 85 73
60 85 74
60 85 75
60 85 76
60 85 77
60 85 78
60 85 80
60 85 81
60 85 83
60 85 92
60 85 93
60 85 96
60 85 106
60 85 112
60 85 114
60 85 117
60 85 121
60 85 123
60 85 124
60 17 48
60 17 50
60 17 51
60 17 66
60 17 97
60 17 98
60 17 99
60 17 102
60 17 106
60 17 107
60 17 108
60 17 109
60 17 111
60 17 113
60 17 114
60 17 115
60 17 116
60 17 117
60 17 118
60 17 123
60 17 124
60 101 48
60 101 55
60 101 57
60 101 61
60 101 64
60 101 92
60 101 96
60 101 108
60 101 109
60 101 117
60 101 119
60 101 123
60 101 124
60 58 123
65 22 54
65 22 63
65 22 118
65 74 324
65 74 325
65 74 326
65 74 327
65 74 328
65 74 329
65 74 330
65 74 331
65 74 333
65 74 341
65 74 344
65 74 351
65 74 352
65 74 353
65 74 355
15 10 150
15 10 155
15 10 156
15 87 150
15 87 151
15 87 153
15 87 198
15 87 200
15 87 201
15 63 151
15 63 191
15 63 194
15 63 196
15 63 197
15 66 168
15 66 170
15 66 171
15 66 177
15 66 225
15 82 175
15 35 175
15 35 176
15 35 183
15 35 193
15 42 187
15 42 189
15 99 194
15 51 198
15 51 200
15 53 198
15 53 200
15 53 201
58 43 31
58 43 32
58 43 33
58 43 51
58 43 52
58 43 53
58 43 55
58 43 59
58 43 60
58 43 87
58 43 90
58 43 91
58 43 92
58 43 94
58 43 103
58 43 104
58 43 105
58 43 107
58 43 108
58 43 109
58 43 110
58 43 111
58 43 112
58 43 113
58 43 114
58 43 115
58 43 116
58 43 117
58 9 123
58 98 123
58 55 344
43 79 371
43 79 378
43 79 390
43 79 391
43 79 393
43 79 398
43 79 400
43 79 410
43 79 413
43 79 414
43 79 415
43 79 442
43 79 446
43 79 451
43 79 457
43 79 472
43 79 474
43 79 475
43 79 478
43 79 480
43 79 488
43 79 491
43 79 492
43 79 495
43 79 506
43 79 509
43 79 528
43 79 529
43 79 531
43 59 378
43 59 390
43 59 391
43 59 398
43 59 410
43 59 411
43 59 415
43 59 422
43 59 439
43 59 446
43 59 447
43 59 451
43 59 474
43 59 478
43 59 480
43 59 488
43 59 489
43 59 492
43 59 495
43 59 500
43 59 501
43 59 503
43 59 512
43 59 529
43 59 531
43 95 382
43 95 442
43 91 391
43 48 454
85 9 48
85 9 52
85 9 53
85 9 59
85 9 61
85 9 62
85 9 63
85 9 74
85 9 75
85 9 76
85 9 85
85 9 86
85 9 91
85 9 94
85 9 104
85 9 105
85 9 106
85 9 115
85 9 117
85 9 119
85 9 121
85 9 123
85 9 124
85 98 48
85 98 50
85 98 52
85 98 53
85 98 55
85 98 57
85 98 58
85 98 61
85 98 62
85 98 63
85 98 64
85 98 68
85 98 74
85 98 75
85 98 78
85 98 79
85 98 84
85 98 85
85 98 87
85 98 89
85 98 92
85 98 95
85 98 97
85 98 100
85 98 101
85 98 102
85 98 103
85 98 111
85 98 115
85 98 116
85 98 117
85 98 118
85 98 119
85 98 123
85 98 124
85 34 62
85 34 66
85 34 67
85 50 123
85 63 500
85 63 503
85 63 508
85 63 511
85 63 531
85 51 500
85 51 501
85 51 502
85 51 521
85 51 522
85 51 523
85 51 525
85 51 526
85 51 527
85 51 528
85 51 529
85 51 530
85 51 531
85 51 532
85 51 533
85 51 539
85 80 500
85 95 536
9 94 1087
9 94 1088
9 94 1135
9 90 1087
9 90 1088
9 90 1095
9 90 1097
9 90 1137
9 90 1168
9 90 1198
9 90 1228
9 90 1237
9 90 1246
9 90 1254
9 90 1258
9 90 1259
9 90 1261
9 90 1262
9 90 1263
9 6 1088
9 6 1091
9 72 1094
9 72 1128
9 72 1129
9 72 1130
9 72 1131
9 72 1132
9 72 1133
9 72 1134
9 72 1154
9 97 1096
9 97 1163
9 97 1165
9 97 1166
9 97 1173
9 97 1208
9 97 1209
9 97 1210
9 97 1211
9 97 1212
9 97 1213
9 97 1214
9 97 1215
9 97 1216
9 97 1217
9 97 1218
9 97 1219
9 97 1220
9 97 1221
9 97 1222
9 97 1223
9 97 1224
9 97 1225
9 97 1227
9 97 1234
9 97 1235
9 97 1236
9 97 1237
9 97 1238
9 97 1239
9 97 1240
9 97 1255
9 97 1256
9 97 1258
9 97 1259
9 80 1098
9 31 1127
9 31 1128
9 31 1135
9 28 1131
9 14 1135
9 14 1137
9 101 1147
9 101 1155
9 62 1155
9 62 1163
9 62 1165
9 62 1166
9 62 1167
9 62 1168
9 62 1169
9 62 1197
9 62 1207
9 62 1208
9 62 1209
9 62 1210
9 62 1211
9 62 1212
9 62 1213
9 62 1214
9 62 1215
9 62 1216
9 62 1218
9 62 1219
9 62 1220
9 62 1221
9 62 1222
9 62 1223
9 62 1224
9 62 1225
9 62 1226
9 62 1227
9 62 1235
9 62 1236
9 62 1237
9 62 1238
9 62 1239
9 47 1259
98 17 48
98 17 49
98 17 52
98 17 56
98 17 61
98 17 62
98 17 75
98 17 76
98 17 77
98 17 78
98 17 79
98 17 82
98 17 83
98 17 85
98 17 95
98 17 109
98 17 110
98 17 117
98 17 119
98 17 121
98 17 123
98 17 124
98 20 429
98 69 522
17 35 1094
17 35 1109
17 35 1110
17 35 1124
17 38 1135
17 53 1171
17 14 1199
17 14 1234
17 14 1235
17 14 1236
17 14 1237
17 14 1238
17 14 1239
17 36 1225
17 36 1235
17 36 1236
17 36 1237
17 36 1238
101 38 1090
101 38 1122
101 38 1123
101 38 1124
101 38 1125
101 38 1186
101 38 1230
101 38 1231
101 38 1235
101 38 1251
101 38 1252
101 38 1253
101 38 1286
101 38 1288
101 38 1289
101 38 1290
101 38 1294
101 21 1090
101 21 1091
101 21 1092
101 21 1093
101 21 1096
101 21 1107
101 21 1109
101 21 1110
101 21 1111
101 21 1113
101 21 1114
101 21 1115
101 21 1125
101 21 1127
101 21 1128
101 21 1152
101 21 1156
101 21 1200
101 21 1218
101 21 1220
101 21 1283
101 21 1284
101 21 1286
101 21 1289
101 21 1294
101 35 1093
101 53 1094
101 53 1096
101 53 1159
101 53 1162
101 53 1164
101 53 1166
101 53 1167
101 53 1169
101 53 1197
101 53 1201
101 53 1213
101 53 1215
101 53 1220
101 53 1228
101 53 1283
101 53 1284
101 53 1288
101 53 1289
101 53 1290
101 53 1292
101 53 1294
101 91 1096
101 91 1098
101 91 1110
101 91 1111
101 91 1112
101 91 1125
101 91 1147
101 91 1294
101 87 1097
101 87 1217
101 100 1099
101 100 1102
101 100 1103
101 100 1111
101 100 1112
101 100 1113
101 100 1220
101 100 1251
101 100 1252
101 100 1275
101 13 1113
101 69 1155
101 69 1171
101 69 1172
101 69 1177
101 69 1178
101 14 1208
22 49 1155
22 49 1157
34 100 894
34 100 904
34 100 910
34 100 911
34 100 925
34 100 948
34 100 972
34 100 974
34 55 896
34 55 898
34 55 901
34 55 903
34 55 904
34 55 905
34 55 906
34 55 907
34 55 909
34 55 912
34 55 917
34 55 934
34 55 949
34 55 952
34 55 954
34 55 955
34 55 956
34 55 964
34 55 971
34 55 974
34 13 900
34 13 901
34 13 902
34 13 903
34 13 904
34 13 905
34 13 906
34 13 907
34 13 909
34 13 911
34 13 912
34 13 913
34 13 914
34 13 925
34 13 945
34 13 952
34 13 971
34 13 972
34 13 973
34 13 974
34 13 975
34 13 978
34 30 949
41 81 65
41 33 562
41 33 783
41 33 785
41 23 784
81 1 596
50 84 337
50 84 343
50 84 345
50 84 346
50 84 347
50 84 349
50 84 350
50 84 351
50 84 356
50 84 357
50 84 364
50 84 365
50 84 366
50 84 367
50 84 368
50 84 369
50 84 370
50 84 374
50 84 375
50 84 376
50 84 385
50 84 387
50 84 388
50 48 380
50 48 381
59 99 141
59 99 152
59 99 165
59 66 141
59 66 180
59 66 181
59 66 226
59 35 151
59 35 160
59 35 163
59 35 174
59 35 189
59 35 190
59 35 191
59 35 193
59 35 221
59 4 152
59 4 154
59 4 156
59 4 160
59 4 162
59 4 163
59 4 164
59 4 165
59 4 166
59 4 168
59 4 173
59 4 174
59 4 227
59 10 157
59 10 158
59 10 170
59 10 218
59 10 225
59 61 157
59 61 173
59 61 227
59 53 158
59 53 193
59 53 197
59 37 164
59 37 166
59 37 181
59 37 227
59 63 170
59 63 226
59 5 172
59 102 173
59 102 224
59 0 174
59 0 212
59 87 198
59 7 199
59 7 225
59 42 226
59 83 366
59 83 370
59 83 373
59 83 374
59 83 377
59 83 379
59 83 380
59 83 387
59 83 388
59 83 391
59 83 396
59 83 401
59 83 402
59 83 403
59 83 404
59 83 405
59 83 407
59 83 410
59 83 417
59 83 421
59 83 443
59 83 467
59 83 473
59 83 475
59 83 477
59 83 478
59 83 479
59 83 485
59 83 486
59 83 490
59 83 492
59 83 493
59 83 531
59 94 378
59 94 379
59 55 455
59 95 536
59 95 538
59 95 540
59 95 541
59 95 544
59 95 545
59 95 546
59 95 548
59 95 549
59 95 553
59 95 554
59 95 555
59 95 562
59 95 563
59 95 564
59 95 566
59 95 567
59 95 568
59 95 569
59 95 571
59 95 578
59 95 579
59 95 581
59 95 582
59 95 583
59 95 584
59 95 587
59 95 591
59 95 595
59 95 598
59 95 601
59 95 605
59 95 607
59 95 608
59 95 609
59 95 610
59 95 611
59 95 613
59 95 614
59 95 618
59 95 619
59 95 620
59 95 621
59 95 622
59 95 623
59 95 624
59 95 625
59 95 626
59 95 627
59 95 628
59 95 629
59 95 630
59 95 631
59 95 632
59 95 633
59 95 634
59 95 636
59 95 637
59 95 638
59 95 639
59 95 640
59 95 641
59 95 642
59 95 643
59 95 644
59 95 645
59 95 646
59 95 647
59 95 648
59 95 649
59 95 650
59 95 651
59 95 652
59 95 653
59 95 654
59 95 655
59 95 656
59 95 657
59 95 658
59 95 659
59 95 660
59 95 661
59 95 662
59 95 663
59 95 664
59 95 665
59 95 666
59 95 667
59 95 668
59 95 670
59 95 671
59 68 547
99 74 141
99 18 141
99 4 153
99 4 204
99 42 155
99 42 161
99 42 181
99 42 202
99 44 162
99 44 174
99 44 219
99 44 220
99 92 166
99 92 185
99 25 172
99 25 217
99 25 218
99 61 181
99 67 201
99 67 204
99 57 214
99 70 565
99 70 566
99 1 565
99 1 566
99 1 567
99 1 574
99 1 575
99 1 576
99 1 577
99 1 578
99 1 579
99 1 581
99 1 583
99 1 584
99 1 585
99 1 587
99 1 592
99 1 609
99 1 620
99 1 623
99 1 624
99 1 625
99 77 625
66 86 151
66 86 152
66 86 153
66 86 155
66 86 156
66 86 158
66 86 162
66 86 163
66 86 185
66 86 186
66 86 187
66 86 188
66 86 189
66 86 190
66 86 191
66 86 192
66 86 194
66 86 195
66 86 196
66 86 199
66 86 200
66 86 201
66 86 202
66 86 203
66 86 206
66 86 207
66 86 209
66 86 210
66 86 211
66 86 212
66 86 213
66 86 214
66 86 224
66 105 151
66 105 152
66 105 190
66 105 192
66 105 216
66 48 151
66 48 152
66 48 182
66 48 183
66 48 189
66 48 223
66 48 225
66 44 154
66 44 155
66 44 156
66 44 181
66 44 187
66 57 155
66 10 158
66 10 160
66 10 162
66 10 163
66 10 165
66 10 173
66 10 176
66 10 177
66 10 200
66 10 228
66 25 163
66 25 183
66 25 189
66 25 212
66 25 214
66 61 165
66 61 167
66 61 188
66 61 195
66 61 219
66 61 221
66 61 222
66 61 223
66 42 168
66 42 169
66 42 170
66 42 171
66 42 174
66 42 186
66 70 173
66 70 175
66 70 176
66 70 180
66 70 181
66 70 189
66 70 220
66 4 179
66 4 210
66 4 211
66 18 201
66 0 210
66 0 211
66 67 210
66 92 216
66 92 220
66 92 221
66 36 366
66 36 369
66 36 379
66 36 380
66 36 389
66 36 394
66 36 395
66 36 399
66 36 403
66 36 412
66 36 416
66 36 417
66 36 418
66 36 419
66 36 426
66 36 441
66 36 445
66 36 452
66 36 455
66 36 457
66 36 476
66 36 477
66 36 479
66 36 482
66 36 483
66 36 484
66 36 485
66 36 486
66 36 487
66 36 490
66 36 491
66 36 493
66 36 494
66 36 496
66 36 497
66 36 498
66 36 499
66 36 502
66 36 505
66 36 507
66 36 508
66 36 509
66 36 513
66 36 516
66 36 527
66 36 528
66 36 530
66 79 371
66 79 372
66 79 378
66 79 389
66 79 390
66 79 393
66 79 395
66 79 400
66 79 406
66 79 408
66 79 418
66 79 420
66 79 436
66 79 440
66 79 454
66 79 457
66 79 459
66 79 471
66 79 472
66 79 474
66 79 476
66 79 480
66 79 482
66 79 495
66 79 497
66 79 509
66 79 530
66 69 525
66 64 569
66 76 579
66 76 598
66 77 670
66 77 671
74 10 141
74 10 199
74 10 200
74 10 202
74 10 205
74 10 223
74 35 176
74 37 178
74 53 196
74 0 200
74 0 201
10 92 150
10 92 151
10 92 152
10 92 155
10 92 164
10 102 153
10 102 209
10 102 210
10 0 154
10 0 155
10 0 178
10 0 180
10 42 155
10 42 157
10 42 159
10 42 194
10 42 195
10 42 197
10 42 199
10 42 200
10 42 201
10 42 203
10 42 204
10 42 210
10 42 216
10 42 218
10 42 219
10 42 228
10 42 229
10 61 158
10 61 184
10 61 186
10 61 217
10 61 222
10 70 159
10 70 192
10 70 197
10 70 225
10 70 226
10 63 165
10 63 170
10 63 176
10 63 177
10 63 187
10 63 199
10 63 200
10 63 207
10 63 209
10 63 217
10 67 171
10 67 177
10 67 183
10 105 172
10 105 181
10 105 187
10 105 222
10 105 225
10 48 181
10 48 223
10 7 184
10 7 186
10 7 188
10 7 223
10 7 224
10 86 196
10 86 199
10 86 200
10 86 201
10 86 203
10 86 204
10 86 205
10 86 206
10 86 207
10 86 221
10 86 222
10 86 227
10 82 198
10 4 205
10 4 206
10 4 211
10 4 213
10 4 228
10 25 227
10 25 228
10 44 228
10 44 230
18 86 154
18 86 160
18 86 178
18 86 179
18 86 180
18 86 181
18 86 185
18 86 187
18 86 188
18 86 212
18 102 176
18 102 194
18 92 183
18 57 192
18 57 193
18 57 194
18 57 196
18 53 196
18 0 198
87 48 175
87 86 175
87 86 190
87 86 191
87 86 192
87 86 194
87 86 223
87 86 226
87 86 227
87 70 175
87 25 188
87 78 1080
87 78 1085
87 78 1086
87 78 1087
87 3 1085
87 80 1102
87 80 1142
87 80 1152
87 80 1362
87 80 1363
87 80 1366
87 80 1367
87 80 1368
87 72 1111
87 72 1217
87 47 1115
87 47 1231
87 47 1265
87 97 1284
87 32 1299
87 32 1306
87 32 1307
92 53 150
92 53 153
92 53 157
92 53 160
92 53 181
92 53 182
92 53 183
92 53 197
92 53 198
92 53 199
92 53 200
92 53 212
92 53 213
92 53 217
92 53 219
92 53 220
92 7 152
92 7 154
92 7 155
92 7 160
92 7 161
92 7 162
92 7 164
92 7 165
92 7 166
92 7 172
92 7 187
92 7 188
92 7 189
92 7 190
92 7 195
92 7 197
92 7 199
92 0 159
92 0 191
92 63 170
92 63 220
92 37 178
92 37 182
92 37 227
92 37 230
92 5 179
92 5 180
92 5 185
92 5 222
92 5 230
92 35 180
92 35 190
92 35 194
92 35 197
92 42 181
92 42 182
92 102 185
92 102 215
92 102 224
92 102 226
92 102 227
92 51 190
92 51 191
92 51 192
92 51 217
92 51 218
92 82 193
92 61 215
92 61 216
92 4 216
92 4 217
92 4 218
92 4 219
92 4 228
92 68 547
92 68 548
53 25 163
53 25 166
53 25 170
53 25 230
53 86 168
53 86 169
53 86 171
53 86 195
53 86 196
53 86 222
53 86 230
53 86 1094
53 86 1132
53 86 1135
53 86 1137
53 86 1198
53 86 1199
53 86 1200
53 86 1207
53 86 1288
53 86 1294
53 42 180
53 42 188
53 42 194
53 42 215
53 70 196
53 57 215
53 14 1093
53 14 1095
53 14 1096
53 14 1135
53 14 1136
53 14 1143
53 14 1159
53 14 1198
53 14 1200
53 14 1204
53 14 1220
53 14 1221
53 14 1223
53 14 1225
53 14 1248
53 14 1249
53 14 1252
53 14 1253
53 14 1254
53 14 1255
53 14 1257
53 14 1258
53 14 1259
53 14 1260
53 14 1265
53 14 1272
53 14 1274
53 14 1276
53 14 1277
53 14 1278
53 14 1279
53 14 1280
53 14 1281
53 14 1282
53 14 1283
53 14 1284
53 14 1288
53 14 1289
53 14 1294
53 31 1110
53 31 1111
53 31 1132
53 31 1134
53 31 1136
53 31 1139
53 31 1140
53 31 1142
53 31 1145
53 31 1147
53 31 1148
53 31 1288
53 31 1290
53 31 1294
53 28 1111
53 28 1113
53 28 1129
53 28 1138
53 83 1114
53 83 1232
53 62 1155
53 62 1183
53 62 1190
53 62 1212
53 62 1262
53 97 1170
53 97 1171
53 97 1261
53 90 1173
53 72 1204
53 72 1227
53 94 1207
53 94 1210
4 35 151
4 35 194
4 35 201
4 51 153
4 51 175
4 51 176
4 0 156
4 0 210
4 0 213
4 61 157
4 61 173
4 61 197
4 61 199
4 61 201
4 61 204
4 61 205
4 61 206
4 61 207
4 61 207
4 61 208
4 61 210
4 61 211
4 42 159
4 42 160
4 42 164
4 42 203
4 42 212
4 105 159
4 105 167
4 105 172
4 105 173
4 44 164
4 44 182
4 44 189
4 44 191
4 44 213
4 44 218
4 44 226
4 44 227
4 102 165
4 102 166
4 102 203
4 102 206
4 102 207
4 102 208
4 102 211
4 102 215
4 102 216
4 102 220
4 5 168
4 5 172
4 5 175
4 5 189
4 5 190
4 5 212
4 5 230
4 86 170
4 86 206
4 86 207
4 7 175
4 7 176
4 7 177
4 7 194
4 7 196
4 63 176
4 63 177
4 63 178
4 63 180
4 63 182
4 63 187
4 63 195
4 63 218
4 25 212
4 25 213
4 57 227
4 39 239
35 70 151
35 70 178
35 86 182
35 86 185
35 86 186
35 86 187
35 86 188
35 86 191
35 86 194
35 86 195
35 86 214
35 25 183
35 25 184
35 25 185
35 25 186
35 25 187
35 25 188
35 25 212
35 25 213
35 72 1099
35 72 1100
35 72 1102
35 72 1104
35 72 1105
35 72 1107
35 72 1108
35 72 1109
35 72 1128
35 72 1129
35 72 1130
35 72 1131
35 72 1132
35 72 1133
35 72 1134
35 72 1135
35 72 1136
35 31 1102
35 94 1113
35 97 1127
35 14 1137
35 14 1138
63 0 152
63 0 160
63 0 161
63 0 224
63 0 232
63 42 157
63 42 159
63 42 160
63 42 164
63 42 165
63 42 189
63 42 195
63 42 197
63 57 161
63 57 195
63 86 171
63 86 175
63 86 189
63 86 197
63 86 200
63 105 171
63 105 200
63 105 208
63 105 222
63 44 180
63 44 184
63 44 185
63 44 186
63 44 188
63 44 207
63 44 216
63 44 217
63 44 220
63 44 226
63 67 193
63 67 216
63 67 224
63 67 229
63 67 230
63 102 194
63 25 205
63 20 499
63 20 500
63 20 502
63 20 503
63 20 512
63 20 513
63 20 531
63 45 500
63 45 503
63 45 508
63 45 510
63 45 531
63 75 500
63 75 511
63 75 539
63 75 540
86 102 151
86 102 152
86 102 158
86 102 161
86 102 171
86 102 190
86 102 191
86 102 192
86 102 195
86 102 226
86 102 227
86 42 151
86 42 152
86 42 173
86 42 199
86 42 229
86 37 156
86 37 158
86 37 159
86 5 158
86 5 159
86 5 162
86 5 163
86 5 170
86 5 197
86 5 211
86 5 213
86 5 229
86 61 162
86 61 163
86 61 206
86 61 209
86 51 168
86 51 212
86 51 224
86 7 180
86 7 181
86 7 182
86 7 214
86 0 199
86 0 200
86 0 210
86 0 211
86 0 212
86 23 229
86 13 1113
86 13 1115
86 13 1117
86 13 1118
86 13 1121
86 13 1122
86 13 1138
86 14 1164
86 104 1198
86 104 1232
86 104 1285
86 104 1293
86 104 1295
102 57 153
102 57 155
102 57 157
102 57 158
102 57 167
102 57 180
102 25 154
102 25 155
102 25 163
102 25 167
102 25 168
102 25 169
102 44 154
102 44 181
102 44 208
102 44 209
102 44 210
102 42 159
102 42 164
102 42 165
102 42 166
102 42 184
102 42 189
102 42 215
102 42 215
102 42 222
102 61 169
102 61 171
102 61 187
102 61 190
102 61 202
102 61 215
102 61 224
102 67 175
102 67 178
102 48 175
102 48 176
102 7 185
102 7 223
102 5 222
102 5 223
102 30 229
42 105 151
42 105 181
42 105 189
42 105 196
42 105 207
42 105 218
42 105 219
42 105 220
42 0 153
42 0 155
42 0 157
42 0 159
42 0 160
42 0 202
42 0 203
42 0 215
42 7 155
42 7 166
42 7 167
42 7 168
42 7 169
42 7 170
42 7 171
42 7 187
42 7 214
42 7 231
42 7 232
42 61 156
42 61 189
42 61 202
42 44 157
42 44 161
42 44 164
42 44 196
42 44 208
42 44 209
42 44 210
42 44 211
42 44 212
42 44 216
42 44 217
42 44 229
42 44 230
42 67 164
42 67 165
42 37 180
42 37 181
42 82 193
42 70 209
42 70 217
42 70 225
42 57 215
105 5 156
105 5 157
105 5 158
105 5 168
105 5 169
105 5 171
105 5 172
105 5 188
105 5 189
105 5 203
105 5 205
105 5 208
105 5 209
105 5 210
105 5 218
105 5 219
105 5 220
105 5 221
105 5 222
105 5 223
105 61 161
105 61 180
105 61 181
105 37 178
105 7 187
105 7 223
105 82 196
70 68 573
70 19 736
70 16 739
70 37 941
70 37 946
48 0 204
61 0 151
61 0 152
61 0 156
61 0 170
61 0 185
61 40 154
61 25 158
61 25 171
61 7 160
61 7 191
61 7 199
61 7 216
61 44 164
61 44 167
61 44 173
61 44 174
61 57 169
61 57 225
61 57 227
0 7 155
0 7 156
0 7 159
0 57 158
0 57 204
0 57 208
0 57 209
0 5 168
0 5 174
0 5 179
0 5 180
0 5 185
0 25 169
0 25 170
0 25 209
0 25 210
0 44 189
7 25 179
7 25 180
7 25 233
7 44 224
7 67 232
7 76 568
7 76 569
7 76 570
7 76 573
7 76 574
7 76 575
7 76 576
7 76 577
7 76 580
7 76 584
7 76 585
7 76 586
7 76 587
7 76 588
7 76 591
7 76 593
7 76 595
7 76 601
7 76 602
7 76 606
7 76 607
7 76 611
7 76 612
7 57 611
51 57 226
51 57 227
51 20 500
51 20 501
51 20 503
51 20 508
51 20 517
51 20 522
51 20 539
51 20 540
51 75 500
51 75 501
51 75 504
51 75 505
51 75 506
51 75 507
51 75 511
51 75 512
51 75 513
51 75 514
51 75 517
51 75 533
51 75 534
51 75 538
51 75 539
51 75 540
51 56 501
51 56 502
51 56 509
51 56 515
51 56 516
51 56 519
51 56 522
51 56 523
51 56 536
51 56 539
51 56 540
51 69 523
57 5 156
57 5 228
57 39 166
57 37 227
25 5 155
25 5 156
25 5 169
25 49 155
25 49 158
25 49 160
25 49 161
25 49 162
25 49 163
25 49 170
25 49 171
25 49 172
25 49 173
25 49 174
25 49 191
25 49 195
25 49 199
25 49 203
25 37 159
25 91 179
25 6 444
25 6 448
25 6 449
25 6 450
25 6 451
25 6 453
25 6 455
25 6 457
25 6 458
25 6 459
25 6 460
25 6 461
25 6 473
25 6 474
25 6 475
25 6 476
25 6 477
25 6 479
25 6 498
25 6 499
25 6 500
25 6 502
25 6 507
25 6 508
25 6 509
25 6 511
25 6 513
25 6 514
25 6 525
25 6 527
25 6 528
25 6 529
25 6 530
25 6 536
25 6 540
25 6 541
25 6 544
25 6 545
25 6 546
25 6 547
25 6 548
25 6 549
25 6 550
40 6 549
40 32 549
40 32 550
44 5 156
44 5 157
44 5 158
44 5 159
44 5 160
44 5 179
44 5 190
44 5 208
44 5 214
44 5 215
44 5 216
44 5 217
44 5 224
44 5 229
44 5 230
44 29 1134
44 29 1135
44 29 1137
44 29 1138
44 29 1139
44 29 1140
44 29 1156
5 67 161
5 30 229
5 11 382
5 11 383
5 11 407
5 11 408
5 11 409
5 11 410
5 11 411
5 11 426
5 11 428
37 55 940
37 13 948
37 100 948
67 30 213
67 30 214
67 30 215
67 30 217
67 30 219
67 30 220
67 30 221
67 30 222
67 30 223
67 30 224
67 30 225
67 30 226
67 30 229
67 30 230
67 30 232
67 30 236
67 30 240
67 30 242
67 30 245
67 30 250
67 30 254
67 30 255
67 30 256
67 30 257
67 30 259
67 30 260
67 26 214
67 26 220
67 26 222
67 64 254
67 55 258
39 14 1240
39 14 1241
39 14 1246
39 94 1245
39 94 1257
39 94 1258
39 94 1259
39 94 1260
39 94 1261
39 94 1262
39 94 1263
39 94 1285
39 94 1286
39 94 1292
39 94 1293
39 97 1265
39 97 1266
39 97 1289
39 97 1290
82 3 944
82 3 957
82 3 958
82 3 971
82 3 974
82 3 989
82 3 1093
82 3 1094
82 3 1095
91 55 344
91 55 519
91 83 379
91 83 380
91 83 381
91 83 385
91 83 387
91 83 391
91 14 1088
91 14 1098
91 14 1110
91 14 1111
91 14 1116
91 14 1117
91 14 1118
91 14 1135
91 14 1151
91 14 1164
91 14 1165
91 14 1166
91 14 1167
91 14 1168
91 14 1169
91 14 1285
91 14 1286
91 14 1287
91 14 1291
91 14 1293
91 14 1294
91 31 1090
91 31 1158
91 31 1160
91 31 1161
91 31 1294
91 31 1295
91 97 1112
91 97 1128
91 94 1136
91 94 1163
91 94 1164
91 94 1199
91 94 1200
91 94 1201
91 94 1207
91 94 1230
91 94 1231
91 94 1232
91 94 1233
91 94 1237
91 94 1241
91 94 1242
91 94 1243
91 94 1244
91 94 1245
91 94 1262
91 94 1263
91 94 1264
91 94 1265
91 94 1266
91 94 1267
91 94 1268
91 94 1269
91 94 1270
91 94 1272
91 94 1273
91 94 1274
91 94 1275
91 72 1161
91 72 1162
91 72 1163
91 29 1164
91 29 1165
91 29 1198
91 62 1194
91 62 1195
91 90 1197
91 47 1205
91 47 1206
91 47 1285
91 47 1289
91 47 1290
91 32 1221
91 32 1232
91 32 1268
91 32 1274
91 32 1275
30 19 238
30 19 241
30 19 243
30 19 244
30 19 251
30 19 252
30 19 260
30 90 913
30 90 914
30 90 915
30 90 916
30 90 917
30 90 918
30 90 919
30 90 920
30 90 922
30 90 924
30 90 926
30 90 927
30 90 928
30 90 929
30 90 930
30 90 932
30 90 935
30 90 936
30 90 937
30 90 938
30 90 939
30 90 940
30 90 941
30 90 943
30 90 945
30 90 946
30 90 947
30 90 951
30 90 952
30 90 953
30 90 954
30 90 956
30 90 957
30 90 958
30 90 959
26 23 214
26 23 223
26 23 227
26 23 234
26 23 235
26 23 784
26 47 784
26 47 786
26 16 784
23 8 746
23 8 770
23 8 771
23 8 784
23 54 787
75 19 238
75 19 242
75 19 247
75 19 249
75 19 250
75 19 254
75 19 255
75 19 260
75 89 501
75 89 503
75 89 510
75 89 511
75 89 517
75 89 518
75 89 539
75 76 523
75 27 539
75 27 540
19 54 705
19 54 706
19 54 716
19 54 722
19 54 723
19 54 724
19 54 729
19 54 730
19 54 731
19 54 734
19 54 735
19 54 736
19 54 737
19 54 739
19 54 741
19 54 744
19 54 745
19 54 749
19 54 754
19 54 765
19 54 766
19 54 769
19 54 772
19 54 778
64 20 300
64 20 311
64 68 578
55 24 361
55 36 455
55 79 455
55 79 459
55 12 893
55 12 894
55 12 903
55 12 904
55 12 905
55 12 909
55 12 932
55 12 974
55 12 976
55 12 977
55 12 979
55 20 896
55 20 900
55 20 901
55 20 902
55 20 903
55 20 904
55 20 905
55 20 907
55 20 909
55 20 939
55 20 942
55 20 944
55 20 948
55 20 952
55 20 954
55 20 958
55 20 963
55 20 971
55 20 979
55 103 896
55 103 903
55 103 904
55 103 905
55 103 943
55 103 944
55 103 952
55 103 954
55 103 979
55 90 940
55 77 941
20 94 402
20 83 417
20 76 433
20 76 439
20 88 499
20 80 500
20 80 503
20 80 504
20 80 516
20 89 500
20 89 501
20 89 518
20 89 525
20 89 526
20 89 528
20 89 530
20 89 531
20 89 532
20 89 539
20 100 899
20 100 900
20 100 910
20 100 911
20 100 915
20 100 923
20 100 930
20 100 936
20 100 938
20 100 939
20 100 940
20 100 948
20 100 954
20 100 972
20 100 979
31 68 313
31 68 314
31 68 316
31 68 361
31 68 396
31 68 404
31 13 1125
31 14 1169
31 104 1232
31 104 1243
31 104 1244
31 104 1245
31 104 1276
31 104 1291
31 104 1295
68 2 683
84 83 1099
84 83 1101
84 83 1104
84 83 1105
84 83 1108
84 83 1109
84 83 1117
84 83 1118
84 83 1127
84 83 1164
84 83 1177
84 83 1192
84 83 1193
84 83 1209
84 83 1223
84 83 1267
84 83 1268
84 83 1280
84 83 1295
84 83 1307
84 83 1308
84 83 1309
84 32 1270
84 62 1281
24 28 1098
24 28 1100
24 28 1101
24 28 1114
24 29 1226
83 36 366
83 36 367
83 36 369
83 36 370
83 36 373
83 36 374
83 36 376
83 36 377
83 36 379
83 36 380
83 36 381
83 36 389
83 36 392
83 36 395
83 36 397
83 36 399
83 36 401
83 36 402
83 36 403
83 36 405
83 36 409
83 36 416
83 36 417
83 36 418
83 36 419
83 36 421
83 36 441
83 36 443
83 36 444
83 36 453
83 36 471
83 36 476
83 36 477
83 36 479
83 36 481
83 36 482
83 36 484
83 36 490
83 36 493
83 36 527
83 95 381
83 95 382
83 69 1245
83 69 1280
83 45 1318
83 45 1319
36 94 381
36 94 384
36 6 527
36 14 1164
36 14 1166
36 14 1208
36 14 1211
36 72 1198
36 90 1215
36 90 1216
36 90 1218
79 94 378
79 94 383
79 94 384
79 94 386
79 94 1158
79 94 1160
79 28 1106
79 14 1124
79 32 1222
79 90 1228
94 95 377
94 95 381
94 95 382
94 13 1088
94 38 1138
94 38 1152
94 14 1163
94 69 1173
94 69 1177
94 69 1178
94 69 1294
94 69 1297
94 69 1298
94 69 1299
94 69 1300
94 69 1301
95 56 536
95 32 549
95 77 670
95 77 671
11 12 706
11 12 707
11 12 710
11 12 711
11 12 716
11 12 718
11 12 719
11 12 720
11 12 722
11 12 723
11 12 727
11 12 728
11 12 729
11 12 730
11 12 731
11 12 732
11 12 733
11 12 734
11 12 735
11 12 738
11 12 739
11 12 741
11 12 745
11 12 748
11 12 749
11 12 750
11 12 753
11 12 754
11 12 755
11 12 756
11 12 757
11 12 758
11 12 762
11 12 763
11 12 764
11 12 766
11 12 769
11 12 771
11 12 777
11 12 781
11 12 783
11 12 784
11 54 706
11 54 708
11 54 709
11 54 714
11 54 717
11 54 721
11 54 722
11 54 726
11 54 727
11 54 728
11 54 730
11 54 731
11 54 734
11 54 735
11 54 738
11 54 748
11 54 753
11 54 761
11 54 762
11 54 764
11 54 775
11 54 776
76 56 522
76 1 538
76 71 607
32 69 434
32 69 436
32 69 437
32 69 438
32 69 442
32 69 443
32 69 444
32 69 445
32 69 446
32 69 447
32 69 448
32 69 449
32 69 450
32 69 451
32 69 452
32 69 453
32 69 454
32 69 468
32 69 470
32 69 473
32 69 481
32 69 488
32 69 499
32 69 501
32 69 505
32 69 506
32 69 509
32 69 541
32 69 542
32 69 545
32 69 546
32 69 549
32 69 1285
32 69 1286
32 69 1302
32 69 1304
32 69 1305
32 69 1306
32 69 1307
32 69 1308
32 69 1309
32 69 1310
32 69 1311
32 69 1313
32 69 1314
32 69 1315
32 69 1316
32 69 1317
32 69 1318
32 38 1228
69 6 444
69 6 445
69 6 446
69 6 447
69 6 448
69 6 449
69 6 450
69 6 451
69 6 452
69 6 453
69 6 454
69 6 458
69 6 461
69 6 462
69 6 463
69 6 464
69 6 465
69 6 467
69 6 468
69 6 472
69 6 474
69 6 481
69 6 482
69 6 488
69 6 489
69 6 490
69 6 494
69 6 500
69 6 541
69 6 542
69 6 543
69 6 544
69 6 549
69 6 550
69 46 549
69 14 1157
69 14 1173
69 14 1289
69 14 1291
69 97 1161
69 97 1162
69 97 1163
69 97 1164
69 97 1168
69 97 1169
69 97 1171
69 97 1172
69 97 1191
69 97 1193
69 97 1198
69 97 1206
69 97 1208
69 97 1209
69 97 1210
69 97 1211
69 97 1212
69 97 1214
69 97 1215
69 97 1219
69 97 1221
69 97 1224
69 97 1225
69 97 1226
69 97 1231
69 97 1232
69 97 1233
69 97 1234
69 97 1235
69 97 1236
69 97 1237
69 97 1238
69 97 1239
69 97 1254
69 97 1261
69 97 1262
69 97 1263
69 97 1268
69 97 1284
69 97 1285
69 97 1286
69 90 1165
69 90 1169
69 90 1170
69 90 1229
69 90 1232
69 90 1233
69 90 1234
69 90 1236
69 90 1237
6 56 523
88 72 1001
88 72 1002
88 72 1003
88 72 1004
88 72 1005
88 72 1006
88 72 1007
88 72 1008
88 72 1009
88 72 1010
88 72 1011
88 72 1012
88 72 1013
88 72 1014
88 72 1015
88 72 1020
88 72 1021
88 72 1022
88 72 1023
88 72 1024
88 72 1025
88 72 1026
88 72 1027
88 72 1028
88 72 1030
88 72 1031
88 72 1034
88 72 1038
88 72 1039
88 72 1040
88 72 1041
88 72 1042
88 72 1043
88 72 1044
88 72 1045
45 71 1182
45 71 1183
45 71 1185
45 71 1187
45 71 1189
45 71 1190
45 71 1191
45 71 1192
45 71 1193
45 71 1194
45 71 1195
45 71 1196
45 71 1197
45 71 1198
45 71 1199
45 71 1200
45 71 1201
45 71 1202
45 71 1207
45 71 1212
45 71 1217
45 71 1219
45 71 1222
45 71 1226
45 71 1227
45 71 1228
45 71 1230
45 71 1233
45 71 1235
45 71 1236
45 71 1282
45 71 1285
45 71 1286
45 71 1290
45 71 1291
45 71 1294
45 71 1295
45 71 1296
45 71 1299
45 71 1317
45 71 1322
45 71 1331
45 71 1332
45 71 1335
45 71 1344
45 71 1345
45 62 1242
45 62 1243
45 97 1265
45 33 1336
45 33 1345
80 56 502
80 56 518
89 56 504
89 56 505
89 56 506
89 56 515
89 56 516
89 56 517
89 56 520
89 56 524
89 56 532
89 56 536
89 56 539
89 56 540
89 54 979
89 54 988
89 54 989
56 27 522
56 27 539
56 27 540
56 96 625
56 1 625
27 12 894
27 12 903
27 12 904
27 12 905
27 12 906
27 12 909
27 12 915
27 12 918
27 12 919
27 12 922
27 12 924
27 12 931
27 12 971
27 12 978
27 12 979
27 103 973
1 33 563
1 77 565
1 77 566
1 77 574
1 77 625
46 2 793
46 2 831
33 54 787
96 21 942
54 47 787
12 13 893
12 13 894
12 13 896
12 13 898
12 13 899
12 13 901
12 13 902
12 13 904
12 13 909
12 13 910
12 13 926
12 13 927
12 13 931
12 13 932
12 13 933
12 13 944
12 13 950
12 13 951
12 13 964
12 13 971
12 13 976
12 13 979
12 13 980
12 100 894
12 100 974
12 100 975
12 100 979
12 100 980
16 16 736
16 16 737
16 16 748
16 16 765
16 16 772
16 16 782
8 93 927
8 93 928
8 93 930
8 93 932
8 93 933
8 93 934
8 93 935
8 93 936
8 93 937
8 93 938
8 93 939
8 93 940
8 93 941
8 93 942
8 93 943
8 93 944
8 93 945
8 93 946
8 93 948
8 93 949
8 93 950
8 93 954
8 93 955
8 93 957
8 93 959
8 93 961
8 93 963
8 93 974
8 93 975
8 93 976
8 93 977
8 93 978
8 93 979
8 93 980
8 93 981
8 93 984
8 93 985
8 93 986
8 93 987
8 93 988
8 93 989
8 93 990
8 93 991
8 93 992
8 93 993
8 93 994
8 93 995
8 93 996
8 93 1005
8 93 1006
8 93 1007
8 93 1010
8 93 1011
8 93 1015
8 93 1016
8 93 1017
47 13 1095
47 13 1096
47 104 1196
47 104 1198
47 104 1211
47 104 1212
47 104 1214
47 104 1229
47 104 1285
47 104 1291
47 104 1293
47 38 1289
13 103 914
13 103 934
13 103 935
13 103 937
13 103 941
13 103 946
13 103 949
13 103 957
13 103 967
13 62 953
13 90 1088
13 28 1093
13 28 1097
13 28 1125
13 14 1113
13 14 1117
13 14 1118
13 14 1119
13 14 1120
13 97 1120
13 97 1136
13 97 1137
13 72 1135
100 62 953
100 62 957
100 62 1165
100 62 1166
100 62 1167
100 62 1170
100 62 1192
100 62 1194
100 62 1195
100 62 1197
100 62 1205
100 62 1216
100 62 1220
100 62 1222
100 62 1223
100 62 1227
100 62 1228
100 62 1240
100 28 1090
100 72 1092
100 72 1093
100 72 1117
100 14 1098
100 14 1099
100 14 1101
100 14 1103
100 14 1113
100 14 1128
100 14 1135
100 14 1154
100 14 1160
100 14 1282
100 90 1169
100 90 1229
100 90 1233
100 90 1236
90 97 1087
90 97 1088
90 97 1145
90 97 1198
90 38 1094
90 104 1094
90 104 1162
90 104 1173
90 104 1174
90 104 1175
90 21 1160
90 14 1204
90 14 1217
90 14 1218
93 28 941
93 97 1228
93 97 1230
93 97 1237
93 62 1230
93 72 1235
93 72 1237
28 38 1101
28 38 1104
28 38 1105
28 38 1109
21 72 1118
21 72 1119
21 72 1120
21 72 1121
21 72 1122
21 72 1123
21 72 1126
21 72 1127
21 72 1137
21 62 1156
21 62 1240
21 62 1290
3 78 945
3 78 947
3 78 950
3 78 954
3 78 955
3 78 968
3 78 969
3 78 970
3 78 979
3 78 982
3 78 987
3 78 988
3 78 990
3 78 1001
3 78 1034
3 78 1036
3 78 1045
3 78 1049
3 78 1050
3 78 1052
3 78 1054
3 78 1055
3 78 1057
3 78 1059
3 78 1060
3 78 1064
3 78 1065
3 78 1067
3 78 1103
3 78 1104
3 78 1107
78 38 1186
78 38 1281
78 38 1284
78 38 1292
78 38 1297
78 38 1298
78 38 1300
78 38 1302
78 38 1303
78 38 1330
62 104 1158
62 104 1176
62 104 1180
62 14 1173
62 97 1176
62 97 1181
62 97 1195
62 97 1196
72 104 1120
72 104 1123
72 104 1125
72 104 1127
72 104 1128
72 104 1136
72 104 1204
72 104 1205
72 104 1207
72 104 1208
72 104 1222
72 38 1122
72 38 1123
72 38 1124
72 38 1129
72 38 1163
72 38 1164
72 38 1166
72 38 1167
72 38 1168
72 38 1169
72 38 1172
72 38 1175
72 97 1143
72 97 1144
72 97 1155
72 97 1212
72 14 1166
72 14 1168
72 14 1169
72 14 1239
72 14 1240
97 38 1093
97 38 1094
97 38 1145
97 38 1151
97 38 1241
97 38 1242
97 38 1243
97 38 1244
97 38 1245
97 38 1246
97 38 1250
97 38 1251
97 38 1252
97 38 1253
97 38 1254
97 38 1264
97 38 1265
97 38 1266
97 38 1267
97 38 1268
97 38 1269
97 38 1270
97 38 1273
97 38 1275
97 38 1276
97 38 1279
97 38 1280
97 38 1281
97 38 1282
97 38 1283
97 38 1284
97 14 1136
97 14 1166
97 29 1164
97 104 1243
97 104 1244
97 104 1260
97 104 1266
97 104 1276
97 104 1277
14 38 1090
14 38 1122
14 38 1123
14 38 1124
14 38 1126
14 38 1154
14 38 1287
14 38 1289
14 38 1294
14 29 1164
14 29 1173
14 29 1199
14 29 1201
14 29 1202
14 29 1204
14 29 1205
14 29 1206
14 29 1207
14 29 1208
14 29 1213
14 29 1215
14 29 1216
14 29 1217
14 29 1225
14 29 1226
14 29 1233
14 29 1235
14 29 1236
14 29 1237
14 29 1238
14 104 1219
14 104 1282
14 104 1285
14 104 1293
38 29 1187
