130 103 0
130 103 1
130 103 2
130 103 8
130 103 9
130 103 12
130 103 22
130 103 26
130 103 31
130 103 33
130 103 34
130 103 38
130 103 51
130 103 63
130 103 71
130 103 74
130 103 76
130 103 78
130 103 79
130 103 80
130 103 82
130 103 89
130 103 90
130 103 91
130 103 92
130 103 95
130 103 96
130 103 98
130 103 99
130 103 100
130 103 101
130 103 102
130 103 103
130 103 104
130 103 105
130 103 106
130 103 107
130 103 108
130 103 109
130 103 110
130 103 111
130 103 112
130 103 113
130 103 114
130 103 115
130 103 116
130 103 117
130 103 118
130 103 119
130 103 120
130 103 121
130 103 122
130 103 123
130 103 124
130 103 125
130 103 126
130 103 127
130 103 128
130 103 129
130 103 130
130 103 131
130 103 133
130 103 134
130 103 135
130 103 140
130 103 148
130 103 150
130 103 158
130 103 164
130 103 165
130 103 173
130 103 174
130 103 182
130 103 184
130 103 186
130 103 192
130 103 193
130 103 194
130 103 195
130 103 196
130 103 197
130 103 200
130 103 201
130 103 202
130 103 204
130 103 205
130 103 206
130 103 209
130 103 212
130 103 213
130 103 217
130 103 218
130 28 0
130 28 1
130 28 2
130 28 3
130 28 4
130 28 5
130 28 6
130 28 7
130 28 8
130 28 9
130 28 10
130 28 12
130 28 26
130 28 28
130 28 33
130 28 34
130 28 51
130 28 54
130 28 56
130 28 61
130 28 63
130 28 67
130 28 70
130 28 74
130 28 76
130 28 80
130 28 85
130 28 87
130 28 89
130 28 90
130 28 92
130 28 98
130 28 115
130 28 127
130 28 131
130 28 134
130 28 135
130 28 137
130 28 205
130 28 208
130 28 212
130 41 149
130 81 185
130 87 877
130 87 883
130 87 886
130 87 891
130 87 893
130 87 897
130 87 898
130 87 899
130 87 900
130 87 901
130 87 902
130 87 903
130 87 904
130 87 905
130 87 906
130 87 913
130 87 916
130 87 924
130 87 925
130 87 931
130 87 938
130 87 940
130 87 941
130 87 942
130 87 943
130 87 944
130 87 945
130 87 946
130 87 947
130 87 948
130 87 949
130 87 950
130 87 952
130 87 953
130 87 954
130 87 956
130 87 957
130 87 958
130 87 959
130 109 879
130 109 880
130 109 891
130 109 893
130 109 894
130 109 895
130 109 906
130 109 907
130 109 932
130 109 933
130 109 938
130 109 950
130 109 953
130 109 957
130 109 958
130 109 959
130 147 895
130 70 905
130 70 906
103 29 81
103 29 82
103 29 83
103 29 84
103 29 85
103 29 86
103 29 87
103 29 88
103 29 89
103 29 90
103 29 91
103 29 92
103 29 93
103 29 94
103 29 95
103 29 96
103 29 97
103 29 98
103 29 99
103 29 102
103 29 106
103 29 107
103 29 112
103 29 113
103 29 114
103 29 117
103 29 118
103 29 119
103 29 120
103 29 121
103 29 122
103 29 123
103 29 124
103 29 125
103 29 126
103 29 127
103 29 128
103 29 129
103 29 133
103 29 134
103 29 140
103 29 141
103 29 142
103 29 144
103 29 148
103 29 152
103 29 155
103 29 156
103 29 157
103 29 160
103 29 162
103 29 163
103 29 164
103 29 165
103 29 168
103 29 169
103 29 170
103 29 171
103 29 172
103 29 175
103 29 176
103 29 177
103 29 181
103 29 182
103 29 184
103 29 185
103 29 187
103 29 188
103 29 189
103 29 190
103 29 191
103 29 192
103 29 193
103 29 194
103 29 195
103 29 197
103 29 198
103 29 199
103 29 200
103 29 201
103 29 202
103 29 203
103 29 204
103 29 206
103 29 207
103 29 209
103 29 210
103 29 211
103 29 213
103 29 217
103 29 218
103 34 165
103 34 166
103 34 167
103 34 168
103 5 208
103 5 209
103 111 209
103 91 617
103 91 629
103 91 642
103 91 644
103 91 646
103 91 650
103 91 653
103 91 658
103 91 659
103 91 710
103 91 896
103 91 912
103 91 913
103 91 914
103 91 917
103 91 918
103 91 923
103 91 935
103 91 941
103 91 942
103 60 682
103 152 895
103 152 918
103 152 919
103 152 921
103 152 923
103 152 935
103 152 936
103 152 938
103 110 942
28 102 0
28 102 1
28 102 2
28 102 5
28 102 6
28 102 7
28 102 9
28 102 10
28 102 11
28 102 12
28 102 21
28 102 22
28 102 23
28 102 24
28 102 25
28 102 26
28 102 27
28 102 28
28 102 30
28 102 31
28 102 32
28 102 33
28 102 34
28 102 35
28 102 36
28 102 38
28 102 40
28 102 42
28 102 43
28 102 44
28 102 55
28 102 56
28 102 57
28 102 58
28 102 59
28 102 60
28 102 61
28 102 62
28 102 63
28 102 64
28 102 71
28 102 76
28 102 78
28 102 79
28 102 80
28 102 186
28 102 196
28 102 205
28 102 208
28 102 212
28 15 213
28 1 846
28 87 846
28 77 850
102 126 21
102 126 29
102 126 30
102 126 36
102 126 37
102 126 41
102 126 42
102 126 43
102 126 44
102 126 53
102 126 55
102 126 58
102 126 59
102 126 60
102 126 64
102 126 72
102 126 75
102 24 415
102 24 416
102 24 426
102 24 430
102 24 431
102 24 432
102 24 433
102 24 439
102 24 444
102 24 469
102 24 471
102 24 472
102 24 475
102 24 477
102 24 478
102 24 480
102 24 481
102 24 482
102 24 483
102 24 484
102 24 485
102 24 486
102 24 487
102 24 489
102 24 490
102 24 491
102 24 499
102 24 500
102 24 506
102 24 507
102 24 510
102 24 511
102 24 514
102 24 515
102 24 516
102 24 517
102 24 518
102 24 519
102 24 520
102 24 521
102 24 522
102 24 523
102 24 524
102 24 525
102 24 526
102 24 527
102 24 528
102 24 529
102 24 530
102 44 431
102 132 465
102 132 466
102 132 467
102 2 522
102 10 530
102 10 536
102 10 537
102 10 541
102 10 543
102 10 551
102 10 552
102 10 569
102 10 575
102 10 583
102 10 585
102 10 586
102 10 587
102 10 596
102 10 599
102 10 601
102 10 602
102 10 603
102 10 609
102 10 610
102 10 611
102 135 534
102 149 534
102 149 535
102 149 537
102 149 553
102 149 559
102 149 561
102 149 562
102 149 568
102 149 579
102 149 580
102 149 592
102 149 593
102 149 594
102 149 595
102 149 596
102 149 597
102 149 598
102 149 600
102 149 605
102 149 607
102 149 608
102 149 629
102 149 646
102 149 659
102 149 663
102 149 671
102 149 675
102 149 711
102 96 538
102 152 541
102 152 557
102 152 558
102 152 560
102 152 561
102 152 562
102 152 567
102 152 568
102 152 578
102 152 579
102 152 586
102 152 587
102 152 592
102 152 593
102 152 594
102 152 595
102 152 596
102 152 597
102 152 598
102 152 599
102 152 601
102 152 602
102 152 615
102 152 620
102 152 623
102 152 625
102 152 628
102 152 630
102 152 631
102 152 633
102 152 634
102 99 569
102 99 570
102 99 604
102 98 663
102 98 665
102 98 666
102 98 673
102 98 708
102 98 709
102 98 710
102 98 711
102 98 712
29 126 11
29 126 13
29 126 21
29 126 30
29 126 36
29 126 44
29 126 55
29 126 57
29 126 58
29 126 59
29 126 60
29 126 62
29 126 64
29 126 66
29 126 72
29 126 75
29 126 81
29 126 84
29 126 91
29 126 93
29 126 94
29 126 95
29 126 96
29 126 97
29 126 117
29 126 140
29 126 142
29 126 150
29 126 151
29 126 153
29 126 157
29 126 158
29 126 175
29 126 177
29 126 180
29 126 182
29 126 187
29 126 204
29 126 207
29 126 211
29 126 215
29 126 217
29 126 218
29 8 135
29 32 145
29 120 340
126 3 704
126 115 708
126 115 820
144 49 12
144 49 24
144 49 28
144 49 31
144 49 34
144 49 40
144 49 48
144 49 50
144 49 51
144 49 52
144 49 54
144 49 69
144 49 71
144 49 139
144 49 141
144 49 148
144 49 150
144 49 162
144 49 163
144 49 172
144 49 175
144 49 179
144 49 181
144 152 450
144 152 461
144 152 464
144 152 466
144 152 467
144 152 470
144 152 610
144 152 612
144 152 613
144 152 615
144 152 616
144 152 630
144 152 637
144 152 647
144 98 464
144 98 678
144 98 679
144 98 708
144 98 709
144 31 468
144 114 512
144 135 529
144 135 534
144 101 612
144 101 655
49 55 344
49 0 375
49 59 380
49 59 381
49 6 383
49 6 404
49 6 407
49 73 391
49 106 398
49 106 404
49 104 448
49 56 448
49 147 454
49 151 454
53 139 15
53 139 25
53 139 27
53 139 29
53 139 30
53 139 32
53 139 36
53 139 41
53 139 49
53 139 53
53 139 55
53 139 58
53 139 66
53 139 73
53 139 81
53 139 82
53 139 88
53 139 89
53 139 95
53 139 105
53 139 106
53 139 108
53 139 110
53 139 117
53 139 122
53 139 124
53 139 125
53 139 128
53 139 137
53 139 149
53 139 155
53 139 159
53 139 169
53 139 171
53 139 177
53 139 178
53 139 180
53 139 182
53 52 778
53 52 779
53 52 780
53 52 781
53 52 782
53 52 783
53 52 784
53 52 785
53 52 786
53 52 788
53 52 789
53 52 791
53 52 792
53 52 793
53 52 794
53 52 796
53 52 797
53 52 798
53 52 799
53 52 800
53 52 801
53 52 802
53 52 803
53 52 804
53 52 805
53 52 806
53 52 807
53 52 808
53 52 809
53 52 810
53 52 811
53 52 812
53 52 814
53 25 791
53 42 797
53 38 807
139 50 292
139 50 299
139 50 309
139 50 311
139 50 321
139 50 322
139 50 323
139 50 325
139 50 326
139 50 327
139 50 330
139 50 333
139 50 334
139 50 335
139 50 336
139 50 337
139 50 338
139 50 340
139 50 341
139 50 342
139 50 356
139 50 357
139 50 375
139 50 391
139 50 393
139 50 396
139 50 397
139 50 398
139 50 400
139 50 403
139 50 406
139 50 407
139 50 408
139 50 412
139 50 414
139 50 415
139 50 416
139 50 417
139 50 419
139 50 421
139 50 422
139 50 423
139 50 424
139 50 425
139 121 297
139 121 321
139 121 325
7 101 83
7 101 85
7 101 89
7 101 90
7 101 91
7 101 92
7 101 93
7 101 95
7 101 98
7 101 99
7 101 100
7 101 112
7 101 119
7 101 122
7 101 123
7 101 127
7 101 139
7 101 140
7 32 136
7 111 136
7 80 721
7 80 723
7 80 724
7 80 727
7 80 728
7 80 729
7 80 730
7 80 731
7 80 732
7 80 733
7 80 734
7 80 735
7 80 736
7 80 737
7 80 738
7 80 739
7 80 740
7 80 741
7 80 742
7 80 743
7 80 744
7 80 747
7 80 748
7 80 750
7 80 751
7 80 753
7 80 754
7 80 759
7 80 760
7 80 761
7 80 762
7 80 763
7 80 764
7 80 765
7 80 766
7 80 767
7 80 768
7 80 769
7 80 770
7 86 726
7 122 727
7 122 731
7 122 733
7 122 742
7 122 743
7 122 745
7 122 747
7 122 754
7 122 757
7 122 762
7 122 763
7 122 764
7 122 765
7 122 766
7 122 767
7 122 768
7 122 769
7 122 770
7 136 735
7 105 735
7 45 743
7 45 744
7 153 745
7 42 753
7 42 754
7 90 756
7 71 763
7 71 764
7 115 767
101 76 93
101 15 464
101 15 465
66 72 84
66 72 87
66 72 88
66 72 89
66 72 90
66 72 92
66 72 95
66 72 96
66 72 97
66 72 98
66 72 99
66 72 101
66 72 102
66 72 103
66 72 104
66 72 105
66 72 106
66 72 107
66 72 108
66 72 109
66 72 110
66 72 111
66 72 112
66 72 113
66 72 114
66 72 115
66 72 116
66 72 117
66 72 118
66 72 119
66 72 120
66 72 121
66 72 122
66 72 123
66 72 124
66 72 125
66 72 126
66 72 127
66 72 128
66 72 129
66 72 130
66 72 131
66 72 132
66 72 133
66 72 134
66 72 135
66 72 136
66 72 137
66 72 139
66 72 143
66 72 144
66 72 146
66 72 147
66 72 151
66 72 158
66 72 168
66 72 174
66 72 180
66 72 181
66 72 191
66 72 211
66 72 226
66 72 227
66 72 232
66 72 233
66 72 244
66 72 248
66 72 252
66 72 253
66 72 254
66 72 255
66 72 256
66 72 257
66 72 258
66 72 259
66 72 260
66 72 261
66 72 262
66 72 263
66 72 264
66 72 265
66 72 266
66 89 84
66 89 85
66 89 90
66 89 91
66 89 92
66 89 116
66 89 119
66 89 122
66 89 123
66 89 125
66 89 127
66 89 128
66 89 133
66 89 134
66 89 135
66 89 136
66 89 137
66 89 138
66 89 139
66 89 140
66 89 141
66 89 142
66 89 143
66 89 144
66 89 146
66 89 147
66 89 148
66 89 149
66 89 150
66 89 151
66 89 157
66 89 162
66 89 163
66 89 164
66 89 168
66 89 170
66 89 171
66 89 189
66 89 190
66 89 192
66 89 225
66 89 226
66 89 242
66 89 243
66 89 245
66 89 246
66 89 247
66 89 248
66 89 249
66 89 254
66 89 257
66 89 258
66 89 261
66 89 262
66 89 263
66 89 264
66 89 265
66 89 266
66 69 85
66 69 86
66 69 93
66 69 129
66 69 130
66 69 131
66 69 152
66 69 153
66 69 155
66 69 159
66 69 161
66 69 168
66 69 173
66 69 174
66 69 175
66 69 176
66 69 177
66 69 178
66 69 179
66 69 180
66 69 181
66 69 182
66 69 185
66 69 186
66 69 187
66 69 188
66 69 193
66 69 200
66 69 201
66 69 202
66 69 209
66 69 210
66 69 211
66 69 212
66 69 213
66 69 214
66 69 215
66 69 216
66 69 217
66 69 218
66 69 219
66 69 220
66 69 221
66 69 222
66 69 223
66 69 224
66 69 225
66 69 226
66 69 229
66 69 230
66 69 235
66 69 236
66 69 240
66 69 253
66 69 254
66 69 257
66 69 258
66 69 259
66 69 260
66 69 261
66 69 262
66 69 263
66 69 264
66 69 265
66 69 266
66 41 110
66 41 111
66 41 112
66 41 113
66 32 205
66 32 207
66 111 209
66 96 220
66 83 940
66 83 941
66 147 942
72 22 180
72 22 181
72 22 182
72 22 183
72 22 185
72 91 218
72 91 219
72 91 220
72 91 221
72 91 223
72 91 259
72 91 260
72 73 259
72 73 260
72 124 262
72 124 263
72 124 264
72 124 266
72 84 795
72 105 799
72 105 800
72 51 823
72 93 828
72 93 829
72 40 828
89 73 85
89 73 90
89 73 98
89 73 99
89 73 100
89 73 110
89 73 111
89 73 126
89 73 127
89 73 131
89 73 137
89 73 138
89 73 147
89 73 149
89 73 151
89 73 159
89 73 162
89 73 163
89 73 168
89 73 169
89 73 170
89 73 171
89 73 215
89 73 218
89 73 220
89 73 223
89 73 232
89 73 248
89 73 254
89 73 257
89 73 258
89 73 261
89 73 262
89 73 263
89 73 264
89 73 265
89 73 266
89 76 92
89 76 94
89 76 95
89 76 135
89 76 136
89 76 137
89 76 139
89 76 143
89 76 144
89 76 145
89 76 146
89 76 148
89 76 150
89 76 151
89 76 152
89 76 153
89 76 155
89 76 156
89 76 157
89 76 163
89 76 168
89 76 191
89 76 192
89 76 195
89 76 196
89 76 197
89 76 198
89 76 199
89 76 203
89 76 210
89 76 215
89 76 216
89 76 226
89 76 235
89 76 236
89 76 237
89 76 238
89 76 239
89 76 240
89 76 241
89 76 243
89 76 248
89 76 251
89 76 252
89 76 253
89 76 255
89 76 257
89 76 258
89 76 261
89 76 262
89 76 263
89 76 264
89 76 265
89 76 266
89 43 110
89 43 112
89 58 136
89 151 146
89 124 262
89 124 263
89 124 264
89 124 266
89 46 307
89 46 308
89 46 309
89 46 310
89 46 311
89 46 315
89 46 316
89 46 317
89 46 318
89 46 319
89 46 320
89 46 321
89 46 322
89 46 323
89 46 324
89 46 325
89 46 326
89 46 327
89 46 328
89 46 329
89 46 330
89 46 331
89 46 332
89 46 333
89 46 334
89 46 335
89 46 336
89 46 337
89 46 340
89 46 341
89 46 342
89 46 343
89 46 344
89 46 345
89 46 347
89 46 348
89 46 352
89 46 353
89 46 354
89 46 355
89 46 356
89 46 357
89 46 358
89 46 359
89 46 361
89 46 362
89 46 363
89 46 370
89 46 372
89 46 373
89 46 374
89 46 375
89 46 376
89 46 377
89 46 378
89 46 379
89 46 380
89 46 382
89 46 383
89 46 384
89 46 385
89 46 386
89 46 387
89 46 389
89 46 392
89 46 393
89 46 394
89 46 395
89 46 396
89 46 397
89 46 399
89 46 401
89 46 402
89 46 403
89 46 404
89 46 405
89 46 406
89 46 407
89 46 411
89 46 412
89 46 413
89 46 414
89 46 415
89 46 416
89 46 417
89 46 418
89 46 419
89 46 420
89 46 421
89 46 422
89 46 423
89 46 424
89 46 426
89 46 428
89 46 436
89 46 437
89 46 438
89 46 439
89 46 440
89 46 441
89 46 442
89 46 443
89 46 444
89 46 445
89 46 446
89 46 447
89 46 448
89 46 449
89 46 450
89 46 451
89 46 456
89 55 345
89 0 371
89 6 392
89 6 407
89 6 409
89 82 413
89 42 427
89 104 448
69 76 86
69 76 90
69 76 130
69 76 137
69 76 139
69 76 140
69 76 141
69 76 164
69 76 165
69 76 168
69 76 169
69 76 176
69 76 177
69 76 178
69 76 180
69 76 181
69 76 182
69 76 183
69 76 185
69 76 186
69 76 211
69 76 212
69 76 257
69 76 258
69 76 261
69 76 262
69 76 263
69 76 264
69 76 265
69 76 266
69 58 160
69 58 161
69 22 171
69 22 185
69 34 203
69 107 204
69 107 205
69 91 214
69 91 259
69 91 260
69 124 262
69 124 263
69 124 264
69 124 266
69 105 628
73 41 110
73 41 111
73 24 173
73 136 194
73 136 215
73 32 201
73 35 299
73 35 300
73 35 309
73 35 310
73 35 319
73 35 320
73 35 321
73 35 322
73 35 323
73 35 324
73 35 326
73 35 367
73 35 382
73 35 383
73 35 386
73 35 396
73 35 400
73 35 401
73 35 406
73 35 408
73 35 409
73 35 420
73 35 431
73 35 433
73 35 438
73 35 440
73 35 456
76 41 103
76 41 110
76 41 111
76 41 112
76 41 113
76 146 146
76 133 255
76 122 730
76 122 735
76 122 737
76 122 743
76 122 752
76 122 754
76 122 755
76 122 757
76 122 761
76 122 762
76 122 763
76 122 764
76 122 765
76 122 766
76 122 767
76 122 768
76 122 769
76 45 748
76 45 749
76 153 749
76 110 754
76 95 754
76 71 764
151 41 95
151 41 98
151 41 99
151 41 104
151 41 115
151 41 117
151 41 123
151 41 125
151 41 130
151 41 131
151 41 132
151 41 133
151 41 134
151 41 135
151 41 136
151 41 137
151 41 138
151 41 139
151 41 140
151 41 142
151 41 143
151 41 145
151 41 147
151 41 148
151 41 151
151 41 158
151 41 159
151 41 621
151 47 443
151 47 444
151 47 445
151 47 447
151 47 448
151 47 450
151 47 451
151 47 454
151 47 455
151 47 456
151 47 457
151 47 458
151 47 466
151 47 467
151 47 468
151 47 469
151 47 470
151 47 471
151 47 472
151 47 473
151 47 474
151 47 475
151 47 476
151 47 477
151 47 478
151 47 479
151 47 480
151 47 481
151 47 482
151 47 483
151 47 485
151 47 486
151 47 487
151 47 488
151 47 489
151 47 490
151 47 491
151 47 492
151 47 493
151 47 494
151 47 495
151 47 496
151 47 497
151 47 498
151 47 499
151 47 500
151 47 501
151 47 503
151 47 504
151 47 505
151 47 506
151 47 508
151 47 514
151 47 515
151 47 516
151 47 520
151 47 521
151 47 522
151 47 523
151 47 525
151 47 526
151 47 527
151 47 532
151 47 533
151 47 534
151 47 543
151 47 545
151 47 551
151 47 552
151 47 553
151 47 562
151 47 576
151 47 577
151 47 578
151 47 579
151 47 580
151 47 581
151 47 583
151 47 584
151 47 585
151 47 587
151 47 590
151 47 600
151 47 602
151 47 603
151 47 604
151 47 607
151 47 609
151 47 610
151 47 611
151 47 612
151 47 613
151 47 614
151 47 617
151 47 618
151 47 629
151 47 630
151 47 631
151 47 632
151 47 633
151 47 634
151 47 635
151 47 636
151 47 637
151 47 638
151 47 642
151 47 643
151 47 644
151 47 645
151 47 646
151 47 647
151 47 649
151 152 454
151 152 467
151 152 649
151 149 455
151 92 472
151 114 481
151 40 482
151 26 490
151 26 491
151 112 504
151 136 606
151 71 607
151 71 608
151 71 623
151 71 624
151 71 638
151 143 624
151 143 626
151 150 629
151 150 632
151 16 630
151 16 631
41 22 144
41 58 144
41 52 601
41 44 622
41 44 626
41 44 629
41 145 629
41 121 630
41 132 636
43 18 146
43 153 736
43 153 737
43 153 738
43 153 739
43 153 740
43 153 741
43 153 742
43 153 746
43 153 749
43 153 750
43 153 754
43 153 755
43 153 762
43 153 766
43 153 767
43 153 774
43 153 782
43 153 792
43 153 793
43 153 797
43 153 865
43 153 895
43 153 909
43 153 910
43 153 919
43 153 922
43 153 923
43 153 926
43 153 927
43 153 928
43 42 753
43 42 820
43 115 889
22 18 124
22 18 125
22 18 127
22 18 128
22 18 129
22 18 131
22 18 133
22 18 135
22 18 136
22 18 137
22 18 138
22 18 145
22 18 152
22 18 164
22 18 170
22 18 171
22 18 176
22 18 187
22 18 190
22 18 194
22 18 195
22 18 196
22 18 197
22 18 205
22 18 208
22 18 209
22 18 214
22 18 219
22 18 225
22 54 128
22 54 129
22 54 132
22 54 133
22 54 134
22 54 145
22 54 147
22 54 152
22 54 153
22 54 154
22 54 155
22 54 156
22 54 158
22 54 165
22 54 170
22 54 171
22 54 193
22 54 194
22 54 195
22 54 196
22 54 197
22 54 205
22 54 208
22 54 209
22 54 219
22 54 225
22 54 226
22 32 159
22 111 159
22 136 194
22 108 470
22 108 471
22 108 472
22 108 473
22 108 474
22 108 476
18 58 130
18 58 146
18 58 147
18 58 148
18 58 149
18 58 152
18 58 170
18 58 171
18 58 172
18 58 177
18 58 178
18 58 191
18 58 208
18 58 209
18 58 212
18 58 214
18 58 215
18 58 217
18 58 218
18 58 225
18 107 130
18 45 725
18 45 730
18 45 731
18 45 732
18 45 741
18 45 747
18 45 748
18 45 840
18 45 841
18 45 845
18 21 727
18 21 728
18 21 733
18 21 734
18 21 737
18 21 746
18 21 747
18 21 750
18 21 757
18 21 766
18 21 767
18 21 777
18 21 778
18 21 789
18 21 845
18 1 787
18 1 788
18 1 790
18 87 817
18 87 818
18 87 819
34 111 125
34 111 126
34 111 127
34 111 128
34 111 130
34 111 131
34 111 133
34 111 134
34 111 135
34 111 136
34 111 137
34 111 138
34 111 139
34 111 140
34 111 170
34 111 177
34 111 183
34 111 185
34 111 191
34 111 197
34 111 200
34 111 201
34 111 202
34 111 203
34 111 209
34 111 271
34 111 276
34 111 280
34 64 634
34 64 637
34 64 639
34 64 641
34 64 645
34 64 646
34 64 647
34 64 648
34 64 649
34 64 658
34 64 659
34 64 662
34 64 663
34 64 710
34 86 667
34 86 668
34 27 669
34 25 671
34 25 725
34 3 680
34 3 709
34 3 710
34 3 714
34 3 717
34 65 752
34 129 774
34 21 777
111 15 132
111 5 203
111 5 204
111 5 205
111 5 207
111 5 208
111 5 210
111 5 212
111 5 215
111 5 216
111 5 220
111 5 221
111 5 224
111 5 225
111 5 226
111 5 228
111 5 229
111 5 230
111 84 207
111 141 207
111 133 228
111 85 228
54 15 128
54 15 132
54 15 135
54 15 151
54 15 176
54 15 188
54 15 192
54 15 195
54 15 205
54 15 206
54 15 207
54 15 216
54 15 451
54 15 550
54 138 223
54 52 449
54 52 450
54 52 451
54 52 461
54 108 521
15 24 169
15 24 172
15 24 173
15 24 175
15 24 188
15 24 189
15 24 206
15 24 207
15 24 523
15 136 196
15 132 418
15 132 419
15 132 420
15 132 422
15 132 423
15 132 424
15 132 425
15 132 426
15 132 433
15 132 434
15 132 435
15 132 436
15 132 437
15 132 438
15 132 439
15 132 440
15 132 442
15 132 443
15 132 444
15 132 446
15 132 450
15 132 452
15 132 453
15 132 454
15 132 455
15 132 457
15 132 459
15 132 465
15 132 466
15 132 467
15 132 468
15 132 469
15 132 479
15 132 480
15 132 481
15 132 482
15 132 483
15 132 486
15 132 487
15 132 493
15 132 494
15 132 495
15 132 497
15 132 498
15 132 499
15 132 500
15 132 501
15 132 502
15 132 503
15 132 504
15 132 506
15 132 509
15 132 510
15 132 528
15 132 531
15 132 532
15 132 533
15 132 534
15 132 544
15 132 548
15 132 550
15 132 555
15 132 556
15 26 428
15 0 430
15 125 445
15 118 449
15 118 450
15 114 483
15 114 484
15 8 506
15 8 507
15 8 508
15 8 509
15 8 510
15 8 511
15 8 512
15 8 513
15 8 514
15 8 515
15 8 516
15 8 517
15 8 518
15 8 519
15 8 521
15 8 522
15 8 523
15 8 524
15 8 525
15 8 526
15 8 527
15 8 528
15 8 529
15 8 530
15 8 531
15 112 555
58 24 169
58 24 189
58 24 191
58 24 198
58 24 199
58 24 203
58 24 204
58 24 206
58 24 207
58 136 189
58 136 196
58 120 218
58 120 219
58 120 221
58 120 223
58 120 224
58 120 226
58 120 229
58 120 230
58 120 233
58 120 234
58 120 238
58 120 239
58 120 241
58 120 242
58 120 248
58 120 264
58 120 265
58 120 267
58 120 268
58 120 274
58 120 277
58 120 278
58 120 287
58 120 291
58 120 292
58 120 295
58 120 299
58 120 301
58 120 313
58 120 319
58 120 320
58 120 321
58 120 322
58 120 326
58 120 332
58 120 333
58 120 334
58 120 335
58 120 336
58 120 338
58 120 340
58 127 218
58 127 219
58 127 221
58 127 223
58 127 224
58 127 225
58 127 227
58 127 228
58 127 233
58 127 237
58 127 238
58 127 242
58 127 254
58 127 255
58 127 258
58 127 259
58 127 260
58 127 261
58 127 262
58 127 264
58 127 265
58 127 267
58 127 268
58 127 275
58 127 278
58 127 281
58 127 282
58 127 283
58 127 285
58 127 286
58 127 287
58 127 288
58 127 291
58 127 292
58 127 294
58 127 295
58 127 300
58 127 301
58 127 302
58 127 303
58 127 304
58 127 312
58 127 319
58 127 321
58 127 335
58 127 336
58 127 343
58 127 348
58 127 349
58 138 222
58 138 261
58 88 223
58 124 231
58 0 295
58 0 296
58 141 298
58 141 305
58 141 307
58 141 309
58 141 311
58 96 298
58 44 340
107 32 144
107 32 173
107 32 198
107 32 199
107 32 208
107 32 219
107 32 223
107 32 225
107 32 234
107 32 243
107 32 256
107 32 257
107 32 259
107 32 277
107 32 278
107 32 279
107 32 281
107 32 631
107 136 602
107 136 627
107 136 628
107 136 629
107 136 631
107 136 639
107 136 640
107 136 645
107 136 647
107 136 681
107 136 685
107 136 688
107 136 690
107 136 691
107 136 692
107 136 693
107 136 697
107 136 704
107 136 706
107 136 711
107 136 716
107 136 717
107 136 718
107 136 720
107 136 721
107 136 722
107 136 723
107 136 734
107 136 735
107 136 736
107 136 737
107 136 738
107 136 739
107 136 740
107 136 741
107 136 744
107 150 605
107 71 626
107 71 627
107 71 628
107 71 629
107 71 630
107 71 696
107 71 701
107 71 702
107 71 762
107 71 763
107 63 626
107 63 627
107 63 628
107 63 629
107 63 630
107 63 633
107 63 649
107 63 651
107 63 652
107 63 699
107 63 700
107 63 704
107 63 705
107 36 663
107 36 664
107 36 668
107 3 667
107 42 743
107 42 745
107 42 748
107 42 750
107 42 752
107 42 754
107 95 754
107 95 755
107 110 756
8 59 474
8 11 602
32 84 254
32 39 596
32 39 597
32 39 598
32 39 599
32 39 600
32 39 603
32 39 604
32 39 605
32 39 608
32 39 617
32 39 618
32 39 628
32 39 629
32 39 632
32 39 634
32 39 635
32 132 601
32 60 602
32 60 623
32 44 609
32 44 628
146 2 509
146 52 518
146 52 521
146 52 522
146 75 585
141 81 164
141 81 165
141 81 208
141 81 210
141 81 212
141 81 221
141 81 222
141 81 223
141 81 224
141 81 225
141 81 226
141 81 240
141 81 245
141 81 272
141 24 189
141 94 293
141 94 294
141 121 498
141 121 527
141 121 544
141 121 545
141 121 546
141 121 547
141 121 549
141 121 550
141 121 551
141 121 559
141 121 562
141 121 563
141 121 565
141 121 566
141 121 567
141 121 570
141 121 571
141 121 576
141 121 580
141 121 592
141 121 597
141 121 599
141 121 600
141 121 618
141 121 625
141 121 629
141 121 634
141 26 518
141 86 632
81 0 290
81 0 291
81 12 835
81 12 837
81 12 838
81 12 839
81 12 840
81 12 841
81 12 842
81 12 843
81 12 844
81 12 845
81 12 846
81 12 847
81 12 850
81 12 852
81 12 853
81 12 854
81 12 856
81 12 860
81 12 861
81 12 862
81 12 863
81 12 864
81 12 865
81 12 867
81 12 871
81 12 873
81 12 874
81 12 879
81 12 881
81 12 882
81 21 844
24 38 489
24 2 522
24 20 524
24 11 530
84 136 172
84 136 198
84 136 199
84 136 207
84 136 211
84 136 213
84 136 214
84 136 215
84 136 216
84 136 217
84 136 227
84 136 228
84 136 229
84 136 230
84 136 231
84 136 238
84 136 239
84 136 241
84 136 246
84 136 257
84 136 259
84 136 264
84 136 268
84 136 269
84 136 271
84 136 273
84 136 274
84 136 276
84 136 282
84 136 283
84 136 286
84 136 288
84 136 289
84 136 290
84 136 291
84 136 292
84 136 293
84 136 294
84 136 295
84 136 313
84 136 314
84 136 316
84 136 318
84 90 314
84 0 320
84 109 784
84 109 785
84 109 786
84 109 792
84 109 793
84 109 796
84 109 798
84 109 799
84 109 800
84 109 801
84 109 802
84 109 803
84 109 804
84 109 807
84 109 810
84 109 815
84 109 816
84 109 818
84 109 819
84 109 827
84 109 838
84 109 844
84 109 846
84 109 856
84 109 857
84 109 859
84 109 862
84 109 867
84 109 887
84 109 889
84 109 891
84 109 893
84 109 896
84 109 898
84 109 901
84 109 910
84 109 911
84 109 915
84 109 916
84 109 917
84 109 918
84 109 919
84 109 920
84 109 921
84 109 924
84 109 930
84 109 934
84 109 935
84 109 942
84 109 948
84 109 952
84 109 955
84 109 956
84 109 957
84 109 958
84 109 959
84 133 857
84 115 867
84 21 867
84 21 873
84 134 914
84 134 915
84 134 926
84 134 932
84 134 933
84 134 936
84 134 939
84 134 960
136 82 286
136 82 287
136 96 290
136 96 291
136 74 312
136 60 593
136 60 596
136 60 597
136 60 600
136 60 602
136 60 603
136 60 604
136 60 605
136 60 608
136 60 610
136 60 612
136 60 614
136 60 615
136 60 621
136 60 624
136 60 626
136 60 632
136 60 636
136 60 637
136 60 639
136 60 648
136 60 653
136 60 655
136 60 657
136 60 658
136 60 663
136 60 669
136 60 670
136 60 671
136 60 673
136 60 674
136 60 695
136 60 697
136 60 698
136 60 699
136 60 700
136 60 701
136 60 702
136 60 703
136 60 704
136 60 705
136 60 731
136 60 732
136 60 733
136 60 745
136 60 746
136 60 767
136 44 607
136 44 625
136 92 620
136 138 620
136 94 637
136 94 638
136 83 661
136 21 727
136 21 728
136 21 730
136 21 734
136 93 740
82 94 185
82 94 186
82 94 187
82 94 191
82 94 192
82 94 193
82 94 194
82 94 197
82 94 198
82 94 199
82 94 201
82 94 204
82 94 205
82 94 209
82 94 212
82 94 213
82 94 224
82 94 232
82 94 244
82 94 301
82 94 305
82 94 308
82 94 324
82 94 375
82 94 381
82 94 383
82 94 405
82 94 427
82 94 428
82 94 431
82 94 435
82 94 443
82 94 444
82 94 481
82 94 483
82 94 488
82 94 490
82 94 513
82 74 197
82 74 207
82 74 213
82 74 231
82 74 245
82 74 266
82 74 410
82 74 415
82 74 420
82 74 438
82 74 538
82 155 351
82 19 381
82 19 432
82 19 433
82 31 419
94 78 185
94 78 191
94 78 197
94 78 198
94 78 199
94 78 203
94 78 204
94 78 206
94 78 207
94 78 210
94 78 213
94 78 214
94 78 231
94 78 232
94 78 244
94 78 245
94 78 246
94 78 251
94 78 254
94 78 255
94 78 261
94 78 262
94 78 269
94 78 271
94 78 272
94 78 274
94 78 276
94 78 277
94 78 279
94 78 280
94 78 283
94 78 286
94 78 287
94 78 289
94 78 290
94 78 320
94 138 224
94 138 622
94 138 635
94 138 637
94 138 638
94 138 649
94 138 660
94 127 237
94 127 242
94 120 241
94 120 296
94 91 256
94 44 353
94 44 371
94 92 354
94 92 361
94 92 362
94 92 367
94 135 355
94 135 356
94 74 359
94 74 361
94 74 365
94 74 373
94 85 389
94 152 537
94 150 541
94 150 545
94 150 553
94 150 554
94 150 555
94 150 556
94 150 559
94 150 560
94 150 561
94 150 562
94 150 563
94 150 568
94 150 569
94 150 570
94 150 574
94 150 579
94 150 603
94 150 604
94 150 605
94 150 611
94 150 612
94 150 614
94 150 615
94 150 616
94 150 618
94 150 619
94 150 620
94 150 622
94 150 625
94 150 626
94 150 627
94 150 629
94 150 644
94 150 646
94 150 650
94 150 652
94 150 654
94 150 655
94 150 674
94 150 675
94 60 620
94 125 622
94 125 624
94 125 633
94 143 624
94 47 629
94 47 630
94 47 644
94 156 632
94 63 638
94 63 643
94 36 644
94 36 672
94 116 673
78 119 246
78 96 262
78 0 299
96 74 186
96 74 187
96 74 190
96 74 192
96 74 193
96 74 194
96 74 195
96 74 196
96 74 200
96 74 201
96 74 202
96 74 205
96 74 208
96 74 209
96 74 211
96 74 212
96 74 215
96 74 216
96 74 217
96 74 218
96 74 219
96 74 223
96 74 224
96 74 225
96 74 230
96 74 247
96 74 248
96 74 249
96 74 250
96 74 252
96 74 253
96 74 256
96 74 257
96 74 258
96 74 259
96 74 260
96 74 263
96 74 266
96 74 268
96 74 270
96 74 275
96 74 282
96 74 288
96 74 293
96 74 295
96 74 296
96 74 303
96 74 304
96 74 305
96 74 306
96 74 307
96 74 311
96 74 312
96 74 313
96 74 315
96 74 316
96 74 317
96 74 318
96 74 319
96 74 321
96 74 325
96 74 328
96 74 341
96 74 342
96 74 343
96 74 344
96 74 345
96 74 346
96 74 350
96 74 351
96 74 352
96 74 354
96 74 355
96 74 358
96 74 359
96 74 361
96 74 362
96 74 363
96 74 364
96 74 365
96 74 366
96 74 367
96 74 368
96 74 369
96 74 371
96 74 374
96 74 375
96 74 377
96 74 380
96 74 381
96 74 382
96 74 384
96 74 385
96 74 386
96 74 387
96 74 388
96 74 393
96 74 394
96 74 395
96 74 396
96 74 397
96 74 398
96 74 399
96 74 401
96 74 403
96 74 404
96 74 406
96 74 409
96 74 421
96 74 423
96 74 425
96 74 426
96 74 427
96 74 428
96 74 429
96 74 430
96 74 432
96 74 433
96 74 434
96 74 435
96 74 436
96 74 438
96 74 439
96 74 446
96 74 448
96 74 449
96 74 450
96 74 451
96 74 459
96 74 460
96 74 469
96 74 472
96 74 473
96 74 474
96 74 475
96 74 476
96 74 519
96 74 521
96 74 522
96 74 526
96 74 527
96 74 528
96 74 529
96 74 534
96 74 536
96 74 537
96 112 296
96 50 421
96 60 621
96 60 637
96 60 639
96 60 640
96 60 642
96 60 644
96 75 649
74 90 289
74 90 294
74 90 296
74 90 298
74 90 299
74 90 301
74 90 302
74 90 303
74 90 304
74 90 305
74 90 306
74 90 309
74 90 310
74 90 311
74 90 312
74 90 313
74 90 314
74 90 317
74 90 318
74 90 324
74 90 338
74 90 343
74 90 344
74 90 347
74 90 348
74 90 349
74 90 350
74 90 351
74 90 352
74 90 355
74 90 358
74 90 359
74 90 360
74 90 361
74 90 362
74 90 363
74 90 365
74 90 367
74 90 368
74 90 369
74 90 372
74 90 373
74 90 374
74 90 375
74 90 377
74 90 383
74 90 385
74 90 386
74 90 387
74 90 388
74 90 389
74 90 391
74 90 392
74 90 393
74 90 396
74 90 397
74 90 399
74 90 400
74 90 401
74 90 402
74 90 403
74 90 404
74 90 405
74 90 406
74 90 407
74 90 408
74 90 409
74 90 410
74 90 411
74 90 412
74 90 413
74 90 414
74 90 417
74 90 418
74 90 420
74 90 421
74 90 422
74 90 423
74 90 424
74 90 425
74 90 426
74 90 427
74 90 428
74 90 429
74 90 430
74 90 431
74 90 432
74 90 433
74 90 434
74 90 435
74 90 436
74 90 437
74 90 438
74 90 439
74 90 440
74 90 441
74 90 445
74 90 447
74 90 448
74 90 449
74 90 450
74 90 451
74 90 452
74 90 453
74 90 454
74 90 459
74 90 460
74 90 461
74 90 462
74 90 463
74 90 472
74 90 474
74 149 297
74 13 297
74 37 314
74 92 317
74 92 364
74 35 353
74 44 377
74 44 378
74 44 379
74 6 383
74 6 384
74 6 385
74 33 384
74 46 385
74 38 473
74 135 509
74 135 530
74 152 537
5 113 201
5 113 202
5 113 209
5 113 211
5 113 213
5 133 228
113 122 686
113 122 691
113 122 692
113 122 693
113 122 694
113 122 696
113 122 697
113 122 700
113 122 702
113 122 703
113 122 745
113 122 748
113 122 749
113 122 750
113 122 755
113 122 756
113 122 764
113 122 765
113 122 819
113 122 822
113 122 823
113 3 704
91 63 259
91 63 260
91 157 927
91 147 942
91 70 942
120 123 218
120 123 219
120 123 221
120 123 222
120 123 223
120 123 224
120 123 225
120 123 238
120 123 256
120 123 258
120 123 264
120 123 292
120 123 296
120 123 297
120 123 298
120 123 300
120 123 301
120 123 302
120 123 303
120 123 304
120 123 305
120 123 306
120 123 307
120 123 309
120 123 310
120 123 311
120 123 312
120 123 313
120 123 323
120 123 324
120 123 327
120 123 328
120 123 329
120 123 330
120 123 331
120 123 339
120 123 341
120 123 342
120 37 319
120 19 337
120 19 353
120 14 344
120 14 352
120 150 352
120 150 353
120 140 352
120 140 353
120 55 353
120 80 720
123 61 236
123 61 251
123 61 252
123 61 253
123 61 263
123 61 266
123 61 269
123 61 276
123 61 279
123 61 280
123 61 284
123 61 289
123 61 290
123 61 299
123 61 305
123 61 307
123 61 308
123 61 311
123 61 313
123 61 314
123 61 315
123 61 316
123 61 318
123 61 320
123 61 322
123 39 324
123 39 325
123 36 797
123 36 802
123 36 819
123 36 830
123 36 831
123 36 832
123 36 835
123 36 841
123 36 842
123 36 843
123 36 845
123 36 846
123 36 847
123 105 801
123 40 803
123 40 809
123 100 809
123 100 836
123 100 846
123 100 847
123 109 818
123 109 829
123 109 830
123 109 831
123 109 832
123 109 833
123 109 841
123 109 843
123 109 846
123 109 847
123 109 848
123 152 832
123 45 847
123 45 848
127 119 236
127 119 240
127 119 245
127 119 246
127 119 251
127 119 253
127 119 254
127 119 255
127 119 262
127 119 263
127 119 267
127 119 276
127 119 278
127 119 288
127 119 291
127 85 258
127 149 289
127 13 289
127 23 319
127 23 321
127 23 325
127 23 326
127 23 328
127 23 329
127 23 332
127 23 334
127 23 340
127 23 343
127 23 351
127 117 332
127 55 347
127 14 348
138 85 219
138 85 220
138 85 221
138 85 222
138 85 223
138 85 224
138 85 225
138 85 226
138 85 227
138 85 232
138 85 234
138 85 235
138 85 237
138 85 238
138 85 239
138 85 240
138 85 241
138 85 242
138 85 243
138 85 246
138 85 247
138 85 248
138 85 249
138 85 250
138 85 253
138 85 254
138 85 255
138 85 256
138 85 257
138 85 258
138 85 259
138 85 260
138 85 261
138 85 263
138 85 265
138 121 597
138 71 620
138 71 621
138 71 624
85 0 263
85 0 432
85 0 433
85 6 342
85 6 343
85 6 345
85 6 348
85 6 350
85 6 351
85 6 352
85 6 353
85 6 354
85 6 355
85 6 356
85 6 357
85 6 358
85 6 359
85 6 360
85 6 361
85 6 362
85 6 363
85 6 364
85 6 365
85 6 366
85 6 367
85 6 368
85 6 369
85 6 370
85 6 371
85 6 372
85 6 373
85 6 374
85 6 378
85 6 379
85 6 380
85 6 381
85 6 382
85 6 383
85 6 384
85 6 387
85 6 391
85 6 394
85 6 398
85 6 399
85 6 400
85 6 401
85 6 402
85 6 403
85 6 404
85 6 405
85 6 406
85 6 407
85 6 409
85 6 411
85 6 412
85 6 413
85 6 414
85 6 415
85 6 416
85 6 417
85 6 418
85 6 419
85 6 420
85 6 421
85 6 422
85 6 423
85 6 424
85 6 425
85 6 426
85 6 427
85 6 428
85 6 429
85 6 430
85 6 432
85 6 433
85 106 350
85 106 358
85 106 360
85 106 365
85 106 366
85 106 367
85 106 373
85 106 374
85 106 375
85 106 376
85 106 377
85 106 378
85 106 388
85 106 393
85 106 398
85 106 399
85 106 400
85 106 401
85 106 402
85 106 403
85 106 404
85 106 405
85 106 417
85 106 418
85 106 419
85 106 423
85 106 427
85 106 433
85 70 384
85 70 385
85 46 386
85 46 401
85 46 402
85 46 403
85 46 404
85 46 405
85 46 406
85 46 418
85 86 401
85 59 406
85 64 416
88 87 945
61 119 227
61 119 231
61 119 232
61 119 236
61 119 237
61 119 240
61 119 243
61 119 244
61 119 245
61 119 247
61 119 249
61 119 250
61 119 251
61 119 252
61 119 253
61 119 254
61 119 255
61 119 266
61 119 269
61 119 272
61 119 273
61 119 276
61 119 279
61 119 283
61 119 284
61 119 286
61 119 289
61 119 290
61 119 339
61 119 341
61 133 262
61 13 287
61 13 291
61 149 289
61 55 344
61 36 633
61 36 681
61 36 696
61 36 697
61 36 709
61 36 711
61 36 712
61 36 717
61 36 722
61 37 694
61 3 709
61 3 710
61 3 717
119 65 622
119 65 623
119 65 634
119 65 677
133 97 235
133 16 785
133 16 789
133 16 790
133 16 794
133 16 796
133 16 800
133 16 801
133 16 802
133 16 809
133 16 810
133 16 811
133 16 813
133 16 814
133 16 823
133 16 837
133 16 839
133 16 840
133 16 841
133 16 845
133 16 856
133 16 857
133 142 842
133 142 850
133 77 850
124 63 262
124 63 263
124 63 264
124 63 266
124 114 470
124 114 471
124 114 472
124 114 473
124 114 474
124 114 475
124 114 476
124 114 477
124 114 478
124 114 479
124 114 480
124 114 481
124 114 488
124 114 489
124 114 490
124 114 493
124 114 494
124 114 496
124 114 497
124 114 498
124 114 499
124 114 500
124 114 501
124 114 502
124 114 503
124 114 504
124 114 505
124 114 506
124 114 507
124 114 508
124 114 509
124 114 510
124 114 517
124 114 520
124 114 521
124 114 522
124 114 523
124 114 524
124 114 525
124 114 526
124 114 527
124 114 528
124 114 537
124 114 538
124 114 539
124 114 540
124 114 541
124 114 553
124 114 555
124 114 556
124 114 557
124 114 558
124 114 559
124 114 596
124 114 599
124 114 600
124 156 471
97 47 444
97 47 445
97 47 451
97 47 452
97 47 453
97 47 454
97 47 457
97 47 463
97 47 464
97 47 465
97 47 466
97 47 467
97 47 468
97 47 469
97 47 470
97 47 471
97 47 472
97 47 475
97 47 478
97 47 479
97 47 481
97 47 482
97 47 483
97 47 485
97 47 486
97 47 487
97 47 488
97 47 489
97 47 490
97 47 491
97 47 494
97 47 495
97 47 496
97 47 512
97 47 520
97 47 521
97 47 522
97 47 523
97 47 525
97 47 526
97 47 547
97 47 555
97 47 556
97 47 557
97 47 558
97 47 559
97 47 560
97 47 563
97 47 564
97 47 565
97 47 567
97 47 568
97 47 569
97 47 572
97 47 573
97 47 580
97 47 581
97 47 582
97 47 583
97 47 585
97 47 586
97 47 587
97 47 588
97 47 589
97 47 590
97 47 591
97 47 593
97 47 594
97 47 595
97 47 596
97 47 597
97 47 598
97 47 599
97 47 600
97 47 611
97 47 618
97 47 621
97 47 629
97 47 632
97 47 633
97 47 645
97 156 455
97 156 456
97 156 467
97 156 468
97 156 469
97 156 475
97 156 478
97 156 479
97 156 480
97 156 481
97 156 482
97 156 483
97 156 484
97 156 485
97 156 486
97 156 489
97 156 490
97 156 491
97 156 492
97 156 493
97 156 494
97 156 495
97 156 496
97 156 497
97 156 498
97 156 503
97 156 504
97 156 516
97 156 517
97 156 518
97 156 520
97 156 521
97 156 522
97 156 523
97 156 524
97 156 525
97 156 526
97 156 527
97 156 528
97 156 535
97 156 576
97 156 577
97 156 578
97 156 579
97 156 580
97 156 581
97 156 582
97 156 583
97 156 584
97 156 586
97 156 587
97 156 588
97 156 589
97 156 590
97 156 604
97 156 618
97 156 620
97 156 621
97 156 622
97 156 625
97 156 636
97 156 637
97 152 464
97 152 465
97 152 653
97 149 465
97 149 666
97 149 674
97 149 687
97 149 688
97 149 690
97 149 691
97 149 700
97 149 711
97 149 712
148 118 251
148 118 253
148 118 254
148 118 255
148 118 279
148 118 291
148 118 292
148 45 733
148 45 744
148 45 745
148 45 747
148 45 748
148 45 751
148 45 752
148 45 776
148 45 778
148 45 779
148 45 780
148 45 781
148 45 786
148 45 807
148 45 808
148 45 810
148 45 817
148 45 820
148 45 838
148 45 839
148 45 840
148 45 845
148 45 849
148 45 850
148 45 858
148 45 861
148 45 862
148 45 863
148 45 864
148 45 866
148 45 872
148 45 873
148 45 879
148 45 880
148 45 881
148 45 883
148 45 890
148 45 891
148 45 892
148 45 893
148 45 894
148 45 907
148 45 908
148 122 744
148 122 747
148 42 779
148 110 781
148 110 782
118 52 438
118 52 439
118 52 447
118 52 454
118 52 471
118 52 479
118 52 482
118 52 488
118 52 518
118 52 520
118 52 521
118 52 522
118 52 526
118 52 527
118 52 530
118 52 531
118 52 532
118 52 533
118 52 535
118 52 536
118 52 537
118 52 539
118 52 540
118 52 541
118 52 542
118 52 543
118 52 544
118 52 545
118 52 546
118 52 547
118 52 548
118 52 549
118 52 551
118 52 563
118 52 564
118 52 566
118 52 568
118 52 570
118 52 571
118 52 573
118 52 574
118 52 575
118 52 576
118 52 577
118 52 578
118 52 579
118 52 580
118 52 581
118 52 583
118 52 585
118 52 586
118 52 588
118 52 589
118 52 590
118 52 591
118 52 592
118 52 593
118 52 594
118 52 596
118 50 448
118 50 449
118 9 454
118 9 455
118 9 456
118 9 457
118 9 458
118 147 498
117 143 252
117 143 266
117 143 281
117 143 295
117 143 299
117 143 300
117 143 301
117 143 302
117 143 303
117 143 305
117 143 306
117 143 308
117 143 318
117 143 341
117 143 342
117 42 338
117 21 919
117 21 926
117 21 929
143 92 572
143 92 574
143 92 582
143 92 597
143 92 598
143 92 599
143 92 600
143 92 602
143 92 603
143 92 604
143 92 605
143 92 620
143 92 621
143 92 625
143 92 636
143 75 584
143 98 605
143 60 620
63 67 611
63 67 613
63 67 616
63 67 617
63 67 622
63 67 628
63 67 629
63 67 630
63 67 633
63 67 645
63 67 651
63 67 678
63 67 681
63 67 706
63 132 611
63 132 613
63 132 617
63 132 622
63 132 625
63 132 627
63 132 629
63 132 630
63 132 633
63 132 635
63 132 638
63 132 649
63 132 650
63 132 651
63 132 652
63 132 654
63 132 656
63 30 622
63 30 625
63 30 630
63 3 658
63 3 659
63 105 695
0 19 326
0 19 335
0 19 336
0 19 338
0 19 348
0 19 357
0 19 358
0 19 359
0 19 366
0 19 369
0 19 381
0 19 382
0 19 383
0 19 412
0 19 413
0 19 423
0 19 424
0 19 425
0 19 426
0 19 432
0 19 433
0 6 350
0 6 380
0 6 432
0 6 433
0 106 360
0 106 433
0 35 372
0 35 373
0 59 378
0 44 406
154 13 282
154 13 287
154 13 290
154 13 291
154 13 292
154 13 293
154 13 297
154 13 298
154 13 300
154 13 303
154 13 305
154 13 310
154 13 311
13 19 337
13 19 347
12 149 283
12 38 840
12 38 843
12 45 845
12 87 850
12 87 877
12 55 864
149 147 452
149 147 453
149 147 454
149 147 455
149 147 457
149 147 460
149 147 462
149 147 463
149 147 465
149 147 471
149 147 483
149 147 485
149 147 497
149 147 498
149 147 502
149 147 510
149 147 511
149 147 515
149 147 516
149 147 518
149 147 520
149 147 522
149 147 523
149 147 524
149 147 528
149 147 529
149 147 530
149 147 533
149 147 534
149 147 535
149 147 536
149 147 537
149 147 540
149 147 541
149 147 542
149 147 543
149 147 544
149 147 546
149 147 547
149 147 552
149 147 554
149 147 555
149 147 556
149 147 557
149 147 558
149 147 559
149 147 560
149 147 562
149 147 564
149 147 565
149 147 566
149 147 567
149 147 568
149 147 579
149 147 580
149 147 581
149 147 589
149 147 590
149 147 591
149 147 592
149 147 593
149 147 597
149 147 598
149 147 599
149 147 601
149 147 602
149 147 609
149 147 617
149 147 629
149 147 642
149 147 651
149 44 460
149 44 465
149 2 526
149 2 544
149 11 533
149 11 534
149 11 535
149 11 536
149 11 537
149 11 539
149 11 541
149 11 585
149 11 596
149 11 598
149 11 599
67 37 285
67 37 294
67 37 296
67 37 297
67 37 300
67 37 301
67 37 302
67 37 304
67 37 306
67 37 307
67 37 315
67 37 316
67 37 317
67 37 321
67 37 322
67 37 323
67 37 330
67 114 599
67 128 599
67 105 646
37 131 328
37 147 650
37 105 651
37 105 652
37 105 704
37 57 659
37 3 669
37 75 685
37 83 686
37 99 690
90 19 388
90 1 748
90 1 752
90 1 755
90 1 756
90 1 757
90 1 759
90 1 766
90 1 789
90 1 790
90 1 791
90 1 792
90 1 793
90 1 795
90 1 796
90 1 808
90 1 817
90 1 845
90 1 846
90 1 847
90 1 848
90 1 851
90 1 852
90 1 853
90 1 861
90 1 862
90 1 880
90 1 882
90 1 885
90 1 886
90 1 889
90 1 891
90 1 892
90 1 897
90 1 898
90 1 899
90 1 900
90 1 906
90 1 907
90 1 908
90 45 759
90 45 818
90 45 821
90 48 798
90 21 804
90 21 805
90 21 809
112 134 291
112 134 292
112 134 293
112 134 297
112 134 298
112 134 299
112 134 300
112 134 301
112 134 304
112 134 305
112 134 307
112 134 308
112 134 309
112 134 310
112 134 311
112 134 312
112 134 314
112 134 317
112 134 320
112 134 321
112 134 322
112 134 323
112 134 324
112 134 325
112 134 326
112 134 327
112 134 328
112 134 329
112 134 330
112 134 331
112 134 332
112 134 333
112 134 334
112 134 335
112 134 336
112 134 337
112 134 338
112 134 340
112 134 341
112 134 342
112 134 347
112 134 348
112 134 349
112 134 351
112 134 352
112 134 353
112 134 354
112 134 358
112 134 359
112 134 360
112 134 361
112 134 362
112 134 363
112 134 364
112 134 365
112 134 366
112 134 367
112 134 368
112 134 369
112 134 370
112 134 371
112 134 374
112 134 376
112 134 378
112 134 380
112 134 382
112 134 383
112 134 384
112 134 385
112 134 386
112 134 387
112 134 388
112 134 389
112 134 390
112 134 391
112 134 392
112 134 393
112 134 394
112 134 395
112 134 396
112 134 397
112 134 398
112 134 399
112 134 400
112 134 402
112 134 404
112 134 406
112 134 407
112 134 408
112 134 409
112 134 410
112 134 411
112 134 412
112 134 414
112 134 417
112 134 419
112 134 420
112 134 421
112 134 422
112 134 423
112 134 424
112 134 425
112 134 427
112 134 429
112 134 430
112 134 939
112 50 292
112 50 293
112 50 297
112 50 298
112 50 299
112 50 300
112 50 301
112 50 302
112 50 303
112 50 305
112 50 306
112 50 307
112 50 308
112 50 309
112 50 310
112 50 311
112 50 321
112 50 322
112 50 323
112 50 324
112 50 325
112 50 326
112 50 327
112 50 328
112 50 329
112 50 330
112 50 331
112 50 332
112 50 333
112 50 334
112 50 335
112 50 336
112 50 337
112 50 338
112 50 339
112 50 340
112 50 341
112 50 342
112 50 343
112 50 344
112 50 345
112 50 346
112 50 347
112 50 348
112 50 349
112 50 350
112 50 352
112 50 353
112 50 354
112 50 355
112 50 356
112 50 357
112 50 358
112 50 359
112 50 360
112 50 361
112 50 362
112 50 363
112 50 364
112 50 365
112 50 366
112 50 367
112 50 368
112 50 369
112 50 370
112 50 371
112 50 372
112 50 373
112 50 374
112 50 375
112 50 376
112 50 377
112 50 378
112 50 379
112 50 380
112 50 381
112 50 382
112 50 383
112 50 384
112 50 385
112 50 386
112 50 387
112 50 388
112 50 389
112 50 390
112 50 391
112 50 392
112 50 393
112 50 394
112 50 395
112 50 396
112 50 397
112 50 398
112 50 399
112 50 400
112 50 401
112 50 402
112 50 403
112 50 404
112 50 405
112 50 406
112 50 407
112 50 408
112 50 409
112 50 410
112 50 411
112 50 412
112 50 413
112 50 414
112 50 415
112 50 416
112 50 417
112 50 418
112 50 419
112 50 420
112 50 421
112 50 422
112 50 423
112 50 424
112 50 425
112 50 426
112 50 467
112 50 473
112 50 474
112 50 493
112 50 496
112 50 497
112 50 498
112 50 500
112 50 502
112 50 503
112 50 504
112 50 531
112 50 534
112 50 535
112 50 536
112 50 538
112 50 552
112 50 553
112 50 555
112 50 561
112 50 564
112 121 292
112 121 293
112 121 297
112 121 299
112 121 300
112 121 303
112 121 305
112 121 306
112 121 307
112 121 308
112 121 309
112 121 321
112 121 323
112 121 329
112 121 330
112 121 349
112 121 356
112 121 380
112 121 383
112 121 390
112 121 394
112 121 427
112 121 430
112 121 431
112 121 432
112 121 434
112 121 436
112 121 451
112 121 459
112 121 460
112 121 461
112 121 463
112 121 464
112 121 466
112 121 467
112 121 468
112 121 470
112 121 472
112 121 473
112 121 474
112 121 494
112 116 475
112 44 504
112 2 510
112 2 517
112 11 517
112 108 519
112 14 909
112 14 925
112 14 927
112 14 936
112 14 939
112 14 940
112 14 943
112 87 925
112 87 936
112 87 940
134 108 294
134 108 295
134 108 296
134 108 297
134 108 298
134 108 299
134 108 300
134 108 301
134 108 308
134 108 309
134 108 310
134 108 311
134 108 312
134 108 319
134 108 320
134 108 321
134 108 322
134 108 324
134 108 325
134 108 326
134 108 327
134 108 328
134 108 329
134 108 330
134 108 331
134 108 332
134 108 333
134 108 334
134 108 335
134 108 337
134 108 338
134 108 341
134 108 342
134 108 343
134 108 347
134 108 348
134 108 349
134 108 350
134 108 357
134 108 358
134 108 359
134 108 360
134 108 361
134 108 362
134 108 363
134 108 364
134 108 367
134 108 368
134 108 369
134 108 370
134 108 371
134 108 373
134 108 374
134 108 375
134 108 376
134 108 377
134 108 378
134 108 379
134 108 380
134 108 381
134 108 382
134 108 383
134 108 384
134 108 385
134 108 386
134 108 387
134 108 388
134 108 389
134 108 391
134 108 392
134 108 393
134 108 394
134 108 395
134 108 397
134 108 398
134 108 399
134 108 400
134 108 401
134 108 402
134 108 415
134 108 423
134 108 427
134 125 349
134 125 350
134 125 355
134 125 356
134 125 357
134 125 394
134 125 397
134 125 398
134 125 399
134 16 879
134 16 883
134 16 890
134 16 892
134 16 893
134 16 898
134 16 902
134 16 904
134 16 905
134 16 906
134 16 907
134 16 908
134 16 915
134 16 916
134 16 917
134 16 918
134 16 919
134 16 920
134 16 921
134 16 922
134 16 923
134 16 924
134 16 925
134 16 926
134 16 927
134 16 928
134 16 929
134 16 930
134 16 931
134 16 932
134 16 933
134 16 934
134 16 937
134 16 938
134 16 939
134 16 940
134 16 941
134 16 942
134 16 943
134 16 944
134 16 945
134 16 946
134 16 947
134 16 948
134 16 950
134 16 952
134 16 953
134 16 957
134 16 958
134 16 959
134 16 960
50 125 293
50 125 294
50 125 295
50 125 297
50 125 300
50 125 301
50 125 302
50 125 303
50 125 304
50 125 305
50 125 306
50 125 307
50 125 308
50 125 312
50 125 314
50 125 315
50 125 316
50 125 317
50 125 319
50 125 320
50 125 322
50 125 323
50 125 324
50 125 325
50 125 326
50 125 327
50 125 338
50 125 342
50 125 344
50 125 347
50 125 348
50 125 349
50 125 352
50 125 353
50 125 354
50 125 356
50 125 357
50 125 372
50 125 378
50 125 379
50 125 380
50 125 381
50 125 382
50 125 383
50 125 384
50 125 385
50 125 386
50 125 387
50 125 388
50 125 389
50 125 390
50 125 391
50 125 392
50 125 393
50 125 394
50 125 395
50 125 396
50 125 397
50 125 398
50 125 399
50 125 461
50 108 297
50 108 299
50 108 300
50 108 309
50 108 311
50 108 322
50 108 323
50 108 325
50 108 326
50 108 327
50 108 328
50 108 330
50 108 331
50 108 333
50 108 334
50 108 335
50 108 336
50 108 337
50 108 338
50 108 342
50 108 343
50 108 347
50 108 349
50 108 356
50 108 357
50 108 358
50 108 359
50 108 360
50 108 361
50 108 362
50 108 363
50 108 364
50 108 367
50 108 369
50 108 370
50 108 371
50 108 375
50 108 378
50 108 379
50 108 382
50 108 383
50 108 389
50 108 390
50 108 391
50 108 392
50 108 393
50 108 394
50 108 395
50 108 399
50 108 423
50 108 444
50 108 462
50 108 463
50 108 464
50 108 475
50 108 496
50 108 500
50 108 530
50 108 536
50 108 547
50 108 554
50 108 555
50 108 556
50 108 559
50 108 561
50 108 562
50 108 563
50 108 564
50 156 463
50 83 626
50 83 631
50 83 638
50 83 640
50 83 642
50 83 648
50 83 649
50 83 662
50 83 664
50 83 666
50 83 670
50 83 673
50 83 676
50 83 677
50 83 679
50 83 680
50 83 684
50 83 685
50 83 686
50 83 687
50 83 688
50 83 689
50 83 690
50 83 694
50 83 696
50 83 697
50 83 698
50 83 701
50 83 702
50 83 706
50 83 707
50 83 709
50 83 711
50 83 712
50 83 713
50 83 714
50 83 715
50 83 716
50 83 717
50 83 718
50 83 719
50 83 722
50 83 723
50 83 725
50 83 727
50 83 728
50 83 729
50 35 678
50 132 715
50 132 717
121 108 297
121 108 299
121 108 301
121 108 302
121 108 303
121 108 304
121 108 309
121 108 312
121 108 316
121 108 317
121 108 319
121 108 320
121 108 321
121 108 322
121 108 323
121 108 326
121 108 327
121 108 328
121 108 329
121 108 330
121 108 331
121 108 342
121 108 343
121 108 344
121 108 345
121 108 347
121 108 348
121 108 349
121 108 350
121 108 351
121 108 352
121 108 355
121 108 357
121 108 358
121 108 360
121 108 361
121 108 362
121 108 364
121 108 380
121 108 381
121 108 382
121 108 383
121 108 384
121 108 385
121 108 386
121 108 387
121 108 388
121 108 389
121 108 390
121 108 391
121 108 392
121 108 393
121 108 394
121 108 395
121 108 396
121 108 397
121 108 398
121 108 399
121 108 423
121 108 453
121 108 458
121 108 459
121 108 460
121 108 474
121 108 475
121 108 476
121 108 477
121 114 475
121 20 475
121 20 520
121 20 522
121 20 571
121 20 572
121 20 573
121 20 593
121 20 594
121 20 614
121 20 616
121 20 617
121 20 618
121 20 619
121 20 625
121 20 626
121 20 630
121 150 624
121 150 632
125 44 453
125 9 462
125 9 865
125 9 896
125 9 913
125 9 917
125 9 929
125 9 931
125 9 934
125 9 942
125 9 961
125 9 964
125 9 967
125 9 968
125 9 969
125 9 970
125 9 971
125 9 972
125 9 973
125 9 978
125 38 504
125 147 529
125 30 629
125 39 631
125 46 942
108 114 297
108 114 298
108 114 300
108 114 301
108 114 302
108 114 303
108 114 304
108 114 305
108 114 306
108 114 309
108 114 312
108 114 320
108 114 321
108 114 322
108 114 323
108 114 324
108 114 325
108 114 327
108 114 330
108 114 332
108 114 333
108 114 334
108 114 335
108 114 336
108 114 337
108 114 338
108 114 343
108 114 344
108 114 345
108 114 346
108 114 347
108 114 349
108 114 352
108 114 354
108 114 355
108 114 357
108 114 358
108 114 359
108 114 360
108 114 361
108 114 362
108 114 363
108 114 364
108 114 368
108 114 369
108 114 370
108 114 371
108 114 372
108 114 373
108 114 374
108 114 376
108 114 377
108 114 378
108 114 379
108 114 380
108 114 381
108 114 382
108 114 383
108 114 387
108 114 388
108 114 390
108 114 391
108 114 393
108 114 394
108 114 395
108 114 400
108 114 449
108 114 451
108 114 458
108 114 460
108 114 473
108 114 474
108 114 476
108 114 478
108 114 479
108 114 494
108 114 496
108 114 501
108 114 502
108 114 507
108 114 508
108 114 509
108 114 510
108 114 512
108 114 513
108 114 525
108 114 526
108 114 527
108 114 534
108 114 536
108 114 540
108 114 543
108 114 544
108 114 545
108 114 546
108 114 547
108 114 549
108 114 555
108 114 561
108 114 562
108 114 564
108 2 498
108 2 499
108 2 501
108 2 504
108 2 505
108 2 506
108 2 507
108 2 508
108 2 510
108 2 511
108 2 514
108 2 515
108 2 517
108 2 519
108 2 520
108 2 522
108 2 523
108 2 524
108 2 525
108 2 526
108 2 527
108 2 529
108 2 530
108 2 534
108 2 536
108 2 538
108 2 540
108 2 541
108 2 542
108 2 545
108 26 510
108 75 557
114 70 472
114 70 473
114 38 477
114 38 482
114 59 479
114 44 480
114 9 483
114 52 483
114 52 521
114 128 487
114 147 512
114 147 513
114 147 514
114 147 518
114 147 524
114 2 526
114 2 527
114 132 599
35 150 327
35 42 356
35 42 357
35 59 381
35 86 382
35 46 382
35 46 391
35 27 640
35 27 643
35 27 645
35 27 647
35 27 649
35 27 650
35 27 651
35 27 652
35 27 653
35 27 654
35 27 655
35 27 656
35 27 658
35 27 659
35 27 662
35 27 663
35 27 664
35 27 665
35 27 666
35 27 668
35 27 669
35 27 671
35 27 672
35 27 673
35 27 674
35 27 675
35 27 676
35 27 677
35 27 678
35 27 679
35 27 680
35 27 681
35 27 682
35 27 684
35 27 690
35 27 701
35 27 702
35 27 703
35 27 704
35 116 654
35 25 660
35 25 687
35 25 688
46 23 353
46 31 424
46 31 425
46 44 430
46 20 454
30 42 313
30 42 314
30 42 316
30 42 317
30 42 318
30 42 319
30 42 320
30 42 326
30 42 327
30 42 328
30 42 329
30 42 332
30 42 333
30 42 334
30 42 338
30 42 339
30 42 340
30 42 341
30 71 601
30 71 611
30 71 625
30 71 628
30 71 630
30 71 631
30 71 636
30 105 636
42 39 329
42 19 330
42 19 422
42 135 337
42 68 416
42 31 419
42 31 423
42 31 424
42 31 425
42 31 432
42 31 435
42 31 436
42 31 437
42 31 438
42 31 439
42 31 440
42 31 441
42 31 442
42 31 443
42 31 444
42 31 446
42 31 449
42 31 450
42 31 457
42 31 466
42 31 467
42 31 471
42 93 728
42 93 729
42 93 730
42 93 731
42 93 733
42 93 734
42 93 735
42 93 736
42 93 737
42 93 738
42 93 739
42 93 741
42 93 742
42 93 743
42 93 744
42 93 746
42 93 747
42 93 748
42 93 749
42 93 750
42 93 752
42 93 753
42 93 755
42 93 757
42 93 759
42 93 762
42 93 766
42 93 767
42 93 768
42 93 774
42 93 775
42 93 776
42 93 778
42 93 780
42 93 787
42 93 788
42 93 789
42 93 790
42 93 791
42 93 792
42 93 793
42 93 794
42 93 795
42 93 796
42 93 797
42 93 803
42 93 805
42 93 807
42 93 808
42 93 809
42 93 812
42 93 813
42 93 814
42 93 815
42 93 820
42 93 821
42 93 822
42 93 823
42 93 825
42 93 826
42 93 828
42 132 739
42 132 740
42 132 741
42 132 742
42 132 743
42 21 776
42 1 787
42 1 790
42 45 796
42 105 803
42 48 809
42 152 815
42 152 816
42 51 817
92 70 335
92 70 342
92 6 384
92 71 620
145 150 318
145 150 319
145 150 341
145 150 342
145 150 349
145 150 352
145 150 353
145 150 354
145 19 320
145 19 337
145 19 341
145 19 342
145 19 353
145 19 354
145 14 323
145 14 334
145 14 335
145 14 344
145 14 350
145 14 352
145 55 337
145 55 348
145 55 353
145 55 354
145 6 350
150 60 636
155 19 318
155 19 319
155 19 324
155 19 330
155 19 344
155 19 350
155 19 353
155 55 318
155 55 319
155 55 342
155 55 347
155 55 348
155 55 349
155 55 350
155 55 353
155 55 354
155 14 323
155 14 347
155 14 350
155 14 352
155 6 351
19 77 327
19 59 353
19 59 354
19 25 362
19 131 367
19 131 386
19 131 401
19 137 378
19 6 380
19 6 414
19 6 432
19 6 433
19 6 434
19 106 433
55 105 802
55 105 888
55 105 890
55 105 917
55 105 930
55 105 933
55 105 937
55 105 938
55 152 916
55 152 918
55 152 919
55 152 920
55 152 921
55 152 923
55 152 924
55 152 929
55 152 933
55 152 935
55 152 936
55 152 944
55 152 945
55 152 946
55 152 947
55 152 949
55 152 951
55 152 952
55 152 962
55 152 996
55 152 997
55 152 1000
55 152 1001
23 86 327
23 115 760
23 115 764
23 115 767
23 115 768
23 115 769
23 115 770
23 115 771
23 115 772
23 115 773
23 115 774
23 115 776
23 115 778
23 115 780
23 115 785
23 115 787
23 115 788
23 115 789
23 115 790
23 115 793
23 115 794
23 115 795
23 115 796
23 115 797
23 115 798
23 115 799
23 115 804
23 115 805
23 115 810
23 115 812
23 115 813
23 115 815
23 115 816
23 115 818
23 115 819
23 115 820
23 115 821
23 115 822
23 115 823
23 115 824
23 115 825
23 115 827
23 115 828
23 115 830
23 115 831
23 115 832
23 115 833
23 115 834
23 115 835
23 115 836
23 115 837
23 115 838
23 115 839
23 115 840
23 115 841
23 115 843
23 115 844
23 115 849
23 115 850
23 115 851
23 115 852
23 115 855
23 115 858
23 115 859
23 115 860
23 115 861
23 115 862
23 115 864
23 115 865
23 115 867
23 115 868
23 115 869
23 115 870
23 115 871
23 115 872
23 115 874
23 115 880
23 115 883
23 115 884
23 115 886
23 115 887
23 115 888
23 115 889
23 115 892
23 115 893
23 115 899
23 115 900
23 115 901
23 115 902
23 115 903
23 115 904
23 115 910
23 115 911
23 115 918
23 115 920
23 115 922
23 115 925
23 115 927
23 115 930
23 115 931
23 115 932
23 115 934
23 129 927
59 14 322
59 14 325
59 14 338
59 14 340
59 14 342
59 14 346
59 14 347
59 14 348
59 14 350
59 68 357
59 68 359
59 68 360
59 68 361
59 68 362
59 68 363
59 68 364
59 68 365
59 68 366
59 68 367
59 68 368
59 68 369
59 68 370
59 68 371
59 68 372
59 68 373
59 68 374
59 68 377
59 68 379
59 68 381
59 68 389
59 68 390
59 68 391
59 68 398
59 68 407
59 68 413
59 68 414
59 68 415
59 68 416
59 68 418
59 68 421
59 68 422
59 68 426
59 68 427
59 68 428
59 68 429
59 68 430
59 68 433
59 68 434
59 68 435
59 68 436
59 68 437
59 68 438
59 68 440
59 68 441
59 68 443
59 68 444
59 68 445
59 68 446
59 68 447
59 68 448
59 68 449
59 68 450
59 68 451
59 68 452
59 68 453
59 68 454
59 68 455
59 68 457
59 68 458
59 68 472
59 68 474
59 68 475
59 68 480
59 44 368
59 44 416
59 6 395
59 135 442
59 47 476
59 128 479
14 105 864
39 128 599
39 71 607
39 20 625
39 20 630
86 68 382
86 47 628
86 47 633
86 47 634
86 47 635
86 47 636
86 47 637
86 47 643
86 47 647
86 47 658
86 47 659
86 47 665
86 47 667
86 47 668
86 47 671
86 47 672
86 47 674
86 47 675
86 47 678
86 47 683
86 47 691
86 47 692
86 47 693
86 47 708
86 47 710
86 47 724
86 3 635
86 3 636
86 75 674
86 132 716
77 6 385
77 6 386
77 6 390
77 104 392
77 56 392
77 45 845
77 153 845
77 87 850
77 147 853
131 25 364
131 26 481
135 137 330
135 137 331
135 137 333
135 137 334
135 137 336
135 137 338
135 137 339
135 137 340
135 137 341
135 137 344
135 137 348
135 137 349
135 137 350
135 137 354
135 137 356
135 137 357
135 137 360
135 137 362
135 137 371
135 137 372
135 137 380
135 137 382
135 137 384
135 137 385
135 137 391
135 137 395
135 137 400
135 137 401
135 137 402
135 137 403
135 137 404
135 137 405
135 137 406
135 137 407
135 137 408
135 137 414
135 137 416
135 137 418
135 137 419
135 137 420
135 137 421
135 137 423
135 137 424
135 137 425
135 137 426
135 137 427
135 137 432
135 137 442
135 137 443
135 137 444
135 137 445
135 137 446
135 137 447
135 137 450
135 137 451
135 137 456
135 137 457
135 137 459
135 137 463
135 137 464
135 137 468
135 137 469
135 137 473
135 137 478
135 137 479
135 137 480
135 137 481
135 137 511
135 137 522
135 137 528
135 137 529
135 6 381
135 147 529
135 11 534
135 25 595
135 25 596
135 25 603
135 25 604
135 25 605
135 25 606
135 25 607
135 25 608
135 25 609
135 25 610
135 25 617
135 25 618
135 25 621
135 25 629
135 25 630
135 25 641
135 25 642
135 25 645
135 25 648
135 25 650
135 25 651
135 25 661
135 25 685
135 25 693
135 25 694
135 25 695
135 25 699
135 25 704
135 25 705
135 25 710
135 25 717
135 25 718
135 25 720
135 25 801
135 27 658
135 27 659
135 36 792
137 44 334
137 26 481
137 95 836
137 95 842
137 95 845
137 95 850
137 95 851
137 95 852
137 95 854
137 95 856
137 95 858
137 95 880
137 95 887
137 95 899
137 95 902
137 95 903
137 95 907
137 95 911
137 95 913
44 6 419
44 104 447
44 56 450
44 16 642
44 16 649
44 75 644
70 110 864
70 110 867
70 110 874
70 110 924
70 110 926
70 110 927
70 110 931
70 110 939
70 110 940
70 110 941
70 110 942
70 16 906
70 31 940
70 142 941
70 105 942
70 105 943
6 106 344
6 106 345
6 106 353
6 106 355
6 106 362
6 106 363
6 106 366
6 106 367
6 106 374
6 106 383
6 106 391
6 106 398
6 106 399
6 106 400
6 106 401
6 106 402
6 106 403
6 106 405
6 106 418
6 106 426
6 106 427
6 104 356
6 104 359
6 104 365
6 104 373
6 104 397
6 104 404
6 104 419
6 104 430
6 104 433
6 62 394
6 68 411
6 68 412
6 31 419
106 142 941
140 57 583
140 57 584
140 57 587
140 57 591
140 57 602
140 57 606
140 57 610
140 57 611
140 57 614
140 57 617
140 57 631
140 57 635
140 57 636
140 57 637
140 57 640
140 57 641
140 57 649
140 57 659
140 57 669
140 57 682
140 57 683
140 57 685
140 57 748
140 57 759
140 57 784
140 57 785
140 57 786
140 26 627
140 26 643
140 26 647
104 60 378
104 60 380
104 60 381
104 60 382
104 60 383
104 60 384
104 60 385
104 60 388
104 60 390
104 60 391
104 60 392
104 60 411
104 60 414
104 60 419
104 60 422
104 60 423
104 60 427
104 60 429
104 60 437
104 60 438
104 60 439
104 60 440
104 60 441
104 60 442
104 60 443
104 60 444
104 60 445
104 60 446
104 60 447
104 60 448
104 60 451
104 60 453
104 60 454
104 60 455
104 60 456
104 60 457
104 60 460
104 60 462
104 60 475
104 60 488
104 60 489
104 60 490
104 60 491
104 60 492
104 60 493
104 60 501
104 60 503
104 60 505
104 60 506
104 60 507
104 60 508
104 60 509
104 60 510
104 60 511
104 60 512
104 40 511
104 40 512
68 110 828
25 57 593
25 57 596
25 57 604
25 57 606
25 57 608
25 57 609
25 57 610
25 57 615
25 57 617
25 57 618
25 57 619
25 57 620
25 57 621
25 57 622
25 57 623
25 57 627
25 57 628
25 57 629
25 57 630
25 57 641
25 57 659
25 57 670
25 57 685
25 57 726
25 57 727
25 57 728
25 57 737
25 57 740
25 57 747
25 57 750
25 57 751
25 57 752
25 57 753
25 57 754
25 57 755
25 57 756
25 57 799
25 3 678
25 48 791
60 71 592
60 71 593
60 71 594
60 71 596
60 71 600
60 71 602
60 71 603
60 71 604
60 71 605
60 71 606
60 71 608
60 71 609
60 71 612
60 71 614
60 71 615
60 71 626
60 71 632
60 71 659
60 71 660
60 71 661
60 71 671
60 71 672
60 71 673
60 71 674
60 71 676
60 71 680
60 71 683
60 71 684
60 71 687
60 71 688
60 71 689
60 71 690
60 71 691
60 71 692
60 71 693
60 71 694
60 71 695
60 71 698
60 71 699
60 71 700
60 71 701
60 71 702
60 71 707
60 71 709
60 71 745
60 71 758
60 71 759
60 71 762
60 71 763
60 71 764
60 71 765
60 71 766
60 71 767
60 105 602
60 105 632
60 105 636
60 105 657
60 105 658
60 105 698
60 105 701
60 116 661
60 116 662
60 129 695
60 80 763
60 80 764
60 80 767
60 122 764
33 80 768
33 80 773
33 142 793
33 142 794
33 142 821
33 142 822
33 142 829
33 142 889
33 142 890
33 142 901
33 142 903
33 142 928
33 142 940
33 142 941
33 110 940
33 110 941
56 9 454
56 9 460
56 40 511
56 40 512
62 36 731
62 36 732
62 36 733
62 36 734
62 36 735
62 36 736
62 36 737
62 36 738
62 36 739
62 36 740
62 36 741
62 36 742
62 36 743
62 36 744
62 36 745
62 36 746
62 36 747
62 36 748
62 36 749
62 36 750
62 36 751
62 36 754
62 36 755
62 36 758
62 36 764
62 36 768
62 36 769
62 36 770
62 36 792
64 3 633
64 3 638
64 3 642
64 3 643
64 3 645
64 3 646
64 3 647
64 3 648
64 3 649
64 3 650
64 3 653
64 3 654
64 3 655
64 3 658
64 3 660
64 3 668
64 3 669
64 3 681
64 3 683
64 3 687
64 3 696
64 3 697
64 3 698
64 3 699
64 3 705
132 9 476
132 71 593
132 71 594
132 71 595
132 71 596
132 71 598
132 71 599
132 71 600
132 71 601
132 71 603
132 71 604
132 71 605
132 71 607
132 71 609
132 71 610
132 71 612
132 71 613
132 71 614
132 71 615
132 71 617
132 71 621
132 71 622
132 71 628
132 71 630
132 71 631
132 71 632
132 71 633
132 71 645
132 71 646
132 71 647
132 71 660
132 71 662
132 71 663
132 71 664
132 71 669
132 71 672
132 71 673
132 71 674
132 71 675
132 71 676
132 71 696
132 71 697
132 71 698
132 71 701
132 71 702
132 71 703
132 71 733
132 71 766
132 71 767
132 105 636
132 105 637
132 105 646
132 105 648
132 105 680
132 105 714
132 105 719
132 116 661
132 116 666
132 110 743
31 83 888
31 83 940
31 83 941
26 2 510
26 52 515
26 52 516
26 47 647
47 20 443
47 20 444
47 20 445
47 20 447
47 20 448
47 20 451
47 20 452
47 20 453
47 20 469
47 20 471
47 20 472
47 20 478
47 20 479
47 20 480
47 20 482
47 20 485
47 20 515
47 20 516
47 20 517
47 20 518
47 20 519
47 20 520
47 20 521
47 20 523
47 20 524
47 20 525
47 20 600
47 20 602
47 20 603
47 20 604
47 20 605
47 20 606
47 20 632
47 147 459
47 147 460
47 147 461
47 147 462
47 147 463
47 147 464
47 147 465
47 147 466
47 147 467
47 147 649
47 27 686
20 156 443
20 156 444
20 156 445
20 156 449
20 156 453
20 156 454
20 156 458
20 156 460
20 156 465
20 156 466
20 156 468
20 156 474
20 156 478
20 156 479
20 156 480
20 156 485
20 156 486
20 156 487
20 156 489
20 156 496
20 156 499
20 156 500
20 156 514
20 156 516
20 156 520
20 156 521
20 156 526
20 156 528
20 156 532
20 156 534
20 156 535
20 156 536
20 156 537
20 156 538
20 156 539
20 156 540
20 156 541
20 156 542
20 156 543
20 156 544
20 156 545
20 156 546
20 156 547
20 156 548
20 156 549
20 156 550
20 156 551
20 156 552
20 156 553
20 156 554
20 156 555
20 156 560
20 156 567
20 156 568
20 156 569
20 156 573
20 156 574
20 156 575
20 156 576
20 156 577
20 156 578
20 156 579
20 156 580
20 156 581
20 156 582
20 156 583
20 156 584
20 156 585
20 156 586
20 156 587
20 156 591
20 156 592
20 156 595
20 156 596
20 156 597
20 156 600
20 156 601
20 156 602
20 156 603
20 156 620
20 98 444
20 98 446
20 98 447
20 98 452
20 98 457
20 98 478
20 98 479
20 98 484
20 98 485
20 98 486
20 98 520
20 98 521
20 98 522
20 98 523
20 98 524
20 98 525
20 98 526
20 98 527
20 98 623
156 75 611
156 75 615
156 75 616
156 3 644
98 9 466
98 51 522
98 51 523
98 51 524
98 51 527
98 51 528
98 51 536
98 51 537
98 51 540
98 51 542
98 51 543
98 51 545
98 51 561
98 51 562
98 51 564
98 51 580
98 51 584
98 51 590
98 51 613
98 51 616
98 51 617
98 51 618
98 51 619
98 93 616
152 9 466
152 9 601
152 11 535
152 11 536
152 11 539
152 11 540
152 11 542
152 11 547
152 11 550
152 11 555
152 11 567
152 11 584
152 11 599
152 11 603
152 11 604
152 11 605
152 11 606
152 11 607
152 11 608
152 11 611
152 93 891
147 142 534
147 75 631
147 36 632
147 80 768
147 80 769
147 80 806
147 80 808
147 80 809
147 80 823
147 80 912
147 21 833
147 10 839
147 110 940
147 110 942
147 105 942
9 17 976
38 128 477
38 100 794
38 100 799
38 100 801
38 100 803
38 100 812
38 100 814
38 100 815
38 100 820
38 100 821
38 100 828
38 100 834
38 100 835
38 100 836
38 100 837
38 100 838
38 100 839
38 100 846
38 100 847
38 109 795
38 109 811
38 109 816
38 109 830
38 109 832
38 109 834
38 109 839
38 109 840
38 109 846
38 109 847
38 40 803
38 21 816
38 45 847
116 27 656
116 71 661
116 3 671
116 57 672
128 2 527
40 2 501
40 110 728
40 110 730
40 110 731
40 110 734
40 110 736
40 110 740
40 110 745
40 110 746
40 110 747
40 110 753
40 110 754
40 110 755
40 110 756
40 110 757
40 110 758
40 110 759
40 110 760
40 110 766
40 110 767
40 110 769
40 110 775
40 110 776
40 110 780
40 110 787
40 110 789
40 110 790
40 110 791
40 110 792
40 110 796
40 110 797
40 110 800
40 110 801
40 110 809
40 110 810
40 110 811
40 110 812
40 110 813
40 110 818
40 110 820
40 110 821
40 110 827
40 110 828
40 87 824
2 11 518
2 11 525
2 11 526
11 21 844
51 157 783
51 157 784
51 157 790
51 157 800
51 157 801
51 157 802
51 157 803
51 157 804
51 157 805
51 157 806
51 157 812
51 157 815
51 157 816
51 157 817
51 157 818
51 157 822
51 157 842
51 157 843
51 157 844
51 157 845
51 157 846
51 157 847
51 157 877
51 157 878
51 157 880
51 157 881
51 157 885
51 157 887
51 157 888
51 157 889
51 157 890
51 157 891
51 157 892
51 157 893
51 157 894
51 157 903
51 157 904
51 157 905
51 157 906
51 157 909
51 157 917
51 157 925
51 157 927
51 157 934
51 157 939
51 157 967
51 48 805
51 110 808
51 21 845
51 93 890
10 129 686
10 129 687
10 129 690
10 129 691
10 129 692
10 129 693
10 129 697
10 129 698
10 129 703
10 129 704
10 129 705
10 129 712
10 129 713
10 129 715
10 129 716
10 129 717
10 129 718
10 129 720
10 129 721
10 129 722
10 129 723
10 129 726
10 129 727
10 129 728
10 129 729
10 129 730
10 129 733
10 129 734
10 129 735
10 129 738
10 129 739
10 129 741
10 129 743
10 129 744
10 129 745
10 129 746
10 129 747
10 129 748
10 129 749
10 129 750
10 129 758
10 129 759
10 129 760
10 129 762
10 129 764
10 129 771
10 129 772
10 129 774
10 129 776
10 129 778
10 129 779
10 129 780
10 129 781
10 129 782
10 129 783
10 129 785
10 129 786
10 129 787
10 129 788
10 129 789
10 129 790
10 129 791
10 129 792
10 129 793
10 129 794
10 129 796
10 129 797
10 129 798
10 129 799
10 129 800
10 129 801
10 129 802
10 129 803
10 129 804
10 129 805
10 129 806
10 129 807
10 129 808
10 129 809
10 129 810
10 129 813
10 129 814
10 129 815
10 129 816
10 129 817
10 129 818
10 129 819
10 129 824
10 129 827
10 129 829
10 129 830
10 129 831
10 129 834
10 129 835
10 129 836
10 129 837
10 129 839
10 129 847
10 129 851
10 129 852
10 129 853
10 129 854
10 129 855
10 129 862
10 129 863
10 129 867
10 129 868
10 129 869
10 129 871
10 129 872
10 129 874
10 129 875
10 129 876
10 129 878
10 129 884
10 129 885
10 129 886
10 129 887
10 129 888
10 129 889
10 129 890
10 129 894
10 129 897
10 129 901
10 129 902
10 129 903
10 129 904
10 129 905
10 129 906
10 129 907
10 129 908
10 129 909
10 129 910
10 129 911
10 129 912
10 129 915
10 129 918
10 129 919
10 129 921
10 129 922
10 129 923
10 129 924
10 129 925
10 129 927
10 129 928
10 129 930
10 129 936
10 129 938
10 129 939
10 129 940
10 129 941
10 129 943
10 129 944
10 129 945
10 129 946
10 129 947
10 129 948
10 129 949
10 129 951
10 129 952
10 129 958
10 129 959
10 129 974
10 129 975
10 129 976
10 129 977
10 4 779
10 45 839
142 83 793
142 83 794
142 83 807
142 83 821
142 83 840
142 83 864
142 83 865
142 83 889
142 83 890
142 83 898
142 83 900
142 83 901
142 83 928
142 83 935
142 83 936
142 83 940
142 83 941
142 109 811
75 3 626
75 3 631
75 3 648
75 3 654
75 27 681
57 79 686
57 16 789
71 105 695
105 93 611
105 93 612
105 93 615
105 93 616
105 93 618
105 93 619
105 93 620
105 93 621
105 93 622
105 93 625
105 93 626
105 93 627
105 93 628
105 93 630
105 93 633
105 93 634
105 93 643
105 93 647
105 93 654
105 93 655
105 93 656
105 93 660
105 93 661
105 93 663
105 93 667
105 93 668
105 93 671
105 93 673
105 93 674
105 93 679
105 93 680
105 93 681
105 93 683
105 93 685
105 93 686
105 93 687
105 93 689
105 93 690
105 93 696
105 93 700
105 93 701
105 93 702
105 93 704
105 93 705
105 93 707
105 93 708
105 93 709
105 93 721
105 93 722
105 93 723
105 93 724
105 93 725
105 93 726
105 93 742
105 93 743
105 93 754
105 93 788
105 93 789
105 93 801
105 93 810
105 93 811
105 93 812
105 93 813
105 93 815
105 93 817
105 93 818
105 93 821
105 93 822
105 93 824
105 93 825
105 93 826
105 93 827
105 93 829
105 93 833
105 93 841
105 93 842
105 93 843
105 93 858
105 93 877
105 93 878
105 93 880
105 93 881
105 93 882
105 93 883
105 93 884
105 93 885
105 93 886
105 93 888
105 93 889
105 93 890
105 93 891
105 93 892
105 93 893
105 93 897
105 93 898
105 93 899
105 93 903
105 93 905
105 93 910
105 93 911
105 93 915
105 93 919
105 93 920
105 93 921
105 93 936
105 93 938
105 3 643
105 3 660
105 3 663
105 3 664
105 79 697
105 27 701
105 27 704
105 21 731
105 21 799
105 21 800
105 21 804
105 21 806
105 115 794
105 115 796
105 115 797
105 115 798
105 115 800
105 115 802
105 115 803
105 115 804
105 115 805
105 48 799
105 157 800
105 157 888
105 157 890
105 157 891
105 157 893
105 157 894
105 157 899
105 157 916
105 157 922
93 110 727
93 110 730
93 110 734
93 110 742
93 110 746
93 110 753
93 110 758
93 110 759
93 110 761
93 110 762
93 110 775
93 110 776
93 110 782
93 110 797
93 110 800
93 110 801
93 110 802
93 110 811
93 110 812
93 110 813
93 110 820
93 110 821
93 110 823
93 110 827
93 110 828
93 110 942
17 79 618
17 79 619
17 129 975
79 3 638
79 27 679
79 27 680
36 3 620
36 3 621
36 3 622
36 3 623
36 3 624
36 3 625
36 3 626
36 3 627
36 3 628
36 3 629
36 3 630
36 3 632
36 3 633
36 3 634
36 3 636
36 3 638
36 3 639
36 3 640
36 3 641
36 3 642
36 3 643
36 3 645
36 3 646
36 3 647
36 3 648
36 3 649
36 3 650
36 3 651
36 3 652
36 3 653
36 3 654
36 3 655
36 3 656
36 3 658
36 3 659
36 3 660
36 3 664
36 3 665
36 3 667
36 3 669
36 3 670
36 3 673
36 3 674
36 3 675
36 3 679
36 3 681
36 3 687
36 3 688
36 3 689
36 3 690
36 3 691
36 3 692
36 3 696
36 3 697
36 3 698
36 3 702
36 3 703
36 3 704
36 3 705
36 3 706
36 3 711
36 3 712
36 3 715
36 3 716
36 3 718
36 3 719
36 3 721
36 3 723
36 3 724
36 3 725
36 4 732
36 4 737
36 4 738
36 4 740
36 4 741
36 4 742
36 4 743
36 4 746
36 4 747
36 4 749
36 4 750
36 4 752
36 4 754
36 4 758
36 4 759
36 4 760
36 4 763
36 4 764
36 4 765
36 4 766
36 4 767
36 4 768
36 4 769
36 4 770
36 4 771
36 4 772
36 4 773
36 4 774
36 4 792
36 4 793
36 4 794
36 4 795
65 4 736
65 4 737
65 4 738
65 4 739
65 4 740
65 4 741
65 4 744
65 4 745
65 4 747
65 4 749
65 4 750
65 4 752
65 4 754
65 4 755
65 4 756
65 4 757
65 4 760
65 4 762
65 4 768
65 4 769
65 4 770
65 4 781
65 4 782
65 4 784
65 4 792
65 4 794
83 27 687
83 110 940
83 110 941
16 109 784
16 109 785
16 109 786
16 109 787
16 109 788
16 109 789
16 109 790
16 109 791
16 109 792
16 109 793
16 109 794
16 109 796
16 109 797
16 109 798
16 109 799
16 109 800
16 109 801
16 109 802
16 109 807
16 109 808
16 109 810
16 109 812
16 109 813
16 109 815
16 109 821
16 109 822
16 109 823
16 109 824
16 109 826
16 109 828
16 109 837
16 109 840
16 109 845
16 109 846
16 109 856
16 109 857
16 109 858
16 109 859
16 109 867
16 109 870
16 109 873
16 109 874
16 109 875
16 109 876
16 109 877
16 109 878
16 109 879
16 109 882
16 109 887
16 109 889
16 109 890
16 109 891
16 109 892
16 109 893
16 109 895
16 109 897
16 109 907
16 109 910
16 109 911
16 109 912
16 109 914
16 109 915
16 109 916
16 109 917
16 109 919
16 109 920
16 109 921
16 109 924
16 109 926
16 109 928
16 109 929
16 109 930
16 109 931
16 109 932
16 109 933
16 109 934
16 109 935
16 109 937
16 109 938
16 109 944
16 109 945
16 109 946
16 109 947
16 109 948
16 109 949
16 109 950
16 109 951
16 109 952
16 109 953
16 109 954
16 109 956
16 109 957
16 109 958
16 109 959
16 87 784
16 87 785
16 87 786
16 87 790
16 87 791
16 87 792
16 87 793
16 87 794
16 87 795
16 87 796
16 87 797
16 87 798
16 87 799
16 87 800
16 87 801
16 87 802
16 87 803
16 87 804
16 87 805
16 87 806
16 87 807
16 87 808
16 87 813
16 87 814
16 87 816
16 87 817
16 87 818
16 87 840
16 87 841
16 87 856
16 87 857
16 87 859
16 87 866
16 87 879
16 87 887
16 87 889
16 87 891
16 87 892
16 87 894
16 87 896
16 87 897
16 87 899
16 87 901
16 87 905
16 87 910
16 87 911
16 87 913
16 87 914
16 87 915
16 87 916
16 87 917
16 87 918
16 87 919
16 87 920
16 87 921
16 87 922
16 87 923
16 87 924
16 87 927
16 87 929
16 87 930
16 87 931
16 87 932
16 87 933
16 87 936
16 87 937
16 87 938
16 87 939
16 87 940
16 87 941
16 87 942
16 87 943
16 87 944
16 87 945
16 87 946
16 87 947
16 87 949
16 87 952
16 87 955
16 87 956
16 87 957
16 87 958
16 87 959
16 87 960
129 87 762
129 87 786
129 87 791
129 87 792
129 87 793
129 87 796
129 87 800
129 87 801
129 87 802
129 87 803
129 87 809
129 87 810
129 87 811
129 87 815
129 87 817
129 87 818
129 87 819
129 87 826
129 87 827
129 87 835
129 87 836
129 87 837
129 87 841
129 87 844
129 109 785
129 109 790
129 109 791
129 109 793
129 109 800
129 109 801
129 109 802
129 109 803
129 109 804
129 109 806
129 109 807
129 109 809
129 109 810
129 109 811
129 109 813
129 109 815
129 109 817
129 109 818
129 109 819
129 109 820
129 109 821
129 109 823
129 109 837
129 109 841
129 109 844
110 48 797
110 48 809
110 100 808
110 100 809
21 48 728
21 48 729
21 48 733
21 48 737
21 48 740
21 48 741
21 48 742
21 48 746
21 48 747
21 48 751
21 48 757
21 48 758
21 48 784
21 48 829
21 48 830
21 48 832
21 48 837
21 48 838
21 48 840
21 48 841
21 48 845
21 1 759
21 1 766
21 1 787
21 1 788
21 1 817
21 1 831
21 1 832
21 153 774
48 1 759
48 1 777
48 1 819
48 1 832
48 109 847
48 109 848
48 100 847
4 87 793
1 87 896
95 87 908
109 100 798
109 100 830
109 100 839
109 100 846
109 100 847
