49 4 0
49 4 2
49 4 9
49 4 10
49 4 11
49 4 12
49 4 14
49 4 15
49 4 16
49 4 17
49 4 18
49 4 19
49 4 20
49 4 23
49 4 27
49 33 94
49 33 114
49 30 163
49 30 169
49 30 170
49 39 1200
49 39 1201
49 39 1202
49 39 1203
49 39 1207
49 39 1216
49 39 1245
49 39 1267
4 43 41
4 33 157
4 33 158
4 33 159
4 33 160
4 33 161
4 33 162
4 33 164
4 33 165
4 33 166
4 33 167
4 33 168
4 8 945
4 8 946
4 8 947
4 8 958
4 8 959
4 8 960
4 8 962
4 8 963
4 8 964
4 8 965
4 8 966
4 8 969
4 8 970
4 8 973
4 8 975
4 8 976
4 8 977
4 8 979
4 8 980
4 8 983
4 8 988
4 8 989
4 8 990
4 8 992
4 8 993
4 8 994
4 8 995
4 8 996
4 8 997
4 8 999
4 8 1000
4 8 1001
4 8 1003
4 8 1023
4 8 1028
4 8 1030
4 8 1031
4 8 1032
4 8 1033
4 8 1034
4 8 1035
4 8 1039
4 8 1040
4 8 1041
4 8 1048
4 8 1049
4 8 1050
4 8 1063
4 8 1065
4 8 1066
4 8 1068
4 8 1075
4 8 1077
4 8 1080
4 8 1081
4 8 1082
4 8 1083
4 8 1089
4 8 1091
4 41 956
4 45 957
4 25 1002
4 25 1003
4 25 1006
4 25 1011
4 25 1023
4 25 1028
4 25 1029
4 25 1038
43 51 17
43 51 18
43 51 65
43 51 66
43 51 67
43 51 99
43 51 100
43 51 103
43 51 104
43 51 105
43 51 107
43 51 116
43 51 121
43 51 122
43 33 18
43 33 22
43 33 27
43 33 118
43 33 119
43 33 122
43 37 251
43 37 253
43 37 256
43 37 257
43 37 258
43 37 259
43 37 263
43 37 270
43 37 272
43 37 274
43 37 275
43 37 276
43 37 280
43 37 281
43 37 339
43 37 340
43 37 341
43 37 342
43 37 348
43 37 351
43 37 352
43 37 353
43 37 354
43 37 355
43 37 402
43 37 403
43 37 405
43 37 406
43 37 407
43 37 412
43 37 414
43 37 415
43 37 416
43 37 417
43 37 419
43 37 420
43 37 430
43 37 431
43 37 432
43 37 459
43 37 460
43 37 463
43 37 464
43 64 333
43 44 387
51 40 121
51 58 641
51 58 646
51 58 649
51 58 651
51 58 659
51 58 672
33 59 21
33 59 26
33 59 27
33 59 118
33 59 122
33 5 102
33 5 114
33 42 157
33 42 158
33 42 159
33 42 160
33 42 161
33 42 162
33 42 164
33 42 165
33 42 166
33 42 167
33 42 168
59 9 205
59 74 213
59 74 214
59 74 215
59 58 231
59 2 255
59 2 256
5 42 28
5 42 29
5 42 31
5 42 34
5 42 35
5 42 36
5 42 37
5 42 38
5 42 39
5 42 40
5 42 42
5 42 48
5 42 50
5 42 52
5 42 54
5 42 56
5 42 61
5 42 63
5 42 64
5 42 73
5 42 74
5 42 75
5 42 78
5 42 79
5 42 82
5 42 83
5 42 84
5 42 85
5 42 86
5 42 88
5 42 90
5 42 91
5 42 92
5 42 94
5 42 95
5 42 96
5 42 97
5 42 98
5 42 99
5 42 100
5 42 101
5 42 102
5 42 103
5 42 104
5 42 105
5 42 106
5 42 108
5 42 109
5 42 110
5 42 111
5 42 112
5 42 113
5 42 114
5 42 115
5 42 116
5 42 117
5 42 118
5 42 124
5 42 125
5 42 126
5 42 127
5 42 129
5 42 131
5 42 134
5 42 135
5 42 136
5 42 137
5 42 139
5 42 142
5 42 143
5 42 145
5 42 146
5 42 148
5 42 149
5 42 150
5 42 151
5 42 152
5 42 155
5 42 156
5 42 157
5 42 158
5 42 159
5 42 160
5 42 161
5 42 162
5 42 163
5 42 164
5 42 165
5 42 166
5 42 167
5 42 168
5 42 169
5 42 170
5 30 163
5 30 169
5 30 170
5 30 173
5 30 174
5 34 386
5 34 387
5 34 390
5 34 391
5 34 392
5 34 393
5 34 394
5 34 395
5 34 396
5 34 397
5 34 398
5 34 399
5 34 400
5 34 401
5 34 403
5 34 405
5 34 406
5 34 407
5 34 408
5 34 409
5 34 410
5 34 411
5 34 412
5 34 413
5 34 414
5 34 415
5 34 416
5 34 425
5 34 426
5 34 427
5 34 428
5 34 430
5 34 433
5 34 434
5 34 436
5 34 441
5 34 449
5 34 450
5 34 451
5 34 456
5 34 463
5 34 466
5 34 467
5 34 470
5 34 471
5 34 483
5 34 484
5 34 485
5 34 486
5 34 487
5 34 488
5 34 489
5 34 490
5 34 491
5 34 492
5 34 493
5 34 494
5 34 497
5 34 498
5 34 499
5 34 500
5 34 501
5 34 502
5 34 503
5 34 504
5 34 507
5 34 511
5 34 512
5 34 513
5 34 515
5 34 516
5 34 517
5 34 542
5 34 544
5 34 547
5 34 548
5 34 551
5 34 552
5 34 574
5 34 575
5 34 576
5 34 577
5 34 579
5 34 580
5 34 581
5 34 583
5 23 462
5 44 478
5 44 479
5 44 480
5 77 479
5 77 480
5 77 481
42 40 103
42 40 112
42 40 113
42 55 522
42 55 524
42 55 526
42 55 530
42 55 534
42 55 535
42 55 541
42 55 550
42 55 631
42 55 635
42 55 636
42 55 637
42 55 638
42 55 640
42 55 665
42 55 668
42 55 676
42 55 677
42 55 679
42 55 681
42 55 685
42 55 694
42 55 697
42 55 698
42 55 701
42 55 703
42 55 704
42 55 705
42 55 707
42 55 708
42 55 709
42 55 712
42 55 713
42 55 714
42 55 735
42 55 736
42 29 522
42 29 524
42 29 530
42 29 532
42 29 534
42 29 535
42 29 541
42 29 630
42 29 635
42 29 638
42 29 640
42 29 662
42 29 665
42 29 668
42 29 676
42 29 679
42 29 681
42 29 701
42 29 705
42 29 708
42 29 709
42 29 713
42 29 733
42 29 735
42 29 736
42 29 737
42 66 679
42 76 685
2 64 29
2 64 31
2 64 32
2 64 33
2 64 39
2 64 40
2 64 42
2 64 53
2 64 54
2 64 55
2 64 56
2 64 61
2 64 62
2 64 64
2 64 65
2 64 66
2 64 69
2 64 70
2 64 72
2 64 74
2 64 75
2 64 76
2 64 77
2 64 78
2 64 79
2 64 80
2 64 81
2 64 82
2 64 83
2 64 85
2 64 86
2 64 87
2 64 88
2 64 89
2 64 90
2 64 91
2 64 92
2 64 93
2 64 94
2 64 95
2 64 96
2 64 97
2 64 99
2 64 102
2 64 103
2 64 105
2 64 110
2 64 114
2 64 115
2 64 118
2 64 119
2 64 121
2 64 122
2 64 125
2 64 129
2 64 136
2 64 139
2 64 140
2 64 141
2 64 142
2 64 143
2 64 144
2 64 145
2 64 146
2 64 147
2 64 152
2 64 158
2 64 160
2 64 161
2 64 165
2 64 166
2 64 167
2 64 168
2 64 170
2 64 177
2 64 188
2 64 204
2 64 207
2 64 208
2 64 214
2 64 215
2 64 216
2 64 217
2 64 218
2 64 219
2 64 229
2 64 230
2 64 234
2 64 242
2 64 247
2 64 255
2 64 256
2 50 244
2 63 255
2 63 256
2 72 657
2 68 702
2 68 705
2 32 713
2 32 715
2 32 718
2 32 721
2 56 723
64 66 255
64 66 256
64 66 257
64 34 330
64 34 333
64 34 337
64 34 339
40 37 29
40 37 35
40 37 39
40 37 45
40 37 49
40 37 63
40 37 98
40 37 99
40 37 100
40 37 101
40 37 121
40 9 191
40 9 193
40 9 203
40 9 204
40 9 207
40 9 212
40 9 216
40 9 221
40 9 239
40 9 243
40 9 251
40 9 257
40 9 258
40 9 259
40 9 266
31 54 60
31 54 71
31 54 74
31 54 80
31 54 115
31 54 116
31 54 117
31 54 118
31 54 119
31 54 120
31 54 123
31 54 124
31 54 128
31 54 129
31 54 130
31 54 131
31 54 132
31 54 137
31 54 154
31 54 155
31 54 156
31 54 157
31 54 158
31 54 159
31 54 160
31 54 161
31 54 162
31 54 163
31 54 164
31 54 165
31 54 169
31 54 170
31 54 171
31 54 189
31 54 193
31 54 210
31 54 222
31 54 230
31 54 231
31 54 236
31 54 237
31 54 238
31 54 239
31 54 247
31 54 252
31 54 255
31 54 259
31 54 260
31 54 261
31 54 262
31 54 263
31 54 280
31 71 537
31 6 538
31 6 541
31 6 543
31 6 545
31 6 546
31 6 550
31 6 554
31 6 556
31 6 584
31 6 585
31 6 586
31 6 593
31 6 596
31 0 538
54 62 678
54 62 679
54 62 680
54 62 681
54 62 682
54 62 683
54 62 689
54 62 690
54 3 699
54 3 708
54 3 714
54 3 725
54 3 726
54 3 727
54 32 727
25 20 79
25 20 80
25 20 81
25 20 82
25 20 87
25 20 90
25 20 91
25 20 92
25 20 97
25 20 99
25 20 100
25 20 102
25 20 108
25 20 111
25 20 112
25 20 115
25 20 116
25 20 117
25 20 119
25 20 122
25 20 123
25 20 174
25 20 175
25 20 177
25 20 179
25 20 196
25 20 198
25 20 202
25 26 80
25 26 81
25 26 82
25 26 88
25 26 90
25 26 91
25 26 98
25 26 103
25 26 109
25 26 112
25 26 121
25 26 162
25 26 167
25 26 168
25 21 940
25 21 1090
20 28 94
20 28 95
20 28 102
20 28 107
20 28 111
20 28 124
20 28 174
20 28 179
20 28 182
20 28 195
20 28 196
20 28 197
20 28 202
20 28 203
20 7 797
20 7 798
20 7 799
20 7 805
20 7 807
20 7 808
20 7 823
20 7 832
20 7 921
20 7 924
20 76 802
26 22 80
26 22 81
26 22 89
26 22 90
26 22 99
26 22 112
26 22 113
26 66 701
26 35 706
26 29 706
26 76 729
26 53 729
26 44 730
26 44 731
22 23 197
22 11 569
22 11 570
22 11 571
22 11 572
22 11 573
22 11 574
22 11 595
22 11 596
22 11 605
22 11 611
22 11 615
22 11 619
22 11 620
22 11 621
22 11 622
22 11 623
22 11 629
22 11 630
22 11 631
22 11 632
22 11 633
22 11 634
22 11 645
22 11 646
22 11 649
22 11 654
22 11 657
22 11 661
22 11 665
22 11 673
22 11 728
22 11 729
22 11 732
22 11 733
22 11 738
22 11 743
22 11 744
22 11 751
22 11 752
22 11 753
22 15 569
22 15 570
22 15 571
22 15 572
22 15 573
22 15 575
22 15 577
22 15 578
22 15 580
22 15 582
22 15 583
22 15 584
22 15 585
22 15 586
22 15 590
22 15 593
22 15 594
22 15 595
22 15 596
22 15 597
22 15 598
22 15 600
22 15 601
22 15 603
22 15 604
22 15 605
22 15 606
22 15 608
22 15 609
22 15 611
22 15 613
22 15 616
22 15 617
22 15 619
22 15 620
22 15 621
22 15 622
22 15 623
22 15 624
22 15 625
22 15 626
22 15 627
22 15 628
22 15 629
22 15 631
22 15 632
22 15 634
22 15 641
22 15 654
22 15 656
22 15 657
22 15 658
22 15 661
22 15 664
22 15 665
22 15 668
22 15 669
22 15 684
22 15 687
22 15 691
22 15 724
22 15 728
22 15 744
22 15 746
22 15 747
22 15 750
22 15 751
22 15 752
22 78 570
22 78 571
22 78 572
22 78 573
22 78 574
22 78 575
22 78 578
22 78 581
22 78 582
22 78 585
22 78 586
22 78 587
22 78 590
22 78 593
22 78 594
22 78 595
22 78 596
22 78 597
22 78 598
22 78 599
22 78 600
22 78 602
22 78 603
22 78 605
22 78 606
22 78 608
22 78 609
22 78 612
22 78 614
22 78 615
22 78 619
22 78 620
22 78 623
22 78 625
22 78 626
22 78 627
22 78 630
22 78 631
22 78 632
22 78 634
22 78 642
22 78 644
22 78 645
22 78 646
22 78 647
22 78 648
22 78 649
22 78 651
22 78 654
22 78 656
22 78 657
22 78 659
22 78 660
22 78 662
22 78 667
22 78 672
22 78 673
22 78 675
22 78 676
22 78 681
22 78 684
22 78 686
22 78 687
22 78 688
22 78 689
22 78 690
22 78 691
22 78 692
22 78 693
22 78 739
22 78 740
22 78 741
22 78 742
22 78 743
22 78 744
22 78 746
22 78 748
22 78 752
22 45 570
22 45 572
22 45 573
22 45 574
22 45 575
22 45 576
22 45 577
22 45 580
22 45 581
22 45 582
22 45 583
22 45 584
22 45 585
22 45 589
22 45 590
22 45 592
22 45 593
22 45 594
22 45 595
22 45 596
22 45 597
22 45 598
22 45 601
22 45 602
22 45 603
22 45 604
22 45 605
22 45 608
22 45 616
22 45 617
22 45 618
22 45 619
22 45 620
22 45 621
22 45 623
22 45 624
22 45 625
22 45 629
22 45 630
22 45 631
22 45 632
22 45 634
22 45 635
22 45 636
22 45 637
22 45 638
22 45 639
22 45 640
22 45 644
22 45 645
22 45 647
22 45 648
22 45 649
22 45 653
22 45 655
22 45 656
22 45 657
22 45 669
22 45 675
22 45 677
22 45 678
22 45 680
22 45 684
22 45 687
22 45 689
22 45 690
22 45 743
22 47 612
28 23 85
28 23 93
28 23 102
28 23 106
28 23 107
28 23 108
28 23 110
28 23 111
28 23 120
28 23 152
28 23 163
28 23 169
28 23 170
28 23 171
28 23 172
28 23 173
28 23 174
28 23 175
28 23 176
28 23 177
28 23 178
28 23 179
28 23 193
28 23 196
28 23 199
28 23 201
28 23 202
28 23 203
28 23 204
28 13 1347
28 13 1348
28 13 1349
28 13 1350
28 13 1351
28 13 1352
28 13 1353
28 13 1354
28 13 1355
28 13 1356
28 13 1357
28 13 1358
28 13 1359
28 13 1360
28 13 1361
28 13 1362
28 13 1363
28 13 1364
28 13 1366
28 13 1368
28 13 1369
28 13 1371
28 13 1374
28 13 1375
28 13 1376
28 13 1377
28 13 1380
28 13 1381
28 13 1382
28 13 1383
28 13 1384
28 13 1385
28 13 1387
28 13 1389
28 13 1390
28 13 1392
28 13 1393
28 13 1394
28 13 1397
28 13 1398
28 13 1399
28 13 1400
28 13 1401
28 13 1402
28 13 1403
28 13 1408
28 13 1409
28 13 1410
28 13 1411
28 13 1412
28 13 1413
28 13 1414
28 13 1415
28 13 1416
28 13 1417
28 13 1418
28 13 1419
28 13 1420
28 13 1421
28 13 1422
28 13 1423
28 13 1424
28 13 1425
23 14 457
23 14 458
23 14 459
23 14 460
23 14 465
23 14 469
23 14 470
23 14 471
23 14 472
23 14 477
23 14 482
23 14 487
23 14 488
23 14 489
23 14 490
23 14 491
23 14 492
23 14 503
23 14 504
23 14 505
23 14 508
23 14 512
23 14 520
23 14 522
23 14 523
23 14 525
23 14 528
23 14 529
23 14 531
23 14 535
36 74 114
36 74 115
36 74 116
36 74 119
36 74 124
36 74 125
36 74 130
36 74 145
36 74 153
36 74 155
36 74 167
36 74 171
36 74 172
36 74 177
36 74 187
36 74 188
36 39 1200
36 39 1201
36 39 1202
36 39 1203
36 39 1204
36 39 1210
36 39 1212
36 39 1219
36 39 1241
36 39 1242
36 39 1243
36 39 1244
36 39 1246
36 39 1267
36 57 1200
36 57 1201
36 57 1202
36 57 1203
36 57 1204
36 57 1205
36 57 1206
36 57 1207
36 57 1209
36 57 1211
36 57 1212
36 57 1213
36 57 1217
36 57 1220
36 57 1228
36 57 1232
36 57 1241
36 57 1243
36 57 1264
36 57 1267
74 75 206
74 75 210
74 75 227
74 18 215
79 30 136
30 13 1407
46 9 175
46 9 176
46 9 178
46 9 179
46 9 199
46 9 201
46 9 202
46 9 211
46 9 213
46 9 217
46 9 220
46 9 222
46 9 223
46 9 224
46 9 225
46 9 226
46 9 231
46 9 238
46 9 241
46 9 242
46 9 250
46 9 254
46 9 255
46 9 256
46 9 260
46 9 261
46 9 277
46 9 292
46 9 293
46 9 305
46 9 309
46 9 310
46 9 311
46 9 312
46 9 313
46 9 314
46 9 315
46 9 316
46 9 317
46 9 318
46 9 319
46 9 320
46 9 321
46 9 322
46 9 323
46 9 324
46 9 325
46 9 326
46 9 327
46 9 329
46 9 332
46 9 333
46 9 341
46 9 342
46 9 343
46 9 344
46 9 345
46 9 346
46 9 347
46 9 348
46 9 349
46 9 350
46 9 351
46 9 352
46 9 354
46 9 355
46 9 356
46 9 357
46 9 361
46 9 363
46 9 367
46 9 386
46 9 387
46 9 388
46 9 389
46 0 175
46 0 199
46 0 200
46 0 203
46 0 205
46 0 206
46 0 207
46 0 224
46 0 228
46 0 249
46 0 250
46 0 257
46 0 258
46 0 259
46 0 260
46 0 261
46 0 262
46 0 278
46 0 310
46 0 318
46 0 321
46 0 323
46 0 325
46 0 331
46 0 332
46 0 342
46 0 351
46 0 352
46 0 358
46 0 359
46 0 371
46 0 372
46 0 385
46 58 186
46 58 188
46 58 190
46 58 196
46 58 197
46 58 198
46 58 199
46 58 200
46 58 201
46 58 202
46 58 206
46 58 208
46 58 210
46 58 213
46 58 226
46 58 227
46 58 235
46 58 236
46 58 238
46 58 240
46 58 241
46 58 242
46 58 244
46 58 245
46 58 248
46 58 250
46 58 253
46 58 254
46 58 255
46 58 256
46 58 260
46 58 265
46 58 267
46 60 201
46 60 202
46 60 204
46 60 221
46 60 231
46 60 242
46 60 266
46 60 278
46 60 282
46 60 305
46 60 308
46 60 309
46 60 318
46 60 363
46 60 364
46 60 365
46 60 372
46 60 387
46 60 388
46 60 389
46 75 249
46 3 677
9 60 175
9 60 178
9 60 191
9 60 192
9 60 193
9 60 200
9 60 201
9 60 205
9 60 208
9 60 209
9 60 215
9 60 217
9 60 218
9 60 222
9 60 224
9 60 225
9 60 226
9 60 231
9 60 232
9 60 234
9 60 241
9 60 244
9 60 245
9 60 248
9 60 265
9 60 266
9 60 277
9 60 278
9 60 289
9 60 290
9 60 291
9 60 296
9 60 297
9 60 313
9 60 317
9 60 318
9 60 319
9 60 363
9 60 364
9 60 365
9 60 372
9 60 374
9 60 375
9 60 376
9 60 377
9 60 378
9 60 379
9 60 380
9 60 381
9 60 383
9 60 384
9 60 385
9 60 386
9 60 387
9 60 388
9 60 389
9 0 175
9 0 176
9 0 178
9 0 179
9 0 191
9 0 200
9 0 203
9 0 205
9 0 206
9 0 207
9 0 210
9 0 211
9 0 224
9 0 225
9 0 226
9 0 228
9 0 235
9 0 237
9 0 249
9 0 251
9 0 252
9 0 258
9 0 259
9 0 260
9 0 262
9 0 263
9 0 264
9 0 265
9 0 278
9 0 283
9 0 291
9 0 292
9 0 293
9 0 301
9 0 302
9 0 305
9 0 308
9 0 309
9 0 310
9 0 311
9 0 315
9 0 318
9 0 319
9 0 321
9 0 322
9 0 323
9 0 334
9 0 335
9 0 338
9 0 340
9 0 341
9 0 342
9 0 348
9 0 349
9 0 351
9 0 352
9 0 356
9 0 359
9 0 361
9 0 366
9 0 372
9 0 373
9 0 374
9 0 377
9 0 378
9 0 382
9 0 383
9 0 384
9 0 385
9 0 387
9 0 388
9 53 200
9 75 249
9 68 249
0 67 176
0 67 200
0 67 207
0 67 219
0 67 228
0 67 234
0 67 265
0 67 278
0 67 305
0 67 310
0 67 365
0 67 377
0 67 378
0 67 379
0 67 383
0 67 387
0 66 206
0 66 207
0 65 456
0 65 483
0 65 484
0 65 485
0 65 536
60 68 204
60 68 205
60 68 243
60 68 244
60 68 245
60 68 247
60 68 249
60 68 250
60 68 251
60 68 260
60 68 266
60 68 267
60 68 269
60 68 312
60 68 361
60 68 365
60 68 366
60 68 371
60 68 372
60 68 373
60 68 374
60 68 376
60 68 380
60 68 381
60 68 407
60 68 408
60 68 411
60 68 412
60 68 414
60 68 415
60 68 416
60 68 417
60 68 418
60 68 429
60 68 430
60 68 431
60 68 433
60 68 435
60 68 447
60 68 450
60 68 451
60 68 452
60 68 453
60 68 454
60 18 208
60 18 209
60 18 210
60 18 247
60 65 438
60 65 439
67 82 826
67 82 827
67 82 830
67 82 887
67 82 888
67 82 889
67 82 898
67 82 905
67 38 830
67 38 832
67 38 835
67 38 843
67 38 904
67 38 905
67 75 864
67 29 886
67 29 904
67 29 905
67 29 906
66 16 180
66 16 182
66 16 184
66 16 186
66 16 187
66 16 188
66 16 189
66 16 190
66 16 191
66 16 203
66 16 208
66 16 209
66 16 210
66 16 211
66 16 212
66 16 213
66 16 214
66 16 215
66 16 216
66 16 219
66 16 221
66 16 222
66 16 224
66 16 229
66 16 231
66 16 232
66 16 233
66 16 234
66 16 235
66 16 236
66 16 237
66 16 238
66 16 239
66 16 245
66 16 246
66 16 249
66 16 250
66 16 252
66 63 180
66 63 181
66 63 182
66 63 185
66 63 186
66 63 187
66 63 188
66 63 203
66 63 208
66 63 209
66 63 217
66 63 229
66 63 231
66 63 232
66 63 233
66 63 234
66 63 235
66 63 236
66 63 237
66 63 238
66 63 239
66 63 246
66 63 247
66 63 249
66 63 251
66 63 253
66 63 254
66 63 255
66 63 256
66 1 648
66 1 658
66 47 668
66 47 669
66 47 673
66 47 674
66 47 734
66 47 735
66 32 709
16 63 180
16 63 181
16 63 182
16 63 183
16 63 188
16 63 215
16 63 217
16 63 224
16 63 231
16 63 239
16 69 216
16 69 232
16 69 240
16 69 241
16 69 242
63 53 248
63 70 256
63 70 257
63 72 877
63 72 878
63 72 880
63 72 895
63 72 897
63 72 899
63 72 904
63 72 905
63 72 906
63 72 910
63 72 911
63 72 912
63 72 916
63 72 917
63 72 919
63 72 922
63 72 923
63 72 924
63 72 925
63 72 973
63 72 976
63 72 982
63 72 983
63 72 985
63 72 989
63 72 995
53 50 189
53 50 191
53 50 193
53 50 195
53 50 203
53 50 204
53 50 205
53 50 209
53 50 212
53 50 215
53 50 228
53 50 234
53 50 239
53 50 243
53 50 249
53 50 251
53 50 252
53 50 257
53 50 258
53 50 259
53 50 264
53 50 268
53 50 269
53 81 647
53 81 648
53 81 649
53 81 650
53 81 651
53 81 652
53 81 653
53 81 654
53 81 655
53 81 656
53 81 657
53 81 662
53 81 663
53 81 664
53 81 665
53 81 666
53 81 667
53 81 668
53 81 669
53 81 670
53 81 671
53 81 672
53 81 673
53 81 674
53 81 675
53 81 676
53 81 677
53 81 678
53 81 679
53 81 680
53 81 681
53 81 682
53 81 683
53 81 684
53 81 685
53 81 686
53 81 687
53 81 688
53 81 689
53 81 690
53 81 691
53 81 692
53 81 693
53 81 694
53 81 695
53 81 696
53 81 697
53 81 698
53 81 699
53 81 700
53 81 701
53 81 702
53 81 703
53 81 707
53 81 708
53 81 712
53 81 714
53 81 716
53 81 717
53 81 718
53 81 719
53 81 720
53 81 721
53 81 725
53 81 726
53 81 727
53 81 729
53 81 730
53 81 731
53 81 732
53 61 677
53 68 695
53 24 708
53 11 708
53 65 730
50 34 333
80 68 204
80 68 205
80 68 226
80 68 229
80 68 232
80 68 233
80 68 234
80 68 235
80 68 236
80 68 237
80 68 239
80 68 240
80 68 241
80 68 242
80 68 243
80 68 245
80 68 246
80 68 247
80 68 248
80 68 250
80 68 252
80 68 259
80 68 260
80 68 275
80 68 277
80 68 280
80 68 281
80 68 283
80 68 285
80 68 299
80 68 300
80 68 302
80 68 313
80 68 314
80 68 325
80 68 326
80 68 328
80 68 329
80 68 331
80 68 355
80 68 356
80 68 357
80 68 358
80 68 359
80 68 360
80 68 385
80 68 388
80 68 390
80 68 392
80 68 395
80 68 398
80 68 399
80 68 402
80 68 404
80 68 405
80 68 407
80 68 408
80 68 409
80 68 410
80 68 411
80 68 413
80 68 418
80 68 429
80 68 430
80 68 431
80 68 433
80 68 443
80 68 445
80 68 447
80 68 448
80 68 451
80 52 204
80 52 205
80 52 206
80 52 208
80 52 209
80 52 210
80 52 212
80 52 217
80 52 218
80 52 233
80 52 234
80 52 241
80 52 243
80 52 244
80 52 245
80 52 248
80 52 249
80 52 253
80 52 254
80 52 260
80 52 261
80 52 263
80 52 270
80 52 275
80 52 276
80 52 277
80 52 278
80 52 279
80 52 281
80 52 288
80 52 289
80 52 290
80 52 298
80 52 299
80 52 302
80 52 303
80 52 308
80 52 309
80 52 310
80 52 311
80 52 312
80 52 313
80 52 355
80 52 366
80 52 367
80 52 368
80 52 385
80 52 393
80 52 395
80 52 396
80 52 399
80 52 406
80 52 408
80 52 410
80 52 413
80 52 414
80 52 419
80 52 422
80 52 429
80 52 430
80 52 431
80 52 432
80 52 433
80 52 434
80 52 438
80 52 439
80 52 440
80 52 441
80 52 442
80 52 443
80 52 444
80 52 445
80 52 446
80 52 447
80 52 448
80 52 450
80 52 451
80 18 205
80 18 212
80 18 248
80 18 251
80 1 441
80 1 442
80 65 444
68 18 241
68 18 242
68 18 245
68 18 246
68 18 247
68 18 250
68 18 257
68 18 258
68 18 280
68 18 297
68 18 450
68 18 451
68 47 698
68 47 699
68 47 710
68 47 711
68 47 712
68 47 713
68 47 714
68 47 716
68 47 720
68 47 721
68 47 722
68 47 723
68 47 726
68 47 727
68 3 698
68 3 699
68 3 700
68 3 701
68 3 702
68 3 703
68 3 706
68 3 708
68 3 711
68 3 715
68 3 718
68 3 721
68 3 723
68 3 726
68 3 727
68 55 699
68 55 702
68 55 703
68 29 702
68 76 707
68 35 708
68 17 721
68 17 726
68 32 726
68 32 727
52 18 213
52 18 215
52 18 329
52 18 444
52 18 447
52 18 449
52 18 451
52 10 432
52 41 962
52 41 1035
52 41 1039
52 41 1041
52 41 1044
52 41 1045
52 41 1049
52 41 1055
52 41 1058
52 41 1061
52 41 1064
52 41 1070
52 41 1073
52 41 1078
52 41 1094
52 41 1107
52 41 1112
52 41 1121
52 41 1122
52 41 1123
52 41 1124
52 41 1125
52 41 1126
52 41 1127
52 41 1130
52 41 1133
52 41 1134
52 41 1135
52 41 1136
52 41 1137
52 41 1138
52 41 1139
52 41 1151
52 41 1152
52 41 1153
52 41 1165
52 41 1168
52 41 1169
52 41 1170
18 75 217
18 75 241
18 75 246
18 75 252
18 75 259
18 75 278
18 75 279
18 75 280
18 75 355
18 75 369
18 75 387
18 75 393
18 75 446
18 75 447
18 75 451
75 27 870
75 27 871
75 27 881
75 27 882
69 19 593
69 19 594
69 19 603
69 19 609
69 19 610
69 19 611
69 19 619
69 19 635
69 19 644
69 19 645
69 19 648
69 19 653
69 19 657
69 19 658
70 1 428
70 73 828
70 73 831
70 73 835
70 73 840
70 73 841
70 73 889
70 73 893
70 73 894
70 73 895
70 73 905
70 38 835
70 38 841
70 38 842
70 38 843
70 38 866
70 38 871
70 82 847
70 82 880
70 82 894
70 82 895
70 82 905
70 29 880
70 29 905
41 57 327
41 57 329
41 57 331
41 57 332
41 57 336
41 57 340
41 57 342
41 57 344
34 65 542
77 38 354
77 38 355
77 38 356
77 38 357
77 38 358
77 38 361
77 38 362
77 38 366
77 38 368
77 38 369
77 38 371
77 38 372
77 38 380
77 38 381
77 38 386
77 38 387
77 38 400
77 38 407
77 38 409
77 38 410
77 38 411
77 38 412
77 38 413
77 38 414
77 38 417
77 38 418
77 38 424
77 38 425
77 38 427
77 38 429
77 38 431
77 38 432
77 38 437
77 38 438
77 38 439
77 38 443
77 38 444
77 38 447
77 38 450
77 38 452
77 38 453
77 38 458
77 38 459
77 38 460
77 38 461
77 38 463
77 38 467
77 38 469
77 38 472
77 38 474
77 38 475
77 38 476
77 38 478
77 38 480
77 38 482
77 38 483
77 38 484
77 38 485
77 38 486
77 38 490
77 38 492
77 38 493
77 38 495
77 38 496
77 38 497
77 38 498
77 38 500
77 38 501
77 38 503
77 38 504
77 38 505
77 38 508
77 38 511
77 38 513
77 38 514
77 38 905
77 29 830
77 29 905
77 73 896
38 27 905
44 65 642
44 65 643
44 65 644
44 65 645
44 65 648
44 65 650
44 65 652
44 65 653
44 65 654
44 65 655
44 65 689
44 65 690
44 65 691
44 65 697
44 65 698
44 65 699
44 65 704
44 65 705
44 65 706
44 65 707
44 65 708
44 65 710
44 65 711
44 65 712
44 65 713
44 65 714
44 65 715
44 65 716
44 65 717
44 65 718
44 65 719
44 65 720
44 65 721
44 65 722
44 65 723
44 65 724
44 65 730
1 71 429
1 71 438
1 71 439
1 71 440
1 71 441
1 71 442
1 71 443
1 71 444
1 71 445
1 71 447
1 71 487
1 71 523
1 71 526
1 71 527
1 71 535
1 71 537
1 71 538
1 71 539
1 71 540
1 71 547
1 71 548
1 71 551
1 71 556
1 62 552
1 3 701
1 3 703
1 55 713
1 55 714
1 55 715
1 55 717
1 55 718
71 47 723
71 81 806
10 6 481
65 6 536
65 6 537
65 6 539
65 6 540
65 6 541
65 6 542
65 6 543
65 6 544
65 6 545
65 6 546
65 24 730
65 24 731
14 21 461
14 21 463
14 21 464
14 21 466
14 21 467
14 21 475
14 21 476
14 21 478
14 21 483
14 21 484
14 21 485
14 21 498
14 21 506
14 21 509
14 21 510
14 21 511
14 21 517
14 21 521
14 21 524
14 21 530
14 21 536
6 35 684
32 55 514
32 55 515
32 55 516
32 55 517
32 55 519
32 55 520
32 55 521
32 55 522
32 55 523
32 55 524
32 55 525
32 55 526
32 55 527
32 55 528
32 55 529
32 55 530
32 55 531
32 55 532
32 55 533
32 55 534
32 55 535
32 55 536
32 55 537
32 55 538
32 55 539
32 55 540
32 55 541
32 55 542
32 55 543
32 55 544
32 55 545
32 55 546
32 55 547
32 55 548
32 55 549
32 55 550
32 55 551
32 55 552
32 55 553
32 55 554
32 55 563
32 55 567
32 55 568
32 55 569
32 55 570
32 55 571
32 55 572
32 55 573
32 55 574
32 55 575
32 55 576
32 55 577
32 55 578
32 55 579
32 55 580
32 55 581
32 55 582
32 55 583
32 55 584
32 55 585
32 55 586
32 55 587
32 55 588
32 55 589
32 55 590
32 55 591
32 55 592
32 55 593
32 55 594
32 55 595
32 55 596
32 55 597
32 55 598
32 55 599
32 55 600
32 55 601
32 55 602
32 55 603
32 55 604
32 55 605
32 55 606
32 55 607
32 55 608
32 55 609
32 55 610
32 55 611
32 55 612
32 55 613
32 55 614
32 55 615
32 55 616
32 55 617
32 55 618
32 55 619
32 55 620
32 55 621
32 55 622
32 55 623
32 55 624
32 55 625
32 55 626
32 55 627
32 55 628
32 55 629
32 55 630
32 55 631
32 55 632
32 55 633
32 55 634
32 55 635
32 55 636
32 55 637
32 55 638
32 55 639
32 55 640
32 55 641
32 55 642
32 55 643
32 55 644
32 55 645
32 55 646
32 55 647
32 55 648
32 55 649
32 55 650
32 55 651
32 55 652
32 55 653
32 55 654
32 55 655
32 55 656
32 55 657
32 55 658
32 55 659
32 55 660
32 55 661
32 55 662
32 55 663
32 55 664
32 55 665
32 55 666
32 55 667
32 55 668
32 55 669
32 55 670
32 55 671
32 55 672
32 55 673
32 55 674
32 55 675
32 55 676
32 55 677
32 55 678
32 55 679
32 55 680
32 55 681
32 55 682
32 55 683
32 55 684
32 55 685
32 55 686
32 55 687
32 55 688
32 55 689
32 55 690
32 55 691
32 55 692
32 55 693
32 55 694
32 55 695
32 55 696
32 55 697
32 55 698
32 55 699
32 55 700
32 55 701
32 55 702
32 55 703
32 55 704
32 55 705
32 55 706
32 55 707
32 55 708
32 55 709
32 55 710
32 55 711
32 55 712
32 55 713
32 55 714
32 55 715
32 55 716
32 55 717
32 55 718
32 55 719
32 55 720
32 55 721
32 55 722
32 55 725
32 55 726
32 55 727
32 55 729
32 55 731
32 55 732
32 55 733
32 55 734
32 55 735
32 55 736
32 55 737
32 35 519
32 35 520
32 35 521
32 35 525
32 35 528
32 35 542
32 35 666
32 35 669
32 35 678
32 35 689
32 35 729
32 7 685
32 7 686
32 17 686
32 17 690
32 17 691
32 3 699
32 3 726
32 3 727
32 3 728
55 72 679
55 81 682
55 15 689
55 78 690
55 3 699
55 3 700
55 3 702
55 3 703
55 47 705
55 7 711
55 12 763
55 12 764
55 12 766
55 12 786
55 12 792
55 12 798
55 12 799
55 12 817
55 12 818
55 12 819
55 12 820
55 12 838
55 12 840
55 12 854
55 12 860
55 12 872
55 12 873
55 12 902
55 12 906
55 12 907
55 12 939
55 12 942
55 12 943
55 12 944
55 12 945
55 12 947
55 12 952
55 12 953
55 12 964
55 12 965
55 12 971
55 76 793
55 76 796
35 62 519
35 62 520
35 62 521
35 62 525
35 62 528
35 62 533
35 62 542
35 62 572
35 62 666
35 62 667
35 62 669
35 62 680
35 62 684
35 62 689
35 62 728
35 17 684
35 17 685
35 17 687
35 17 689
35 17 692
35 17 693
35 17 694
35 17 695
35 17 696
35 17 697
35 17 698
35 17 699
35 17 700
35 17 701
35 17 702
35 17 703
35 17 704
35 17 707
35 17 710
35 17 711
35 17 712
35 17 713
35 17 714
35 17 715
35 17 720
35 17 721
35 17 724
35 17 726
35 17 727
35 47 728
62 29 565
62 29 566
62 29 730
62 3 678
62 3 679
62 3 680
62 3 681
62 3 682
62 3 683
62 3 684
62 3 685
62 3 687
62 3 688
62 3 689
62 3 690
62 3 693
29 78 690
29 47 705
11 15 569
11 15 570
11 15 571
11 15 572
11 15 573
11 15 574
11 15 575
11 15 576
11 15 577
11 15 578
11 15 579
11 15 585
11 15 593
11 15 594
11 15 595
11 15 597
11 15 601
11 15 603
11 15 604
11 15 605
11 15 606
11 15 608
11 15 614
11 15 617
11 15 618
11 15 619
11 15 620
11 15 621
11 15 622
11 15 623
11 15 624
11 15 625
11 15 629
11 15 630
11 15 631
11 15 632
11 15 633
11 15 645
11 15 647
11 15 648
11 15 650
11 15 652
11 15 653
11 15 654
11 15 661
11 15 663
11 15 664
11 15 669
11 15 670
11 15 677
11 15 684
11 15 685
11 15 686
11 15 687
11 15 694
11 15 705
11 15 707
11 15 708
11 15 709
11 15 710
11 15 716
11 15 723
11 15 726
11 15 727
11 15 728
11 15 730
11 15 731
11 15 732
11 15 739
11 15 743
11 15 744
11 15 745
11 15 746
11 15 747
11 15 750
11 15 751
11 15 752
11 78 570
11 78 571
11 78 572
11 78 573
11 78 574
11 78 575
11 78 590
11 78 591
11 78 593
11 78 594
11 78 595
11 78 596
11 78 597
11 78 601
11 78 602
11 78 605
11 78 606
11 78 607
11 78 610
11 78 611
11 78 613
11 78 614
11 78 615
11 78 616
11 78 619
11 78 620
11 78 621
11 78 622
11 78 623
11 78 624
11 78 625
11 78 628
11 78 630
11 78 631
11 78 632
11 78 634
11 78 644
11 78 645
11 78 646
11 78 647
11 78 648
11 78 649
11 78 650
11 78 655
11 78 656
11 78 660
11 78 661
11 78 662
11 78 663
11 78 664
11 78 666
11 78 667
11 78 671
11 78 673
11 78 676
11 78 677
11 78 679
11 78 680
11 78 681
11 78 692
11 78 693
11 78 694
11 78 695
11 78 696
11 78 697
11 78 698
11 78 727
11 78 730
11 78 738
11 78 739
11 78 740
11 78 741
11 78 742
11 78 743
11 78 744
11 78 745
11 78 747
11 78 748
11 78 749
11 78 751
11 78 752
11 78 753
11 45 570
11 45 572
11 45 573
11 45 574
11 45 579
11 45 593
11 45 601
11 45 603
11 45 606
11 45 607
11 45 611
11 45 614
11 45 615
11 45 618
11 45 619
11 45 620
11 45 622
11 45 623
11 45 624
11 45 625
11 45 626
11 45 627
11 45 628
11 45 629
11 45 630
11 45 634
11 45 644
11 45 656
11 45 660
11 45 662
11 45 663
11 45 665
11 45 671
11 45 680
11 45 682
11 45 695
11 45 702
11 45 709
11 45 710
11 45 728
11 45 729
11 45 732
11 45 733
11 45 738
11 45 743
11 24 650
11 24 651
11 24 652
11 24 655
11 24 659
11 24 660
11 24 671
11 24 672
11 24 675
11 24 677
11 24 681
11 24 686
11 24 692
11 24 693
11 24 705
11 24 706
11 24 707
11 24 708
11 24 709
11 24 710
11 24 711
11 24 727
15 78 570
15 78 571
15 78 572
15 78 573
15 78 574
15 78 575
15 78 576
15 78 577
15 78 578
15 78 579
15 78 580
15 78 581
15 78 582
15 78 583
15 78 584
15 78 585
15 78 586
15 78 587
15 78 590
15 78 591
15 78 592
15 78 593
15 78 594
15 78 595
15 78 596
15 78 597
15 78 598
15 78 599
15 78 600
15 78 602
15 78 603
15 78 606
15 78 607
15 78 608
15 78 609
15 78 610
15 78 612
15 78 613
15 78 614
15 78 615
15 78 618
15 78 619
15 78 620
15 78 621
15 78 622
15 78 623
15 78 624
15 78 625
15 78 626
15 78 627
15 78 628
15 78 629
15 78 630
15 78 631
15 78 632
15 78 634
15 78 637
15 78 639
15 78 650
15 78 655
15 78 658
15 78 659
15 78 660
15 78 661
15 78 662
15 78 663
15 78 664
15 78 666
15 78 669
15 78 670
15 78 671
15 78 672
15 78 673
15 78 674
15 78 675
15 78 677
15 78 678
15 78 679
15 78 680
15 78 681
15 78 682
15 78 683
15 78 684
15 78 686
15 78 695
15 78 702
15 78 704
15 78 708
15 78 713
15 78 714
15 78 720
15 78 721
15 78 722
15 78 724
15 78 725
15 78 726
15 78 727
15 78 728
15 78 730
15 78 744
15 78 746
15 78 749
15 78 750
15 78 752
15 45 570
15 45 572
15 45 573
15 45 574
15 45 575
15 45 577
15 45 578
15 45 579
15 45 580
15 45 581
15 45 582
15 45 583
15 45 584
15 45 585
15 45 586
15 45 587
15 45 588
15 45 589
15 45 590
15 45 591
15 45 592
15 45 593
15 45 595
15 45 596
15 45 597
15 45 598
15 45 599
15 45 600
15 45 601
15 45 602
15 45 603
15 45 604
15 45 605
15 45 606
15 45 607
15 45 608
15 45 609
15 45 614
15 45 616
15 45 617
15 45 619
15 45 620
15 45 621
15 45 622
15 45 623
15 45 624
15 45 625
15 45 629
15 45 630
15 45 631
15 45 632
15 45 634
15 45 635
15 45 637
15 45 638
15 45 647
15 45 654
15 45 655
15 45 663
15 45 669
15 45 670
15 45 673
15 45 674
15 45 676
15 45 677
15 45 678
15 45 679
15 45 680
15 45 681
15 45 682
15 45 684
15 45 685
15 45 686
15 45 687
15 45 688
15 45 689
15 45 690
15 45 691
15 45 692
15 45 693
15 45 694
15 45 695
15 45 696
15 45 697
15 45 698
15 45 702
15 45 703
15 45 708
15 45 709
15 45 711
15 45 713
15 45 714
15 45 715
15 45 717
15 45 718
15 45 726
15 45 727
15 45 728
15 45 729
15 45 730
15 45 736
15 47 599
15 24 650
15 24 652
15 24 655
15 24 659
15 24 660
15 24 662
15 24 666
15 24 675
15 24 676
15 24 677
15 24 680
15 24 683
15 24 685
15 24 686
15 24 688
15 24 695
15 24 696
15 24 697
15 24 698
15 24 699
15 24 700
15 24 701
15 24 703
15 24 704
15 24 705
15 24 707
15 24 709
15 24 710
15 24 711
15 24 712
15 24 713
15 24 715
15 24 718
15 24 721
15 24 722
15 24 723
15 24 727
15 81 664
15 61 708
78 39 570
78 39 572
78 39 573
78 39 574
78 39 575
78 39 576
78 39 580
78 39 581
78 39 582
78 39 583
78 39 585
78 39 589
78 39 590
78 39 591
78 39 592
78 39 593
78 39 594
78 39 595
78 39 596
78 39 599
78 39 600
78 39 603
78 39 605
78 39 607
78 39 609
78 39 610
78 39 611
78 39 615
78 39 618
78 39 619
78 39 620
78 39 621
78 39 622
78 39 623
78 39 624
78 39 625
78 39 629
78 39 631
78 39 632
78 39 634
78 39 635
78 39 637
78 39 638
78 39 639
78 39 640
78 39 641
78 39 644
78 39 647
78 39 649
78 39 654
78 39 656
78 39 663
78 39 676
78 39 677
78 39 680
78 39 681
78 39 682
78 39 689
78 39 690
78 39 691
78 39 692
78 39 693
78 39 730
78 39 736
78 39 738
78 39 739
39 24 685
39 24 686
39 24 688
39 24 692
39 24 695
39 24 696
39 24 697
39 24 698
39 24 702
39 24 704
39 24 705
45 73 694
45 73 695
45 73 702
45 73 705
45 73 708
45 73 709
45 73 710
45 73 711
45 73 726
45 48 949
45 48 950
45 48 951
45 48 952
45 48 953
45 48 954
45 48 955
45 48 956
45 48 958
45 48 959
45 48 960
45 48 964
45 48 965
45 48 966
45 48 988
45 48 1006
45 48 1007
45 48 1009
45 48 1010
45 48 1028
45 48 1029
45 48 1034
45 48 1036
45 48 1038
45 48 1040
45 48 1046
45 48 1050
45 48 1051
45 48 1052
45 48 1053
45 48 1054
45 48 1056
45 48 1057
45 48 1059
45 48 1060
45 48 1062
45 48 1063
45 48 1066
45 48 1068
45 48 1069
45 48 1071
45 48 1072
45 48 1074
45 48 1075
45 48 1076
45 48 1077
19 27 1077
47 3 678
47 3 679
47 3 681
47 3 682
47 3 686
47 3 687
47 3 689
47 3 693
47 3 724
47 3 728
24 73 700
24 73 702
24 73 703
24 73 704
24 73 705
24 73 709
3 61 677
17 7 684
17 7 685
17 7 686
17 7 687
76 12 792
76 8 801
76 8 802
76 8 803
76 56 879
76 56 881
76 56 882
76 56 883
76 56 892
76 56 893
76 56 896
76 56 948
76 56 959
76 56 960
76 56 964
76 56 971
76 56 972
76 56 988
73 27 826
73 27 827
73 27 839
73 27 865
73 27 870
56 82 902
12 48 787
8 27 973
8 27 1002
8 27 1004
8 27 1028
8 27 1048
82 27 825
82 27 826
82 27 827
82 27 839
82 27 862
82 27 864
82 27 885
82 27 889
82 27 893
82 27 903
