65 155 0
65 155 1
65 155 2
65 155 3
65 155 4
65 155 5
65 155 6
65 155 7
65 155 8
65 155 9
65 155 15
65 155 16
65 155 17
65 155 18
65 155 19
65 155 20
65 155 21
65 155 22
65 155 23
65 155 24
65 155 25
65 155 26
65 155 27
65 155 30
65 155 31
65 155 32
65 155 33
65 155 36
65 155 44
65 155 45
65 155 46
65 155 49
65 155 50
65 155 51
65 155 52
65 155 60
65 155 65
65 155 66
65 155 70
65 155 72
65 155 73
65 155 74
65 155 75
65 155 76
65 155 77
65 155 78
65 155 79
65 155 80
65 155 81
65 155 82
65 155 90
65 155 106
65 155 107
65 155 109
65 155 110
65 155 111
65 155 115
65 155 117
65 155 118
65 155 119
65 155 121
65 155 122
65 155 123
65 155 124
65 155 125
65 155 126
65 155 127
65 123 50
65 67 73
65 22 90
65 150 91
65 93 98
65 41 98
65 41 101
65 41 102
65 76 100
65 36 109
65 124 119
155 123 33
155 163 67
155 116 67
155 39 67
155 104 69
155 20 90
155 139 127
67 159 0
67 159 1
67 159 2
67 159 3
67 159 5
67 159 6
67 159 12
67 159 13
67 159 14
67 159 15
67 159 24
67 159 26
67 159 27
67 159 29
67 159 37
67 159 39
67 159 43
67 159 44
67 159 47
67 159 53
67 159 57
67 159 58
67 159 64
67 159 80
67 159 82
67 159 84
67 1 41
67 57 57
159 72 61
159 72 62
159 72 63
159 105 63
159 20 75
159 109 76
91 160 8
91 160 10
91 160 13
91 160 14
91 160 15
91 160 16
91 160 17
91 160 18
91 160 19
91 160 20
91 160 34
91 160 35
91 160 37
91 160 187
91 160 194
91 160 195
91 160 202
91 160 203
91 160 204
91 160 206
91 160 207
91 160 210
91 160 215
91 160 218
91 160 219
91 160 220
91 160 222
91 160 223
91 160 225
91 160 227
91 160 228
91 160 229
91 160 230
91 160 231
91 160 232
91 160 242
91 160 243
91 160 244
91 160 245
91 160 254
91 160 258
91 1 35
91 1 36
91 150 36
91 109 36
91 109 38
91 76 66
91 76 129
91 76 137
91 145 70
91 145 152
91 72 129
91 16 141
91 16 142
160 89 21
160 89 22
160 89 23
160 89 24
160 89 26
160 89 27
160 89 29
160 89 30
160 89 31
160 89 32
160 89 33
160 89 36
160 89 39
160 89 40
160 89 41
160 89 44
160 89 45
160 89 46
160 89 47
160 89 48
160 89 50
160 89 52
160 89 53
160 89 54
160 89 55
160 89 61
160 89 63
160 89 64
160 89 66
160 89 67
160 89 68
160 89 70
160 89 71
160 89 72
160 89 73
160 89 80
160 89 83
160 89 84
160 89 86
160 89 87
160 89 89
160 89 90
160 89 97
160 89 98
160 89 99
160 89 101
160 89 104
160 89 107
160 89 110
160 89 111
160 89 120
160 89 121
160 89 125
160 89 126
160 89 127
160 89 128
160 89 129
160 89 130
160 89 131
160 89 132
160 89 133
160 89 134
160 89 136
160 89 138
160 89 139
160 89 142
160 89 143
160 89 144
160 89 146
160 89 147
160 89 149
160 89 150
160 89 151
160 89 152
160 89 153
160 89 154
160 89 155
160 89 156
160 89 157
160 89 158
160 89 164
160 89 166
160 89 167
160 89 168
160 89 169
160 89 170
160 89 171
160 89 256
160 36 133
160 12 133
160 49 145
76 138 18
76 138 19
76 138 20
76 138 24
76 138 25
76 138 26
76 20 19
76 20 20
76 20 21
76 20 58
76 20 76
76 20 97
76 20 104
76 20 107
76 20 133
76 150 20
76 150 33
76 150 34
76 150 107
76 150 132
76 150 133
76 163 23
76 163 49
76 163 61
76 163 72
76 163 137
76 104 24
76 104 76
76 104 137
76 104 139
76 57 26
76 57 49
76 57 61
76 57 62
76 57 63
76 57 79
76 57 94
76 57 98
76 57 104
76 57 139
76 57 161
76 57 163
76 57 164
76 1 30
76 1 35
76 1 82
76 1 83
76 1 85
76 1 90
76 1 101
76 1 112
76 1 113
76 1 114
76 1 115
76 1 117
76 1 128
76 1 129
76 1 131
76 1 141
76 1 161
76 1 162
76 1 163
76 1 166
76 109 39
76 109 51
76 109 138
76 93 39
76 93 51
76 93 58
76 93 60
76 93 107
76 93 132
76 93 133
76 93 136
76 93 138
76 93 154
76 59 39
76 59 51
76 59 52
76 59 88
76 59 138
76 59 139
76 59 155
76 59 158
76 59 161
76 59 162
76 59 163
76 98 53
76 98 54
76 98 90
76 116 53
76 116 54
76 116 55
76 116 58
76 116 59
76 116 67
76 116 69
76 116 71
76 116 72
76 116 74
76 116 75
76 116 77
76 116 79
76 116 85
76 116 90
76 116 99
76 116 100
76 116 101
76 116 108
76 116 109
76 116 110
76 116 111
76 116 112
76 116 113
76 116 114
76 116 115
76 116 116
76 116 119
76 116 120
76 116 123
76 116 125
76 116 126
76 116 127
76 116 128
76 116 129
76 116 136
76 116 141
76 116 146
76 116 147
76 116 155
76 116 161
76 116 162
76 116 163
76 116 166
76 116 169
76 116 170
76 41 54
76 41 69
76 41 72
76 41 126
76 41 128
76 79 66
76 79 79
76 79 136
76 39 68
76 39 71
76 39 154
76 145 76
76 145 90
76 145 100
76 145 101
76 145 125
76 124 121
76 161 135
138 98 19
138 98 38
138 98 39
138 98 40
138 98 41
138 98 42
138 22 21
138 22 37
138 79 22
138 93 23
138 93 39
138 109 23
138 109 24
138 109 27
138 109 28
138 163 23
138 57 25
138 57 28
138 57 29
138 57 30
138 57 32
138 57 33
138 57 34
138 150 26
138 1 28
138 1 30
138 1 31
138 1 32
138 1 33
138 1 39
138 1 40
138 1 43
138 1 45
138 1 46
138 59 34
138 59 35
138 20 36
138 110 47
98 57 22
98 57 190
98 57 191
98 57 192
98 57 196
98 57 233
98 57 234
98 57 235
98 57 236
98 57 237
98 57 238
98 57 239
98 59 22
98 59 30
98 59 31
98 59 33
98 59 66
98 59 91
98 59 195
98 59 233
98 59 234
98 59 235
98 59 236
98 59 237
98 59 238
98 59 239
98 1 39
98 1 42
98 1 51
98 116 54
98 116 592
98 116 595
98 116 596
98 116 597
98 163 55
98 20 55
98 20 65
98 150 55
98 104 63
98 104 119
98 104 233
98 104 234
98 104 235
98 104 236
98 104 237
98 104 238
98 104 239
98 161 107
98 152 190
98 152 232
98 30 535
98 146 541
98 16 545
98 16 546
98 16 548
98 16 550
98 16 552
98 94 546
98 94 547
98 94 550
98 34 550
98 122 552
98 84 556
98 84 557
98 84 567
98 84 570
98 58 556
98 75 558
98 75 559
98 140 567
98 140 568
98 140 588
98 140 590
98 140 592
98 140 594
98 162 575
98 29 592
98 29 594
98 96 595
98 96 596
98 96 597
150 39 19
150 39 20
150 39 23
150 39 24
150 39 25
150 39 50
150 39 106
150 39 108
150 39 110
150 39 111
150 39 116
150 39 129
150 39 131
150 39 149
150 1 20
150 1 21
150 1 22
150 1 25
150 1 92
150 1 125
150 79 20
150 79 21
150 79 33
150 79 34
150 79 35
150 79 38
150 79 105
150 79 106
150 79 150
150 152 22
150 20 26
150 20 27
150 20 32
150 20 35
150 20 39
150 20 50
150 20 51
150 20 52
150 20 54
150 20 55
150 20 56
150 20 58
150 20 78
150 20 79
150 20 104
150 20 113
150 20 114
150 20 131
150 20 147
150 20 160
150 20 161
150 20 162
150 104 36
150 104 42
150 104 43
150 104 44
150 104 45
150 104 46
150 104 47
150 104 48
150 104 51
150 104 56
150 104 91
150 104 149
150 104 151
150 104 152
150 59 40
150 59 52
150 59 53
150 59 54
150 59 55
150 59 87
150 59 91
150 59 92
150 59 145
150 59 149
150 59 150
150 59 151
150 163 48
150 163 50
150 163 51
150 163 52
150 163 59
150 163 103
150 163 131
150 57 51
150 57 52
150 57 54
150 57 87
150 57 113
150 57 125
150 93 53
150 93 54
150 93 107
150 93 129
150 93 155
150 145 86
150 145 89
150 161 103
150 161 104
150 161 113
150 161 125
150 161 130
150 120 105
150 41 105
150 109 113
150 89 148
150 147 155
150 16 161
39 59 24
39 59 57
39 59 132
39 59 133
39 59 134
39 163 35
39 163 89
39 163 96
39 163 132
39 22 35
39 109 37
39 109 38
39 109 74
39 109 84
39 109 146
39 147 54
39 147 113
39 147 155
39 93 63
39 93 134
39 93 135
39 57 113
39 79 115
39 79 166
39 145 141
39 145 143
39 145 144
39 145 145
39 145 148
39 145 153
39 145 154
39 145 156
39 145 157
39 145 159
39 145 160
39 145 161
39 145 162
39 145 168
39 145 169
39 145 170
39 145 171
39 83 1056
39 83 1090
20 41 25
20 41 26
20 41 27
20 41 28
20 41 29
20 41 30
20 41 31
20 41 32
20 41 38
20 41 58
20 41 59
20 41 63
20 41 65
20 41 66
20 41 83
20 41 84
20 41 87
20 41 90
20 41 94
20 41 99
20 41 113
20 41 115
20 41 116
20 41 117
20 41 118
20 41 119
20 41 126
20 41 133
20 41 134
20 41 135
20 41 136
20 41 137
20 41 143
20 41 144
20 41 147
20 41 148
20 41 161
20 163 26
20 163 30
20 163 48
20 163 50
20 163 89
20 163 90
20 163 131
20 163 133
20 163 135
20 93 35
20 93 51
20 93 66
20 93 113
20 93 134
20 93 135
20 109 37
20 109 38
20 109 49
20 109 55
20 109 82
20 109 83
20 109 84
20 109 101
20 109 146
20 109 150
20 109 151
20 59 41
20 59 43
20 59 46
20 59 51
20 59 66
20 59 103
20 59 135
20 59 136
20 79 53
20 57 55
20 57 56
20 57 64
20 57 84
20 57 86
20 57 87
20 57 91
20 57 92
20 57 93
20 57 94
20 57 97
20 57 98
20 145 69
20 145 73
20 145 74
20 145 141
20 145 144
20 145 148
20 145 149
20 145 150
20 120 73
20 120 74
20 120 76
20 120 104
20 1 102
20 15 110
20 110 111
20 19 111
20 114 112
20 161 112
20 161 119
20 161 122
20 157 236
20 157 243
20 157 245
20 157 246
20 157 248
20 157 252
20 157 255
20 157 256
20 157 258
20 157 259
20 157 260
20 157 261
20 157 314
20 157 315
20 157 316
20 157 318
20 157 319
20 157 320
20 157 321
20 157 322
20 157 323
20 157 324
20 157 325
20 157 326
20 157 334
20 157 335
20 157 407
20 157 427
20 157 444
20 157 445
20 157 446
20 157 449
20 157 455
20 157 456
20 134 556
1 79 20
1 79 21
1 79 24
1 79 32
1 79 33
1 79 101
1 79 121
1 79 140
1 59 24
1 59 36
1 59 147
1 59 149
1 59 155
1 59 160
1 59 161
1 59 166
1 59 169
1 93 28
1 93 30
1 93 31
1 93 32
1 93 33
1 93 81
1 93 82
1 93 83
1 93 84
1 93 85
1 93 86
1 93 94
1 93 103
1 93 104
1 93 120
1 93 151
1 104 34
1 57 36
1 57 136
1 57 146
1 57 147
1 57 148
1 57 149
1 57 151
1 57 152
1 57 161
1 57 166
1 57 167
1 57 175
1 109 39
1 109 99
1 109 121
1 109 153
1 109 167
1 164 75
1 120 80
1 120 81
1 120 83
1 120 85
1 120 86
1 120 89
1 120 90
1 120 93
1 120 94
1 120 100
1 120 101
1 120 105
1 120 110
1 120 113
1 120 114
1 120 116
1 120 119
1 120 121
1 120 125
1 120 135
1 120 136
1 120 146
1 120 147
1 120 148
1 120 149
1 120 151
1 120 152
1 120 153
1 120 154
1 120 161
1 120 166
1 120 167
1 120 171
1 120 172
1 120 173
1 120 174
1 120 175
1 120 176
1 120 177
1 41 118
1 41 119
1 41 120
1 161 119
1 161 136
1 161 145
1 161 146
1 163 119
1 163 137
1 163 140
1 163 145
1 163 146
1 163 151
1 163 153
1 145 120
1 152 134
1 24 177
79 163 35
79 163 81
79 93 37
79 93 50
79 93 145
79 93 148
79 57 39
79 57 49
79 57 52
79 57 54
79 57 56
79 57 58
79 57 64
79 57 81
79 57 84
79 57 89
79 57 90
79 57 91
79 57 99
79 57 100
79 57 117
79 57 118
79 57 119
79 57 120
79 57 121
79 57 122
79 57 123
79 57 124
79 57 125
79 57 126
79 57 127
79 57 128
79 57 131
79 57 133
79 57 156
79 57 157
79 57 168
79 57 170
79 57 171
79 57 173
79 57 174
79 57 176
79 59 50
79 59 75
79 59 80
79 59 81
79 59 132
79 59 157
79 59 158
79 59 159
79 59 180
79 86 51
79 152 53
79 164 56
79 109 59
79 109 119
79 109 126
79 109 158
79 120 62
79 104 74
79 104 81
79 104 87
79 104 140
79 104 159
79 36 109
79 161 110
79 161 123
79 161 128
79 161 135
79 161 136
79 147 113
79 134 113
79 41 116
79 41 130
79 41 132
79 145 121
79 145 122
79 116 156
79 7 182
57 104 20
57 104 25
57 104 29
57 104 33
57 104 54
57 104 55
57 104 66
57 104 79
57 104 81
57 104 109
57 104 114
57 104 115
57 104 116
57 104 120
57 104 135
57 104 155
57 104 156
57 104 157
57 109 21
57 109 22
57 109 26
57 109 27
57 109 28
57 109 30
57 109 31
57 109 34
57 109 35
57 109 49
57 109 67
57 109 76
57 109 77
57 109 78
57 109 84
57 109 86
57 109 113
57 109 121
57 109 138
57 109 154
57 109 158
57 109 159
57 109 160
57 109 167
57 109 177
57 109 178
57 109 179
57 109 188
57 109 195
57 109 196
57 109 206
57 109 231
57 109 233
57 109 234
57 109 235
57 109 236
57 109 237
57 109 238
57 109 239
57 109 240
57 59 22
57 59 28
57 59 29
57 59 35
57 59 36
57 59 39
57 59 40
57 59 41
57 59 42
57 59 43
57 59 44
57 59 45
57 59 46
57 59 47
57 59 48
57 59 55
57 59 67
57 59 68
57 59 76
57 59 77
57 59 108
57 59 126
57 59 139
57 59 146
57 59 147
57 59 148
57 59 149
57 59 150
57 59 153
57 59 155
57 59 157
57 59 158
57 59 159
57 59 160
57 59 161
57 59 163
57 59 166
57 59 167
57 59 171
57 59 173
57 59 176
57 59 177
57 59 178
57 59 179
57 59 180
57 59 181
57 59 182
57 59 183
57 59 184
57 59 185
57 59 186
57 59 187
57 59 188
57 59 193
57 59 194
57 59 195
57 59 197
57 59 198
57 59 207
57 59 209
57 59 210
57 59 211
57 59 231
57 59 233
57 59 234
57 59 235
57 59 236
57 59 237
57 59 238
57 59 239
57 93 33
57 93 35
57 93 59
57 93 66
57 93 70
57 93 71
57 93 79
57 93 80
57 93 108
57 93 110
57 93 147
57 93 148
57 147 50
57 163 50
57 163 51
57 163 52
57 163 54
57 163 67
57 163 80
57 163 87
57 163 146
57 163 153
57 41 64
57 41 84
57 41 86
57 41 115
57 41 126
57 41 128
57 41 168
57 161 106
57 161 107
57 161 121
57 161 122
57 161 124
57 161 125
57 161 126
57 161 133
57 161 135
57 161 139
57 161 141
57 161 146
57 161 147
57 145 122
57 152 135
57 152 156
57 152 171
57 152 178
57 152 182
57 152 183
57 152 184
57 152 189
57 152 190
57 152 191
57 152 192
57 152 194
57 152 195
57 152 231
57 152 233
57 116 136
57 116 141
57 116 166
57 116 167
57 120 152
57 120 161
57 120 174
57 144 172
57 87 173
104 93 27
104 93 37
104 93 51
104 93 52
104 93 66
104 93 103
104 93 120
104 93 129
104 93 130
104 93 131
104 93 132
104 93 138
104 59 34
104 59 44
104 59 52
104 59 155
104 59 157
104 59 183
104 59 184
104 59 185
104 59 188
104 59 189
104 59 194
104 59 195
104 59 196
104 59 212
104 59 226
104 59 227
104 59 233
104 59 234
104 59 235
104 59 236
104 59 237
104 59 238
104 59 239
104 59 240
104 163 36
104 163 107
104 147 54
104 120 72
104 120 75
104 120 126
104 120 153
104 41 81
104 41 82
104 41 83
104 41 86
104 41 148
104 145 91
104 145 92
104 145 109
104 145 151
104 145 152
104 145 153
104 161 101
104 161 130
104 152 129
104 14 1153
104 128 1153
104 38 1154
104 38 1155
104 38 1157
104 38 1161
104 38 1162
104 38 1163
104 38 1164
104 38 1184
104 38 1189
104 38 1190
104 38 1191
104 38 1192
104 38 1196
104 38 1198
104 38 1226
104 38 1237
104 38 1249
104 38 1250
104 38 1254
104 38 1255
104 38 1256
104 38 1258
104 38 1260
104 38 1261
104 38 1262
104 38 1263
104 38 1268
104 38 1269
104 38 1274
104 38 1276
104 38 1309
104 38 1310
104 38 1311
104 38 1312
104 38 1314
104 38 1317
104 38 1318
104 38 1319
104 38 1322
104 38 1323
104 38 1324
104 38 1325
104 38 1326
104 38 1327
104 38 1328
104 38 1329
104 38 1330
104 38 1331
104 38 1332
104 38 1338
104 38 1339
104 38 1340
104 38 1349
104 38 1350
104 38 1351
104 38 1352
104 38 1353
104 38 1354
104 38 1355
104 38 1356
104 38 1358
104 38 1359
104 38 1360
104 38 1361
104 38 1362
104 38 1364
104 38 1367
104 38 1373
104 38 1374
104 38 1375
104 38 1382
104 38 1384
104 38 1385
104 38 1386
104 9 1167
104 70 1191
104 53 1339
104 53 1340
104 113 1339
104 103 1340
104 121 1358
104 130 1383
104 11 1385
109 59 21
109 59 46
109 59 57
109 59 77
109 59 139
109 59 151
109 59 158
109 59 159
109 59 176
109 59 177
109 59 179
109 163 39
109 163 41
109 163 42
109 163 46
109 163 85
109 163 89
109 163 106
109 55 42
109 55 43
109 55 123
109 55 145
109 55 146
109 55 147
109 55 148
109 55 164
109 86 44
109 86 45
109 86 46
109 86 47
109 86 48
109 86 55
109 86 56
109 86 63
109 86 65
109 86 66
109 86 67
109 86 68
109 86 69
109 86 113
109 86 114
109 86 122
109 86 123
109 86 128
109 86 157
109 86 163
109 86 164
109 147 47
109 147 48
109 147 58
109 147 73
109 147 75
109 147 76
109 147 77
109 147 78
109 147 79
109 147 80
109 147 81
109 147 83
109 147 84
109 147 87
109 147 94
109 147 105
109 147 106
109 147 126
109 147 129
109 147 156
109 147 164
109 49 51
109 49 58
109 49 82
109 49 132
109 49 146
109 49 147
109 144 53
109 144 54
109 144 112
109 144 122
109 61 53
109 61 112
109 61 150
109 110 54
109 110 58
109 110 60
109 110 61
109 110 103
109 110 131
109 110 132
109 110 134
109 110 140
109 110 154
109 110 157
109 89 54
109 89 61
109 164 73
109 164 74
109 164 76
109 164 78
109 164 87
109 164 93
109 164 130
109 164 155
109 164 156
109 28 75
109 28 76
109 116 94
109 116 106
109 116 147
109 116 167
109 72 108
109 72 112
109 134 111
109 41 113
109 45 126
109 152 127
109 24 203
109 139 233
59 93 26
59 93 48
59 93 51
59 93 52
59 93 54
59 93 67
59 93 68
59 93 69
59 93 70
59 93 71
59 93 72
59 93 103
59 93 112
59 93 152
59 147 49
59 45 49
59 152 51
59 152 54
59 152 182
59 152 188
59 152 231
59 152 233
59 41 55
59 41 56
59 41 58
59 41 59
59 41 70
59 41 130
59 41 153
59 41 170
59 145 69
59 145 132
59 116 81
59 116 143
59 116 162
59 123 89
59 163 103
59 163 144
59 144 112
59 16 112
59 161 139
59 161 142
59 161 145
59 87 173
89 7 53
89 7 54
89 7 63
89 7 93
89 7 97
89 7 102
89 7 113
89 7 114
89 7 117
89 7 119
89 7 152
89 7 167
89 7 168
89 7 171
89 133 84
89 133 92
89 133 93
89 133 94
89 133 96
89 133 99
89 72 90
89 72 98
89 72 109
89 72 110
89 72 111
89 72 113
89 16 94
89 16 96
89 36 113
89 144 132
89 156 149
89 156 155
89 41 158
89 12 164
89 12 166
22 133 153
22 25 396
22 25 397
22 25 398
22 25 399
22 25 401
22 25 405
22 25 406
22 25 407
22 25 409
22 25 410
22 25 411
22 25 414
22 25 416
22 25 419
22 25 420
22 25 423
22 25 424
22 25 425
22 25 429
22 25 430
22 25 432
22 25 433
22 25 436
22 25 440
22 25 442
22 25 443
22 25 447
22 25 455
22 25 456
22 25 457
22 25 458
22 25 459
22 25 460
22 25 461
22 25 462
22 25 463
22 25 464
22 25 466
22 25 467
22 25 468
22 25 469
22 25 470
22 25 472
22 25 473
22 25 474
22 87 469
93 163 22
93 163 64
93 163 67
93 163 81
93 163 112
93 163 117
93 163 128
93 163 136
93 163 137
93 163 162
93 116 58
93 116 67
93 116 120
93 116 147
93 116 153
93 161 106
93 161 115
93 161 119
93 161 130
93 16 112
93 47 161
93 44 963
93 44 965
93 44 974
93 44 983
93 44 986
93 44 988
93 44 989
93 44 993
93 44 995
93 44 997
93 44 999
93 44 1005
93 44 1007
93 44 1038
93 44 1061
93 44 1062
93 44 1075
93 44 1079
93 44 1081
93 44 1106
93 44 1107
93 44 1108
93 44 1109
93 44 1110
93 44 1111
93 44 1112
93 44 1143
93 44 1144
93 44 1146
93 44 1147
93 44 1191
93 44 1192
93 44 1196
93 44 1208
93 44 1222
93 44 1237
93 44 1239
93 44 1240
93 44 1241
93 44 1249
93 44 1250
93 44 1255
93 44 1262
93 44 1264
93 44 1265
93 44 1283
93 44 1284
93 44 1293
93 44 1300
93 44 1302
93 44 1307
93 44 1308
93 44 1310
93 44 1326
93 44 1363
93 44 1364
93 44 1365
93 44 1366
93 44 1367
93 44 1368
93 44 1369
93 44 1370
93 44 1375
93 44 1379
93 44 1381
93 44 1384
93 44 1386
93 44 1387
93 44 1388
93 44 1389
93 44 1390
93 44 1391
93 44 1396
93 44 1397
93 44 1398
93 44 1401
93 44 1402
93 44 1404
93 44 1407
93 44 1408
93 44 1409
93 44 1410
93 44 1411
93 44 1412
93 63 1069
93 113 1300
93 113 1301
93 113 1306
93 113 1327
93 113 1332
93 113 1342
93 113 1343
93 113 1344
93 113 1349
93 113 1362
93 113 1363
93 113 1364
93 113 1365
93 113 1366
93 113 1367
93 113 1368
93 113 1370
93 113 1371
93 113 1376
93 113 1377
93 113 1378
93 113 1379
93 113 1380
93 113 1385
93 113 1387
93 113 1388
93 113 1389
93 113 1390
93 113 1391
93 113 1392
93 113 1393
93 113 1394
93 113 1395
93 113 1396
93 113 1397
93 113 1398
93 113 1399
93 113 1400
93 113 1401
93 113 1403
93 113 1404
93 113 1405
93 113 1406
93 113 1408
93 113 1409
93 113 1410
93 113 1414
163 41 26
163 41 117
163 41 131
163 41 135
163 116 66
163 116 67
163 116 146
163 116 152
163 116 153
163 145 68
163 161 103
163 161 109
163 161 112
163 161 117
163 161 119
163 12 110
163 110 111
163 133 161
152 147 54
152 116 141
152 116 168
152 161 141
152 139 232
41 116 68
41 161 123
41 161 126
41 161 128
41 161 130
41 16 153
41 145 158
41 149 547
41 149 548
41 94 553
41 94 554
41 94 565
41 94 566
41 94 570
41 94 571
41 94 573
41 94 581
41 94 583
41 94 584
41 94 586
41 94 587
41 94 589
41 37 559
41 37 568
41 37 570
41 129 573
41 84 579
123 145 89
123 46 740
123 81 747
123 81 751
123 81 757
123 81 758
45 72 39
45 72 40
45 72 42
45 72 64
45 72 71
45 7 41
45 7 42
45 7 81
45 7 83
45 7 90
45 7 93
45 54 43
45 54 60
45 54 62
45 54 65
45 54 120
45 54 121
45 54 122
45 54 144
45 54 145
45 54 149
45 54 151
45 133 44
45 133 53
45 133 118
45 164 45
45 164 53
45 164 54
45 164 58
45 164 140
45 84 48
45 84 93
45 16 61
45 16 62
45 16 92
45 16 97
45 16 98
45 16 100
45 16 101
45 16 102
45 16 115
45 16 117
45 16 118
45 16 129
45 16 130
45 16 132
45 16 133
45 16 136
45 16 145
45 16 146
45 105 62
45 105 68
45 105 96
45 61 77
45 61 78
45 61 81
45 61 93
45 87 77
45 47 96
45 47 140
45 81 437
45 81 438
45 81 447
45 81 448
45 81 474
45 81 514
45 81 515
45 81 523
45 81 532
45 81 552
45 81 583
45 81 584
45 81 586
45 81 592
45 81 596
45 81 606
45 146 528
45 146 531
45 146 536
45 146 544
45 34 543
45 34 544
45 94 546
45 94 550
45 99 582
72 164 40
72 164 66
72 164 93
72 164 100
72 164 105
72 164 128
72 164 142
72 164 143
72 164 144
72 164 145
72 164 146
72 164 150
72 164 155
72 164 156
72 164 158
72 164 163
72 10 40
72 10 42
72 10 43
72 10 83
72 10 84
72 10 104
72 10 105
72 10 117
72 10 118
72 10 125
72 10 126
72 55 42
72 55 43
72 55 56
72 55 75
72 55 76
72 55 77
72 55 78
72 55 79
72 55 80
72 55 113
72 55 124
72 55 151
72 114 42
72 114 44
72 114 45
72 114 46
72 114 47
72 114 48
72 114 59
72 114 79
72 114 93
72 114 95
72 114 104
72 114 116
72 114 117
72 114 118
72 114 120
72 114 121
72 114 129
72 114 147
72 114 154
72 114 158
72 19 43
72 19 52
72 19 58
72 19 59
72 19 70
72 19 75
72 19 88
72 19 147
72 19 163
72 19 169
72 86 44
72 86 45
72 86 46
72 86 47
72 86 49
72 86 50
72 86 51
72 86 54
72 86 58
72 86 72
72 86 76
72 86 81
72 86 82
72 86 83
72 86 87
72 86 93
72 86 102
72 86 111
72 86 116
72 86 119
72 110 44
72 110 65
72 110 66
72 110 67
72 110 68
72 110 69
72 110 73
72 110 75
72 110 112
72 110 121
72 110 140
72 110 141
72 110 142
72 110 143
72 110 144
72 110 154
72 110 158
72 110 159
72 110 160
72 110 161
72 110 162
72 110 163
72 110 164
72 147 45
72 147 46
72 147 47
72 147 48
72 147 49
72 147 50
72 147 51
72 147 60
72 147 61
72 147 63
72 147 65
72 147 67
72 147 72
72 147 77
72 147 78
72 147 81
72 147 83
72 147 84
72 147 86
72 147 87
72 147 88
72 147 99
72 147 100
72 147 101
72 147 106
72 147 107
72 147 108
72 147 110
72 147 129
72 147 131
72 147 135
72 147 136
72 147 147
72 147 164
72 147 169
72 49 52
72 49 54
72 49 84
72 49 86
72 144 54
72 144 58
72 144 66
72 144 71
72 144 113
72 144 114
72 61 58
72 61 59
72 61 72
72 61 87
72 61 92
72 61 96
72 61 113
72 61 126
72 61 127
72 61 145
72 28 103
72 28 154
72 134 103
72 134 107
72 134 109
72 134 114
72 134 129
72 134 137
72 134 161
72 133 108
72 7 108
72 36 120
72 36 130
72 36 150
72 15 150
72 127 169
114 164 40
114 164 59
114 164 62
114 164 75
114 164 77
114 164 85
114 164 148
114 133 40
114 133 77
114 133 78
114 133 79
114 133 82
114 133 84
114 133 85
114 7 42
114 7 43
114 7 52
114 7 53
114 7 61
114 7 62
114 7 63
114 7 69
114 7 104
114 7 105
114 7 118
114 16 43
114 16 50
114 16 57
114 16 75
114 16 76
114 16 78
114 16 145
114 16 146
114 16 147
114 16 148
114 16 150
114 16 153
114 61 52
114 87 62
114 87 90
114 87 95
114 80 287
164 133 40
164 133 41
164 133 52
164 133 57
164 133 65
164 133 99
164 133 129
164 61 44
164 61 45
164 61 92
164 61 93
164 61 94
164 61 134
164 61 154
164 147 46
164 147 99
164 147 129
164 147 130
164 147 131
164 147 132
164 147 133
164 147 134
164 147 137
164 147 139
164 147 141
164 147 142
164 147 156
164 147 158
164 55 47
164 55 58
164 55 66
164 55 67
164 55 68
164 55 69
164 55 70
164 55 72
164 55 73
164 55 74
164 55 75
164 55 138
164 55 148
164 55 151
164 120 57
164 28 59
164 28 69
164 28 134
164 28 157
164 28 164
164 110 59
164 110 65
164 110 66
164 110 68
164 110 145
164 110 146
164 110 158
164 7 60
164 7 61
164 7 62
164 7 63
164 7 78
164 7 87
164 7 92
164 7 94
164 7 97
164 7 104
164 87 62
164 87 63
164 16 67
164 16 68
164 16 69
164 16 70
164 16 72
164 16 73
164 16 74
164 16 75
164 16 76
164 16 78
164 16 85
164 16 86
164 16 95
164 16 148
164 16 155
164 144 71
164 86 71
164 86 81
164 86 93
164 86 133
164 86 162
164 49 99
164 49 164
164 36 130
164 36 150
133 147 43
133 147 44
133 147 84
133 147 92
133 147 94
133 147 99
133 147 110
133 147 113
133 147 114
133 147 129
133 147 141
133 147 145
133 147 146
133 147 147
133 147 162
133 28 46
133 144 48
133 144 62
133 19 52
133 19 158
133 10 58
133 10 115
133 61 64
133 61 131
133 61 141
133 49 82
133 49 85
133 49 136
133 49 141
133 49 145
133 49 148
133 49 153
133 49 155
133 86 103
133 86 107
133 86 109
133 86 110
133 86 111
133 86 119
133 86 123
133 86 131
133 86 132
133 86 160
133 86 162
133 55 118
133 55 134
133 55 144
133 55 159
133 55 164
133 110 123
133 110 136
133 110 147
133 110 161
133 110 162
133 36 130
133 15 149
133 24 213
133 24 225
10 16 57
10 16 78
10 16 79
10 16 80
10 16 81
10 16 85
10 16 87
10 16 88
10 16 92
10 16 176
10 16 177
10 12 125
10 12 159
10 156 181
10 131 1318
7 144 45
7 144 53
7 144 73
7 144 74
7 144 75
7 144 152
7 144 154
7 144 157
7 144 158
7 144 159
7 144 160
7 144 161
7 144 171
7 28 46
7 28 110
7 28 114
7 110 49
7 110 52
7 110 59
7 110 60
7 110 81
7 110 83
7 110 84
7 110 85
7 110 88
7 110 89
7 110 92
7 110 99
7 110 110
7 110 113
7 110 114
7 61 52
7 61 53
7 61 74
7 61 77
7 61 80
7 61 83
7 61 84
7 61 85
7 61 87
7 61 94
7 61 126
7 147 59
7 147 60
7 147 87
7 147 97
7 147 105
7 147 113
7 147 115
7 147 154
7 147 177
7 86 59
7 86 69
7 86 70
7 86 71
7 86 93
7 86 96
7 86 97
7 86 107
7 86 110
7 86 117
7 86 125
7 86 154
7 49 73
7 49 77
7 49 78
7 49 90
7 49 126
7 145 113
7 55 117
7 134 119
7 134 122
7 134 124
7 156 177
7 120 181
7 18 1274
7 18 1275
7 18 1276
7 18 1277
7 18 1278
7 18 1279
7 18 1281
7 18 1282
7 18 1283
7 18 1284
7 18 1285
7 18 1286
7 18 1287
7 18 1294
7 18 1295
7 18 1296
7 18 1297
7 18 1298
7 18 1299
7 18 1300
7 18 1302
7 18 1303
7 18 1304
7 18 1307
7 18 1308
7 18 1309
7 18 1311
7 18 1312
7 18 1313
7 18 1314
7 18 1315
7 18 1316
7 18 1317
7 18 1318
7 18 1319
7 18 1320
7 18 1321
7 18 1322
7 18 1323
7 18 1324
7 18 1325
7 18 1326
7 18 1328
7 18 1329
7 18 1330
7 18 1331
7 18 1332
7 18 1333
7 18 1334
7 18 1335
7 18 1336
7 18 1337
7 18 1339
7 18 1340
7 18 1341
7 18 1342
7 18 1343
7 18 1344
7 18 1345
7 18 1346
7 18 1347
7 18 1348
7 18 1349
7 18 1350
7 18 1351
7 18 1352
7 18 1353
7 18 1354
7 18 1356
7 18 1358
7 18 1359
7 18 1360
7 18 1361
7 18 1363
7 18 1364
7 18 1366
7 18 1367
7 18 1368
7 18 1369
7 18 1370
7 18 1372
7 18 1374
7 18 1376
7 15 1359
7 15 1360
7 15 1361
7 15 1363
7 15 1366
7 15 1367
7 15 1368
7 15 1373
7 15 1374
7 15 1376
7 15 1377
7 15 1378
7 15 1381
7 15 1382
7 15 1385
7 15 1386
7 15 1388
7 15 1390
7 15 1391
7 15 1394
7 15 1395
7 15 1396
7 15 1397
7 15 1399
7 15 1400
7 15 1401
7 15 1407
7 15 1409
7 15 1410
7 15 1411
7 15 1412
7 15 1413
7 15 1414
55 16 42
55 16 43
55 16 46
55 16 47
55 16 48
55 16 49
55 16 50
55 16 62
55 16 63
55 16 67
55 16 68
55 16 70
55 16 79
55 16 81
55 16 90
55 16 111
55 16 118
55 16 134
55 16 135
55 16 136
55 16 140
55 16 141
55 16 142
55 16 143
55 16 144
55 16 145
55 16 146
55 16 147
55 16 155
55 16 158
55 16 159
55 16 160
55 16 161
55 144 46
55 144 112
55 144 122
55 105 63
55 61 98
55 61 162
55 48 613
55 48 620
55 48 621
55 48 624
55 48 625
55 48 626
55 48 627
55 48 628
55 48 629
55 48 630
55 48 631
55 48 632
55 48 633
55 48 634
55 48 635
55 48 636
55 48 637
55 48 638
55 48 639
55 48 640
55 48 641
55 48 642
55 48 644
55 48 645
55 48 649
55 48 651
55 48 653
55 48 654
55 48 655
55 48 656
55 48 657
55 48 658
55 48 659
55 48 660
55 48 661
55 48 662
55 48 663
55 48 664
55 48 665
55 48 666
55 48 667
55 48 668
55 48 670
55 48 671
55 48 672
55 48 677
55 48 678
55 82 614
55 82 622
55 82 623
55 82 624
55 82 627
55 82 628
55 82 629
55 82 630
55 82 632
55 82 633
55 82 635
55 82 638
55 82 639
55 82 640
55 82 645
55 82 649
55 82 651
55 82 653
55 82 654
55 82 657
55 82 658
55 82 659
55 82 660
55 82 661
55 82 662
55 82 663
55 82 664
55 82 665
55 82 666
55 82 667
55 82 668
55 82 671
55 82 672
55 82 677
16 144 48
16 144 67
16 144 68
16 144 72
16 144 97
16 144 113
16 144 115
16 144 120
16 144 126
16 49 49
16 49 52
16 49 65
16 49 112
16 49 113
16 49 119
16 49 141
16 49 142
16 49 149
16 49 158
16 49 159
16 49 160
16 49 161
16 86 55
16 86 72
16 86 82
16 86 157
16 110 55
16 110 56
16 110 58
16 110 62
16 110 63
16 110 68
16 110 70
16 110 78
16 110 82
16 110 88
16 110 89
16 110 90
16 110 93
16 110 95
16 110 96
16 110 150
16 110 151
16 134 63
16 134 64
16 134 159
16 61 74
16 147 81
16 147 88
16 147 89
16 147 122
16 147 123
16 147 135
16 147 143
16 147 144
16 147 157
16 147 169
16 147 170
16 147 171
16 147 177
16 161 111
16 15 132
16 15 149
16 36 149
16 28 155
16 28 157
16 28 161
16 127 169
16 127 170
16 127 171
16 156 170
16 156 171
16 156 173
16 156 177
16 145 171
16 126 525
16 126 527
16 126 545
16 126 550
16 126 552
16 126 558
16 126 561
16 126 566
16 82 542
16 82 552
16 58 552
16 68 555
16 68 557
16 68 575
16 68 576
16 2 566
16 120 569
16 17 573
16 17 579
147 54 44
147 54 65
147 54 66
147 54 72
147 54 74
147 54 81
147 54 86
147 54 102
147 54 118
147 54 135
147 54 138
147 54 139
147 54 143
147 54 144
147 84 47
147 84 48
147 84 49
147 84 50
147 84 51
147 84 58
147 84 59
147 84 95
147 84 104
147 84 108
147 84 110
147 84 145
147 84 148
147 84 149
147 84 150
147 84 151
147 84 152
147 84 153
147 84 154
147 84 155
147 84 159
147 84 160
147 43 49
147 43 65
147 43 72
147 43 74
147 43 77
147 43 125
147 116 54
147 144 58
147 144 102
147 144 115
147 144 119
147 144 120
147 144 121
147 144 128
147 144 154
147 87 67
147 87 68
147 87 77
147 87 83
147 87 92
147 87 96
147 87 97
147 87 98
147 87 99
147 87 100
147 87 110
147 87 116
147 87 128
147 61 72
147 61 73
147 61 74
147 61 119
147 61 128
147 61 134
147 61 161
147 105 92
147 105 100
147 105 101
147 105 119
147 105 158
147 105 164
147 47 95
147 47 98
147 47 141
147 47 143
147 47 144
147 47 145
147 27 115
147 125 169
147 125 170
147 125 171
147 156 170
147 156 171
147 156 177
54 49 44
54 49 48
54 49 49
54 49 86
54 49 113
54 49 134
54 49 142
54 49 159
54 49 160
54 49 161
54 49 162
54 144 48
54 144 63
54 144 113
54 144 118
54 144 123
54 144 126
54 86 103
54 86 122
54 86 123
54 86 156
54 110 104
54 110 106
54 110 107
54 28 106
54 36 150
54 113 1293
54 113 1294
54 113 1340
54 113 1368
19 66 541
19 92 542
19 38 550
19 38 551
19 38 582
19 38 584
19 38 585
19 146 551
19 146 555
19 94 557
19 33 557
19 33 636
19 111 557
19 129 574
19 165 581
19 88 636
86 47 52
86 47 53
86 47 58
86 47 60
86 47 81
86 47 98
86 47 99
86 47 145
86 105 55
86 105 56
86 105 82
86 105 89
86 105 96
86 105 99
86 105 100
86 105 101
86 105 103
86 105 104
86 105 120
86 105 121
86 105 123
86 105 128
86 105 157
86 105 161
86 61 55
86 61 56
86 61 116
86 61 121
86 61 125
86 61 131
86 61 132
86 61 146
86 144 58
86 144 104
86 87 95
86 87 116
86 87 117
86 87 119
86 87 128
86 43 96
86 27 107
86 34 134
86 34 135
86 34 136
86 12 134
86 52 543
86 52 546
86 52 550
86 52 587
86 52 588
86 52 589
86 52 590
86 140 544
86 111 550
86 111 592
86 29 551
86 29 568
86 33 584
86 33 587
86 33 588
86 33 635
86 33 636
86 84 585
49 144 58
49 144 74
49 87 66
49 105 81
49 105 90
49 105 99
49 105 130
49 105 136
49 105 149
49 61 82
49 61 83
49 61 84
49 61 162
49 6 884
49 6 890
49 6 893
49 6 894
49 6 896
49 6 897
49 6 899
49 6 905
49 6 908
49 6 909
49 6 913
49 6 914
49 6 921
49 6 922
49 6 923
49 6 924
49 6 925
49 6 926
49 6 927
49 6 928
49 6 929
49 6 930
49 6 931
49 6 932
49 6 933
49 6 935
49 6 936
49 106 932
110 87 44
110 87 45
110 87 49
110 61 55
110 61 56
110 61 59
110 61 82
110 61 91
110 61 95
110 61 98
110 61 128
110 111 529
110 111 530
110 111 531
110 111 533
110 111 534
110 111 536
110 111 537
110 111 540
110 111 541
110 111 542
110 111 543
110 111 544
110 111 553
110 111 568
110 111 569
110 111 580
110 142 533
110 96 533
110 146 558
110 146 559
110 105 560
110 105 563
87 61 52
87 61 53
87 61 55
87 61 56
87 61 100
87 134 85
87 134 119
87 144 123
87 144 152
87 144 153
87 144 160
87 148 474
87 148 475
87 148 476
87 148 483
87 148 484
87 148 508
87 148 509
61 144 53
61 144 133
144 84 47
144 84 115
144 84 120
144 84 121
144 105 49
144 105 60
144 105 100
144 105 101
144 105 103
144 105 105
144 105 106
144 43 96
144 43 100
144 43 101
144 145 111
144 161 111
144 12 132
144 12 163
144 139 168
28 88 555
28 140 597
28 153 597
28 8 642
28 8 643
84 36 120
84 36 632
84 106 535
84 64 535
84 66 545
84 126 545
84 126 548
84 126 550
84 60 551
84 32 551
84 94 556
84 75 557
84 135 562
84 111 562
84 111 563
84 8 567
84 153 574
84 17 577
84 165 585
84 134 588
36 12 47
36 12 48
36 12 49
36 12 50
36 12 51
36 12 52
36 12 53
36 12 54
36 12 55
36 12 60
36 12 61
36 12 62
36 12 63
36 12 64
36 12 65
36 12 66
36 12 70
36 12 72
36 12 73
36 12 74
36 12 83
36 12 84
36 12 85
36 12 86
36 12 87
36 12 88
36 12 89
36 12 92
36 12 93
36 12 95
36 12 104
36 12 105
36 12 106
36 12 107
36 12 108
36 12 113
36 12 127
36 12 128
36 12 130
36 12 131
36 12 137
36 12 138
36 12 139
36 12 144
36 12 145
36 12 146
36 12 147
36 12 150
36 12 154
36 12 155
36 12 156
36 12 157
36 12 158
36 12 160
36 12 162
36 12 166
36 12 171
36 12 172
36 12 177
36 116 52
36 142 529
36 142 531
36 33 529
36 33 534
36 33 535
36 33 538
36 33 560
36 33 565
36 33 566
36 33 570
36 33 572
36 33 573
36 96 531
36 96 537
36 26 534
36 26 548
36 111 535
36 111 552
36 34 537
36 124 540
36 8 540
36 8 561
36 8 571
36 52 545
36 64 545
36 119 548
36 92 552
36 30 563
36 37 573
12 32 49
12 32 50
12 32 51
12 32 61
12 32 77
12 32 80
12 32 85
12 32 86
12 32 87
12 32 88
12 32 92
12 32 101
12 32 102
12 32 107
12 32 125
12 32 127
12 32 138
12 32 142
12 32 147
12 32 154
12 32 155
12 32 156
12 32 157
12 32 158
12 32 159
12 32 160
12 32 162
12 32 163
12 32 171
12 32 175
12 32 177
12 24 177
12 99 919
12 99 921
12 99 925
12 99 946
12 99 959
12 99 967
12 99 969
12 99 1000
12 99 1028
12 99 1039
12 99 1042
12 99 1043
12 99 1044
12 99 1046
12 99 1047
12 99 1048
12 99 1053
12 99 1055
12 99 1056
12 99 1058
12 99 1059
12 99 1060
12 99 1061
12 99 1062
12 99 1063
12 99 1064
12 99 1065
12 99 1066
12 99 1067
12 99 1069
12 99 1070
12 99 1071
12 99 1072
12 99 1073
12 99 1074
12 99 1075
12 99 1076
12 99 1077
12 99 1078
12 99 1079
12 99 1080
12 99 1081
12 99 1082
12 99 1083
12 99 1084
12 99 1087
12 99 1089
12 99 1091
12 99 1104
12 63 920
12 63 922
12 63 923
12 63 924
12 63 935
12 63 938
12 63 963
12 63 967
12 63 1128
12 63 1146
12 63 1157
12 63 1161
12 63 1167
12 63 1168
105 122 535
105 122 539
105 122 544
105 122 549
105 122 550
105 122 553
105 122 561
105 122 562
105 82 536
105 82 538
105 4 537
105 4 540
105 106 539
105 77 553
105 8 561
105 8 563
43 4 544
43 111 545
43 111 571
43 111 575
43 153 557
43 162 557
43 50 559
43 90 568
43 90 572
43 90 573
43 58 570
43 127 570
43 127 571
32 34 70
32 34 107
32 34 108
32 34 138
32 34 141
32 34 142
32 34 145
32 34 146
32 34 152
32 34 153
32 34 156
32 34 157
32 34 158
32 34 159
32 34 170
32 34 171
32 142 534
32 142 535
32 142 539
32 142 583
32 142 586
32 142 587
32 142 588
32 142 589
32 142 591
32 96 534
32 96 555
32 96 557
32 96 560
32 96 563
32 96 566
32 96 572
32 96 573
32 96 578
32 96 579
32 96 580
32 96 585
32 96 588
32 146 541
32 94 546
32 94 547
32 102 549
32 102 551
32 60 550
32 60 551
32 52 560
32 140 569
32 149 577
47 25 462
47 126 532
47 126 537
47 88 532
47 88 538
47 13 533
47 13 534
47 13 535
47 13 537
47 13 543
47 13 549
47 94 539
47 106 542
47 106 543
47 106 544
47 106 545
47 162 552
47 3 584
47 4 598
47 4 600
47 62 599
116 145 90
116 145 100
116 161 104
116 161 105
116 161 141
116 161 142
116 24 177
116 66 542
116 4 545
116 140 548
116 140 564
116 140 565
116 90 557
116 90 560
116 90 561
116 90 564
116 90 565
116 90 567
116 90 571
116 58 564
116 3 565
116 127 571
116 165 585
116 135 588
116 141 595
116 94 597
120 161 138
120 156 181
120 64 537
120 64 538
120 64 540
120 64 549
120 64 550
120 64 551
120 64 552
120 64 553
120 64 554
120 64 555
120 64 556
120 64 558
120 64 560
120 64 565
120 64 574
120 64 578
120 38 538
120 38 542
120 38 564
120 165 548
120 42 560
120 60 567
120 96 571
134 2 523
134 2 524
134 2 533
134 2 543
134 2 546
134 2 548
134 2 549
134 2 550
134 2 560
134 2 587
134 73 523
134 73 550
134 73 551
134 73 554
134 73 563
134 165 524
134 165 527
134 165 528
134 165 532
134 165 533
134 165 551
134 165 563
134 165 566
134 165 570
134 165 584
134 122 525
134 149 525
134 149 526
134 90 526
134 90 559
134 90 579
134 42 527
134 42 541
134 42 542
134 42 543
134 42 546
134 42 555
134 42 582
134 42 584
134 124 548
134 124 549
134 64 549
134 50 561
134 62 561
134 68 561
134 128 565
134 0 567
134 0 571
134 0 572
134 0 573
134 0 574
134 0 575
134 0 576
134 60 569
134 60 570
134 30 570
134 37 575
134 37 577
134 146 576
134 146 577
145 161 133
145 156 171
145 125 171
34 3 531
34 3 583
34 5 531
34 106 533
34 64 537
34 64 572
34 82 539
34 82 541
34 82 543
34 82 544
34 82 546
34 82 547
34 82 549
34 82 550
34 82 552
34 82 553
34 82 556
34 126 541
34 126 543
34 126 544
34 126 546
34 126 553
34 13 547
34 13 550
34 13 573
34 118 552
34 94 554
34 94 556
34 94 562
34 94 565
34 94 577
34 94 586
34 58 556
34 50 559
34 50 561
34 50 562
34 141 561
34 101 563
34 88 563
34 48 576
34 48 585
34 122 577
34 127 583
34 127 591
34 68 589
27 112 1101
27 112 1114
27 112 1123
27 112 1125
27 112 1126
27 112 1128
27 112 1143
27 112 1148
27 112 1149
27 112 1151
27 112 1156
27 112 1160
27 112 1161
27 112 1162
124 66 556
124 66 557
124 141 556
124 141 557
139 74 136
139 74 146
139 74 147
139 74 149
139 74 150
139 74 151
139 74 152
139 74 175
139 74 200
139 74 201
139 74 229
74 46 229
156 125 145
156 125 146
156 125 147
156 125 150
156 125 151
156 125 153
156 125 154
156 125 155
156 125 156
156 125 157
156 125 158
156 125 159
156 125 160
156 125 161
156 125 162
156 125 163
156 125 164
156 125 170
156 125 171
125 142 1265
125 142 1267
125 142 1275
125 142 1301
125 142 1302
125 142 1330
125 142 1335
125 142 1336
125 142 1337
125 142 1338
125 142 1389
125 142 1439
125 142 1442
125 142 1443
125 137 1302
127 77 545
127 77 546
127 77 547
127 77 548
127 77 549
127 77 551
127 77 552
127 77 553
127 77 555
127 77 557
127 77 558
127 77 561
127 77 575
127 77 582
127 77 584
127 77 585
127 77 586
127 77 593
127 77 596
127 99 563
127 99 564
127 99 566
127 37 563
127 37 565
127 37 566
127 37 571
127 58 563
127 58 571
127 58 582
127 58 588
127 58 589
127 58 606
127 58 607
127 58 610
127 58 611
127 58 612
127 58 617
127 142 564
127 75 564
127 75 565
127 94 573
127 94 574
127 146 581
127 5 593
127 5 606
127 62 601
127 62 603
127 62 606
127 62 607
127 50 610
127 50 611
127 26 614
127 26 615
127 26 616
24 131 185
24 131 186
24 131 187
24 131 190
24 131 191
24 131 193
24 131 194
24 131 201
24 131 202
24 131 205
24 131 214
24 131 231
24 131 232
24 131 233
24 131 234
24 131 235
24 131 236
24 131 247
24 131 248
24 131 252
24 131 256
24 131 258
24 131 261
24 131 263
24 131 267
24 131 268
24 131 269
24 131 270
24 131 271
24 131 272
24 131 296
24 131 297
24 131 298
24 131 308
24 131 311
24 131 319
24 131 320
24 131 325
24 131 336
24 131 340
24 131 341
24 131 342
24 131 347
24 21 282
131 53 1304
118 21 211
118 21 212
118 21 214
118 21 217
118 21 221
118 21 222
118 21 223
118 21 224
118 21 225
118 21 228
118 21 229
118 21 232
118 21 233
118 21 234
118 21 235
118 21 236
118 21 242
118 21 243
118 21 244
118 21 245
118 21 246
118 21 247
118 21 250
118 21 251
118 21 254
118 21 259
118 21 261
118 21 264
118 21 265
118 21 268
118 21 280
118 21 282
118 21 284
118 21 286
118 21 287
118 149 528
118 149 530
118 149 531
118 149 532
118 149 534
118 149 536
118 149 542
118 149 543
118 149 544
118 149 545
118 149 550
118 149 568
118 149 571
118 149 572
118 149 573
118 149 574
118 149 576
118 149 577
118 149 581
118 149 584
118 149 585
118 149 586
118 149 587
118 149 593
118 149 596
118 149 597
118 149 598
118 149 599
118 149 600
118 149 601
118 149 602
118 149 604
118 149 608
118 149 609
118 149 611
118 149 616
118 149 617
118 149 618
118 149 619
118 149 629
118 149 630
118 149 631
118 149 632
118 149 633
118 149 634
118 149 635
118 149 638
118 102 551
118 162 561
118 31 633
118 31 634
21 80 287
21 111 551
46 17 251
46 17 252
46 151 302
46 151 303
46 151 304
46 151 305
46 82 614
46 82 615
46 82 616
46 82 623
46 82 624
46 82 626
46 82 628
46 82 629
46 82 630
46 82 631
46 82 632
46 82 633
46 82 635
46 82 636
46 82 639
46 82 643
46 82 644
46 82 645
46 82 646
46 82 647
46 82 648
46 82 649
46 82 650
46 82 651
46 82 652
46 82 657
46 82 658
46 82 659
46 82 660
46 82 661
46 82 662
46 82 663
46 82 665
46 82 666
46 82 667
46 82 668
46 82 669
46 82 671
46 82 677
46 9 733
157 17 303
157 17 304
157 17 305
157 17 306
157 17 383
157 17 388
157 17 391
157 17 551
157 17 556
157 17 578
157 17 580
157 17 618
157 149 609
157 149 610
157 68 616
157 26 618
157 78 620
157 78 624
157 78 628
157 78 629
157 78 639
157 78 641
157 78 668
157 78 698
157 78 699
157 78 707
157 78 715
157 78 718
157 78 719
157 78 728
157 78 729
157 78 735
80 17 245
80 146 532
80 146 534
80 146 535
80 146 536
80 146 537
80 146 538
80 146 539
80 146 541
80 102 549
17 25 431
17 37 556
17 149 571
17 149 572
17 149 610
17 149 612
17 68 574
17 68 595
17 68 596
17 68 615
17 68 616
17 68 618
17 122 608
17 122 609
17 26 615
17 26 616
17 26 617
17 129 615
17 129 616
17 107 1057
17 107 1061
17 107 1062
17 107 1063
17 107 1064
17 107 1107
17 107 1140
17 107 1141
17 107 1142
17 107 1149
17 107 1152
17 143 1057
17 143 1070
17 143 1076
17 143 1133
17 143 1153
17 128 1062
17 128 1134
17 128 1153
17 33 1065
17 33 1101
17 33 1132
17 33 1139
17 33 1153
17 63 1151
151 44 307
151 44 308
151 44 310
151 44 312
151 44 313
151 44 315
151 44 316
151 44 317
151 44 318
151 44 319
151 44 320
151 44 324
151 44 325
151 44 327
151 44 328
151 44 329
151 44 330
44 108 1301
44 108 1302
44 108 1304
44 108 1305
44 108 1306
44 108 1307
44 108 1314
44 108 1322
44 108 1323
44 108 1325
44 108 1326
44 108 1328
44 108 1332
44 108 1333
44 108 1335
44 108 1339
44 108 1340
44 108 1341
44 108 1346
44 108 1347
44 108 1350
44 108 1352
44 108 1355
44 108 1360
44 108 1361
44 108 1362
44 108 1363
44 108 1364
44 108 1365
44 108 1366
44 108 1367
44 108 1368
44 108 1369
44 108 1371
44 108 1373
44 108 1382
44 108 1387
44 108 1388
44 108 1389
44 108 1393
44 108 1396
44 108 1403
25 132 458
25 121 468
25 148 469
25 85 469
25 119 473
81 13 533
81 13 538
81 88 535
81 162 551
81 162 552
81 68 586
132 129 559
132 11 1385
132 11 1386
132 11 1387
132 11 1391
132 11 1396
132 11 1397
132 11 1398
132 11 1399
132 11 1400
132 11 1406
132 11 1407
132 11 1408
132 11 1413
132 11 1420
132 11 1423
132 11 1425
132 158 1392
121 148 462
121 148 463
121 148 473
121 148 474
121 148 475
121 148 477
121 148 484
121 148 485
121 148 502
121 85 463
121 85 464
121 85 465
121 85 466
121 85 468
121 85 469
121 85 471
121 85 472
121 85 473
121 85 476
121 85 477
121 85 485
121 85 486
121 85 489
121 85 490
121 85 491
121 85 502
121 85 505
121 85 508
121 137 1264
121 137 1265
121 137 1269
121 137 1275
121 137 1276
121 137 1277
121 137 1278
121 137 1286
121 137 1287
121 137 1288
121 137 1289
121 137 1290
121 137 1291
121 137 1292
121 137 1293
121 137 1294
121 137 1295
121 137 1296
121 137 1297
121 137 1298
121 137 1299
121 137 1300
121 137 1301
121 137 1319
121 137 1320
121 137 1328
121 137 1329
121 137 1336
121 137 1337
121 137 1345
121 137 1366
121 137 1389
121 137 1390
121 137 1391
121 137 1393
121 137 1394
121 137 1395
121 137 1397
121 137 1438
121 137 1439
121 137 1441
121 137 1442
121 137 1443
121 141 1266
121 141 1272
121 141 1274
121 141 1277
121 141 1278
121 141 1303
121 141 1307
121 141 1308
121 141 1309
121 141 1314
121 141 1315
121 141 1319
121 141 1320
121 141 1325
121 141 1326
121 141 1329
121 141 1331
121 141 1334
121 141 1339
121 141 1341
121 141 1342
121 141 1343
121 141 1344
121 141 1350
121 141 1351
121 141 1352
121 141 1353
121 141 1354
121 141 1355
121 141 1356
121 141 1357
121 141 1359
121 141 1365
121 141 1366
121 141 1368
121 141 1371
121 141 1385
121 141 1386
148 85 463
148 85 473
85 37 1058
85 37 1060
85 37 1063
85 37 1064
85 37 1071
85 37 1074
85 37 1082
85 37 1085
85 37 1109
85 37 1113
85 37 1116
119 117 489
119 26 518
119 13 538
119 83 707
119 83 709
119 83 711
119 83 713
119 83 724
119 83 727
119 83 728
119 83 729
119 83 730
119 83 731
119 83 737
119 83 744
119 83 746
119 9 714
119 48 747
117 53 1374
26 115 531
26 115 532
26 115 533
26 115 543
26 115 544
26 115 559
26 115 564
26 115 565
26 142 538
26 73 546
26 73 566
26 31 549
26 90 550
26 90 553
26 30 566
26 88 573
26 88 580
26 92 579
26 68 613
26 68 614
26 68 616
26 68 618
146 73 522
146 73 523
146 165 524
146 165 525
146 40 524
146 40 525
146 40 527
146 149 526
146 13 531
146 13 534
146 13 535
146 13 536
146 13 537
146 13 538
146 13 539
146 13 545
146 126 531
146 126 532
146 126 538
146 126 539
146 88 531
146 88 534
146 88 535
146 88 538
146 88 543
146 88 544
146 88 574
146 88 581
146 88 635
146 90 536
146 90 548
146 90 555
146 106 543
146 106 544
146 106 545
146 92 547
146 66 549
146 111 554
146 122 558
146 8 558
146 8 559
146 60 562
146 60 564
146 94 569
146 48 573
146 35 574
146 29 576
146 82 583
146 31 583
146 140 635
73 2 524
73 2 525
73 2 534
73 2 535
73 2 539
73 2 550
73 2 570
73 2 572
73 37 524
73 37 546
73 35 525
73 35 543
73 35 550
73 40 525
73 40 536
73 40 539
73 40 540
73 40 541
73 40 550
73 40 554
73 40 555
73 40 556
73 40 560
73 40 565
73 135 526
73 135 561
73 42 528
73 42 533
73 42 535
73 42 537
73 42 538
73 42 551
73 42 552
73 42 561
73 42 566
73 42 568
73 165 528
73 165 551
73 165 566
73 165 568
73 165 569
73 165 570
73 165 572
73 0 544
73 64 549
73 64 560
73 5 557
73 149 560
73 126 572
73 126 573
2 165 524
2 165 526
2 165 548
2 165 560
2 165 571
2 165 572
2 165 585
2 165 588
2 88 526
2 42 535
2 42 536
2 42 537
2 42 543
2 42 548
2 42 550
2 42 553
2 42 561
2 42 570
2 42 571
2 42 572
2 42 587
2 42 588
2 37 540
2 129 560
2 68 560
2 64 563
2 135 564
2 126 565
2 126 566
2 126 571
2 126 572
2 90 574
2 140 588
165 42 524
165 42 526
165 42 545
165 42 546
165 42 547
165 42 548
165 42 550
165 42 551
165 42 552
165 42 553
165 42 563
165 42 565
165 42 567
165 42 570
165 42 571
165 42 572
165 42 588
165 30 543
165 30 565
165 0 545
165 13 562
165 126 562
165 126 571
165 60 569
165 135 576
165 135 577
165 135 579
165 33 582
165 88 582
165 88 587
165 82 584
165 140 588
37 40 556
37 94 559
37 60 560
37 64 560
37 58 563
37 77 569
37 75 572
37 48 572
37 90 577
37 90 578
37 90 579
37 90 582
37 90 583
37 90 584
40 30 543
40 30 545
40 96 557
40 149 560
40 100 1156
40 100 1158
40 100 1159
40 100 1160
40 100 1165
40 100 1166
40 100 1169
40 100 1185
40 100 1188
40 100 1197
40 100 1227
42 88 526
42 88 587
42 0 545
42 13 562
42 126 562
42 126 571
42 126 572
42 77 580
42 50 580
42 122 588
42 140 588
42 95 964
42 95 966
42 95 967
42 95 968
42 95 1000
42 95 1013
42 95 1180
42 95 1181
42 95 1223
42 95 1227
42 95 1230
35 75 562
35 75 563
35 75 573
35 129 562
35 129 567
35 129 568
35 142 563
35 99 565
35 99 566
35 94 569
35 33 573
35 128 1056
35 128 1057
35 128 1070
35 128 1072
35 128 1074
35 128 1075
35 128 1076
35 128 1082
35 128 1090
35 128 1093
35 128 1097
35 128 1106
35 128 1113
35 128 1133
35 128 1134
35 128 1135
35 128 1140
35 128 1154
35 107 1056
35 107 1057
35 107 1058
35 107 1061
35 107 1062
35 107 1063
35 107 1064
35 107 1070
35 107 1072
35 107 1078
35 107 1079
35 107 1082
35 107 1086
35 107 1089
35 107 1113
35 107 1128
35 107 1131
35 107 1135
35 107 1142
35 143 1056
35 143 1057
35 143 1062
35 143 1064
35 143 1113
35 143 1131
35 143 1151
35 143 1154
35 14 1057
35 14 1058
35 14 1062
35 14 1063
35 14 1064
35 14 1070
35 14 1074
35 14 1131
35 14 1134
35 14 1135
35 14 1136
35 14 1137
35 14 1138
35 14 1140
35 14 1147
35 14 1148
35 14 1149
35 14 1154
122 149 525
122 62 551
122 62 552
122 52 559
122 115 560
122 96 579
122 96 581
122 4 588
122 30 642
149 13 526
149 94 535
149 94 584
149 111 546
149 92 551
149 75 559
149 162 561
149 68 576
149 142 585
149 142 586
149 4 588
149 3 592
149 30 635
149 30 636
149 30 637
149 30 638
149 30 639
126 90 529
126 90 531
126 90 532
126 90 538
126 82 534
126 82 536
126 4 536
126 4 540
126 4 542
126 94 550
126 102 551
126 60 551
126 0 557
126 8 561
126 162 568
126 68 576
126 68 577
126 68 578
126 3 581
126 3 582
126 140 587
126 140 588
13 128 528
13 128 529
13 128 530
13 128 531
13 128 536
13 128 555
13 128 557
13 128 559
13 128 560
13 90 534
13 90 535
13 90 536
13 90 538
13 115 540
13 102 543
13 102 547
13 102 549
13 94 547
13 60 550
13 62 555
13 30 557
13 30 558
13 96 573
13 52 592
13 129 1303
13 129 1304
13 129 1305
13 129 1306
13 129 1307
13 129 1308
13 129 1309
13 129 1310
13 129 1311
13 129 1312
13 129 1313
13 129 1315
13 129 1316
13 129 1317
13 129 1319
13 129 1320
13 129 1321
88 90 539
88 90 540
88 90 541
88 90 542
88 90 549
88 50 539
88 50 540
88 50 544
88 50 554
88 141 539
88 141 540
88 141 546
88 66 542
88 58 549
88 33 558
88 33 587
88 33 635
88 60 560
88 96 563
88 136 563
88 64 577
88 142 581
88 8 592
88 135 592
90 52 539
90 52 540
90 52 541
90 52 542
90 136 550
90 136 551
90 136 558
90 136 559
90 136 560
90 111 555
90 68 555
90 66 562
90 66 577
90 4 564
90 4 565
90 4 573
90 4 574
90 75 566
90 94 569
90 94 573
90 77 574
90 82 586
135 92 540
135 92 557
135 52 548
135 96 566
135 140 567
135 140 568
135 111 592
115 8 528
115 8 529
115 8 530
115 8 531
115 8 532
115 8 533
115 8 534
115 8 535
115 8 536
115 8 538
115 8 539
115 8 540
115 8 543
115 8 548
115 8 550
115 8 553
115 8 554
115 8 555
115 8 556
115 8 557
115 8 558
115 8 559
115 8 560
115 8 561
115 8 562
115 8 563
115 8 565
115 8 568
115 8 569
115 8 570
115 8 574
115 8 575
115 3 529
115 3 532
115 3 536
115 3 537
115 106 535
115 106 545
115 106 590
115 142 539
115 82 564
115 82 565
8 111 529
8 111 530
8 111 531
8 111 534
8 111 537
8 111 540
8 111 541
8 111 542
8 111 568
8 111 569
8 111 570
8 96 530
8 96 534
8 96 568
8 33 531
8 142 532
8 4 532
8 4 627
8 64 535
8 5 538
8 141 558
8 102 566
8 102 567
8 136 592
8 52 627
8 162 642
8 162 643
128 82 541
128 82 543
128 82 544
128 82 546
128 82 547
128 82 549
128 68 556
128 143 1058
128 143 1064
128 143 1080
128 143 1082
128 143 1150
128 143 1153
128 143 1154
142 3 530
142 3 533
142 3 541
142 94 533
142 94 534
142 94 586
142 94 587
142 94 589
142 82 539
142 82 540
142 82 560
142 75 562
142 75 563
142 140 562
142 140 563
142 58 563
142 58 564
142 111 564
142 68 572
142 31 578
142 4 585
142 137 1239
142 137 1240
142 137 1258
142 137 1259
142 137 1260
142 137 1264
142 137 1265
142 137 1275
142 137 1330
142 137 1335
142 137 1336
142 137 1342
142 137 1343
142 137 1345
142 137 1366
142 137 1408
142 137 1409
142 137 1410
142 137 1411
142 137 1435
142 137 1437
142 137 1439
142 137 1440
142 137 1441
142 137 1442
33 5 529
33 5 531
33 5 532
33 5 534
33 5 535
33 5 536
33 5 537
33 5 542
33 5 545
33 5 551
33 5 553
33 5 562
33 5 564
33 5 571
33 5 575
33 5 587
33 3 531
33 64 536
33 64 540
33 64 541
33 64 543
33 64 552
33 106 557
33 82 559
33 82 560
33 82 584
33 82 585
33 4 559
33 4 560
33 130 1059
33 130 1065
33 130 1068
33 130 1071
33 130 1073
33 130 1077
33 130 1085
33 130 1087
33 130 1094
33 130 1095
33 130 1098
33 130 1099
33 130 1100
33 130 1101
33 130 1102
33 130 1107
33 130 1114
33 130 1115
33 130 1150
33 130 1153
33 112 1059
33 112 1069
33 112 1071
33 112 1073
33 112 1085
33 112 1087
33 112 1088
33 112 1094
33 112 1130
33 112 1150
33 143 1101
33 143 1114
33 143 1130
33 143 1139
33 143 1150
5 38 529
5 38 532
5 38 539
5 38 541
5 38 542
5 38 543
5 38 545
5 38 558
5 38 559
5 38 562
5 38 564
5 38 565
5 38 566
5 38 567
5 38 569
5 38 582
5 96 531
5 82 536
5 82 573
5 66 544
5 140 549
5 136 549
5 64 552
5 64 553
5 68 590
5 68 604
5 68 605
5 68 606
5 68 607
38 94 532
38 141 536
38 111 551
38 111 575
38 0 563
38 64 563
111 82 534
111 3 536
111 3 537
111 141 539
111 92 548
111 92 549
111 92 556
111 92 566
111 92 573
111 66 549
111 162 554
111 75 566
111 75 567
111 94 571
111 52 588
111 52 589
111 52 590
111 140 592
111 140 594
111 29 592
111 29 593
111 102 593
111 102 594
111 96 595
111 96 596
3 77 572
3 129 573
3 129 574
3 96 592
3 96 627
3 96 1354
3 96 1357
3 96 1378
3 96 1385
3 96 1391
3 96 1392
3 52 628
3 158 1348
3 158 1349
3 158 1350
3 158 1351
3 158 1352
3 158 1353
3 158 1354
3 158 1355
3 158 1356
3 158 1357
3 158 1377
3 158 1378
3 158 1391
3 158 1402
96 106 533
96 106 534
96 106 568
96 140 553
96 50 563
96 50 627
96 101 566
96 101 567
96 66 570
96 68 588
96 48 590
96 158 1311
96 158 1312
96 158 1318
96 158 1320
96 158 1321
96 158 1322
96 158 1340
96 158 1341
96 158 1342
96 158 1378
96 158 1379
96 158 1380
94 101 544
94 106 545
94 106 546
94 106 557
94 106 559
94 106 564
94 82 550
94 58 551
94 58 552
94 58 553
94 30 554
94 31 557
94 52 560
94 52 562
94 52 569
94 140 564
94 97 569
94 50 591
4 102 535
4 102 557
4 102 562
4 102 564
4 102 565
4 102 567
4 102 579
4 30 551
4 75 557
4 75 558
4 140 568
4 52 569
4 58 603
106 52 550
106 52 551
106 69 863
106 69 865
106 69 868
106 69 877
106 69 878
106 69 888
106 69 936
106 69 952
106 99 951
82 102 536
82 102 558
82 102 559
82 102 560
82 102 565
82 102 566
82 66 544
82 60 550
82 60 552
82 30 554
82 30 675
82 99 556
82 99 559
82 99 560
82 11 565
82 11 566
82 140 568
82 92 588
30 0 535
30 0 536
30 0 537
30 0 540
30 0 541
30 0 543
30 0 544
30 0 545
30 0 550
30 0 559
30 0 560
30 0 561
30 0 562
30 0 563
30 0 565
30 0 568
30 0 569
30 0 570
30 0 571
30 0 582
30 0 586
30 0 587
30 48 555
30 64 562
30 64 563
30 31 565
30 23 652
30 23 653
30 23 656
30 23 657
30 23 658
30 23 662
30 23 666
30 23 668
0 60 554
0 64 563
64 141 536
64 141 537
64 141 556
64 66 556
64 66 557
64 60 567
102 66 571
102 141 593
102 100 862
102 100 877
102 100 886
102 100 888
102 100 923
102 100 951
102 100 952
102 69 891
102 69 895
102 69 932
102 6 932
141 52 539
141 52 540
141 52 546
141 52 565
141 92 540
141 66 557
141 66 558
141 137 1263
141 137 1276
141 137 1277
141 137 1278
141 137 1279
141 137 1280
141 137 1281
141 137 1305
141 137 1307
141 137 1316
141 137 1320
141 137 1328
141 137 1333
141 137 1334
141 137 1341
141 137 1344
141 137 1364
141 137 1388
141 137 1407
141 137 1412
50 140 544
50 68 546
50 68 548
50 68 549
50 68 561
50 68 563
50 68 565
50 68 568
50 68 572
50 68 573
50 68 575
50 68 581
50 68 587
50 68 601
50 68 604
50 68 611
50 68 613
50 62 546
50 62 548
50 62 597
50 62 607
50 62 610
50 62 615
50 58 572
50 58 606
50 58 607
50 58 608
50 58 609
50 58 610
50 58 611
50 58 612
50 58 613
52 62 553
52 77 580
52 107 1186
52 107 1187
52 107 1188
52 107 1189
52 107 1191
52 107 1192
52 107 1194
52 107 1195
52 107 1196
52 107 1197
52 107 1198
52 107 1199
52 107 1201
52 107 1205
52 107 1206
52 107 1210
52 70 1187
52 70 1188
52 70 1189
52 70 1190
52 70 1194
52 70 1195
52 70 1196
52 70 1207
52 70 1208
52 70 1209
52 70 1210
52 70 1211
92 66 542
92 66 550
92 66 551
92 66 582
92 66 586
92 66 587
92 66 588
92 140 565
92 77 570
66 140 559
66 162 561
58 162 543
58 162 544
58 162 548
58 162 550
58 75 546
58 75 560
58 75 562
58 75 563
58 75 568
58 75 569
58 140 553
58 140 556
58 140 557
58 140 561
58 140 562
58 77 562
58 77 582
58 77 583
58 77 589
58 77 594
58 77 595
58 129 573
58 129 577
58 129 590
58 129 592
58 129 604
58 129 605
58 129 608
58 129 609
58 129 613
58 62 602
58 62 606
58 62 610
58 62 611
58 68 604
58 68 606
58 68 607
58 68 608
58 68 609
58 68 610
58 68 611
58 68 612
58 68 613
162 153 545
162 153 550
162 153 551
162 153 556
162 153 557
162 153 559
162 153 561
162 153 596
162 153 597
162 60 545
162 75 547
162 75 570
162 99 548
162 99 549
162 77 566
162 68 570
162 140 574
162 140 597
162 29 597
162 29 642
162 29 643
140 75 545
140 75 564
140 75 565
140 129 565
140 129 567
140 99 567
140 68 570
140 153 597
101 154 1195
101 154 1211
75 60 548
75 60 549
75 60 574
75 48 558
75 48 572
153 99 548
153 99 549
77 129 554
77 129 590
77 60 568
77 48 570
77 62 574
60 99 554
68 62 546
68 62 560
68 62 565
68 62 597
68 62 598
68 62 604
68 62 607
68 62 610
68 129 606
68 129 607
68 129 611
68 129 612
68 129 613
68 129 614
68 129 615
68 129 616
62 129 604
62 23 613
99 63 919
99 63 941
99 63 943
99 63 945
99 63 946
99 63 948
99 63 950
99 63 958
99 63 969
99 63 973
99 63 974
99 63 975
99 63 978
99 63 979
99 63 981
99 63 982
99 63 986
99 63 987
99 63 989
99 63 990
99 63 991
99 63 999
99 63 1003
99 63 1004
99 63 1005
99 63 1006
99 63 1007
99 63 1008
99 63 1009
99 63 1010
99 63 1011
99 63 1012
99 63 1016
99 63 1017
99 63 1018
99 63 1019
99 63 1021
99 63 1026
99 63 1027
99 63 1031
99 63 1032
99 63 1033
99 63 1034
99 63 1035
99 63 1036
99 63 1037
99 63 1038
99 63 1039
99 63 1040
99 63 1043
99 63 1044
99 63 1090
99 63 1091
99 63 1095
99 63 1105
99 63 1106
99 63 1120
31 23 605
31 23 606
31 23 607
31 23 608
31 23 613
31 23 621
31 23 627
31 23 628
31 23 630
31 23 631
31 23 632
136 154 875
136 154 878
136 154 879
136 154 880
136 154 881
136 154 882
136 154 884
136 154 892
136 154 921
136 154 922
136 154 946
136 154 948
136 154 949
136 154 950
136 154 957
136 53 917
129 48 608
129 48 609
129 48 613
97 158 1314
97 158 1315
97 158 1317
97 158 1359
97 158 1382
9 56 713
9 56 714
9 56 717
9 56 720
9 56 721
9 56 722
9 56 723
9 56 726
9 56 727
9 56 729
9 56 730
9 56 731
9 56 732
9 56 733
9 56 734
9 56 735
9 56 736
9 56 743
9 56 744
9 56 745
9 56 746
9 56 748
9 56 749
9 56 750
9 56 751
9 63 918
9 63 957
9 63 966
9 63 973
9 63 978
9 63 981
9 63 982
9 63 983
9 63 987
9 63 989
9 63 990
9 63 991
9 63 1004
9 63 1005
9 63 1006
9 63 1007
9 63 1008
9 63 1009
9 63 1010
9 63 1011
9 63 1012
9 63 1027
9 63 1028
9 63 1040
9 63 1095
9 63 1122
9 63 1123
9 63 1124
9 63 1150
9 63 1155
9 63 1156
9 63 1158
9 63 1159
9 63 1160
9 63 1165
9 63 1166
9 103 918
9 103 924
9 103 926
9 103 927
9 103 942
9 103 963
9 103 972
9 103 973
9 103 980
9 103 981
9 103 983
9 103 984
9 103 985
9 103 986
9 103 987
9 103 988
9 103 989
9 103 990
9 103 991
9 103 992
9 103 993
9 103 994
9 103 995
9 103 996
9 103 997
9 103 998
9 103 999
9 103 1003
9 103 1005
9 103 1006
9 103 1025
9 103 1029
9 103 1032
9 103 1033
9 103 1034
9 103 1035
9 103 1036
9 103 1037
9 103 1045
9 103 1049
9 103 1050
9 103 1052
9 103 1057
9 103 1068
9 103 1085
9 103 1086
9 103 1088
9 103 1120
56 6 752
56 6 753
56 6 755
100 69 952
100 14 1380
100 14 1384
69 51 921
69 51 939
53 71 1293
53 71 1294
53 71 1310
53 71 1319
53 71 1320
53 71 1321
53 71 1322
53 71 1323
53 71 1324
53 71 1330
53 71 1331
53 71 1333
53 71 1334
53 71 1335
53 71 1341
53 71 1358
53 71 1371
53 71 1372
53 71 1373
53 71 1375
53 71 1378
53 108 1368
53 108 1369
53 108 1372
53 108 1377
53 108 1379
53 108 1380
53 108 1384
63 103 920
63 103 921
63 103 922
63 103 924
63 103 925
63 103 926
63 103 927
63 103 928
63 103 942
63 103 944
63 103 949
63 103 967
63 103 1013
63 103 1014
63 103 1015
63 103 1089
63 51 935
95 108 1307
95 108 1308
95 108 1309
95 108 1325
95 108 1345
95 108 1346
95 108 1381
95 108 1382
95 108 1383
95 108 1384
107 143 1056
107 143 1060
107 143 1061
107 143 1062
107 143 1091
107 143 1092
107 143 1132
107 143 1150
107 143 1152
107 130 1056
107 130 1070
107 130 1071
107 130 1072
107 130 1083
107 130 1085
107 130 1086
107 130 1087
107 130 1088
107 130 1094
107 130 1095
107 130 1100
107 130 1112
107 130 1150
107 130 1152
107 70 1186
107 70 1187
107 70 1188
107 70 1189
107 70 1194
107 70 1195
107 70 1196
107 70 1197
107 70 1210
107 70 1212
143 130 1057
143 130 1081
143 130 1151
143 130 1152
143 112 1057
143 112 1131
143 112 1133
143 14 1060
143 14 1061
143 14 1064
143 14 1071
143 14 1072
143 14 1073
143 14 1074
143 14 1077
143 14 1080
143 14 1082
143 14 1138
143 14 1139
143 14 1151
143 14 1152
143 14 1154
130 14 1061
130 14 1080
130 14 1081
130 14 1149
130 14 1151
130 14 1152
130 14 1154
130 14 1378
130 14 1379
130 14 1380
130 14 1381
130 14 1382
130 14 1383
130 14 1384
130 14 1388
130 14 1390
130 14 1393
130 14 1395
130 14 1404
130 14 1405
130 14 1409
130 14 1410
130 14 1411
130 14 1412
130 14 1414
130 108 1384
18 108 1414
71 113 1293
71 113 1305
71 113 1310
71 113 1311
71 113 1341
71 113 1384
71 113 1386
71 108 1372
71 108 1375
113 108 1306
113 108 1307
113 108 1308
113 108 1333
113 108 1340
113 108 1341
113 108 1342
113 108 1343
113 108 1344
113 108 1345
113 108 1346
113 108 1347
113 108 1349
113 108 1350
113 108 1351
113 108 1360
113 108 1372
113 108 1373
