13 31 0
13 31 1
13 31 2
13 31 3
13 31 4
13 31 5
13 31 14
13 31 15
13 31 18
13 31 19
13 31 20
13 31 26
13 31 27
13 31 29
13 31 32
13 31 36
13 31 38
13 31 40
13 31 56
13 31 64
13 31 65
13 31 70
13 31 74
13 31 75
13 31 77
13 31 84
13 31 93
13 31 96
13 31 101
13 31 112
13 31 113
13 31 117
13 31 118
13 31 120
13 31 121
13 31 122
13 31 123
13 31 124
13 31 129
13 25 98
13 69 675
13 69 782
13 69 784
13 56 723
13 47 734
13 9 745
31 32 425
31 32 426
31 32 427
31 32 428
31 32 431
31 32 432
31 32 433
31 32 434
31 32 435
31 32 436
31 32 437
31 32 438
31 32 439
31 32 441
31 32 442
31 38 466
31 38 470
31 24 470
31 24 478
31 59 477
31 5 486
61 73 13
61 73 14
61 73 16
61 73 17
61 73 18
61 73 19
61 73 21
61 73 22
61 73 23
61 73 25
61 73 34
61 73 35
61 73 37
61 73 38
61 73 39
61 73 42
61 73 45
61 73 46
61 73 47
61 73 48
61 73 49
61 73 50
61 73 52
61 73 53
61 73 54
61 73 55
61 73 56
61 73 57
61 73 58
61 73 59
61 73 61
61 73 62
61 42 1132
61 42 1133
61 42 1134
61 42 1135
61 42 1136
61 42 1137
61 42 1138
61 42 1139
61 42 1140
61 42 1141
61 42 1142
61 42 1143
61 42 1144
61 42 1145
61 42 1146
61 42 1147
61 42 1148
61 42 1149
61 42 1150
61 42 1151
61 42 1152
61 42 1153
61 42 1156
61 42 1157
61 42 1158
61 42 1159
61 42 1160
61 42 1161
61 42 1162
61 42 1163
61 42 1164
61 42 1167
61 42 1168
61 42 1169
61 42 1170
61 42 1171
61 42 1172
61 42 1173
61 42 1174
61 42 1175
61 42 1176
61 42 1177
61 42 1179
61 42 1180
61 42 1181
61 42 1182
61 42 1183
61 42 1184
61 42 1185
61 42 1186
61 42 1187
61 42 1188
61 42 1189
61 42 1190
61 42 1191
61 42 1192
61 42 1193
61 42 1194
61 42 1195
61 42 1196
61 42 1197
61 42 1198
61 42 1199
61 42 1200
61 42 1201
61 42 1202
61 42 1203
61 42 1204
61 42 1205
61 42 1206
61 42 1207
61 42 1208
61 42 1209
61 42 1210
61 42 1213
61 42 1214
61 42 1215
61 42 1216
61 42 1217
61 42 1218
61 42 1250
61 42 1251
61 42 1252
61 42 1254
61 42 1258
61 42 1261
61 42 1262
61 42 1264
61 42 1266
61 42 1276
61 42 1277
61 42 1280
61 42 1281
61 42 1286
61 42 1287
61 42 1288
61 42 1289
61 42 1291
61 42 1296
61 42 1298
61 42 1301
61 42 1303
61 42 1304
61 42 1306
61 42 1307
61 42 1308
61 42 1309
61 42 1310
61 42 1311
61 42 1316
61 42 1343
61 42 1344
61 42 1350
61 42 1351
61 42 1352
61 42 1353
61 42 1354
66 69 15
66 69 20
66 69 24
66 69 26
66 69 27
66 69 29
66 69 33
66 69 40
66 69 44
66 69 63
66 33 607
66 63 639
66 63 640
66 47 679
66 47 680
28 14 22
28 70 945
14 74 399
14 74 400
14 74 402
14 74 403
14 74 404
14 74 406
14 74 407
14 74 408
14 74 410
14 74 411
14 74 412
14 74 413
14 74 417
14 74 418
14 74 419
14 74 420
14 74 423
14 74 424
14 74 425
14 74 437
14 74 438
14 74 439
14 74 440
14 74 441
14 74 442
14 74 446
14 74 448
14 74 456
14 74 457
14 74 458
14 74 459
14 74 460
14 74 462
14 74 463
14 74 464
14 74 476
14 74 478
14 74 484
14 74 485
14 74 486
14 74 487
14 74 488
14 32 399
14 49 403
14 19 455
14 24 456
23 47 75
23 47 76
23 47 77
23 47 78
23 47 79
23 47 80
23 47 81
23 47 82
23 47 83
23 47 84
23 47 88
23 47 89
23 47 90
23 47 91
23 47 92
23 47 93
23 47 95
23 47 98
23 47 99
23 47 100
23 47 105
23 47 106
23 47 107
23 47 108
23 47 109
23 47 110
23 47 113
23 47 118
23 47 119
23 47 152
23 47 155
23 72 1152
23 72 1153
23 72 1154
23 72 1155
23 72 1157
23 72 1158
23 72 1159
23 72 1168
23 72 1173
23 72 1174
23 72 1175
23 72 1176
23 72 1178
23 72 1179
23 72 1180
23 72 1181
23 72 1185
23 72 1186
23 72 1187
23 72 1188
23 72 1189
23 72 1190
23 72 1196
23 72 1199
23 72 1200
23 72 1202
23 72 1205
23 72 1206
23 72 1207
23 72 1208
23 72 1213
23 72 1214
23 72 1215
23 72 1219
23 72 1221
23 72 1223
23 72 1224
23 72 1228
23 72 1229
23 72 1230
23 72 1234
23 72 1235
23 72 1236
23 72 1247
23 72 1248
23 72 1249
23 72 1253
23 72 1254
23 72 1269
23 72 1270
23 72 1271
23 72 1277
23 72 1279
23 72 1280
23 72 1290
23 72 1291
23 72 1292
23 72 1302
23 72 1303
23 72 1304
23 72 1305
23 72 1307
23 72 1308
23 72 1310
23 72 1313
23 72 1314
23 72 1315
23 72 1324
23 72 1332
23 72 1333
23 72 1334
23 72 1338
23 72 1339
23 72 1340
23 72 1344
23 72 1345
23 72 1353
23 72 1354
23 72 1355
23 72 1356
23 72 1357
23 72 1360
23 72 1362
23 72 1363
23 72 1364
23 72 1366
23 72 1368
23 72 1369
23 72 1371
23 72 1372
23 72 1373
23 72 1374
23 72 1375
23 72 1376
23 72 1377
23 72 1378
23 72 1380
23 72 1383
23 72 1384
23 72 1387
23 72 1396
23 72 1397
23 72 1398
23 72 1399
23 72 1400
23 72 1403
23 72 1404
23 72 1413
23 72 1414
23 72 1415
23 72 1416
23 72 1417
23 72 1418
23 72 1420
23 72 1423
23 72 1424
23 72 1436
23 72 1440
23 6 1386
47 64 693
47 72 753
25 77 944
25 77 960
25 77 963
25 77 964
25 77 966
25 77 967
25 77 973
25 77 975
25 77 977
50 29 151
50 29 152
50 29 153
50 29 156
50 29 158
50 29 159
50 29 160
50 29 161
50 29 171
50 29 172
50 29 173
50 29 174
50 29 175
50 29 176
50 29 177
50 29 178
50 29 179
50 29 180
50 29 181
50 29 182
50 29 183
50 29 184
50 29 185
50 29 186
50 29 187
50 29 189
50 29 190
50 29 191
50 29 192
50 29 193
50 29 194
50 29 195
50 29 196
50 29 197
50 29 198
50 29 200
50 29 201
50 29 202
50 29 209
50 29 211
50 44 243
50 62 623
50 62 624
50 62 627
50 57 624
50 17 628
50 17 675
50 30 675
29 62 584
55 0 176
55 0 177
55 0 178
55 0 179
55 0 182
55 0 183
55 0 184
55 0 185
55 0 186
55 0 187
55 0 188
55 0 189
55 0 190
55 0 191
55 0 192
55 0 193
55 0 194
55 0 195
55 0 197
55 0 198
55 0 199
55 0 200
55 0 201
55 0 202
55 0 212
55 0 213
55 0 214
55 0 218
55 0 219
55 0 220
55 0 221
55 0 222
55 0 223
55 0 224
55 0 229
55 0 230
55 0 231
55 0 232
55 0 233
55 0 234
55 0 235
55 0 236
55 0 238
55 0 239
55 0 241
55 0 247
55 0 248
55 0 262
55 0 263
55 0 289
55 0 291
55 0 292
55 0 293
55 0 294
55 0 295
55 0 296
55 0 297
55 0 298
55 0 299
55 0 300
55 0 301
55 0 302
55 0 303
55 0 305
55 0 307
55 0 308
55 58 188
55 51 226
55 51 231
55 3 753
0 30 305
58 26 214
58 26 218
58 26 219
58 26 220
58 26 221
58 26 223
58 26 225
58 26 226
58 26 227
58 26 228
58 26 229
58 26 235
58 26 236
58 26 242
58 26 243
58 26 244
58 26 245
58 40 244
58 40 245
58 71 502
58 71 503
58 71 506
58 71 527
58 71 528
58 71 529
58 71 530
58 71 531
58 71 532
58 71 533
58 71 534
58 71 535
58 71 536
58 71 537
58 71 538
58 71 539
58 71 540
58 71 541
58 71 542
58 71 543
58 71 544
58 71 545
58 71 546
58 71 547
58 71 548
58 71 549
58 71 550
58 71 551
58 71 552
58 71 553
58 71 554
58 71 555
58 71 556
58 71 557
58 71 558
58 71 559
58 71 560
58 71 561
58 71 562
58 71 563
58 71 564
58 71 565
58 71 566
58 71 567
58 71 568
58 71 569
58 71 570
58 71 571
58 71 572
58 71 573
58 71 574
58 71 575
58 71 576
58 71 577
58 71 578
58 71 580
58 71 581
58 71 584
58 71 585
58 71 586
58 71 587
58 71 588
58 71 589
58 71 590
58 71 592
58 71 593
58 71 594
58 71 595
58 71 598
58 71 599
58 71 600
58 71 601
58 71 602
58 71 605
58 71 606
58 71 607
58 71 608
58 71 609
58 71 610
58 71 611
58 71 612
58 71 613
58 71 614
58 71 616
58 71 617
58 71 619
58 71 620
58 71 622
58 71 637
58 71 638
58 71 641
58 71 642
58 71 643
58 71 644
58 71 645
58 71 646
58 71 647
58 71 648
58 71 649
58 71 660
58 71 678
58 71 679
58 71 680
58 71 681
58 71 694
58 71 695
58 71 700
58 71 701
58 5 518
58 56 623
26 44 242
26 44 243
26 44 244
26 44 245
26 68 304
26 68 305
26 68 306
26 68 307
26 68 308
26 68 309
26 68 310
26 68 311
26 68 313
26 68 315
26 15 305
26 15 306
26 15 351
26 67 334
26 43 407
26 43 410
26 43 411
26 43 413
26 43 425
26 43 476
26 43 494
26 43 497
26 43 499
26 43 504
26 43 524
26 43 525
26 43 526
51 1 246
51 38 401
51 38 402
51 38 408
51 38 424
51 38 429
51 38 445
51 38 457
51 38 467
51 38 471
51 38 472
51 38 495
51 38 500
51 38 501
51 38 513
51 38 575
51 38 580
51 38 582
51 38 584
51 38 617
51 38 623
51 38 624
51 10 408
51 10 446
51 10 450
51 10 451
51 10 459
51 10 480
51 10 496
51 10 498
51 10 507
51 10 513
51 10 530
51 10 574
51 10 584
51 10 591
51 10 600
51 10 617
51 10 624
51 10 627
51 10 629
51 62 600
1 68 240
1 68 241
1 68 243
1 68 244
1 68 245
1 68 246
1 68 247
1 68 248
1 68 261
1 68 267
1 68 269
1 68 277
1 68 278
1 68 283
1 68 284
1 68 285
1 68 286
1 68 287
1 68 288
1 68 289
1 68 290
1 68 291
1 68 293
1 68 294
1 68 295
1 68 296
1 68 297
1 68 298
1 68 299
1 68 300
1 68 301
1 68 302
1 68 303
1 68 304
1 68 305
1 68 306
1 68 307
1 68 308
1 68 312
1 68 313
1 68 314
1 68 316
1 68 317
1 68 319
1 68 320
1 68 321
1 68 322
1 68 323
1 68 324
1 68 325
1 68 326
1 68 327
1 68 328
1 68 330
1 68 331
1 68 332
1 68 333
1 68 334
1 68 335
1 68 339
1 68 340
1 68 347
1 68 348
1 68 349
1 68 350
1 68 351
1 68 352
1 68 356
1 68 359
1 68 366
1 68 367
1 68 368
1 68 369
1 68 371
1 68 372
1 68 379
1 68 380
1 68 381
1 68 382
1 68 383
1 68 384
1 68 385
1 68 386
1 68 387
1 68 388
1 68 389
1 68 390
1 68 391
1 68 392
1 44 265
1 75 276
1 75 330
1 16 276
1 6 276
1 6 293
1 6 296
1 6 302
1 6 303
1 35 457
1 38 476
1 38 477
1 38 579
1 38 659
1 62 559
1 32 629
1 32 631
1 32 634
1 32 635
1 32 637
1 32 638
1 32 641
1 32 657
1 32 663
1 32 664
1 32 677
1 32 680
1 32 683
1 32 684
1 32 686
1 32 687
1 32 697
1 32 698
1 32 747
1 57 632
1 36 653
1 2 656
1 52 746
1 52 747
1 65 747
68 6 271
68 6 285
68 6 290
68 6 299
68 6 301
68 6 302
68 6 306
68 6 307
68 6 326
68 6 327
68 6 341
68 6 348
68 6 357
68 6 367
68 6 370
68 6 371
68 6 372
68 6 373
68 6 375
68 6 376
68 6 377
68 6 378
68 6 379
68 6 380
68 6 381
68 6 382
68 6 384
68 6 386
68 6 388
68 6 391
68 6 393
68 6 394
68 6 395
68 6 396
68 6 397
68 6 398
68 6 399
68 6 400
68 6 401
68 6 402
68 6 403
68 6 404
68 6 405
68 6 406
68 6 407
68 6 408
68 6 409
68 6 410
68 6 411
68 6 412
68 6 413
68 6 414
68 6 415
68 6 416
68 6 417
68 6 418
68 6 419
68 6 420
68 6 424
68 6 425
68 6 426
68 6 427
68 6 428
68 6 429
68 6 430
68 6 432
68 6 433
68 6 434
68 6 436
68 6 437
68 6 438
68 6 440
68 6 441
68 6 442
68 6 443
68 6 444
68 6 446
68 6 447
68 6 448
68 6 449
68 6 450
68 6 451
68 6 452
68 6 457
68 6 458
68 6 459
68 6 460
68 6 461
68 6 462
68 6 463
68 6 464
68 6 465
68 6 466
68 6 467
68 6 468
68 6 469
68 6 470
68 6 471
68 6 472
68 6 473
68 6 474
68 6 475
68 6 476
68 6 477
68 6 478
68 6 479
68 6 480
68 6 481
68 6 482
68 6 484
68 6 485
68 6 486
68 6 487
68 6 488
68 6 489
68 6 490
68 6 491
68 6 493
68 6 494
68 6 495
68 6 496
68 6 497
68 6 498
68 6 499
68 6 500
68 6 501
68 6 502
68 6 503
68 6 504
68 6 505
68 6 506
68 6 507
68 6 508
68 6 509
68 6 510
68 6 511
68 6 512
68 6 513
68 6 514
68 6 515
68 6 516
68 6 517
68 6 518
68 6 519
68 6 520
68 16 275
68 16 277
68 16 286
68 16 287
68 16 294
68 16 295
68 16 298
68 16 301
68 16 303
68 16 306
68 16 307
68 16 392
68 16 394
68 9 286
68 52 304
68 52 305
68 52 307
68 52 311
68 52 352
68 48 313
68 5 519
68 35 584
44 21 354
44 21 355
44 21 356
44 21 369
44 21 370
44 21 371
44 21 372
44 21 376
44 21 380
44 21 382
44 21 386
44 21 390
44 57 410
44 57 411
44 57 412
44 57 413
44 57 414
40 57 432
40 57 433
27 9 265
27 9 267
27 9 280
27 9 285
27 9 290
27 9 302
27 9 306
27 9 312
27 9 326
27 9 327
27 9 350
27 9 353
27 9 359
27 9 360
27 9 361
27 9 365
27 9 366
27 9 372
27 9 408
27 9 415
27 9 419
27 9 420
27 9 421
27 9 431
27 9 432
27 9 433
27 9 434
27 9 435
27 9 436
27 9 438
27 9 439
27 9 440
27 9 441
27 9 695
27 9 697
27 9 698
27 9 701
27 9 702
27 9 703
27 9 704
27 9 705
27 9 706
27 9 707
27 9 708
27 9 710
27 9 711
27 9 712
27 9 713
27 9 714
27 9 715
27 9 716
27 9 718
27 9 720
27 9 721
27 9 734
27 9 738
27 9 739
27 9 740
27 9 741
27 9 743
27 9 746
27 9 747
27 9 748
27 9 752
27 9 753
27 9 754
27 9 755
27 9 759
27 9 762
27 9 763
27 9 765
27 9 770
27 9 772
27 9 773
27 59 426
27 59 427
27 59 428
27 59 429
27 38 427
27 38 428
27 38 429
27 5 696
27 5 752
27 21 696
27 21 697
27 21 707
27 21 753
27 37 701
27 37 702
27 37 703
27 37 707
27 32 734
27 32 735
9 7 276
9 60 289
9 60 292
9 11 425
9 18 428
9 36 454
9 36 458
9 36 460
9 36 467
9 36 472
9 36 477
9 36 483
9 36 490
9 36 491
9 36 501
9 36 502
9 36 503
9 36 508
9 36 509
9 36 510
9 36 511
9 36 512
9 36 519
9 36 522
9 36 528
9 36 533
9 36 537
9 36 549
9 36 550
9 36 563
9 36 564
9 36 565
9 36 569
9 36 575
9 36 576
9 36 578
9 36 579
9 36 596
9 36 597
9 36 598
9 36 599
9 36 607
9 36 608
9 36 611
9 36 612
9 36 626
9 36 627
9 36 628
9 36 629
9 36 633
9 36 634
9 36 636
9 36 637
9 36 643
9 36 644
9 36 645
9 36 651
9 36 656
9 36 657
9 36 660
9 62 456
9 62 463
9 57 458
9 57 459
9 57 460
9 57 461
9 57 489
9 38 488
9 38 489
9 38 652
9 38 655
9 32 649
9 32 655
9 32 656
9 48 649
9 48 650
9 48 651
9 48 652
9 48 653
9 48 654
9 48 655
9 2 651
9 2 652
9 2 653
9 2 654
9 37 734
9 76 744
15 75 271
15 75 272
15 75 276
15 75 285
15 75 288
15 75 290
15 75 291
15 75 292
15 75 296
15 75 297
15 75 299
15 75 305
15 75 318
15 75 327
15 75 328
15 75 335
15 75 339
15 75 340
15 75 341
15 75 342
15 75 344
15 75 345
15 75 347
15 75 348
15 75 349
15 75 350
15 75 353
15 75 354
15 75 355
15 75 356
15 75 357
15 75 359
15 75 360
15 75 361
15 75 363
15 75 365
15 75 368
15 75 369
15 75 373
15 75 375
15 75 376
15 75 377
15 75 378
15 75 379
15 75 380
15 75 381
15 75 382
15 75 383
15 75 384
15 75 385
15 75 386
15 75 387
15 75 388
15 75 389
15 75 390
15 75 391
15 75 393
15 75 395
15 75 397
15 75 398
15 75 399
15 75 400
15 75 401
15 75 402
15 75 403
15 75 404
15 75 405
15 75 406
15 75 407
15 75 408
15 75 409
15 75 410
15 75 411
15 75 412
15 75 413
15 75 414
15 75 415
15 75 416
15 75 417
15 75 422
15 75 424
15 75 425
15 75 426
15 75 427
15 75 428
15 75 429
15 75 430
15 75 432
15 75 433
15 75 434
15 75 435
15 75 436
15 75 438
15 75 439
15 75 440
15 75 441
15 75 442
15 75 443
15 75 444
15 75 445
15 75 446
15 75 447
15 75 448
15 75 449
15 75 450
15 75 451
15 75 452
15 75 457
15 75 458
15 75 461
15 75 462
15 75 463
15 75 467
15 75 468
15 75 469
15 75 470
15 75 478
15 75 479
15 75 480
15 75 482
15 75 483
15 75 485
15 75 486
15 75 487
15 75 488
15 75 489
15 75 490
15 75 491
15 75 492
15 75 493
15 75 494
15 75 495
15 75 496
15 75 497
15 75 499
15 75 500
15 75 501
15 75 503
15 75 504
15 75 505
15 75 506
15 75 507
15 75 508
15 75 509
15 75 510
15 75 511
15 75 512
15 75 513
15 75 514
15 75 515
15 75 516
15 75 517
15 75 518
15 75 519
15 75 520
15 6 271
15 6 285
15 6 290
15 6 299
15 6 301
15 6 329
15 6 354
15 6 357
15 6 367
15 6 369
15 6 370
15 6 371
15 6 372
15 6 374
15 6 375
15 6 376
15 6 377
15 6 378
15 6 379
15 6 380
15 6 381
15 6 382
15 6 384
15 6 386
15 6 388
15 6 391
15 6 393
15 6 394
15 6 395
15 6 396
15 6 397
15 6 398
15 6 399
15 6 400
15 6 401
15 6 402
15 6 403
15 6 404
15 6 405
15 6 406
15 6 407
15 6 408
15 6 409
15 6 410
15 6 411
15 6 412
15 6 413
15 6 414
15 6 415
15 6 416
15 6 417
15 6 418
15 6 419
15 6 420
15 6 421
15 6 422
15 6 423
15 6 424
15 6 425
15 6 426
15 6 427
15 6 428
15 6 429
15 6 430
15 6 431
15 6 432
15 6 433
15 6 434
15 6 435
15 6 436
15 6 437
15 6 438
15 6 441
15 6 442
15 6 443
15 6 444
15 6 445
15 6 446
15 6 447
15 6 448
15 6 449
15 6 450
15 6 451
15 6 452
15 6 453
15 6 454
15 6 455
15 6 456
15 6 457
15 6 458
15 6 459
15 6 460
15 6 461
15 6 462
15 6 463
15 6 464
15 6 465
15 6 466
15 6 467
15 6 468
15 6 469
15 6 470
15 6 471
15 6 472
15 6 473
15 6 474
15 6 475
15 6 476
15 6 477
15 6 478
15 6 479
15 6 480
15 6 481
15 6 482
15 6 483
15 6 484
15 6 485
15 6 486
15 6 487
15 6 488
15 6 489
15 6 490
15 6 491
15 6 492
15 6 493
15 6 494
15 6 495
15 6 496
15 6 497
15 6 498
15 6 499
15 6 500
15 6 501
15 6 502
15 6 503
15 6 504
15 6 505
15 6 506
15 6 507
15 6 508
15 6 509
15 6 510
15 6 511
15 6 512
15 6 513
15 6 514
15 6 515
15 6 516
15 6 517
15 6 518
15 6 519
15 6 520
15 52 305
15 67 324
15 67 327
15 67 333
15 67 338
15 67 340
15 67 342
15 67 345
15 67 351
15 67 352
15 67 363
15 67 364
15 67 365
15 67 366
15 67 367
15 67 368
15 67 389
15 67 397
15 67 398
15 18 453
15 5 519
15 5 520
75 7 272
75 7 275
75 7 276
75 7 277
75 7 278
75 7 286
75 7 292
75 7 294
75 7 295
75 7 296
75 7 300
75 7 303
75 7 304
75 7 305
75 7 311
75 7 315
75 7 317
75 7 318
75 7 319
75 7 328
75 7 331
75 7 337
75 7 340
75 7 342
75 7 343
75 7 344
75 7 345
75 7 383
75 7 385
75 7 387
75 7 389
75 7 390
75 7 392
6 4 519
6 4 520
6 12 1312
6 12 1313
6 12 1316
6 12 1317
6 12 1374
6 12 1383
6 12 1396
6 78 1342
7 16 273
7 16 275
7 16 278
7 16 279
7 16 291
7 16 292
7 16 296
7 16 300
7 16 318
7 16 320
7 16 332
7 16 333
7 16 334
7 16 335
7 16 336
7 16 337
7 16 342
7 16 343
7 16 383
7 16 385
7 16 387
7 16 389
7 16 390
7 16 392
7 48 304
7 52 304
7 52 311
7 19 520
7 19 537
7 19 557
7 33 570
7 62 612
7 62 613
7 62 614
7 62 616
7 57 613
7 57 614
7 53 633
7 46 641
10 30 272
10 30 274
10 30 276
10 30 277
10 30 278
10 30 279
10 30 281
10 30 282
10 30 283
10 30 284
10 30 305
10 30 308
10 30 311
10 30 323
10 30 325
10 30 331
10 33 401
10 33 405
10 33 410
10 33 415
10 33 426
10 33 429
10 33 450
10 33 451
10 33 460
10 33 478
10 33 479
10 33 483
10 33 487
10 33 492
10 33 494
10 33 495
10 33 496
10 33 573
10 33 574
10 33 582
10 33 584
10 33 594
10 33 597
10 33 616
10 33 617
10 33 624
10 33 625
10 62 402
10 62 577
10 22 402
10 22 403
10 22 404
10 22 405
10 22 406
10 22 408
10 22 413
10 22 425
10 22 426
10 22 431
10 22 445
10 22 446
10 22 447
10 22 457
10 22 458
10 22 459
10 22 466
10 22 468
10 22 469
10 22 470
10 22 471
10 22 474
10 22 475
10 22 476
10 22 480
10 22 481
10 22 482
10 22 483
10 22 484
10 22 494
10 22 495
10 22 496
10 22 497
10 22 503
10 22 504
10 22 509
10 22 517
10 22 519
10 22 522
10 22 525
10 22 526
10 22 528
10 22 529
10 22 531
10 22 532
10 22 533
10 22 535
10 22 536
10 22 537
10 22 538
10 22 540
10 22 541
10 22 542
10 22 569
10 22 573
10 22 574
10 22 577
10 22 580
10 22 581
10 22 583
10 22 588
10 22 589
10 22 592
10 22 594
10 22 597
10 22 598
10 22 599
10 22 604
10 22 605
10 22 618
10 22 621
10 22 622
10 22 625
10 54 405
10 54 420
10 54 456
10 54 474
10 54 480
10 54 481
10 54 482
10 54 534
10 54 577
10 54 578
10 54 579
10 54 587
10 54 595
10 54 596
10 54 627
10 54 628
10 54 629
10 54 630
10 18 420
10 18 423
10 18 425
10 18 431
10 18 433
10 18 434
10 18 439
10 18 440
10 18 441
10 18 442
10 18 446
10 18 451
10 18 452
10 18 453
10 18 469
10 18 474
10 18 487
10 18 577
10 18 579
10 18 580
10 18 581
10 18 582
10 18 583
10 18 595
10 18 601
10 18 614
10 18 627
10 18 628
10 18 629
10 18 630
10 18 631
10 34 470
10 34 474
10 34 477
10 34 478
10 34 574
10 34 575
10 34 576
10 34 605
10 34 617
10 34 618
10 34 627
10 34 628
10 34 629
10 34 630
10 34 631
10 60 579
10 53 600
10 8 603
30 18 428
30 18 429
30 18 633
30 18 634
30 18 635
30 18 638
30 18 660
30 59 620
16 60 276
16 33 519
16 33 520
16 33 521
16 33 522
16 33 525
16 33 526
16 33 528
16 33 530
16 33 534
16 33 535
16 33 540
16 33 541
16 33 546
16 33 548
16 33 550
16 33 551
16 33 558
16 33 559
16 33 576
16 33 579
16 33 580
16 33 581
16 33 586
16 33 588
16 33 595
16 33 596
16 70 533
16 70 538
16 62 584
16 59 591
60 3 402
60 3 403
60 3 404
60 3 406
60 3 407
60 3 408
60 3 409
60 3 436
60 3 437
60 3 439
60 3 440
60 3 441
60 3 442
60 3 443
60 3 444
60 3 445
60 3 446
60 3 447
60 3 448
60 3 449
60 3 450
60 3 451
60 3 452
60 3 455
60 3 456
60 3 457
60 3 458
60 3 460
60 3 461
60 3 463
60 3 476
60 3 478
60 3 479
60 3 480
60 3 482
60 3 483
60 3 484
60 3 492
60 3 493
60 3 494
60 3 495
60 3 496
60 3 497
60 3 498
60 3 499
60 3 500
60 3 502
60 3 503
60 3 504
60 3 505
60 3 506
60 3 507
60 3 508
60 3 516
60 3 517
60 3 518
60 3 519
60 3 520
60 3 522
60 3 523
60 3 529
60 3 530
60 3 531
60 3 539
60 3 542
60 3 543
60 3 544
60 3 545
60 3 547
60 3 549
60 3 552
60 3 553
60 3 554
60 3 555
60 3 556
60 3 557
60 3 559
60 3 570
60 3 574
60 3 575
60 3 576
60 3 578
60 3 579
60 3 580
60 3 581
60 3 582
60 3 583
60 3 584
60 35 457
60 59 476
60 36 483
60 24 516
60 24 579
60 38 578
60 19 579
60 65 663
60 65 668
60 65 673
60 65 677
60 65 678
60 65 679
60 65 680
60 65 682
60 65 712
60 65 714
60 65 737
60 65 738
60 65 747
60 56 721
60 56 738
60 21 739
60 39 746
60 32 747
24 52 298
24 52 299
24 52 304
24 52 305
24 52 306
24 52 307
24 52 308
24 52 309
24 52 310
24 52 311
24 52 312
24 52 313
24 52 314
24 52 315
24 52 316
24 52 319
24 52 320
24 52 322
24 52 323
24 52 324
24 52 325
24 52 326
24 52 327
24 52 328
24 52 329
24 52 332
24 52 333
24 52 334
24 52 335
24 52 336
24 52 341
24 52 342
24 52 344
24 52 346
24 52 349
24 52 351
24 52 352
24 48 318
24 48 320
24 48 321
24 48 324
24 48 327
24 48 328
24 48 329
24 48 334
24 48 335
24 48 342
24 48 345
24 48 346
24 48 347
24 48 349
24 48 352
24 48 354
24 48 356
24 48 361
24 48 362
24 48 363
24 48 370
24 48 373
24 48 376
24 48 380
24 48 383
24 48 389
24 48 390
24 48 392
24 48 393
24 48 395
24 48 396
24 48 397
24 48 406
24 48 409
24 48 412
24 48 414
24 48 459
24 48 482
24 48 498
24 48 518
24 48 520
24 48 521
24 18 403
24 18 406
24 18 413
24 18 414
24 18 415
24 18 419
24 18 420
24 18 424
24 18 426
24 18 439
24 18 446
24 18 461
24 18 462
24 18 463
24 18 464
24 18 465
24 18 469
24 18 470
24 18 474
24 18 527
24 18 534
24 18 535
24 18 571
24 18 572
24 18 573
24 18 580
24 18 581
24 18 582
24 18 583
24 18 589
24 18 601
24 18 603
24 18 612
24 18 614
24 18 615
24 18 618
24 18 619
24 35 403
24 35 424
24 35 426
24 54 420
24 54 456
24 54 471
24 54 472
24 54 477
24 54 481
24 54 482
24 54 495
24 54 518
24 54 577
24 54 578
24 54 587
24 54 615
24 54 617
24 34 456
24 34 457
24 34 465
24 34 471
24 34 475
24 34 477
24 34 480
24 34 497
24 34 499
24 34 554
24 34 579
24 34 580
24 34 597
24 34 613
24 34 614
24 38 466
24 36 467
24 5 504
24 53 505
24 53 510
24 53 511
24 53 512
24 53 520
24 53 521
24 53 522
24 53 523
24 53 526
24 33 594
24 33 619
52 43 298
52 43 301
52 43 303
52 43 305
52 43 315
52 43 318
52 43 319
52 43 320
52 43 321
52 43 323
52 43 327
52 43 328
52 43 329
52 43 332
52 43 333
52 43 334
52 43 335
52 43 338
52 43 339
52 43 349
43 35 427
43 38 460
43 53 506
43 53 510
43 53 521
43 53 524
43 53 526
43 59 507
43 3 753
43 3 754
43 3 755
43 3 756
43 3 758
43 3 760
43 64 755
43 64 756
43 64 758
43 37 793
48 22 459
48 36 490
48 42 638
48 42 654
48 42 656
48 42 659
48 42 675
48 42 676
67 35 466
67 35 469
67 35 474
67 35 475
67 38 519
67 38 521
67 38 522
67 38 535
67 38 536
67 38 538
67 38 557
67 38 562
67 38 568
67 38 571
67 38 573
67 38 575
67 38 579
67 38 581
67 38 583
67 38 585
67 38 588
67 38 590
21 54 768
21 54 793
20 49 357
20 49 358
20 49 359
20 49 360
20 49 361
20 49 363
20 49 368
20 49 374
20 49 375
20 49 381
20 49 385
20 49 387
20 49 389
20 49 392
20 49 394
20 49 398
20 49 399
20 49 400
20 49 402
20 49 403
20 49 404
20 49 406
20 49 407
20 49 408
20 49 409
20 49 410
20 59 404
20 57 410
20 5 822
20 5 823
49 2 1284
49 2 1292
49 2 1295
49 2 1296
57 70 377
57 70 379
57 70 380
57 70 381
57 70 382
57 70 385
57 70 386
57 70 387
57 70 388
57 70 389
57 70 390
57 70 393
57 70 394
57 70 395
57 70 397
57 70 398
57 70 399
57 70 400
57 70 417
57 70 418
57 70 419
57 70 420
57 70 421
57 70 422
57 70 423
57 70 424
57 70 425
57 70 426
57 70 427
57 70 428
57 70 429
57 70 430
57 70 431
57 70 432
57 70 433
57 70 434
57 70 435
57 70 436
57 70 437
57 70 438
57 70 439
57 70 440
57 70 441
57 70 442
57 70 443
57 70 444
57 70 445
57 70 447
57 70 449
57 70 450
57 70 451
57 70 452
57 70 453
57 70 456
57 70 457
57 70 460
57 70 461
57 70 462
57 70 463
57 70 464
57 70 465
57 70 466
57 70 484
57 70 486
57 70 487
57 70 489
57 70 491
57 70 492
57 70 493
57 70 494
57 70 495
57 70 496
57 70 497
57 70 498
57 70 499
57 70 500
57 70 501
57 70 503
57 70 504
57 70 506
57 70 507
57 70 508
57 70 509
57 70 510
57 70 511
57 70 512
57 70 513
57 70 524
57 70 525
57 70 526
57 70 527
57 70 528
57 70 529
57 70 530
57 70 531
57 70 532
57 70 533
57 70 534
57 70 535
57 70 538
57 70 539
57 70 541
57 70 542
57 70 543
57 70 544
57 70 545
57 70 548
57 70 549
57 70 550
57 70 551
57 70 554
57 70 556
57 70 557
57 70 558
57 70 559
57 70 563
57 70 568
57 70 569
57 70 572
57 70 573
57 70 574
57 70 576
57 70 577
57 70 578
57 70 581
57 70 582
57 70 583
57 70 584
57 70 586
57 70 587
57 70 588
57 70 589
57 70 590
57 70 591
57 70 593
57 70 594
57 70 597
57 70 600
57 70 601
57 70 602
57 70 611
57 70 612
57 70 613
57 70 614
57 70 615
57 70 616
57 70 617
57 70 618
57 70 619
57 70 621
57 70 622
57 70 623
57 70 624
57 70 625
57 70 626
57 70 627
57 70 628
57 70 629
57 70 630
57 70 631
57 70 632
57 70 633
57 33 404
57 38 405
57 38 536
57 35 408
57 56 486
57 56 492
57 56 493
57 62 615
57 62 618
70 35 432
70 8 615
62 65 391
62 65 392
62 8 518
62 8 523
62 8 524
62 8 526
62 8 528
62 8 529
62 8 531
62 8 532
62 8 533
62 8 537
62 8 538
62 8 539
62 8 540
62 8 541
62 8 542
62 8 543
62 8 544
62 8 545
62 8 546
62 8 547
62 8 548
62 8 549
62 8 550
62 8 551
62 8 557
62 8 560
62 8 561
62 8 562
62 8 565
62 8 566
62 8 568
62 8 572
62 8 573
62 8 574
62 8 576
62 8 577
62 8 581
62 8 583
62 8 587
62 8 588
62 8 589
62 8 590
62 8 591
62 8 592
62 8 593
62 8 595
62 8 599
62 8 600
62 8 602
62 8 603
62 8 605
62 8 607
62 8 608
62 8 610
62 8 613
62 8 615
62 8 616
62 8 617
62 8 618
62 8 629
62 8 631
62 8 634
62 8 635
62 8 640
62 8 641
62 8 642
62 8 643
62 11 598
62 11 599
62 22 599
62 22 601
62 22 603
62 4 611
34 19 399
34 19 408
34 19 430
34 19 435
34 19 469
34 19 517
34 19 577
34 19 612
34 19 616
34 19 628
34 19 631
34 59 405
34 59 406
34 59 458
34 59 468
34 59 469
34 59 473
34 59 474
34 59 476
34 59 479
34 59 480
34 59 496
34 59 498
34 59 499
34 59 501
34 59 504
34 59 505
34 59 506
34 59 507
34 59 508
34 59 536
34 59 541
34 59 542
34 59 599
34 59 607
34 59 610
34 59 616
34 59 627
34 59 628
34 59 629
34 59 630
34 38 407
34 38 415
34 38 464
34 38 467
34 38 476
34 38 478
34 38 479
34 38 517
34 38 574
34 38 624
34 17 609
34 17 631
34 17 632
34 17 636
34 17 637
34 17 640
34 17 641
34 17 658
34 17 659
34 17 661
34 17 662
34 17 663
34 17 675
34 63 619
34 45 628
34 2 640
19 54 400
19 54 401
19 54 402
19 54 403
19 54 404
19 54 407
19 54 408
19 54 409
19 54 410
19 54 411
19 54 412
19 54 413
19 54 415
19 54 426
19 54 431
19 54 449
19 54 450
19 54 451
19 54 457
19 54 458
19 54 459
19 54 474
19 54 475
19 54 479
19 54 495
19 54 496
19 54 497
19 54 498
19 54 499
19 54 500
19 54 501
19 54 502
19 54 503
19 54 504
19 54 505
19 54 506
19 54 507
19 54 508
19 54 509
19 54 510
19 54 511
19 54 515
19 54 526
19 54 532
19 54 533
19 54 535
19 54 540
19 54 549
19 54 551
19 54 552
19 54 571
19 54 573
19 54 574
19 54 575
19 54 580
19 54 584
19 54 590
19 54 615
19 54 616
19 54 618
19 54 627
19 54 628
19 54 629
19 54 630
19 59 457
19 33 591
19 33 594
19 33 605
19 33 619
19 22 605
32 56 649
32 56 656
32 56 657
32 56 659
32 42 656
32 42 659
54 39 400
54 39 401
54 39 402
54 39 408
54 39 442
54 39 460
54 39 462
54 39 471
54 39 473
54 39 477
54 39 626
54 39 627
54 39 628
54 39 629
54 39 630
54 38 400
54 38 404
54 38 405
54 38 410
54 38 411
54 38 412
54 38 415
54 38 420
54 38 426
54 38 442
54 38 444
54 38 445
54 38 457
54 38 462
54 38 464
54 38 465
54 38 466
54 38 467
54 38 468
54 38 472
54 38 474
54 38 475
54 38 480
54 38 481
54 38 495
54 38 517
54 38 526
54 38 530
54 38 531
54 38 532
54 38 535
54 38 541
54 38 571
54 38 572
54 38 584
54 38 585
54 38 586
54 38 587
54 38 590
54 38 591
54 38 592
54 38 593
54 38 599
54 38 600
54 38 602
54 38 603
54 38 608
54 38 610
54 38 611
54 38 612
54 38 617
54 38 621
54 38 622
54 38 623
54 59 411
54 59 439
54 59 440
54 59 456
54 59 457
54 59 467
54 59 474
54 59 479
54 59 494
54 59 515
54 59 531
54 59 587
54 59 606
54 59 621
54 59 622
54 59 623
54 59 627
54 59 628
54 59 629
54 59 630
54 36 466
54 36 469
54 3 477
54 37 694
54 37 695
54 37 696
54 37 697
54 37 698
54 37 699
54 37 700
54 37 701
54 37 702
54 37 706
54 37 707
54 37 708
54 37 709
54 37 710
54 37 711
54 37 717
54 37 720
54 37 721
54 37 722
54 37 724
54 37 725
54 37 726
54 37 727
54 37 728
54 37 729
54 37 730
54 37 731
54 37 732
54 37 733
54 37 734
54 37 735
54 37 736
54 37 737
54 37 738
54 37 739
54 37 741
54 37 742
54 37 743
54 37 744
54 37 745
54 37 746
54 37 747
54 37 748
54 37 749
54 37 750
54 37 751
54 37 752
54 37 753
54 37 754
54 37 755
54 37 756
54 37 757
54 37 758
54 37 759
54 37 760
54 37 761
54 37 762
54 37 763
54 37 764
54 37 765
54 37 766
54 37 767
54 37 768
54 37 769
54 37 770
54 37 771
54 37 772
54 37 773
54 37 774
54 37 775
54 37 776
54 37 777
54 37 778
54 37 779
54 37 780
54 37 781
54 37 782
54 37 783
54 37 784
54 37 785
54 37 786
54 37 787
54 37 788
54 37 790
54 37 791
54 37 792
54 37 793
54 37 794
54 37 795
54 37 796
54 37 797
54 37 798
54 37 801
54 37 802
54 37 803
54 37 804
54 37 805
54 12 722
54 12 725
54 41 791
39 18 407
39 18 479
39 18 482
39 18 627
39 18 629
39 18 630
39 72 754
39 72 757
38 18 401
38 18 404
38 18 410
38 18 411
38 18 412
38 18 414
38 18 416
38 18 417
38 18 418
38 18 419
38 18 420
38 18 421
38 18 422
38 18 423
38 18 424
38 18 425
38 18 426
38 18 427
38 18 428
38 18 429
38 18 431
38 18 432
38 18 433
38 18 434
38 18 435
38 18 436
38 18 437
38 18 439
38 18 440
38 18 442
38 18 444
38 18 445
38 18 446
38 18 447
38 18 448
38 18 449
38 18 450
38 18 451
38 18 452
38 18 453
38 18 454
38 18 455
38 18 457
38 18 462
38 18 464
38 18 465
38 18 466
38 18 471
38 18 474
38 18 479
38 18 480
38 18 481
38 18 482
38 18 483
38 18 484
38 18 485
38 18 486
38 18 487
38 18 488
38 18 489
38 18 490
38 18 493
38 18 517
38 18 526
38 18 532
38 18 533
38 18 534
38 18 540
38 18 541
38 18 543
38 18 549
38 18 571
38 18 572
38 18 575
38 18 577
38 18 578
38 18 579
38 18 584
38 18 592
38 18 593
38 18 618
38 18 625
38 22 408
38 22 414
38 22 415
38 22 416
38 22 417
38 22 418
38 22 419
38 22 420
38 22 423
38 22 424
38 22 425
38 22 426
38 22 431
38 22 457
38 22 458
38 22 460
38 22 462
38 22 465
38 22 469
38 22 472
38 22 474
38 22 475
38 22 478
38 22 479
38 22 481
38 22 483
38 22 484
38 22 485
38 22 486
38 22 490
38 22 492
38 22 499
38 22 500
38 22 503
38 22 504
38 22 508
38 22 510
38 22 534
38 22 539
38 22 540
38 22 571
38 22 573
38 22 574
38 22 575
38 22 588
38 22 589
38 22 612
38 22 617
38 22 618
38 22 620
38 22 622
38 11 409
38 11 411
38 11 412
38 11 418
38 11 419
38 11 423
38 11 431
38 11 452
38 11 458
38 11 475
38 11 485
38 11 486
38 11 488
38 11 489
38 11 490
38 11 493
38 11 534
38 11 587
38 11 588
38 56 413
38 56 417
38 56 420
38 56 422
38 56 423
38 56 424
38 56 425
38 56 428
38 56 441
38 56 443
38 56 444
38 56 445
38 56 446
38 56 456
38 56 457
38 56 459
38 56 469
38 56 472
38 56 485
38 56 486
38 56 487
38 56 488
38 56 490
38 56 498
38 56 499
38 56 506
38 56 514
38 56 517
38 56 536
38 56 591
38 56 592
38 56 593
38 56 594
38 56 595
38 56 617
38 56 624
38 56 625
38 56 629
38 56 630
38 56 631
38 56 637
38 56 639
38 56 640
38 56 652
38 56 655
38 56 670
38 56 677
38 56 680
38 56 681
38 17 537
38 4 613
38 4 614
38 4 616
38 4 624
38 4 625
38 4 626
38 4 627
38 4 628
38 4 629
38 4 630
38 4 631
18 59 409
18 59 411
18 59 412
18 59 416
18 59 417
18 59 419
18 59 420
18 59 421
18 59 422
18 59 423
18 59 424
18 59 425
18 59 426
18 59 427
18 59 428
18 59 429
18 59 433
18 59 435
18 59 436
18 59 439
18 59 440
18 59 446
18 59 450
18 59 451
18 59 452
18 59 453
18 59 454
18 59 455
18 59 457
18 59 458
18 59 460
18 59 465
18 59 466
18 59 467
18 59 468
18 59 470
18 59 471
18 59 477
18 59 478
18 59 479
18 59 577
18 59 584
18 59 587
18 59 601
18 59 602
18 59 604
18 59 618
18 59 627
18 59 628
18 59 629
18 59 630
18 56 458
18 2 640
33 59 403
33 59 407
33 59 409
33 59 411
33 59 412
33 59 414
33 59 417
33 59 418
33 59 419
33 59 423
33 59 433
33 59 440
33 59 456
33 59 466
33 59 475
33 59 476
33 59 477
33 59 508
33 59 509
33 59 512
33 59 515
33 59 517
33 59 522
33 59 531
33 59 537
33 59 577
33 59 579
33 59 587
33 59 588
33 59 589
33 59 591
33 59 597
33 59 604
33 59 606
33 59 607
33 59 611
33 59 619
33 59 620
33 59 622
33 17 591
33 71 607
3 22 579
3 35 583
3 35 584
3 72 741
3 72 742
3 72 743
3 72 745
3 72 746
3 72 751
3 72 753
3 72 754
3 72 755
3 72 756
3 72 757
3 72 758
3 72 759
3 72 760
3 72 761
3 72 762
3 72 763
3 72 764
3 72 765
3 72 766
3 72 767
3 72 768
3 72 770
3 72 772
3 72 777
3 72 778
3 72 781
3 72 786
3 72 788
3 72 789
3 72 790
3 72 791
3 72 792
3 72 795
3 72 796
22 59 410
22 59 411
22 59 412
22 59 417
22 59 418
22 59 419
22 59 425
22 59 457
22 59 459
22 59 465
22 59 482
22 59 495
22 59 498
22 59 499
22 59 503
22 59 504
22 59 506
22 59 514
22 59 518
22 59 519
22 59 520
22 59 522
22 59 535
22 59 559
22 59 574
22 59 575
22 59 583
22 59 584
22 59 588
22 59 594
22 59 600
22 59 602
22 59 611
22 59 618
22 5 688
22 5 689
22 5 690
22 5 695
22 5 696
22 5 697
22 5 698
22 5 699
22 5 700
22 5 701
22 5 702
22 5 710
22 5 711
22 5 712
22 5 713
22 5 714
22 5 715
22 5 717
22 5 718
22 5 719
22 5 723
22 5 730
22 5 731
22 5 732
22 5 733
22 5 734
22 5 735
22 5 736
22 5 737
22 5 738
22 5 739
22 5 740
22 5 752
22 5 754
22 5 756
22 5 761
22 5 762
22 5 763
22 5 775
22 5 783
22 5 785
22 5 786
22 5 787
22 5 793
22 5 800
22 5 802
22 5 804
22 5 805
22 5 811
22 5 812
22 5 821
22 5 822
22 5 823
22 56 739
35 71 565
59 42 413
59 42 415
59 42 416
59 42 419
59 42 420
59 42 426
59 42 437
59 42 441
59 42 442
59 42 443
59 42 444
59 42 445
59 42 457
59 42 458
59 42 460
59 42 461
59 42 469
59 42 482
59 42 483
59 42 484
59 42 485
59 42 487
59 42 488
59 42 490
59 42 491
59 42 492
59 42 495
59 42 499
59 42 502
59 42 517
59 42 518
59 42 523
59 42 539
59 42 556
59 42 558
59 42 559
59 42 567
59 42 569
59 42 572
59 42 577
59 42 578
59 42 580
59 42 582
59 42 584
59 42 586
59 42 587
59 42 589
59 56 416
59 56 417
59 56 418
59 56 419
59 56 420
59 56 421
59 56 424
59 56 426
59 56 432
59 56 440
59 56 441
59 56 442
59 56 443
59 56 444
59 56 445
59 56 452
59 56 458
59 56 459
59 56 461
59 56 465
59 56 466
59 56 467
59 56 469
59 56 470
59 56 471
59 56 472
59 56 474
59 56 486
59 56 487
59 56 488
59 56 489
59 56 490
59 56 493
59 56 494
59 56 495
59 56 496
59 56 497
59 56 498
59 56 499
59 56 500
59 56 501
59 56 506
59 56 514
59 56 515
59 56 516
59 56 523
59 56 524
59 56 525
59 56 535
59 56 536
59 56 538
59 56 539
59 56 572
59 56 573
59 56 574
59 56 587
59 56 590
59 11 423
59 11 452
59 11 456
59 11 475
59 11 508
59 11 520
59 11 522
59 11 526
59 11 555
59 11 577
59 11 588
59 11 592
59 11 594
59 11 608
59 11 618
59 11 628
59 11 630
59 41 465
59 5 500
59 8 599
59 53 599
59 53 601
11 46 636
11 46 637
11 46 647
11 46 649
11 46 650
11 46 652
11 46 657
11 46 661
11 46 679
11 46 681
11 46 716
42 2 615
42 2 632
42 2 637
42 2 638
42 2 639
42 2 640
42 2 641
42 2 651
42 2 652
42 2 653
42 2 656
42 2 659
42 2 680
42 2 681
56 36 470
56 36 471
56 36 652
56 36 657
56 4 505
56 2 614
56 2 615
56 2 617
56 2 618
56 2 619
56 2 624
56 2 629
56 2 630
56 2 631
56 2 637
56 2 638
56 2 639
56 2 640
56 2 641
56 2 642
56 2 644
56 2 647
56 2 648
56 2 656
56 2 659
56 2 660
56 2 661
56 2 662
56 2 663
56 2 680
56 2 681
56 45 622
56 45 623
56 45 624
56 45 626
56 45 627
56 45 629
56 45 633
56 45 636
56 45 637
56 45 647
56 45 652
56 45 666
56 45 667
56 45 668
56 45 669
56 45 673
56 45 674
56 45 675
56 45 676
56 45 679
56 45 680
56 45 681
56 45 682
56 45 683
56 45 685
56 45 686
56 45 688
56 45 693
56 45 695
56 45 697
56 45 699
56 45 713
56 45 714
56 45 716
56 45 717
56 45 718
56 45 719
56 45 722
56 45 724
56 45 728
56 45 729
56 45 732
56 45 740
56 45 741
56 45 742
56 45 743
56 45 745
56 45 762
56 45 763
56 45 768
56 45 769
56 45 770
56 45 771
56 45 772
56 45 773
56 45 774
56 45 775
56 45 776
56 45 777
56 45 778
56 45 781
56 45 782
56 45 783
56 45 784
56 45 788
56 45 790
56 45 795
56 45 796
56 45 798
56 45 799
56 45 800
56 45 809
56 45 810
56 45 851
56 45 852
56 45 853
56 45 854
56 37 744
41 2 653
71 46 1015
71 46 1017
71 46 1018
71 46 1019
71 46 1023
71 46 1024
71 46 1025
71 46 1026
71 46 1027
71 46 1028
71 46 1029
71 46 1030
71 46 1031
71 46 1034
71 46 1036
71 46 1037
71 46 1038
71 46 1044
71 46 1045
71 46 1046
71 46 1053
71 46 1057
71 46 1059
71 46 1061
71 46 1062
71 46 1063
71 46 1064
71 46 1065
71 46 1066
71 46 1067
71 46 1068
8 12 744
2 37 656
45 12 723
12 76 686
12 76 694
12 76 696
12 76 698
12 76 699
12 76 701
12 76 703
12 76 707
12 76 737
12 76 738
12 76 742
12 76 743
12 76 750
12 76 762
12 76 763
12 76 764
12 76 765
12 76 766
12 76 767
12 76 768
12 76 769
12 76 770
12 76 771
12 76 772
12 76 773
12 76 774
12 76 775
12 76 776
12 76 777
12 76 780
12 76 783
12 76 785
12 76 786
