5 50 0
5 50 1
5 50 6
5 50 7
5 50 17
5 50 18
5 50 19
5 50 21
5 50 22
5 50 23
5 50 24
5 50 31
5 50 46
5 50 48
5 50 50
5 50 57
5 50 58
5 50 64
5 99 17
5 99 18
5 25 18
5 110 1028
5 110 1038
5 96 1031
5 96 1039
5 96 1041
5 96 1043
50 61 17
50 23 18
50 79 18
50 12 628
50 12 629
50 12 652
50 12 662
50 12 663
50 12 665
50 12 666
50 12 667
50 12 682
50 12 693
50 12 694
50 12 705
50 87 631
50 87 634
50 87 635
50 87 637
50 87 638
50 87 646
50 87 647
50 87 648
50 87 649
50 87 650
50 87 653
50 87 654
50 87 655
50 87 656
50 87 657
50 87 658
50 87 659
50 87 660
50 87 661
50 87 662
50 87 663
50 87 664
50 87 679
50 87 717
50 87 718
50 87 726
50 87 727
50 87 729
50 87 731
50 87 732
50 33 632
50 33 633
50 33 634
50 33 635
50 33 638
50 33 703
50 33 704
50 33 708
50 33 711
50 33 720
50 27 632
50 27 633
50 27 634
50 27 639
50 27 642
50 27 678
50 78 731
47 6 3
47 6 4
47 6 5
47 6 11
47 6 12
47 6 15
47 6 16
47 6 20
47 6 25
47 6 26
47 6 30
47 6 36
47 6 37
47 6 38
47 6 44
47 6 45
47 6 53
47 6 54
47 6 55
47 6 59
47 6 63
47 6 65
47 99 12
47 79 52
47 7 53
47 90 376
47 90 377
47 90 378
47 90 382
47 90 383
47 90 387
47 90 388
6 36 8
6 36 10
6 36 11
6 36 17
6 36 42
6 36 52
6 36 53
6 36 56
6 36 70
6 36 80
6 36 81
6 36 168
6 79 8
6 79 41
6 79 42
6 79 43
6 79 46
6 79 51
6 79 61
6 79 89
6 79 90
6 61 9
6 61 124
6 61 141
6 61 158
6 61 159
6 61 160
6 61 169
6 61 171
6 61 176
6 98 12
6 25 19
6 25 20
6 25 23
6 25 37
6 60 25
6 60 126
6 60 152
6 60 175
6 60 176
6 60 177
6 46 29
6 46 116
6 46 119
6 46 126
6 46 141
6 99 42
6 99 88
6 99 93
6 99 126
6 99 141
6 99 147
6 99 176
6 111 161
23 99 6
23 99 7
23 99 8
23 99 9
23 99 13
23 99 17
23 99 21
23 99 23
23 99 24
23 99 77
23 99 89
23 99 116
23 99 125
23 99 126
23 99 135
23 99 136
23 99 137
23 99 162
23 99 170
23 99 172
23 46 8
23 46 32
23 46 38
23 46 52
23 46 53
23 46 66
23 46 67
23 46 68
23 46 71
23 46 74
23 46 75
23 46 76
23 46 77
23 46 78
23 46 79
23 46 80
23 46 86
23 46 87
23 46 93
23 46 94
23 46 95
23 46 114
23 46 132
23 46 133
23 46 137
23 79 10
23 79 30
23 79 31
23 79 68
23 79 153
23 79 157
23 79 158
23 79 159
23 79 166
23 36 13
23 36 30
23 36 31
23 36 32
23 36 35
23 36 36
23 36 38
23 36 39
23 36 95
23 36 100
23 36 101
23 36 102
23 36 123
23 36 145
23 36 157
23 36 158
23 36 159
23 36 171
23 36 175
23 36 176
23 61 20
23 61 21
23 61 33
23 61 34
23 61 35
23 61 36
23 61 38
23 61 39
23 61 51
23 61 72
23 61 94
23 61 107
23 61 108
23 61 109
23 61 111
23 61 131
23 61 138
23 61 142
23 61 147
23 61 149
23 61 150
23 61 154
23 61 155
23 61 156
23 61 157
23 61 158
23 61 172
23 61 174
23 60 30
23 60 32
23 60 92
23 60 132
23 60 166
23 60 174
23 60 175
23 7 38
23 7 119
23 7 157
23 101 743
23 102 744
99 43 7
99 43 8
99 43 63
99 43 64
99 43 65
99 43 66
99 43 92
99 43 114
99 43 115
99 43 139
99 43 146
99 43 148
99 43 153
99 43 176
99 43 178
99 60 8
99 60 9
99 60 10
99 60 83
99 60 114
99 60 132
99 60 134
99 60 136
99 60 138
99 60 143
99 60 167
99 34 11
99 34 15
99 34 18
99 34 26
99 34 31
99 34 32
99 34 80
99 34 91
99 34 93
99 34 95
99 34 102
99 34 116
99 34 117
99 34 127
99 34 129
99 34 134
99 34 138
99 34 139
99 34 140
99 34 146
99 34 147
99 34 148
99 34 149
99 34 151
99 34 152
99 34 153
99 61 18
99 61 22
99 61 24
99 61 72
99 61 83
99 61 99
99 61 104
99 61 138
99 61 142
99 61 147
99 61 154
99 61 172
99 61 176
99 79 59
99 79 75
99 79 81
99 79 82
99 79 96
99 79 97
99 79 98
99 79 99
99 79 106
99 79 107
99 79 108
99 79 110
99 79 111
99 79 112
99 79 113
99 79 144
99 79 145
99 79 154
99 79 167
99 79 170
99 2 162
99 42 586
99 42 648
99 42 649
99 42 656
99 42 661
99 42 696
99 42 697
99 42 698
99 42 699
99 42 705
99 110 683
99 73 689
99 52 701
99 35 702
60 61 7
60 61 27
60 61 33
60 61 39
60 61 40
60 61 56
60 61 84
60 61 92
60 61 93
60 61 105
60 61 130
60 61 141
60 61 148
60 61 149
60 61 153
60 61 154
60 61 172
60 61 176
60 25 8
60 25 39
60 25 91
60 79 12
60 79 23
60 79 33
60 79 34
60 79 35
60 79 110
60 79 126
60 79 153
60 79 154
60 79 170
60 79 171
60 79 173
60 79 175
60 46 16
60 46 20
60 46 21
60 46 23
60 46 108
60 98 17
60 98 49
60 98 133
60 98 135
60 98 139
60 98 141
60 98 149
60 98 153
60 98 163
60 98 171
60 98 174
60 43 22
60 43 135
60 43 136
60 43 148
60 43 176
60 7 26
60 34 32
60 34 38
60 34 40
60 34 55
60 34 67
60 34 127
60 34 133
60 34 134
60 34 138
60 34 139
60 34 152
60 34 153
60 34 174
60 36 51
60 36 72
60 36 83
61 34 7
61 34 8
61 34 16
61 34 27
61 34 39
61 34 112
61 34 128
61 34 133
61 34 139
61 34 153
61 34 173
61 79 8
61 79 12
61 79 13
61 79 14
61 79 15
61 79 16
61 79 36
61 79 42
61 79 43
61 79 44
61 79 48
61 79 68
61 79 72
61 79 74
61 79 76
61 79 79
61 79 98
61 79 99
61 79 100
61 79 101
61 79 102
61 79 103
61 79 104
61 79 124
61 79 128
61 79 129
61 79 130
61 79 132
61 79 147
61 79 153
61 79 156
61 79 157
61 79 160
61 79 173
61 79 174
61 36 11
61 36 17
61 36 18
61 36 26
61 36 33
61 36 131
61 36 134
61 43 12
61 43 26
61 43 31
61 43 36
61 43 37
61 43 42
61 43 50
61 43 51
61 43 52
61 43 53
61 43 54
61 43 55
61 43 147
61 43 168
61 43 178
61 98 19
61 98 21
61 98 23
61 98 25
61 98 45
61 98 59
61 98 76
61 98 119
61 98 133
61 98 137
61 98 139
61 98 140
61 98 141
61 98 153
61 98 173
61 98 174
61 98 175
61 98 178
61 25 160
43 25 7
43 25 19
43 25 30
43 25 37
43 25 51
43 25 54
43 25 63
43 25 64
43 25 65
43 25 72
43 25 73
43 25 81
43 25 82
43 25 135
43 25 136
43 7 11
43 7 144
43 7 159
43 7 176
43 79 14
43 79 29
43 79 30
43 79 36
43 79 37
43 36 43
43 36 95
43 36 130
43 36 133
43 36 134
43 36 138
43 36 140
43 36 153
43 36 173
43 72 273
43 72 274
43 72 276
43 72 277
43 72 278
43 72 279
43 72 280
43 72 281
43 72 282
43 72 284
43 72 290
43 72 291
43 72 294
43 72 296
43 72 297
43 72 298
43 72 300
43 72 310
43 72 314
43 72 316
43 72 319
43 72 320
43 72 321
43 72 337
43 72 338
43 72 339
43 17 288
43 17 289
43 17 303
43 13 291
43 13 305
43 13 306
43 13 315
43 2 297
43 111 308
43 111 319
25 79 160
25 2 163
25 2 164
25 2 165
25 98 174
25 33 631
25 33 632
25 33 636
25 33 640
25 33 650
25 33 652
25 33 653
25 33 658
25 33 659
25 33 660
25 33 666
25 33 667
25 33 668
25 33 670
25 33 681
25 33 684
25 33 685
25 33 689
25 33 690
25 33 691
25 87 633
25 87 634
25 87 648
25 87 652
25 87 677
25 87 679
25 87 682
25 87 684
25 87 685
25 87 686
25 87 687
25 87 689
25 87 690
25 87 691
25 12 641
25 12 651
25 12 652
25 12 667
25 12 668
25 12 669
25 12 670
25 12 676
25 12 677
25 12 680
25 12 682
25 12 683
25 12 695
25 53 650
25 53 652
25 53 653
25 53 654
25 53 655
25 53 658
25 53 659
25 53 660
25 53 661
25 53 662
25 53 675
25 35 661
34 67 107
34 66 313
34 66 320
34 66 321
34 66 323
34 66 324
34 66 325
34 66 327
34 66 340
34 66 399
34 66 428
34 66 431
34 66 435
34 66 437
34 66 456
34 66 461
34 66 471
34 66 475
34 66 476
34 66 477
34 66 564
34 66 566
34 66 567
34 66 568
34 66 573
34 66 574
34 66 581
34 66 582
34 66 584
34 66 585
34 66 587
34 29 313
34 29 318
34 29 319
34 29 321
34 29 327
34 29 329
34 29 340
34 29 341
34 29 343
34 29 352
34 29 353
34 29 354
34 29 356
34 29 361
34 29 362
34 29 363
34 29 364
34 29 365
34 29 369
34 29 370
34 29 371
34 29 374
34 29 377
34 29 378
34 29 379
34 29 380
34 29 387
34 29 389
34 29 390
34 29 391
34 29 392
34 29 393
34 29 394
34 29 395
34 29 401
34 29 402
34 29 404
34 29 405
34 29 406
34 29 408
34 29 418
34 29 436
34 29 445
34 29 447
34 29 482
34 29 483
34 29 484
34 29 487
34 29 488
34 29 489
34 29 490
34 29 491
34 29 493
34 29 497
34 29 498
34 29 500
34 29 501
34 29 502
34 29 503
34 29 504
34 29 505
34 29 506
34 29 507
34 29 508
34 29 509
34 29 510
34 29 511
34 29 512
34 29 513
34 29 514
34 29 515
34 29 516
34 29 517
34 29 518
34 29 519
34 29 520
34 29 521
34 29 522
34 29 524
34 29 525
34 29 526
34 29 527
34 29 528
34 29 529
34 29 530
34 29 531
34 29 536
34 29 537
34 29 549
34 29 550
34 29 551
34 29 552
34 29 553
34 29 555
34 29 563
34 29 564
34 29 565
34 9 314
34 9 319
34 9 320
34 9 322
34 9 324
34 9 325
34 9 336
34 9 337
34 9 339
34 9 340
34 9 343
34 9 346
34 9 349
34 9 350
34 9 352
34 9 355
34 9 361
34 9 363
34 9 369
34 9 379
34 9 380
34 9 387
34 9 408
34 9 435
34 9 448
34 9 451
34 9 452
34 9 453
34 9 454
34 9 459
34 9 480
34 9 481
34 9 482
34 9 483
34 9 484
34 9 485
34 9 486
34 9 487
34 9 488
34 9 489
34 9 490
34 9 491
34 9 492
34 9 493
34 9 496
34 9 497
34 9 504
34 9 505
34 9 506
34 9 507
34 9 508
34 9 509
34 9 510
34 9 515
34 9 543
34 9 544
34 9 545
34 9 546
34 9 547
34 9 550
34 9 551
34 9 552
34 9 553
34 9 554
34 9 555
34 9 556
34 9 557
34 9 558
34 9 560
34 9 561
34 9 562
34 9 564
34 58 316
34 58 318
34 58 319
34 58 321
34 58 323
34 58 324
34 58 325
34 58 336
34 58 337
34 58 338
34 58 360
34 58 361
34 58 369
34 58 370
34 58 371
34 58 372
34 58 374
34 58 376
34 58 377
34 58 378
34 58 379
34 58 382
34 58 383
34 58 384
34 58 390
34 58 400
34 58 431
34 58 432
34 58 434
34 58 436
34 58 439
34 58 444
34 58 467
34 58 472
34 58 473
34 58 477
34 58 507
34 58 565
34 58 566
34 58 568
34 58 587
34 7 362
34 7 364
34 7 399
34 12 372
34 12 391
34 12 393
34 80 385
34 48 401
34 48 402
46 108 62
46 40 650
46 40 651
46 40 652
46 40 669
46 40 671
46 40 677
46 40 746
46 2 675
46 2 676
46 2 683
46 2 705
46 2 714
46 2 715
46 2 716
46 2 718
46 2 737
46 2 745
46 2 746
46 2 747
46 2 749
46 2 752
46 2 757
46 20 705
46 20 716
46 20 717
46 12 716
46 30 718
46 78 720
46 16 753
36 79 8
36 79 14
36 79 15
36 79 16
36 79 17
36 79 32
36 79 43
36 79 44
36 79 46
36 79 53
36 79 56
36 79 89
36 79 90
36 79 122
36 79 125
36 79 138
36 79 160
36 79 166
36 98 173
36 16 647
36 16 651
36 16 656
36 16 657
36 16 658
36 16 660
36 16 663
36 16 664
36 16 697
36 16 698
36 16 700
36 16 701
36 16 702
36 16 703
36 16 704
36 16 705
36 16 706
36 16 707
36 16 708
36 16 709
36 16 710
36 16 711
36 16 712
36 16 715
36 16 716
36 16 718
36 16 719
36 16 720
36 16 721
36 16 722
36 16 723
36 16 725
36 16 727
36 16 728
36 16 754
36 16 755
36 16 756
36 16 757
36 16 758
36 16 761
36 16 765
36 16 783
36 16 792
36 16 794
36 16 795
36 16 800
36 16 803
36 52 659
36 112 660
36 112 661
36 56 661
36 2 752
36 2 753
36 30 753
79 67 113
79 98 171
79 98 173
79 98 174
7 95 561
7 85 561
7 15 565
98 57 927
98 57 960
98 65 930
98 95 948
98 95 949
98 95 960
98 51 961
98 59 961
98 59 962
108 4 973
108 4 974
108 4 975
108 4 976
108 4 980
108 4 981
108 4 982
108 4 988
108 4 989
108 4 993
108 4 997
108 4 999
108 4 1005
108 4 1006
108 4 1009
108 4 1010
108 4 1019
108 4 1039
108 4 1040
108 4 1041
108 4 1042
108 88 974
108 88 980
108 88 990
108 88 999
108 88 1006
108 96 981
108 96 982
108 96 983
108 96 984
108 96 985
108 96 989
108 96 990
108 96 994
108 96 996
108 96 997
108 96 1007
108 96 1008
108 96 1009
108 96 1014
108 96 1016
108 96 1018
108 96 1019
108 96 1020
108 96 1021
108 96 1022
108 96 1032
108 96 1033
108 96 1035
108 96 1039
108 96 1041
108 71 1039
108 71 1041
53 67 81
53 31 648
53 31 651
53 31 652
53 31 731
53 31 732
53 33 656
53 49 656
53 49 658
53 49 659
53 49 660
53 56 658
53 28 662
53 52 679
53 73 731
67 41 732
67 17 736
67 17 738
67 17 740
67 17 743
67 17 756
67 17 763
67 17 766
67 17 767
67 17 780
67 45 736
67 45 782
67 45 796
67 45 797
67 45 798
67 45 830
89 0 145
89 0 148
89 0 215
89 0 216
89 111 215
89 111 216
89 4 974
89 4 975
89 4 976
89 4 977
89 4 979
89 4 980
89 4 981
89 4 982
89 4 983
89 4 984
89 4 985
89 4 986
89 4 987
89 4 989
89 4 992
89 4 993
89 4 994
89 4 995
89 4 998
89 4 999
89 4 1000
89 4 1001
89 4 1002
89 4 1004
89 4 1006
89 4 1007
89 4 1008
89 4 1012
89 4 1013
89 4 1014
89 4 1015
89 4 1017
89 4 1020
89 4 1022
89 4 1023
89 4 1024
89 4 1025
89 4 1026
89 4 1027
89 4 1028
89 4 1029
89 4 1030
89 4 1032
89 4 1033
89 4 1034
89 4 1035
89 4 1036
89 4 1037
89 4 1038
89 4 1039
89 96 975
89 96 979
89 96 980
89 96 989
89 96 990
89 96 991
89 96 992
89 96 993
89 96 996
89 96 997
89 96 1003
89 96 1006
89 96 1007
89 96 1008
89 96 1009
89 96 1010
89 96 1011
89 96 1013
89 96 1014
89 96 1019
89 96 1039
89 110 975
89 110 976
89 110 981
89 110 989
89 110 997
89 110 1005
89 110 1023
89 110 1028
89 71 975
89 71 997
89 71 1030
89 71 1039
89 8 992
89 86 997
0 114 147
0 114 148
0 114 149
0 114 156
0 114 161
0 114 162
0 114 166
0 114 168
0 114 171
0 114 173
0 114 174
0 114 176
0 114 188
0 114 189
0 114 198
0 114 206
0 114 211
0 114 214
0 114 215
0 114 216
0 90 163
2 77 147
2 77 152
2 77 153
2 77 154
2 77 155
2 77 160
2 77 163
2 77 165
2 77 173
2 77 174
2 77 185
2 77 186
2 77 187
2 77 188
2 77 189
2 77 190
2 77 191
2 77 192
2 77 193
2 77 198
2 77 213
2 77 214
2 77 215
2 77 216
2 77 217
2 77 219
2 77 225
2 77 226
2 77 228
2 77 241
2 77 243
2 77 244
2 77 245
2 77 246
2 77 247
2 77 256
2 77 258
2 77 259
2 77 260
2 77 261
2 77 263
2 77 264
2 77 269
2 77 270
2 77 271
2 77 278
2 77 279
2 77 280
2 77 281
2 77 282
2 77 283
2 77 290
2 77 291
2 77 293
2 77 294
2 77 296
2 77 300
2 77 302
2 77 304
2 39 191
2 14 297
2 14 298
2 106 649
2 106 654
2 106 655
2 106 656
2 106 660
2 106 662
2 106 676
2 106 682
2 106 723
2 106 759
2 106 760
2 113 653
2 113 660
2 113 661
2 113 672
2 113 682
2 113 695
2 113 718
2 113 719
2 113 721
2 113 727
2 113 731
2 113 732
2 113 733
2 113 759
2 37 654
2 37 665
2 37 668
2 37 672
2 37 674
2 37 677
2 37 684
2 37 685
2 37 686
2 37 688
2 37 689
2 37 690
2 37 694
2 37 713
2 37 714
2 37 715
2 37 716
2 37 725
2 37 733
2 37 736
2 37 740
2 37 749
2 37 751
2 19 662
2 19 663
2 19 665
2 19 666
2 19 667
2 19 668
2 19 669
2 19 670
2 19 671
2 19 672
2 19 674
2 19 676
2 19 695
2 19 696
2 19 704
2 19 705
2 19 708
2 19 709
2 19 712
2 19 713
2 19 714
2 19 716
2 19 719
2 19 720
2 19 722
2 19 724
2 19 725
2 19 726
2 19 728
2 19 731
2 19 732
2 19 733
2 19 735
2 19 736
2 19 740
2 19 742
2 19 743
2 19 744
2 19 749
2 22 663
2 28 665
2 28 675
2 28 676
2 28 701
2 28 748
2 92 747
77 39 204
77 39 205
77 3 218
77 3 223
77 3 224
77 3 229
77 3 233
77 14 298
114 90 185
111 14 265
111 14 267
111 14 277
111 14 336
111 14 337
111 14 338
111 14 345
111 14 346
111 14 347
111 14 348
111 14 350
111 14 351
111 28 265
111 28 268
111 28 271
111 28 272
111 28 319
111 28 327
111 28 329
111 18 266
111 18 271
111 18 272
111 18 273
111 18 290
111 18 291
111 18 292
111 18 293
111 18 294
111 18 295
111 18 296
111 18 320
111 18 343
111 18 344
111 18 345
111 18 346
111 18 347
111 18 348
111 18 349
111 18 351
111 94 269
111 94 274
111 94 275
111 94 277
111 94 329
111 94 330
111 94 331
111 94 342
111 74 270
111 74 276
111 74 277
111 84 276
111 84 277
90 37 356
90 37 375
90 37 376
90 37 377
90 37 378
90 37 379
90 37 380
90 37 383
90 37 388
90 68 356
90 68 387
90 68 388
90 80 359
90 80 363
90 80 366
90 80 371
90 80 377
90 80 379
90 80 380
90 80 381
90 80 383
90 80 388
39 100 575
39 100 576
39 100 587
39 100 592
39 100 593
39 100 594
39 100 604
39 100 617
39 100 626
39 100 627
39 100 628
39 100 637
39 100 638
39 100 639
39 100 640
39 100 641
39 100 644
39 100 645
39 82 665
3 113 880
3 113 881
3 113 883
3 113 884
3 113 885
3 113 886
3 113 887
3 113 888
3 113 889
3 113 890
3 113 894
3 113 895
3 113 896
3 113 897
3 113 898
3 113 901
3 113 904
3 113 905
3 113 906
3 113 907
3 113 908
3 113 913
3 113 914
3 113 919
3 113 920
3 113 921
3 113 928
3 113 934
3 113 938
3 113 940
3 113 941
3 113 942
3 113 943
3 113 946
3 113 949
3 76 880
3 76 889
3 76 899
3 76 907
3 76 908
3 76 917
3 76 946
3 76 947
3 83 880
3 83 896
3 83 898
3 83 899
3 83 907
3 83 917
3 83 921
3 83 929
3 83 931
3 83 932
3 83 938
3 83 939
3 83 940
3 83 942
3 83 943
3 71 880
3 71 912
3 71 917
3 71 919
3 71 920
3 71 921
3 71 923
3 71 924
3 71 937
3 71 949
3 71 950
3 107 883
3 107 899
3 107 901
3 107 903
3 107 906
3 107 918
3 107 921
3 107 930
3 107 931
3 107 942
3 107 943
3 107 949
3 107 950
3 64 894
3 64 909
3 64 931
3 64 936
3 64 937
3 64 938
3 64 941
3 64 942
3 64 943
3 64 944
3 64 946
3 64 947
100 21 238
100 21 239
100 21 240
100 21 242
100 21 243
100 21 244
100 21 258
100 21 263
100 21 270
100 21 271
100 21 277
100 21 278
100 21 287
100 21 292
100 21 293
100 21 299
100 21 301
100 21 317
100 21 323
100 21 324
100 21 325
100 21 326
100 21 327
100 21 329
100 21 330
100 21 331
100 21 337
100 21 338
100 21 342
100 21 343
100 21 347
100 21 348
100 21 349
100 21 350
100 21 351
100 21 352
100 21 353
100 21 354
100 21 355
100 21 356
100 21 359
100 21 360
100 21 369
100 21 373
100 21 386
100 21 402
100 21 403
100 113 682
100 33 701
21 105 372
21 62 743
93 28 261
93 28 262
93 28 263
93 28 265
93 28 266
93 28 267
93 28 268
93 28 269
93 28 270
93 28 303
93 28 334
93 28 338
93 28 344
93 28 346
93 18 265
93 18 267
93 18 268
93 18 273
93 18 275
93 18 276
93 18 277
93 18 341
93 18 343
93 18 344
93 14 266
93 14 277
93 14 279
93 14 282
93 14 283
93 14 284
93 14 285
93 14 286
93 14 290
93 14 291
93 14 292
93 14 311
93 14 313
93 14 314
93 14 315
93 14 333
93 14 340
93 14 342
93 14 344
93 84 267
93 84 268
93 84 269
93 84 270
93 84 271
93 84 277
93 84 302
93 84 308
93 84 309
93 84 310
93 84 338
93 84 340
93 84 341
93 74 283
93 74 335
93 31 345
93 113 747
28 17 263
28 17 267
28 17 271
28 17 272
28 17 315
28 74 270
28 74 272
28 74 274
28 74 277
28 74 292
28 74 293
28 74 314
28 74 318
28 74 321
28 74 323
28 74 324
28 74 325
28 74 326
28 74 336
28 84 303
28 40 648
28 40 653
28 40 655
28 40 657
28 40 696
28 104 649
28 104 650
28 104 705
28 104 757
28 110 672
28 110 705
17 14 266
17 14 271
17 14 282
17 14 284
17 14 299
17 14 304
17 14 306
17 14 330
17 14 340
17 14 345
17 84 269
17 74 271
17 74 289
17 74 313
17 74 321
17 94 288
17 94 289
17 94 336
17 42 740
17 42 741
17 42 750
17 42 751
17 42 752
17 42 754
17 42 755
17 42 760
26 14 264
26 14 306
26 14 335
26 84 268
26 84 271
26 84 302
26 84 338
26 94 272
26 94 302
26 74 278
26 74 320
26 74 335
26 18 314
26 48 384
26 48 385
26 48 386
26 48 394
26 48 404
26 48 406
26 48 408
26 48 412
26 48 413
26 48 415
26 48 417
26 48 418
26 48 419
26 48 425
26 48 427
26 48 428
26 48 433
26 48 436
26 48 439
26 48 459
26 48 464
26 66 436
26 91 465
14 84 274
14 84 278
14 84 304
14 72 276
14 72 291
14 74 277
14 74 281
14 74 282
14 74 325
14 74 326
14 74 343
14 40 302
14 29 347
14 22 473
14 22 477
14 22 479
14 22 480
14 22 481
14 22 483
14 22 486
14 22 487
14 22 488
14 22 490
14 22 491
14 22 492
14 22 559
14 22 565
14 22 566
14 22 569
14 22 574
14 22 575
14 22 577
14 22 582
14 22 587
14 8 520
14 8 563
18 74 272
18 74 282
18 74 288
18 74 322
18 74 328
18 74 329
18 72 290
18 72 291
18 22 472
18 22 478
18 22 479
18 22 482
18 22 561
18 22 565
18 22 569
18 22 570
18 22 573
18 22 575
18 22 578
18 22 587
18 15 475
18 15 476
18 15 477
18 15 478
18 15 479
18 15 480
18 15 481
18 15 482
18 15 483
18 15 484
18 15 485
18 15 489
18 15 490
18 15 491
18 15 492
18 15 497
18 15 515
18 15 518
18 15 530
18 15 539
18 15 540
18 15 541
18 15 542
18 15 559
18 15 561
18 15 563
18 15 565
18 15 566
18 15 569
18 15 582
18 15 587
18 15 591
18 109 498
18 109 500
18 109 503
18 109 530
18 109 537
18 109 542
18 101 498
18 101 501
18 101 519
18 101 532
18 48 499
18 48 500
18 48 511
18 48 548
18 48 563
18 8 564
18 13 584
18 65 591
84 13 268
84 13 272
84 13 273
84 13 300
84 74 276
84 74 277
84 74 278
84 94 303
13 74 290
13 74 335
13 32 313
13 32 316
13 32 317
13 32 318
13 32 319
13 32 322
13 32 323
13 32 340
13 32 363
13 32 373
13 32 376
13 32 377
13 32 378
13 32 382
13 32 383
13 32 388
13 32 389
13 32 390
13 32 392
13 32 394
13 32 395
13 32 396
13 32 397
13 32 398
13 32 399
13 32 400
13 32 401
13 32 402
13 32 404
13 32 407
13 32 408
13 32 410
13 32 411
13 32 412
13 32 413
13 32 414
13 32 415
13 32 416
13 32 417
13 32 423
13 32 438
13 32 441
13 32 444
13 32 445
13 32 462
13 58 315
13 58 316
13 58 317
13 58 323
13 58 332
13 58 333
13 58 336
13 58 340
13 58 373
13 58 374
13 58 375
13 58 376
13 58 377
13 58 403
13 58 404
13 58 405
13 58 438
13 58 462
13 58 467
13 58 486
13 58 487
13 58 488
13 58 489
13 58 490
13 58 494
13 58 496
13 58 500
13 58 510
13 66 315
13 66 318
13 66 321
13 66 323
13 66 324
13 66 400
13 66 401
13 66 448
13 66 462
13 66 488
13 66 489
13 66 490
13 66 491
13 66 495
13 66 496
13 66 497
13 66 498
13 66 499
13 66 500
13 66 501
13 66 506
13 66 507
13 66 541
13 66 542
13 66 543
13 66 544
13 66 545
13 66 546
13 66 547
13 66 548
13 66 549
13 66 550
13 66 554
13 66 555
13 66 556
13 9 315
13 9 319
13 9 320
13 9 321
13 9 322
13 9 340
13 9 469
13 9 585
13 29 319
13 29 320
13 29 324
13 29 330
13 29 340
13 29 341
13 29 343
13 29 353
13 29 376
13 29 377
13 29 378
13 29 379
13 29 380
13 29 387
13 29 389
13 29 390
13 29 391
13 29 393
13 29 394
13 29 395
13 29 399
13 29 408
13 29 445
13 29 447
13 29 450
13 29 451
13 29 452
13 29 455
13 29 456
13 29 457
13 29 458
13 29 459
13 29 460
13 29 468
13 29 469
13 29 584
13 48 401
13 75 586
94 74 282
94 74 326
94 85 480
94 85 484
94 85 490
94 85 491
94 85 497
94 85 499
94 85 501
94 85 502
94 85 503
94 85 511
94 85 512
94 85 514
94 85 518
94 85 521
94 85 527
94 85 533
94 85 536
94 85 561
94 85 562
94 85 563
94 85 565
94 85 566
94 85 570
94 85 571
94 85 573
94 85 574
94 85 575
94 85 576
94 85 578
94 85 579
94 85 580
94 85 581
94 85 583
94 85 584
94 85 585
94 85 586
94 85 587
94 85 596
94 85 597
94 85 598
94 85 599
94 85 600
94 85 601
94 85 602
94 85 603
94 85 605
94 85 606
94 85 609
94 85 610
94 85 611
94 85 612
94 85 613
94 85 614
94 85 615
94 8 562
94 8 563
94 10 569
94 75 614
72 4 974
72 4 975
72 4 979
72 4 982
72 4 988
72 4 992
72 4 994
72 4 999
72 4 1013
72 4 1016
72 4 1019
72 4 1039
72 4 1040
72 4 1041
72 4 1042
72 4 1043
72 96 974
72 96 975
72 96 977
72 96 978
72 96 979
72 96 980
72 96 981
72 96 985
72 96 986
72 96 987
72 96 988
72 96 993
72 96 996
72 96 998
72 96 1003
72 96 1008
72 96 1009
72 96 1010
72 96 1011
72 96 1020
72 96 1021
72 96 1024
72 96 1031
72 96 1039
72 96 1041
72 96 1043
72 96 1044
72 96 1045
72 96 1046
72 88 974
72 88 983
72 88 996
72 88 998
72 88 1006
72 88 1011
72 88 1013
72 110 974
72 110 975
72 110 981
72 110 988
72 110 998
72 110 1013
72 110 1020
72 110 1021
72 110 1040
72 110 1042
72 8 998
72 59 1004
40 19 650
40 19 651
40 19 652
40 19 653
40 19 654
40 19 655
40 19 656
40 19 663
40 19 664
40 19 665
40 19 668
40 19 674
40 19 677
40 19 681
40 19 683
40 19 684
40 19 685
40 19 686
40 19 688
40 19 689
40 19 691
40 19 698
40 19 704
40 19 714
40 19 719
40 19 720
40 19 733
40 19 736
40 19 737
40 19 747
40 19 749
40 19 750
40 19 751
40 52 664
40 113 666
40 113 668
40 113 670
40 113 672
40 113 674
40 113 683
40 113 694
40 113 696
40 113 706
40 113 719
40 113 753
40 106 684
40 106 729
40 106 732
40 73 703
40 73 718
66 57 314
66 57 317
66 57 323
66 57 324
66 57 356
66 57 432
66 57 433
66 57 448
66 57 473
66 57 475
66 57 480
66 57 487
66 31 320
66 31 321
66 31 322
66 31 392
66 31 393
66 31 399
66 31 402
66 31 403
66 31 434
66 31 435
66 31 440
66 31 441
66 31 442
66 31 447
66 31 448
66 31 449
66 31 450
66 31 587
66 10 321
66 10 403
66 10 434
66 10 435
66 10 441
66 10 442
66 10 457
66 10 461
66 8 586
66 15 591
66 15 731
66 15 732
66 15 737
66 15 746
66 15 748
66 15 753
66 15 768
66 15 769
66 15 770
66 15 772
66 15 773
66 15 775
66 15 781
66 15 782
66 15 789
66 15 797
66 15 799
66 15 802
66 15 806
66 15 807
66 15 817
66 15 830
66 42 731
66 42 732
58 10 313
58 10 315
58 10 323
58 10 452
58 10 453
58 10 461
58 10 564
58 65 316
58 65 325
58 65 346
58 65 364
58 65 393
58 65 472
58 65 478
58 65 512
58 65 568
58 65 587
58 31 319
58 31 326
58 31 332
58 31 333
58 31 334
58 31 335
58 31 336
58 31 340
58 31 342
58 31 349
58 31 367
58 31 368
58 31 369
58 31 370
58 31 371
58 31 372
58 31 373
58 31 374
58 31 377
58 31 417
58 31 445
58 31 451
58 31 479
58 31 565
58 31 572
58 31 573
58 31 574
58 51 947
58 51 952
58 51 953
58 51 961
58 51 963
58 51 969
58 51 970
58 51 973
58 51 979
58 51 980
58 51 1000
58 51 1012
58 51 1013
58 51 1014
10 29 313
10 29 314
10 29 315
10 29 316
10 29 317
10 29 324
10 29 327
10 29 332
10 29 348
10 29 350
10 29 351
10 29 352
10 29 354
10 29 356
10 29 357
10 29 360
10 29 361
10 29 363
10 29 364
10 29 365
10 29 369
10 29 371
10 29 377
10 29 379
10 29 381
10 29 383
10 29 384
10 29 385
10 29 392
10 29 405
10 29 408
10 29 409
10 29 411
10 29 412
10 29 416
10 29 422
10 29 426
10 29 427
10 29 428
10 29 429
10 29 430
10 29 432
10 29 433
10 29 434
10 29 435
10 29 437
10 29 439
10 29 440
10 29 441
10 29 442
10 29 444
10 29 449
10 29 450
10 29 463
10 29 464
10 29 465
10 29 466
10 29 467
10 29 468
10 29 470
10 29 471
10 29 473
10 29 474
10 29 478
10 29 479
10 29 480
10 29 482
10 29 484
10 29 485
10 29 487
10 29 488
10 29 501
10 29 502
10 29 503
10 29 504
10 29 505
10 29 506
10 29 508
10 29 509
10 29 510
10 29 511
10 29 512
10 29 515
10 29 516
10 29 517
10 29 520
10 29 521
10 29 522
10 29 524
10 29 525
10 29 526
10 29 527
10 29 528
10 29 529
10 29 530
10 29 531
10 29 532
10 29 535
10 29 536
10 29 537
10 29 546
10 29 549
10 29 553
10 29 562
10 29 563
10 29 565
10 29 570
10 29 571
10 29 578
10 29 583
10 29 584
10 29 586
10 29 587
10 48 400
10 48 402
10 32 494
10 32 495
10 32 498
10 32 499
10 32 500
10 32 501
10 32 502
10 32 503
10 32 511
10 32 512
10 32 513
10 32 514
10 32 516
10 32 517
10 32 518
10 32 519
10 32 520
10 32 521
10 32 522
10 32 523
10 32 524
10 32 525
10 32 526
10 32 527
10 32 528
10 32 529
10 32 530
10 32 531
10 32 532
10 32 533
10 32 534
10 32 536
10 32 537
10 32 538
10 32 539
10 32 540
10 32 541
10 32 548
10 32 549
10 32 563
10 88 762
10 88 766
10 88 772
10 88 776
10 88 784
10 88 786
10 88 791
10 88 792
10 88 794
10 88 795
10 88 798
10 88 799
10 88 800
10 88 801
10 88 802
10 88 804
10 88 806
10 88 808
10 88 810
10 88 811
10 88 817
10 88 818
10 88 838
10 88 839
10 88 845
10 88 852
10 88 855
10 88 856
10 88 857
10 88 858
10 88 861
10 88 862
10 88 863
10 88 864
10 88 865
10 88 866
10 88 867
10 88 868
10 88 869
10 88 870
10 88 871
10 88 872
10 88 873
10 88 874
10 88 875
10 88 876
10 88 877
10 88 878
10 88 879
10 88 880
10 88 881
10 88 882
10 88 883
10 88 884
10 88 885
10 88 886
10 88 890
10 88 891
10 88 896
10 88 897
10 88 903
10 88 904
10 88 905
10 88 909
10 88 913
10 88 914
10 88 915
10 88 916
10 88 933
10 88 934
10 88 935
29 37 358
29 68 359
29 75 559
29 75 560
29 85 568
29 85 569
32 103 322
32 65 563
32 65 586
32 41 722
32 41 735
32 41 738
57 96 910
57 96 911
57 96 912
57 96 913
57 96 914
57 96 920
57 96 923
57 96 925
57 96 928
57 96 929
57 96 930
57 96 931
57 96 932
57 96 934
57 96 936
57 96 939
57 96 942
57 96 943
57 96 944
57 96 960
57 96 961
57 96 962
57 96 963
57 64 913
57 11 919
9 31 380
9 31 382
9 31 386
9 95 568
9 85 568
9 85 569
9 85 570
9 55 1000
9 55 1019
65 48 399
65 48 403
65 113 894
65 113 905
65 113 908
65 113 909
65 113 910
65 113 923
65 113 926
65 113 941
65 113 942
65 113 943
65 113 946
65 113 947
65 113 949
65 83 902
65 83 903
65 83 905
65 83 906
65 83 927
65 83 928
65 83 937
65 83 942
65 83 943
65 71 906
65 71 911
65 71 937
65 107 918
65 107 919
65 107 921
65 107 938
65 107 941
65 107 942
65 76 924
65 76 928
65 76 944
65 76 945
65 76 946
65 76 947
31 44 359
31 12 639
31 12 643
31 12 645
31 12 651
31 12 652
31 12 667
31 12 668
31 12 682
31 12 695
31 12 702
31 12 720
31 82 666
31 87 681
31 87 682
31 87 695
31 87 701
31 87 702
31 87 728
31 87 729
31 87 731
31 87 732
31 78 730
31 78 731
31 73 731
103 59 964
80 68 354
80 68 366
80 68 382
80 68 383
80 68 386
80 68 387
80 68 388
80 44 359
80 44 360
80 44 361
80 44 362
80 44 363
80 44 364
80 44 366
80 44 369
80 44 381
80 44 382
80 44 387
80 44 388
80 44 389
80 37 359
80 37 360
80 37 361
80 37 362
80 37 369
80 37 370
80 37 377
80 37 378
80 37 379
80 37 383
80 37 387
80 37 388
80 91 385
80 91 386
68 35 356
68 35 366
68 35 367
68 35 387
68 35 388
68 44 371
68 44 375
68 44 387
68 44 388
68 88 913
68 88 914
68 88 915
68 88 916
37 44 360
37 44 361
37 44 362
37 44 365
37 44 366
37 44 367
37 44 368
37 44 370
37 44 372
37 44 374
37 44 376
37 44 377
37 44 378
37 44 383
37 44 387
37 44 388
37 16 648
37 16 650
37 16 751
37 16 752
37 16 753
37 49 668
37 49 672
37 49 714
37 49 724
37 49 728
37 49 756
37 20 687
37 20 692
37 20 703
37 20 715
37 20 735
37 20 738
37 20 739
37 20 742
37 20 745
37 20 746
37 20 755
37 12 693
37 30 701
37 30 704
37 30 705
37 30 706
37 30 707
37 30 708
37 30 710
37 30 711
37 30 721
37 30 733
37 30 738
37 30 748
37 30 749
37 30 750
37 30 751
37 30 752
37 30 753
37 30 756
37 30 757
37 78 703
37 78 719
37 110 705
37 104 718
37 104 719
37 104 734
37 104 735
37 104 747
37 104 757
35 91 386
35 49 692
35 49 705
35 49 706
35 49 707
35 49 710
35 49 711
35 49 712
35 49 713
35 49 716
35 49 717
44 30 719
44 30 720
44 30 721
44 30 729
44 30 732
44 30 736
44 30 737
12 1 664
12 1 665
12 1 716
12 1 717
12 22 675
12 19 716
12 87 717
105 104 935
105 104 936
105 104 967
105 104 979
105 104 1000
105 59 936
105 59 980
105 59 982
105 59 983
105 59 984
105 59 986
105 59 990
105 59 1003
105 59 1005
105 59 1013
105 59 1014
105 51 943
105 51 944
105 51 969
105 51 971
105 51 1000
105 51 1013
105 51 1014
105 8 968
105 97 969
105 63 981
105 63 984
105 63 985
105 63 988
105 63 989
105 63 991
105 63 1000
105 63 1003
105 63 1014
24 51 380
24 51 381
24 51 382
24 51 457
24 51 463
24 52 624
24 52 647
24 52 649
24 52 671
24 52 672
24 52 673
24 52 675
24 52 702
51 91 463
51 91 465
51 102 935
51 102 995
51 63 945
51 63 947
51 63 952
51 63 954
51 63 958
51 63 963
51 63 969
51 63 972
51 63 1000
51 63 1012
51 63 1013
51 63 1014
48 8 400
48 8 401
48 8 403
48 8 405
48 8 406
48 8 407
48 92 464
48 112 471
48 112 489
48 112 545
48 112 587
48 101 471
48 101 543
48 101 571
8 20 520
8 101 520
8 101 564
8 101 565
8 112 565
8 75 591
8 86 939
8 86 952
8 86 994
8 86 998
8 86 999
8 86 1000
8 86 1001
8 86 1003
8 86 1004
8 86 1009
8 86 1010
8 86 1014
8 86 1015
8 86 1017
8 86 1019
92 16 737
112 101 471
112 101 473
112 101 474
112 101 475
112 101 476
112 101 477
112 101 478
112 101 479
112 101 480
112 101 481
112 101 482
112 101 483
112 101 484
112 101 485
112 101 486
112 101 487
112 101 488
112 101 492
112 101 493
112 101 496
112 101 497
112 101 506
112 101 508
112 101 510
112 101 515
112 101 544
112 101 545
112 101 546
112 101 547
112 101 565
112 101 566
112 101 568
112 101 569
112 101 572
112 101 573
112 101 574
112 101 575
112 101 578
112 101 579
112 101 580
112 101 583
112 22 471
112 22 472
112 22 473
112 22 475
112 22 476
112 22 479
112 22 481
112 22 482
112 22 486
112 22 487
112 22 488
112 22 489
112 22 491
112 22 492
112 22 493
112 22 496
112 22 497
112 22 504
112 22 506
112 22 507
112 22 509
112 22 510
112 22 515
112 22 544
112 22 545
112 22 546
112 22 547
112 22 550
112 22 552
112 22 553
112 22 555
112 22 557
112 22 559
112 22 561
112 22 564
112 22 565
112 22 570
112 22 571
112 22 572
112 22 573
112 22 574
112 22 577
112 22 578
112 22 579
112 22 582
112 22 583
112 22 584
112 15 472
112 15 475
112 15 476
112 15 477
112 15 478
112 15 479
112 15 486
112 15 487
112 15 489
112 15 491
112 15 508
112 15 513
112 15 525
112 15 526
112 15 529
112 15 530
112 15 531
112 15 542
112 15 544
112 15 545
112 15 546
112 15 559
112 15 560
112 15 569
112 15 582
112 15 587
112 19 476
112 19 477
112 19 482
112 19 483
112 19 484
112 19 485
112 19 492
112 19 564
112 19 568
112 19 569
112 19 570
112 19 571
112 19 572
112 19 573
112 19 574
112 19 575
112 19 582
112 56 519
112 56 520
112 56 522
112 56 523
112 56 527
112 56 528
112 56 529
112 56 530
112 56 533
112 56 535
112 56 536
112 56 540
112 56 541
112 56 548
112 56 549
112 56 550
112 56 551
112 56 571
112 56 575
112 56 576
112 56 580
112 56 581
112 56 583
112 56 584
112 56 585
112 56 589
112 56 590
112 56 601
112 56 602
112 56 603
112 56 604
112 56 605
112 56 606
112 56 617
112 56 618
112 56 645
112 56 648
112 56 667
112 56 668
112 56 671
112 56 680
112 85 563
112 85 564
112 75 578
101 22 471
101 22 473
101 22 474
101 22 476
101 22 477
101 22 478
101 22 479
101 22 480
101 22 481
101 22 482
101 22 483
101 22 484
101 22 486
101 22 487
101 22 488
101 22 489
101 22 490
101 22 491
101 22 492
101 22 493
101 22 496
101 22 497
101 22 507
101 22 508
101 22 510
101 22 515
101 22 543
101 22 544
101 22 546
101 22 547
101 22 550
101 22 559
101 22 560
101 22 564
101 22 565
101 22 566
101 22 569
101 22 570
101 22 571
101 22 572
101 22 573
101 22 574
101 22 575
101 22 578
101 22 579
101 22 582
101 22 583
101 15 475
101 15 476
101 15 477
101 15 478
101 15 479
101 15 481
101 15 485
101 15 486
101 15 487
101 15 489
101 15 491
101 15 492
101 15 495
101 15 499
101 15 500
101 15 501
101 15 502
101 15 503
101 15 507
101 15 508
101 15 510
101 15 511
101 15 512
101 15 514
101 15 515
101 15 518
101 15 519
101 15 520
101 15 521
101 15 522
101 15 523
101 15 524
101 15 525
101 15 526
101 15 528
101 15 542
101 15 543
101 15 544
101 15 546
101 15 568
101 15 569
101 15 570
101 15 573
101 15 574
101 15 577
101 15 578
101 15 582
101 19 479
101 19 483
101 19 484
101 19 485
101 19 504
101 19 505
101 19 508
101 19 544
101 19 573
101 19 574
101 20 494
101 20 495
101 20 498
101 20 499
101 20 500
101 20 509
101 20 511
101 20 513
101 20 516
101 20 517
101 20 518
101 20 519
101 20 521
101 20 522
101 20 523
101 20 525
101 20 526
101 20 527
101 20 528
101 20 529
101 20 531
101 20 532
101 20 533
101 20 534
101 20 535
101 20 536
101 20 537
101 20 538
101 20 539
101 20 540
101 20 541
101 20 542
101 20 545
101 20 549
101 20 563
101 109 494
101 109 495
101 109 498
101 109 499
101 109 500
101 109 502
101 109 511
101 109 512
101 109 513
101 109 517
101 109 520
101 109 521
101 109 522
101 109 525
101 109 526
101 109 529
101 109 535
101 109 536
101 109 538
101 109 539
101 109 540
101 109 541
101 109 542
101 109 549
101 109 563
101 75 560
101 85 563
101 85 564
101 95 564
101 62 743
22 45 471
22 45 472
22 45 543
22 45 561
22 45 573
22 45 587
22 85 564
22 54 619
22 54 621
22 54 622
22 54 625
22 54 629
22 54 632
22 54 644
22 54 645
22 54 701
45 15 472
45 15 478
45 15 483
45 15 485
45 15 487
45 15 489
45 15 490
45 15 540
45 15 541
45 15 543
45 15 587
45 15 728
45 15 729
45 15 730
45 15 732
45 15 736
45 15 737
45 15 739
45 15 747
45 15 748
45 15 753
45 15 761
45 15 778
45 15 782
45 15 783
45 15 787
45 15 789
45 15 791
45 15 796
45 15 797
45 15 800
45 15 814
45 15 815
45 15 817
45 15 818
45 15 819
45 15 820
45 15 821
45 15 825
45 15 826
45 15 829
45 15 830
45 15 831
45 19 476
45 19 477
45 19 479
45 19 485
45 19 487
45 19 488
45 19 489
45 19 545
45 19 560
45 19 561
45 19 562
45 19 578
45 19 579
45 19 587
45 38 751
45 38 831
15 20 493
15 20 499
15 20 500
15 20 507
15 20 508
15 20 509
15 20 518
15 20 519
15 20 521
15 20 522
15 20 536
15 20 539
15 20 542
15 20 543
15 20 544
15 75 560
15 41 830
15 41 831
19 20 505
19 110 647
19 110 648
19 110 665
19 110 684
19 110 688
19 110 731
19 110 732
19 49 648
19 49 649
19 49 651
19 49 652
19 49 653
19 49 662
19 49 663
19 49 714
19 49 728
19 49 743
19 30 653
19 30 654
19 30 674
19 30 689
19 78 721
19 104 729
19 104 730
19 104 747
19 104 751
19 16 753
81 69 476
81 69 499
81 69 500
81 69 501
81 69 515
81 69 516
81 69 520
81 69 521
81 69 530
81 69 533
81 69 534
81 69 535
81 69 536
81 69 542
85 95 488
85 95 489
85 95 509
85 95 582
85 20 495
85 20 562
85 20 563
85 75 614
95 76 913
95 107 928
20 109 494
20 109 495
20 109 499
20 109 500
20 109 501
20 109 502
20 109 511
20 109 512
20 109 513
20 109 514
20 109 518
20 109 519
20 109 522
20 109 526
20 109 528
20 109 529
20 109 535
20 109 536
20 109 538
20 109 540
20 109 541
20 109 542
20 109 548
20 78 703
20 78 722
20 106 708
20 106 738
20 106 739
20 106 740
20 106 741
20 106 742
20 106 745
20 113 709
20 113 717
20 113 719
20 1 745
20 1 746
20 1 748
20 1 756
109 71 894
109 71 895
109 71 897
109 71 898
109 71 901
109 71 902
109 71 908
109 71 910
109 71 911
109 71 914
109 71 915
109 71 919
109 71 941
109 71 944
109 71 945
109 71 946
109 71 949
109 71 950
109 4 896
27 1 494
27 1 498
27 1 499
27 1 504
27 1 516
27 1 531
27 1 537
27 1 558
27 1 562
27 1 563
1 87 664
1 104 747
54 75 513
54 75 514
54 75 515
54 75 516
54 75 517
54 75 518
54 75 522
54 75 527
54 75 528
54 75 529
54 75 530
54 75 531
54 75 551
54 75 553
54 75 555
54 75 560
54 75 561
54 75 562
54 75 576
54 75 578
54 75 584
54 75 585
54 75 590
54 75 591
54 75 616
54 75 617
54 75 618
75 55 577
75 70 612
75 70 613
75 82 612
75 82 613
56 115 619
56 115 620
56 115 621
56 115 626
56 115 627
56 115 628
56 115 629
56 115 630
56 115 631
56 115 632
56 115 633
56 115 634
56 115 635
56 115 636
56 115 637
56 115 638
56 115 644
56 115 650
56 115 653
56 115 658
56 115 660
56 115 661
56 115 665
56 115 670
56 115 681
56 64 681
55 86 943
55 86 944
55 86 945
55 86 946
55 86 947
55 86 998
55 86 999
55 86 1002
55 86 1019
55 97 996
42 73 684
82 70 601
82 70 602
82 70 609
82 70 610
82 70 612
82 70 613
82 70 614
82 70 616
82 70 618
82 70 619
82 70 620
82 70 621
82 70 622
82 70 624
82 70 625
82 70 633
82 70 637
82 70 643
82 70 644
82 70 645
82 70 651
82 70 668
82 49 664
16 106 618
16 106 664
16 106 665
16 106 666
16 115 659
16 49 659
16 62 802
106 49 661
115 87 658
52 33 647
52 33 650
52 33 651
52 33 652
52 33 653
52 33 656
52 33 657
52 33 658
52 33 661
52 33 662
52 33 663
52 33 664
52 33 665
52 33 666
52 33 668
52 33 669
52 33 672
52 33 674
52 33 676
52 33 684
52 33 685
52 33 686
52 33 690
52 33 691
52 33 694
52 33 695
52 33 696
52 33 697
52 33 714
52 110 664
11 87 630
11 87 633
11 87 643
11 87 646
11 87 718
11 33 644
11 33 646
11 33 693
87 33 632
87 33 634
87 73 731
87 78 731
87 78 732
33 38 665
110 97 1040
110 97 1042
49 113 684
49 113 717
49 113 729
49 113 730
49 113 747
49 113 750
49 113 751
49 73 721
104 113 759
104 113 760
104 63 962
104 63 965
104 63 967
104 63 1001
113 78 679
113 78 681
113 78 712
113 73 679
113 76 893
113 76 894
113 76 900
113 76 902
113 76 914
113 76 923
113 76 927
113 76 931
113 76 933
113 76 934
113 76 940
113 76 946
113 76 947
113 76 949
73 78 670
73 78 672
73 78 673
73 78 674
73 78 675
73 78 676
73 78 679
73 78 680
73 78 684
73 78 688
73 78 689
73 78 690
73 78 691
73 78 692
73 78 693
73 78 694
73 78 695
73 78 696
73 78 697
73 78 698
73 78 699
73 78 700
73 78 701
73 78 702
73 78 704
73 78 705
73 78 706
73 78 707
73 78 709
73 78 710
73 78 711
73 78 713
73 78 714
73 78 715
73 78 716
73 78 717
73 78 720
73 78 721
73 78 722
73 78 723
73 78 724
73 78 726
73 78 728
73 78 729
73 78 730
73 78 731
62 102 744
62 102 745
62 102 750
62 102 768
62 102 769
62 102 770
62 102 803
62 102 813
62 102 814
62 102 815
62 102 816
62 102 817
62 102 818
62 102 819
62 102 820
62 102 838
62 102 839
62 102 842
88 4 973
88 86 998
116 107 878
116 107 884
116 107 895
116 107 901
116 107 907
116 107 910
116 107 911
116 107 921
116 107 923
116 107 925
116 107 942
116 107 943
116 83 884
116 83 889
116 83 894
116 83 905
116 83 911
116 83 912
116 83 927
116 83 928
116 83 939
116 83 940
116 83 941
116 83 943
116 83 945
116 71 895
116 71 896
116 71 909
116 71 910
116 71 922
116 71 937
116 71 945
107 83 879
107 83 881
107 83 882
107 83 883
107 83 884
107 83 912
107 83 914
107 83 917
107 83 918
107 83 921
107 83 941
107 83 942
107 83 944
107 83 945
107 83 947
107 76 890
107 76 891
107 76 893
107 76 894
107 76 895
107 76 899
107 63 935
107 63 936
107 63 967
107 63 970
107 63 971
107 63 980
107 63 982
107 63 983
107 63 986
107 63 987
107 63 990
107 63 992
107 63 993
107 63 1006
107 63 1013
76 83 879
76 83 882
76 83 883
76 83 884
76 83 889
76 83 899
76 83 902
76 83 917
76 83 932
76 71 880
76 71 882
76 71 883
76 71 884
76 71 892
76 71 894
76 71 899
76 71 907
76 71 916
76 71 917
76 71 918
76 71 926
83 71 880
83 71 881
83 71 882
83 71 894
83 71 896
83 71 897
83 71 898
83 71 899
83 71 906
83 71 907
83 71 912
83 71 913
83 71 917
83 71 928
83 71 931
83 71 932
83 71 938
83 71 942
83 71 943
83 71 944
83 71 945
83 71 947
83 71 948
71 97 1027
71 97 1038
71 97 1040
71 97 1042
4 97 979
4 97 980
4 97 981
4 97 982
4 97 985
4 97 986
4 97 987
4 97 988
4 97 992
4 97 993
4 97 994
4 97 1006
4 97 1007
4 97 1008
4 97 1009
4 97 1010
4 97 1011
4 97 1012
4 97 1013
4 97 1018
4 97 1019
4 97 1020
4 97 1021
4 97 1030
4 97 1040
4 97 1042
4 86 997
96 97 922
96 97 947
97 63 961
97 63 962
97 63 969
97 63 970
97 59 972
63 59 936
63 59 943
63 59 946
63 59 947
63 59 948
63 59 949
63 59 950
63 59 953
63 59 954
63 59 955
63 59 956
63 59 963
63 59 971
63 59 982
63 59 998
63 59 999
63 59 1000
63 59 1002
63 59 1013
63 59 1014
