14 20 0
14 20 1
14 20 2
14 20 7
14 20 14
14 20 17
14 20 18
14 20 19
14 20 20
14 20 23
14 20 24
14 20 25
14 20 27
14 20 28
14 20 29
14 20 30
14 20 31
14 20 33
14 20 39
14 20 40
14 20 44
14 20 45
14 20 46
14 20 50
14 20 52
14 20 54
14 20 55
14 20 56
14 20 57
14 20 59
14 20 60
14 20 61
14 20 62
14 20 63
14 20 64
14 20 66
14 20 67
14 20 68
14 20 69
14 20 85
14 20 86
14 20 87
14 20 88
14 20 89
14 20 90
14 20 91
14 20 92
14 20 93
14 20 94
14 20 95
14 20 96
14 20 97
14 20 98
14 20 99
14 20 100
14 20 148
14 20 149
14 20 150
14 91 0
14 91 8
14 91 13
14 91 17
14 91 20
14 91 25
14 91 27
14 91 28
14 91 29
14 91 30
14 91 32
14 91 33
14 91 35
14 91 48
14 91 49
14 91 62
14 91 64
14 91 66
14 91 67
14 91 69
14 91 81
14 91 100
14 91 107
14 91 109
14 91 113
14 91 114
14 91 115
14 91 116
14 91 117
14 91 119
14 91 120
14 91 121
14 91 122
14 91 123
14 91 124
14 91 125
14 91 126
14 91 127
14 91 128
14 91 129
14 91 130
14 91 131
14 91 132
14 91 133
14 91 134
14 91 135
14 91 136
14 91 137
14 91 138
14 91 139
14 91 140
14 91 141
14 91 142
14 91 143
14 91 144
14 91 145
14 91 146
14 91 147
14 91 148
14 91 150
14 22 17
14 22 18
14 22 19
14 22 20
14 22 21
14 22 37
14 22 38
14 22 39
14 22 40
14 22 48
14 22 52
14 22 53
14 22 54
14 22 56
14 33 17
14 33 18
14 33 21
14 33 25
14 33 44
14 32 19
14 32 20
14 32 26
14 32 39
14 11 40
14 11 104
14 0 45
14 73 64
14 43 103
14 36 103
14 5 103
14 82 132
14 82 146
14 82 148
14 39 133
14 39 140
20 91 0
20 91 1
20 91 2
20 91 7
20 91 12
20 91 16
20 91 17
20 91 32
20 91 33
20 91 39
20 91 45
20 91 46
20 91 47
20 91 49
20 91 59
20 91 60
20 91 61
20 91 65
20 91 66
20 91 67
20 91 68
20 91 70
20 91 76
20 91 95
20 91 100
20 91 102
20 91 103
20 91 106
20 91 138
20 91 139
20 91 141
20 91 142
20 91 144
20 91 145
20 91 146
20 91 147
20 91 148
20 91 150
20 32 13
20 32 14
20 32 15
20 32 16
20 32 17
20 32 18
20 32 19
20 32 20
20 32 21
20 32 23
20 32 24
20 32 25
20 32 26
20 32 27
20 32 28
20 32 33
20 32 34
20 32 35
20 32 36
20 32 37
20 32 38
20 32 39
20 32 40
20 32 41
20 32 42
20 32 43
20 32 44
20 32 47
20 32 48
20 32 49
20 32 51
20 32 52
20 32 80
20 32 81
20 32 82
20 32 83
20 32 84
20 32 85
20 32 93
20 32 95
20 22 14
20 22 15
20 22 16
20 22 17
20 22 18
20 22 19
20 22 23
20 22 25
20 22 27
20 22 28
20 22 30
20 22 40
20 22 52
20 22 54
20 22 79
20 22 80
20 22 82
20 22 83
20 73 64
20 73 66
20 73 67
20 73 72
20 73 79
20 73 80
20 73 81
20 73 82
20 94 69
20 94 107
20 94 108
20 94 135
20 11 81
20 11 82
20 11 83
20 11 84
20 11 85
20 8 103
20 39 141
20 39 142
20 39 144
20 39 147
20 82 145
20 82 146
20 82 147
20 82 148
91 32 11
91 32 13
91 32 33
91 32 39
91 32 40
91 22 12
91 22 13
91 22 19
91 22 20
91 22 39
91 39 134
91 39 135
91 39 137
91 39 144
91 39 145
91 39 146
91 39 148
91 61 843
91 61 844
91 61 859
91 61 860
91 61 864
91 61 874
91 61 887
91 85 887
32 22 8
32 22 9
32 22 10
32 22 127
32 22 128
32 22 129
32 22 136
32 94 53
32 94 56
32 0 54
32 0 56
32 11 80
32 11 81
32 11 84
32 11 87
32 11 88
32 73 84
32 77 148
32 63 224
32 63 225
32 83 255
32 83 272
32 83 273
32 83 276
32 83 277
32 83 278
32 83 279
32 83 280
32 83 281
32 83 288
32 83 289
32 83 291
32 83 292
32 83 293
32 83 294
32 83 295
32 83 296
32 83 297
32 83 298
32 83 299
32 83 300
32 83 302
32 83 325
32 83 336
32 83 337
32 83 338
32 83 356
32 83 360
32 83 379
32 83 380
32 83 381
32 83 382
32 83 383
32 83 384
32 83 385
32 83 386
32 83 387
32 83 389
32 83 390
32 83 391
32 83 392
32 83 393
32 83 394
32 83 395
32 83 396
32 83 398
32 83 399
32 83 400
32 83 401
32 83 402
32 83 406
32 83 407
32 83 410
32 83 413
32 83 414
32 83 415
32 83 417
32 83 418
32 83 419
32 83 421
32 83 422
32 83 423
32 83 425
32 83 426
32 83 428
32 83 429
32 83 430
32 83 431
32 83 433
32 83 434
32 83 439
32 83 440
32 83 441
32 83 442
32 83 443
32 83 444
32 83 446
32 83 447
32 83 448
32 83 449
32 83 451
32 83 452
32 83 457
32 83 458
32 83 459
32 83 460
32 83 461
32 83 462
32 83 464
32 83 465
32 23 276
32 23 291
32 23 293
32 23 294
32 23 296
32 23 298
32 23 299
32 23 303
32 23 338
32 23 347
32 23 352
32 23 356
32 23 373
32 23 440
32 23 443
32 23 444
32 23 473
32 23 474
32 23 477
32 23 481
32 23 484
32 40 282
32 40 295
32 40 296
32 40 298
32 40 301
32 40 303
32 40 304
32 40 310
32 40 320
32 40 325
32 40 346
32 40 347
32 40 350
32 40 356
32 40 357
32 40 378
32 40 379
32 40 380
32 40 385
32 40 387
32 40 389
32 40 390
32 40 392
32 40 396
32 40 398
32 40 400
32 40 401
32 40 404
32 40 405
32 40 406
32 40 411
32 40 412
32 40 418
32 40 424
32 40 426
32 40 429
32 40 430
32 40 437
32 40 441
32 40 445
32 68 495
32 64 495
32 57 954
32 57 955
32 57 956
32 57 957
32 57 958
32 57 959
32 57 969
32 57 970
32 57 986
32 57 989
32 57 991
32 57 992
32 57 993
32 57 996
32 57 998
32 57 999
32 57 1002
32 57 1003
32 57 1021
32 57 1031
32 57 1036
32 57 1048
32 57 1049
32 57 1082
32 57 1084
32 57 1093
32 57 1110
32 57 1111
32 57 1112
32 57 1113
32 57 1115
32 75 955
32 75 956
32 75 958
32 75 959
32 75 963
32 75 967
32 75 969
32 75 985
32 75 986
32 75 988
32 75 991
32 75 993
32 75 1013
32 75 1016
32 75 1018
32 75 1019
32 75 1025
32 75 1026
32 75 1035
32 75 1046
32 75 1048
32 75 1049
32 75 1053
32 75 1056
32 75 1059
32 75 1062
32 75 1064
32 75 1070
32 75 1072
32 75 1081
32 75 1094
32 75 1097
32 75 1098
32 75 1099
32 75 1100
32 75 1102
32 75 1103
32 75 1104
32 75 1106
32 75 1108
32 75 1109
32 75 1110
32 75 1111
32 75 1112
32 75 1116
32 45 958
32 45 959
32 45 963
32 45 965
32 45 967
32 45 969
32 45 970
32 45 975
32 45 982
32 45 1013
32 45 1014
32 45 1024
32 45 1031
32 15 971
32 69 978
32 69 1001
32 69 1004
32 69 1005
32 54 991
32 54 992
32 54 993
32 54 1056
32 34 1024
32 29 1024
32 50 1025
32 50 1095
32 50 1096
32 50 1097
32 50 1108
32 50 1109
32 50 1110
32 87 1031
32 61 1095
32 61 1097
32 61 1098
32 61 1108
32 61 1109
32 61 1110
22 33 11
22 33 12
22 33 13
22 33 14
22 33 15
22 33 16
22 33 19
22 33 21
22 33 22
22 33 23
22 33 25
22 33 26
22 33 27
22 33 28
22 33 30
22 33 39
22 33 40
22 33 53
22 33 55
22 33 69
22 33 70
22 33 71
22 33 72
22 33 73
22 33 74
22 33 75
22 33 76
22 33 81
22 33 82
22 33 83
22 33 84
22 33 85
22 33 86
22 33 104
22 33 114
22 33 115
22 33 118
22 33 119
22 33 120
22 33 121
22 33 122
22 33 123
22 33 124
22 33 125
22 33 126
22 33 131
22 33 132
22 33 133
22 33 134
22 33 135
22 33 137
22 33 149
22 33 150
22 33 151
22 33 152
22 33 153
22 33 154
22 33 155
22 33 156
22 33 161
22 33 162
22 33 163
22 33 164
22 33 165
22 33 166
22 33 169
22 33 170
22 33 174
22 33 175
22 33 183
22 33 184
22 33 186
22 33 187
22 33 190
22 33 191
22 33 192
22 33 193
22 33 194
22 33 195
22 33 196
22 33 197
22 33 198
22 33 199
22 33 201
22 33 202
22 33 203
22 33 204
22 33 205
22 33 206
22 33 207
22 33 208
22 33 209
22 33 210
22 33 211
22 33 212
22 33 213
22 33 214
22 33 215
22 33 216
22 33 218
22 33 219
22 33 220
22 33 221
22 33 222
22 33 223
22 33 224
22 33 225
22 33 227
22 33 231
22 33 232
22 33 233
22 33 234
22 33 235
22 33 236
22 33 237
22 33 238
22 33 239
22 33 240
22 33 241
22 33 242
22 33 243
22 33 244
22 33 245
22 33 246
22 33 247
22 33 248
22 33 249
22 33 250
22 33 251
22 33 252
22 33 253
22 45 26
22 45 67
22 11 33
22 11 43
22 11 50
22 11 51
22 11 78
22 73 51
22 73 52
22 8 67
22 36 114
22 5 128
22 5 150
22 5 151
22 5 152
22 5 155
22 5 156
22 5 162
22 5 163
22 5 165
22 5 166
22 5 167
22 5 168
22 5 169
22 5 170
22 5 172
22 5 173
22 5 174
22 5 175
22 5 185
22 5 186
22 43 128
22 63 225
33 46 26
33 11 82
33 11 83
33 11 85
33 11 86
33 40 251
33 40 258
33 40 269
33 40 273
33 40 276
33 40 283
33 40 284
33 40 286
33 40 288
33 40 289
33 40 291
33 40 292
33 40 294
33 40 297
33 40 300
33 40 309
33 40 311
33 40 321
33 40 326
33 40 348
33 40 351
33 40 353
33 40 355
33 40 391
33 40 393
33 40 394
33 40 399
33 40 402
33 40 407
33 40 410
33 40 413
33 40 417
33 40 421
33 40 422
33 40 423
33 40 425
33 40 431
33 40 434
33 40 438
33 40 439
33 40 440
33 40 442
33 40 443
33 40 444
33 40 446
33 40 448
33 40 449
33 40 450
33 40 451
33 40 452
33 40 453
33 40 458
33 40 459
33 40 460
33 40 461
33 40 462
33 40 467
33 40 469
33 40 470
33 40 471
33 40 474
33 40 475
33 23 254
33 23 255
33 23 257
33 23 258
33 23 259
33 23 277
33 23 286
33 23 287
33 23 288
33 23 292
33 23 295
33 23 297
33 23 300
33 23 301
33 23 304
33 23 348
33 23 351
33 23 355
33 23 363
33 23 370
33 23 371
33 23 376
33 23 377
33 23 463
33 23 465
33 23 467
33 23 469
33 23 476
33 23 482
33 23 483
33 23 487
33 23 489
33 84 445
33 84 600
33 84 604
33 84 606
33 84 608
33 84 626
33 84 629
33 84 631
33 84 632
33 84 633
33 84 634
33 84 635
33 84 636
33 84 637
33 84 638
33 84 639
33 84 640
33 84 642
33 84 643
33 84 644
33 84 647
33 84 648
33 84 649
33 84 651
33 84 652
33 84 654
33 84 655
33 84 656
33 84 657
33 84 658
33 84 660
33 84 661
33 84 662
33 84 663
33 84 664
33 84 665
33 84 666
33 84 667
33 84 672
33 84 677
33 84 678
33 84 679
33 84 680
33 51 646
33 18 657
33 29 660
46 28 18
46 28 20
46 28 21
46 28 23
46 28 27
46 28 32
46 28 34
46 28 36
46 28 39
46 28 40
46 28 41
46 28 42
46 28 43
46 28 45
46 28 47
46 28 50
46 28 59
46 28 61
46 28 62
46 28 63
46 28 68
46 28 73
46 28 74
46 28 75
46 28 79
46 28 98
46 28 99
46 28 103
46 28 110
46 28 111
46 28 115
46 28 116
46 28 129
46 28 135
46 8 19
46 8 24
46 8 25
46 8 30
46 8 31
46 8 32
46 8 34
46 8 35
46 8 36
46 8 38
46 8 39
46 8 43
46 8 44
46 8 50
46 8 51
46 8 52
46 8 53
46 8 58
46 8 59
46 8 60
46 8 61
46 8 62
46 8 64
46 8 65
46 8 66
46 8 68
46 8 101
46 73 20
46 73 28
46 11 102
46 36 120
46 98 271
46 98 302
46 98 308
46 98 310
46 98 313
46 98 316
46 98 317
46 98 318
46 98 319
46 98 320
46 98 321
46 98 322
46 98 323
46 98 324
46 98 325
46 98 326
46 98 328
46 98 329
46 98 330
46 98 331
46 98 334
46 98 336
46 98 337
46 98 338
46 98 339
46 98 341
46 98 342
46 98 344
46 98 345
46 98 346
46 98 347
46 98 349
46 98 350
46 98 351
46 98 353
46 98 354
46 98 355
46 98 356
46 98 357
46 98 358
46 98 360
46 98 361
46 98 362
46 98 363
46 98 364
46 98 365
46 98 367
46 98 369
46 98 370
46 98 374
46 98 375
46 98 380
46 37 275
46 37 283
46 37 300
46 52 313
46 52 315
46 52 316
46 52 318
46 52 320
46 52 322
46 52 324
46 52 325
46 52 327
46 52 329
46 52 332
46 52 333
46 52 335
46 52 336
46 52 337
46 52 338
46 52 339
46 52 340
46 52 341
46 52 342
46 52 343
46 52 344
46 52 345
46 52 346
46 52 347
46 52 349
46 52 350
46 52 351
46 52 356
46 52 357
46 52 358
46 52 361
46 52 362
46 52 364
46 52 365
46 52 366
46 52 369
46 52 370
46 52 371
46 52 373
46 52 374
46 52 375
46 52 376
46 52 378
46 52 379
28 8 18
28 8 24
28 8 51
28 8 61
28 8 66
28 8 67
28 8 73
28 8 75
28 8 76
28 8 77
28 8 78
28 97 65
28 97 128
28 11 68
28 0 128
28 39 133
28 78 716
8 73 19
8 0 81
8 27 103
73 27 19
73 27 68
73 11 20
73 11 21
73 11 28
73 11 29
73 11 30
73 11 34
73 11 35
73 11 39
73 11 40
73 11 41
73 11 42
73 11 43
73 11 46
73 11 51
73 11 57
73 11 69
73 11 88
73 11 103
73 11 104
73 11 106
73 97 43
73 94 64
73 43 103
73 4 103
73 36 103
73 1 677
73 1 678
73 1 679
73 1 683
73 1 684
73 1 686
73 1 689
73 1 690
73 1 691
73 1 693
73 1 694
73 1 695
73 1 696
73 1 697
73 1 701
73 1 704
73 1 705
73 1 714
73 1 715
73 1 716
73 1 722
73 1 724
73 1 725
73 1 726
73 1 727
73 1 737
73 1 743
73 1 754
73 1 755
73 1 759
73 1 760
73 1 761
73 1 762
73 1 763
73 1 764
73 1 765
73 1 766
73 1 767
73 1 768
73 1 769
73 1 770
73 1 771
73 1 772
73 1 776
73 1 777
73 1 778
73 1 779
73 1 780
73 1 781
73 1 782
73 1 783
73 1 784
73 1 785
73 1 786
73 1 787
73 1 788
73 1 790
73 1 791
73 78 709
27 94 81
27 82 134
27 74 136
27 56 1372
27 56 1374
27 56 1376
27 56 1377
27 56 1378
27 56 1392
27 56 1408
27 56 1409
27 56 1413
27 56 1414
27 56 1415
27 56 1416
27 56 1417
27 56 1418
27 56 1419
27 56 1431
27 56 1438
27 56 1452
27 56 1453
27 56 1454
27 16 1429
27 16 1433
27 16 1435
27 16 1436
27 16 1437
27 16 1438
27 16 1439
27 16 1440
27 16 1441
27 16 1442
27 16 1443
27 16 1444
27 16 1445
27 16 1446
27 16 1450
27 16 1451
27 16 1452
27 16 1453
27 16 1454
27 78 1429
27 78 1431
27 78 1438
27 78 1451
27 78 1452
27 78 1453
11 0 50
45 54 955
45 54 958
45 54 959
45 54 960
45 54 961
45 54 962
45 54 966
45 54 972
45 54 973
45 54 976
45 54 986
45 54 987
45 54 989
45 54 994
45 54 999
45 54 1021
45 54 1031
45 54 1032
45 72 955
45 72 957
45 72 958
45 72 959
45 72 960
45 72 965
45 72 968
45 72 969
45 72 977
45 72 978
45 72 979
45 72 981
45 72 983
45 72 984
45 72 993
45 72 996
45 72 1003
45 72 1011
45 72 1012
45 72 1013
45 72 1014
45 72 1016
45 72 1018
45 72 1023
45 72 1032
45 25 973
45 65 996
45 65 1002
45 65 1003
45 65 1033
97 0 37
97 0 38
97 0 39
97 0 40
97 0 41
97 0 42
97 0 43
97 0 44
97 0 45
97 0 46
97 0 47
97 0 48
97 0 52
97 0 53
97 0 54
97 0 55
97 0 56
97 0 57
97 0 59
97 0 60
97 0 61
97 0 62
97 0 63
97 0 64
97 0 65
97 0 66
97 0 67
97 0 68
97 0 70
97 0 71
97 0 72
97 0 73
97 0 74
97 0 75
97 0 76
97 0 77
97 0 78
97 0 79
97 0 80
97 0 81
97 0 82
97 0 83
97 0 84
97 0 85
97 0 86
97 0 88
97 0 89
97 0 90
97 0 91
97 0 104
97 0 106
97 0 108
97 0 109
97 0 110
97 0 111
97 0 112
97 0 113
97 0 114
97 0 115
97 0 116
97 0 117
97 0 118
97 0 119
97 0 120
97 0 121
97 0 122
97 0 123
97 0 124
97 0 125
97 0 126
97 0 127
97 0 128
97 0 129
97 0 130
97 0 131
97 0 132
97 0 134
97 0 135
97 0 136
97 0 137
97 0 138
97 0 139
97 0 140
97 0 141
97 0 142
97 0 143
97 0 144
97 0 145
97 0 146
97 0 147
97 0 148
97 0 149
97 0 150
97 0 151
97 0 152
97 0 153
97 0 154
97 0 155
97 0 156
97 0 157
97 0 158
97 0 159
97 0 160
97 0 161
97 0 162
97 0 163
97 0 164
97 0 165
97 0 166
97 0 167
97 0 168
97 0 169
97 0 170
97 0 171
97 0 172
97 0 178
97 0 180
97 0 186
97 0 187
97 0 189
97 0 190
97 0 193
97 0 194
97 0 198
97 0 200
97 0 201
97 0 203
97 0 204
97 0 206
97 0 207
97 0 209
97 0 215
97 0 217
97 0 223
97 0 224
97 0 225
97 0 226
97 0 227
97 0 229
97 0 230
97 0 231
97 0 232
97 0 234
97 0 235
97 0 236
97 0 237
97 0 239
97 82 170
97 25 968
97 25 971
97 25 974
97 25 977
97 25 985
97 25 986
97 25 990
97 25 992
97 25 1000
97 25 1001
97 25 1003
97 25 1007
97 25 1012
97 25 1022
97 50 975
97 50 976
97 54 976
0 39 170
0 82 170
0 67 230
0 94 233
0 94 238
94 39 136
82 5 86
82 39 114
82 39 115
82 39 115
82 39 120
82 39 121
82 39 123
82 39 124
82 39 125
82 39 131
82 39 137
82 39 138
82 39 139
82 39 140
82 39 141
82 39 143
82 39 145
82 39 146
82 39 147
82 39 148
82 39 149
82 39 152
82 39 168
82 39 169
82 39 170
82 39 172
82 39 174
82 39 188
82 39 189
82 39 193
82 39 199
82 39 201
82 39 202
82 39 205
82 39 217
82 39 219
82 39 220
82 39 228
82 39 229
82 39 231
82 39 234
82 36 138
82 43 189
5 43 86
5 43 87
5 43 88
5 43 89
5 43 90
5 43 91
5 43 102
5 43 103
5 43 104
5 43 105
5 43 106
5 43 107
5 43 108
5 43 110
5 43 112
5 43 113
5 43 114
5 43 115
5 43 116
5 43 124
5 43 127
5 43 128
5 43 129
5 43 130
5 43 131
5 43 142
5 43 143
5 43 144
5 43 150
5 43 153
5 43 155
5 43 156
5 43 157
5 43 158
5 43 159
5 43 160
5 43 161
5 43 162
5 43 163
5 43 164
5 43 167
5 43 168
5 43 176
5 43 177
5 43 178
5 43 179
5 43 180
5 43 185
5 43 186
5 43 187
5 43 188
5 43 189
5 43 190
5 43 191
5 43 192
5 43 193
5 43 194
5 43 196
5 43 197
5 43 198
5 43 199
5 43 200
5 43 202
5 43 203
5 43 204
5 43 205
5 43 206
5 43 207
5 43 208
5 43 209
5 43 210
5 43 211
5 43 212
5 43 213
5 43 214
5 43 215
5 43 216
5 43 217
5 43 218
5 43 219
5 43 220
5 43 221
5 43 222
5 43 223
5 43 224
5 43 225
5 43 227
5 43 228
5 43 229
5 43 230
5 43 231
5 43 232
5 43 233
5 43 234
5 43 235
5 43 236
5 43 237
5 43 238
5 43 239
5 43 240
5 43 241
5 43 242
5 43 243
5 43 244
5 43 245
5 43 246
5 43 247
5 43 251
5 43 252
5 43 253
5 43 254
5 43 255
5 43 256
5 43 257
5 43 258
5 43 259
5 43 261
5 43 262
5 43 263
5 43 264
5 43 265
5 43 269
5 43 270
5 43 271
5 39 188
5 39 189
5 50 323
5 56 326
5 56 328
43 39 188
43 39 189
43 39 216
43 67 207
43 67 256
43 67 257
43 23 258
43 23 259
43 40 265
36 39 138
4 92 271
4 64 1259
4 64 1261
4 64 1266
4 64 1267
4 64 1268
4 64 1269
4 64 1270
4 64 1271
4 64 1272
4 64 1274
4 64 1278
4 64 1290
4 64 1291
4 64 1294
4 64 1303
4 64 1308
4 64 1309
4 64 1313
4 64 1344
4 64 1354
4 64 1355
4 64 1392
4 101 1259
4 101 1260
4 101 1262
4 101 1269
4 101 1270
4 101 1271
4 101 1273
4 101 1279
4 101 1289
4 101 1290
4 101 1297
4 101 1298
4 101 1299
4 101 1300
4 101 1301
4 101 1302
4 101 1304
4 101 1305
4 101 1306
4 101 1307
4 101 1308
4 101 1309
4 101 1310
4 101 1311
4 101 1312
4 101 1313
4 101 1314
4 101 1321
4 101 1323
4 101 1325
4 101 1333
4 101 1334
4 101 1339
4 101 1345
4 101 1355
4 101 1369
4 101 1392
39 81 114
39 83 118
39 83 119
39 83 122
39 83 126
39 83 128
39 83 129
39 83 136
39 67 179
81 65 125
81 58 971
81 58 972
81 86 971
81 86 972
83 23 255
83 23 259
83 23 260
83 23 261
83 23 262
83 23 266
83 23 267
83 23 268
83 23 271
83 23 272
83 23 273
83 23 274
83 23 275
83 23 281
83 23 283
83 23 284
83 23 288
83 23 291
83 23 292
83 23 293
83 23 299
83 23 304
83 23 306
83 23 307
83 23 308
83 23 309
83 23 310
83 23 312
83 23 321
83 23 322
83 23 323
83 23 328
83 23 338
83 23 347
83 23 349
83 23 354
83 23 355
83 23 358
83 23 360
83 23 365
83 23 374
83 23 375
83 23 376
83 23 393
83 23 394
83 23 395
83 23 396
83 23 401
83 23 402
83 23 406
83 23 411
83 23 418
83 23 419
83 23 420
83 23 421
83 23 424
83 23 425
83 23 426
83 23 427
83 23 428
83 23 430
83 23 431
83 23 432
83 23 433
83 23 434
83 23 435
83 23 436
83 23 437
83 23 438
83 23 439
83 23 440
83 23 441
83 23 442
83 23 443
83 23 444
83 23 446
83 23 447
83 23 448
83 23 449
83 23 450
83 23 451
83 23 452
83 23 455
83 23 458
83 23 461
83 23 462
83 40 257
83 40 262
83 40 265
83 40 267
83 40 269
83 40 274
83 40 275
83 40 288
83 40 292
83 40 299
83 40 306
83 40 333
83 40 348
83 40 349
83 40 350
83 40 360
83 40 364
83 40 367
83 40 368
83 40 369
83 40 372
83 40 374
83 40 375
83 40 378
83 40 399
83 40 441
83 40 442
83 40 443
83 40 451
83 40 452
83 40 459
83 40 460
83 67 354
83 67 355
65 67 127
65 67 128
65 67 129
65 67 138
65 69 824
65 69 825
65 69 830
65 69 831
65 69 832
65 69 833
65 69 844
65 69 845
65 69 846
65 69 847
65 69 848
65 69 849
65 69 850
65 69 852
65 69 853
65 69 854
65 69 855
65 69 860
65 69 861
65 69 862
65 69 863
65 69 877
65 69 888
65 69 890
65 69 894
65 69 896
65 69 897
65 69 898
65 69 902
65 69 907
65 69 915
65 69 919
65 69 920
65 69 921
65 69 922
65 69 923
65 69 924
65 69 925
65 69 929
65 69 933
65 69 939
65 69 940
65 69 945
65 69 947
65 69 954
65 69 955
65 69 956
65 69 957
65 69 958
65 69 959
65 69 961
65 69 962
65 69 963
65 69 964
65 69 965
65 69 966
65 69 967
65 69 968
65 69 969
65 69 981
65 69 984
65 69 985
65 69 988
65 69 989
65 69 990
65 69 993
65 69 996
65 69 998
65 69 1004
65 69 1006
65 69 1014
65 69 1021
65 69 1022
65 69 1023
65 69 1024
65 69 1025
65 69 1028
65 69 1029
65 69 1031
65 69 1034
65 69 1035
65 69 1036
65 69 1037
65 69 1049
65 69 1057
65 69 1059
65 69 1060
65 69 1064
65 69 1065
65 69 1069
65 69 1070
65 69 1071
65 69 1072
65 69 1073
65 69 1076
65 69 1077
65 69 1078
65 69 1079
65 69 1080
65 69 1081
65 69 1082
65 69 1083
65 69 1084
65 69 1085
65 69 1086
65 69 1091
65 69 1095
65 69 1096
65 69 1097
65 69 1098
65 69 1099
65 69 1100
65 69 1101
65 69 1102
65 69 1103
65 69 1104
65 69 1105
65 69 1106
65 69 1107
65 69 1108
65 69 1109
65 69 1110
65 69 1111
65 69 1112
65 69 1113
65 69 1114
65 69 1115
65 69 1116
65 69 1117
65 69 1118
65 69 1119
65 69 1120
65 69 1121
65 69 1122
65 69 1123
65 69 1124
65 69 1132
65 69 1133
65 69 1134
65 69 1135
65 69 1140
65 69 1141
65 69 1142
65 69 1143
65 69 1144
65 69 1145
65 69 1150
65 69 1151
65 69 1152
65 69 1153
65 69 1155
65 69 1156
65 69 1157
65 69 1158
65 69 1159
65 69 1160
65 69 1161
65 69 1163
65 69 1164
65 69 1166
65 69 1167
65 69 1168
65 69 1170
65 69 1171
65 69 1172
65 69 1173
65 69 1174
65 69 1175
65 69 1176
65 69 1179
65 69 1181
65 69 1182
65 69 1183
65 69 1184
65 69 1185
65 69 1186
65 69 1187
65 69 1191
65 69 1193
65 69 1194
65 69 1195
65 69 1197
65 69 1198
65 69 1199
65 69 1200
65 69 1204
65 69 1205
65 69 1206
65 69 1207
65 69 1208
65 69 1210
65 69 1211
65 69 1214
65 69 1218
65 69 1219
65 69 1220
65 69 1221
65 69 1224
65 69 1226
65 69 1227
65 69 1228
65 69 1229
65 69 1230
65 69 1233
65 69 1244
65 69 1257
65 69 1258
65 69 1259
65 75 996
65 75 997
65 57 1002
65 31 1004
65 31 1005
65 31 1007
65 31 1033
65 31 1034
65 54 1041
65 54 1042
65 54 1043
65 54 1044
65 54 1045
65 54 1047
65 54 1048
65 54 1049
65 61 1061
65 61 1073
65 50 1073
65 50 1094
70 63 126
70 63 134
70 63 149
70 63 150
70 63 152
70 63 154
70 63 155
70 63 156
70 63 158
70 63 161
70 63 162
70 63 163
70 63 164
70 63 165
70 63 166
70 63 167
70 63 168
70 63 172
70 63 173
70 63 180
70 63 185
70 63 186
70 63 188
70 63 189
70 63 190
70 63 191
70 63 194
70 63 199
70 63 200
70 63 204
70 63 205
70 63 207
70 63 208
70 63 210
70 63 211
70 63 227
70 63 229
70 63 230
70 63 235
70 63 259
70 63 260
70 63 299
70 63 300
70 63 301
70 63 302
70 63 303
70 63 304
70 63 305
70 63 307
70 63 308
70 63 309
70 63 311
70 63 313
70 63 314
70 63 315
70 63 317
70 63 318
70 63 322
70 63 324
70 63 325
70 63 326
70 63 327
70 63 328
70 63 329
70 63 330
70 63 331
70 63 332
70 63 341
70 63 342
70 63 350
70 63 351
70 63 353
70 63 356
70 63 357
70 63 361
70 63 366
70 63 367
70 63 368
70 63 378
70 63 379
70 63 381
70 42 739
70 7 753
70 7 761
70 7 762
70 7 763
70 7 770
70 7 771
70 7 772
70 7 773
70 7 774
70 7 775
70 7 776
70 7 777
70 7 778
70 7 779
70 7 780
70 7 781
70 7 782
70 7 785
70 7 786
63 98 381
63 98 403
63 52 403
63 2 848
63 85 886
63 85 887
12 74 127
12 74 128
12 74 130
12 74 131
12 74 137
12 74 138
12 74 140
12 74 142
12 74 146
12 74 147
12 74 158
12 74 161
12 74 163
12 74 168
12 74 174
12 74 178
12 74 179
12 74 186
12 79 132
12 79 144
12 79 155
12 79 156
12 79 187
12 77 133
12 77 134
12 77 137
12 77 140
12 77 141
12 77 145
12 77 147
12 77 148
12 77 165
12 77 179
12 77 185
12 77 186
74 79 139
74 79 152
74 79 153
74 79 170
74 79 171
74 79 172
74 79 176
74 79 187
74 2 816
74 2 829
74 2 830
74 2 831
74 2 832
74 2 833
74 2 835
74 2 845
74 2 846
74 2 848
67 60 223
67 60 224
67 60 228
67 60 229
67 60 230
67 60 231
67 60 232
67 60 233
67 60 234
67 60 235
67 60 236
67 60 237
67 60 238
67 60 243
67 60 244
67 60 246
67 60 247
67 60 248
67 60 249
67 60 250
67 60 251
67 60 252
67 60 253
67 60 254
67 60 255
67 60 256
67 60 257
67 60 260
67 60 261
67 60 262
67 60 263
67 60 265
67 60 266
67 60 267
67 60 268
67 60 269
67 60 272
67 60 276
67 60 277
67 60 278
67 60 279
67 60 281
67 60 282
67 60 283
67 60 284
67 60 285
67 60 286
67 60 287
67 60 292
67 60 293
67 60 294
67 60 295
67 60 296
67 60 297
67 60 301
67 60 303
67 60 306
67 60 309
67 60 310
67 60 312
67 60 313
67 60 314
67 60 315
67 60 316
67 60 317
67 60 322
67 60 324
67 60 325
67 60 326
67 60 327
67 60 328
67 60 329
67 60 330
67 60 331
67 60 332
67 60 333
67 60 334
67 60 335
67 60 336
67 60 337
67 60 338
67 60 339
67 60 340
67 60 341
67 60 342
67 60 343
67 60 344
67 60 345
67 60 346
67 60 349
67 60 350
67 60 352
67 60 353
67 60 354
67 60 355
67 60 356
67 60 357
67 60 358
67 60 359
67 60 361
67 60 362
67 60 363
67 60 366
67 60 368
67 60 369
67 60 390
67 60 391
67 60 392
67 60 393
67 60 394
67 60 395
67 60 396
67 60 399
67 60 403
67 60 404
67 60 405
67 60 408
67 60 411
67 60 412
67 60 418
67 60 419
67 60 420
67 60 421
67 60 422
67 60 423
67 60 427
67 60 428
67 60 429
67 60 436
67 60 437
67 60 441
67 60 442
67 60 443
67 60 444
67 13 224
67 13 241
67 13 259
67 13 272
67 13 286
67 13 287
67 13 301
67 13 370
67 13 371
67 13 372
67 13 373
67 13 375
67 13 376
67 13 394
67 13 398
67 13 399
67 13 400
67 13 401
67 13 403
67 13 404
67 13 405
67 13 414
67 13 423
67 13 427
67 13 429
67 13 438
67 13 439
67 13 440
67 13 441
67 13 443
67 13 444
67 40 354
67 40 361
67 56 366
67 68 438
67 95 444
67 50 444
76 77 127
76 77 128
76 77 129
76 77 136
76 77 137
76 77 145
76 77 154
76 77 162
76 77 163
76 77 165
76 77 166
76 77 181
76 56 1372
76 56 1373
76 56 1374
76 56 1375
76 56 1376
76 56 1377
76 56 1379
76 56 1381
76 56 1389
76 56 1390
76 56 1391
76 56 1398
76 56 1399
76 56 1401
76 56 1405
76 56 1406
76 56 1407
76 56 1409
76 56 1410
76 56 1411
76 56 1412
76 56 1415
76 56 1416
76 56 1417
76 56 1418
76 56 1419
76 56 1421
76 56 1422
76 56 1436
76 56 1437
76 56 1440
76 56 1442
76 56 1443
76 56 1444
76 56 1454
76 56 1455
76 26 1372
76 26 1373
76 26 1375
76 26 1376
76 26 1377
76 26 1378
76 26 1379
76 26 1380
76 26 1381
76 26 1382
76 26 1383
76 26 1384
76 26 1385
76 26 1386
76 26 1387
76 26 1388
76 26 1389
76 26 1390
76 26 1391
76 26 1392
76 26 1393
76 26 1394
76 26 1395
76 26 1396
76 26 1397
76 26 1398
76 26 1399
76 26 1402
76 26 1404
76 26 1406
76 26 1408
76 26 1409
76 26 1410
76 26 1412
76 26 1415
76 26 1416
76 26 1417
76 26 1418
76 26 1419
76 26 1422
76 26 1423
76 26 1426
76 26 1428
76 26 1432
76 26 1437
76 26 1454
76 16 1372
76 16 1373
76 16 1378
76 16 1379
76 16 1380
76 16 1381
76 16 1382
76 16 1383
76 16 1384
76 16 1385
76 16 1386
76 16 1387
76 16 1388
76 16 1389
76 16 1390
76 16 1391
76 16 1392
76 16 1393
76 16 1394
76 16 1395
76 16 1397
76 16 1398
76 16 1399
76 16 1401
76 16 1402
76 16 1403
76 16 1404
76 16 1406
76 16 1410
76 16 1412
76 16 1413
76 16 1414
76 16 1415
76 16 1416
76 16 1417
76 16 1418
76 16 1419
76 16 1420
76 16 1422
76 16 1423
76 16 1426
76 16 1427
76 16 1428
76 16 1429
76 16 1437
76 16 1451
76 16 1452
76 16 1453
76 16 1454
76 16 1455
77 21 1000
77 21 1001
77 21 1002
77 21 1008
77 21 1012
77 21 1014
77 21 1015
77 21 1021
77 21 1024
77 21 1032
77 3 1000
77 3 1001
77 3 1002
77 3 1003
77 3 1009
77 3 1012
77 3 1031
79 92 907
79 92 913
79 92 920
79 92 943
79 92 1064
79 9 939
79 50 971
79 54 971
79 54 972
60 13 240
60 59 362
60 71 438
60 50 439
60 50 440
60 95 440
60 96 584
13 62 224
13 62 241
13 62 242
13 62 243
13 62 260
13 62 280
13 62 285
13 62 286
13 62 287
13 62 301
13 62 302
13 62 332
13 62 333
13 62 335
13 62 336
13 62 344
13 62 345
13 62 346
13 62 353
13 62 354
13 62 355
13 62 356
13 62 357
13 62 358
13 62 359
13 62 361
13 62 369
13 62 394
13 62 403
13 62 404
13 62 405
13 62 424
13 62 426
13 62 427
13 62 428
13 62 429
13 62 430
13 62 433
13 62 434
13 62 435
13 62 438
13 62 441
13 62 442
13 62 443
13 98 445
62 56 366
62 68 437
62 64 437
62 64 438
62 101 1263
62 101 1265
62 101 1268
62 101 1270
62 101 1274
62 101 1290
62 101 1293
62 101 1302
62 101 1303
62 101 1339
62 101 1345
62 101 1347
62 101 1349
62 101 1365
62 101 1366
10 87 227
10 88 268
10 88 274
10 88 291
87 52 953
87 52 954
87 52 955
87 52 958
87 52 1011
87 52 1013
87 52 1017
87 52 1018
87 52 1019
87 52 1026
87 52 1031
87 52 1036
87 72 990
87 58 1017
87 58 1018
40 23 250
40 23 251
40 23 252
40 23 253
40 23 257
40 23 258
40 23 263
40 23 264
40 23 265
40 23 266
40 23 267
40 23 272
40 23 273
40 23 274
40 23 275
40 23 276
40 23 292
40 23 298
40 23 302
40 23 304
40 23 305
40 23 306
40 23 307
40 23 308
40 23 309
40 23 310
40 23 313
40 23 327
40 23 328
40 23 329
40 23 330
40 23 332
40 23 345
40 23 347
40 23 348
40 23 349
40 23 350
40 23 351
40 23 352
40 23 353
40 23 354
40 23 355
40 23 358
40 23 359
40 23 360
40 23 365
40 23 440
40 23 463
40 23 465
40 23 467
40 23 468
40 23 469
40 23 473
40 23 474
40 84 290
40 84 293
40 84 295
40 84 304
40 84 310
40 84 347
40 84 361
40 84 365
40 84 366
40 84 370
40 84 371
40 84 373
40 84 376
40 84 377
23 50 259
23 84 377
23 57 464
50 98 313
50 98 316
50 98 317
50 98 318
50 98 319
50 98 320
50 98 321
50 98 322
50 98 323
50 98 324
50 98 325
50 98 326
50 98 328
50 98 329
50 98 330
50 98 331
50 98 334
50 98 336
50 98 337
50 98 338
50 98 339
50 98 341
50 98 342
50 98 344
50 98 345
50 98 346
50 98 347
50 98 349
50 98 350
50 98 351
50 98 352
50 98 353
50 98 354
50 98 355
50 98 356
50 98 357
50 98 358
50 98 359
50 98 360
50 98 361
50 98 362
50 98 363
50 98 364
50 98 365
50 98 367
50 98 368
50 98 369
50 98 370
50 98 372
50 98 374
50 98 375
50 98 377
50 98 382
50 98 383
50 98 389
50 98 390
50 98 391
50 98 392
50 98 393
50 98 394
50 98 395
50 98 396
50 98 397
50 98 398
50 98 399
50 98 400
50 98 401
50 98 404
50 98 406
50 98 407
50 98 408
50 98 409
50 98 410
50 98 411
50 98 412
50 98 413
50 98 415
50 98 417
50 98 418
50 98 419
50 98 421
50 98 422
50 98 423
50 98 424
50 98 425
50 98 426
50 98 427
50 98 428
50 98 429
50 98 431
50 98 432
50 98 433
50 98 434
50 98 435
50 98 436
50 98 438
50 98 439
50 98 440
50 98 441
50 98 442
50 98 443
50 98 444
50 47 317
50 47 319
50 47 321
50 47 323
50 47 326
50 47 328
50 47 330
50 47 331
50 47 334
50 47 348
50 47 352
50 47 353
50 47 354
50 47 355
50 47 359
50 47 360
50 47 363
50 47 367
50 47 368
50 47 372
50 47 377
50 95 323
50 95 330
50 95 352
50 95 354
50 95 355
50 95 359
50 95 363
50 95 367
50 95 368
50 95 372
50 95 377
50 95 382
50 95 391
50 95 393
50 95 399
50 95 407
50 95 408
50 95 410
50 95 415
50 95 417
50 95 419
50 95 422
50 95 431
50 95 434
50 95 439
50 95 440
50 95 442
50 95 443
50 95 444
50 59 377
50 58 917
50 58 919
50 58 921
50 58 922
50 58 923
50 58 924
50 58 925
50 58 926
50 58 927
50 58 928
50 58 929
50 58 930
50 58 931
50 58 932
50 58 933
50 58 935
50 58 936
50 58 937
50 58 938
50 58 939
50 58 940
50 58 941
50 58 942
50 58 944
50 58 945
50 58 947
50 58 949
50 58 950
50 58 951
50 58 952
50 58 953
50 58 955
50 58 957
50 58 959
50 58 960
50 58 964
50 58 965
50 58 966
50 58 975
50 58 985
50 58 986
50 58 987
50 58 988
50 58 990
50 58 991
50 58 995
50 58 997
50 58 1007
50 58 1050
50 58 1052
50 58 1053
50 58 1054
50 58 1061
50 58 1062
50 58 1071
50 58 1073
50 58 1074
50 58 1075
50 58 1076
50 58 1077
50 58 1079
50 58 1084
50 58 1085
50 58 1090
50 58 1091
50 58 1092
50 58 1093
50 58 1094
50 58 1096
50 58 1097
50 58 1098
50 58 1100
50 58 1105
50 58 1108
50 58 1111
50 58 1112
50 19 918
50 19 922
50 52 971
50 52 975
50 25 976
50 25 1007
50 86 1052
50 72 1098
88 24 624
98 92 269
98 92 271
98 92 313
98 92 316
98 92 317
98 92 318
98 92 319
98 92 320
98 92 321
98 92 322
98 92 323
98 92 324
98 92 325
98 92 326
98 92 328
98 92 329
98 92 330
98 92 331
98 92 334
98 92 336
98 92 337
98 92 338
98 92 339
98 92 341
98 92 342
98 92 344
98 92 345
98 92 346
98 92 347
98 92 349
98 92 350
98 92 351
98 92 353
98 92 354
98 92 355
98 92 356
98 92 357
98 92 358
98 92 360
98 92 361
98 92 362
98 92 363
98 92 364
98 92 365
98 92 367
98 92 369
98 92 370
98 92 374
98 92 375
98 92 381
98 92 383
98 92 389
98 92 390
98 92 392
98 92 393
98 92 394
98 92 395
98 92 396
98 92 397
98 92 398
98 92 400
98 92 401
98 92 404
98 92 406
98 92 409
98 92 411
98 92 412
98 92 413
98 92 418
98 92 421
98 92 423
98 92 424
98 92 425
98 92 426
98 92 427
98 92 428
98 92 429
98 92 432
98 92 433
98 92 435
98 92 436
98 92 438
98 92 439
98 92 441
98 92 443
98 93 370
98 57 439
98 64 1259
98 64 1266
98 64 1267
98 64 1269
98 64 1271
98 64 1277
98 64 1291
98 64 1294
98 64 1343
98 64 1367
98 64 1389
98 3 1330
92 37 269
92 37 283
92 37 288
92 47 272
92 47 274
92 47 275
92 47 301
92 47 315
92 47 316
92 47 317
92 47 318
92 47 319
92 47 320
92 47 321
92 47 322
92 47 323
92 47 324
92 47 325
92 47 326
92 47 327
92 47 328
92 47 329
92 47 330
92 47 331
92 47 332
92 47 333
92 47 334
92 47 335
92 47 336
92 47 337
92 47 338
92 47 339
92 47 340
92 47 341
92 47 342
92 47 343
92 47 344
92 47 345
92 47 346
92 47 347
92 47 348
92 47 349
92 47 350
92 47 351
92 47 352
92 47 353
92 47 354
92 47 355
92 47 356
92 47 357
92 47 358
92 47 359
92 47 360
92 47 361
92 47 362
92 47 363
92 47 364
92 47 365
92 47 366
92 47 367
92 47 368
92 47 369
92 47 370
92 47 371
92 47 372
92 47 373
92 47 374
92 47 375
92 47 376
92 47 377
92 47 378
92 47 379
92 52 313
92 52 315
92 52 316
92 52 317
92 52 318
92 52 319
92 52 320
92 52 321
92 52 322
92 52 324
92 52 325
92 52 326
92 52 327
92 52 328
92 52 329
92 52 331
92 52 332
92 52 333
92 52 334
92 52 335
92 52 336
92 52 337
92 52 338
92 52 339
92 52 340
92 52 341
92 52 342
92 52 343
92 52 344
92 52 345
92 52 346
92 52 347
92 52 348
92 52 349
92 52 350
92 52 351
92 52 353
92 52 356
92 52 357
92 52 358
92 52 360
92 52 361
92 52 362
92 52 364
92 52 365
92 52 366
92 52 369
92 52 370
92 52 371
92 52 373
92 52 374
92 52 375
92 52 376
92 52 378
92 52 379
92 52 383
92 52 384
92 52 385
92 52 386
92 52 387
92 52 388
92 52 389
92 52 390
92 52 392
92 52 394
92 52 395
92 52 396
92 52 397
92 52 398
92 52 400
92 52 401
92 52 402
92 52 403
92 52 404
92 52 405
92 52 406
92 52 409
92 52 411
92 52 412
92 52 413
92 52 414
92 52 416
92 52 418
92 52 420
92 52 421
92 52 423
92 52 424
92 52 425
92 52 426
92 52 427
92 52 428
92 52 429
92 52 432
92 52 433
92 52 435
92 52 436
92 52 437
92 52 438
92 52 441
92 52 445
37 47 277
37 47 293
37 47 305
37 47 320
37 52 280
37 52 313
37 52 315
37 95 285
47 95 272
47 95 305
47 95 311
47 95 315
47 95 327
47 95 332
47 95 333
47 95 335
47 95 340
47 95 343
47 95 348
47 95 352
47 95 359
47 95 366
47 95 368
47 95 371
47 95 372
47 95 373
47 95 376
47 95 377
47 95 378
47 95 379
47 56 347
47 52 390
95 52 315
95 52 327
95 52 332
95 52 333
95 52 335
95 52 340
95 52 343
95 52 348
95 52 366
95 52 371
95 52 373
95 52 376
95 52 378
95 52 379
95 52 384
95 52 385
95 52 386
95 52 387
95 52 388
95 52 402
95 52 403
95 52 405
95 52 414
95 52 416
95 52 420
95 52 430
95 52 437
95 52 445
95 96 371
52 56 347
52 93 370
52 64 420
52 31 990
52 57 992
52 34 1011
56 16 1372
56 16 1373
56 16 1376
56 16 1379
56 16 1380
56 16 1390
56 16 1398
56 16 1399
56 16 1400
56 16 1402
56 16 1403
56 16 1404
56 16 1409
56 16 1410
56 16 1411
56 16 1412
56 16 1413
56 16 1414
56 16 1415
56 16 1416
56 16 1417
56 16 1418
56 16 1419
56 16 1420
56 16 1421
59 51 1166
59 51 1172
59 51 1173
59 51 1176
59 51 1177
59 51 1180
59 51 1189
59 51 1204
59 51 1210
59 51 1211
59 51 1212
59 51 1215
59 51 1218
59 51 1219
59 51 1220
59 51 1221
59 51 1222
59 51 1223
59 51 1232
59 51 1236
59 51 1245
59 51 1250
59 51 1251
59 51 1253
59 51 1281
59 51 1282
59 51 1283
59 51 1284
59 51 1285
59 51 1290
59 51 1303
59 51 1305
59 51 1306
59 51 1308
59 51 1311
59 51 1314
59 51 1315
59 51 1318
59 51 1319
59 51 1325
59 51 1327
59 51 1328
59 51 1329
59 51 1330
59 51 1331
59 51 1332
93 89 376
93 89 378
93 89 379
93 89 380
93 89 391
93 89 429
93 71 428
93 80 1079
93 80 1084
96 64 428
96 24 535
96 24 536
96 24 537
96 24 538
96 24 553
96 24 557
96 24 558
96 24 559
96 24 563
96 24 564
96 24 568
96 24 569
96 24 570
96 24 576
96 24 577
96 24 578
96 24 579
96 24 580
96 24 581
96 24 582
96 24 583
96 24 584
96 24 586
96 24 589
96 24 592
96 24 595
96 24 596
96 24 598
96 24 602
96 24 604
96 24 605
96 24 606
96 24 607
96 24 608
96 24 610
96 24 611
96 49 535
96 49 536
96 49 537
96 49 538
96 49 551
96 49 552
96 49 553
96 49 555
96 49 556
96 49 564
96 49 568
96 49 569
96 49 570
96 49 572
96 49 579
96 49 580
96 49 582
96 49 584
96 49 586
96 49 590
96 49 591
96 49 595
96 49 597
96 49 598
96 49 602
96 49 606
96 49 607
96 49 608
96 49 609
89 57 438
89 44 840
89 44 847
89 44 848
89 44 868
71 64 419
71 64 420
71 64 424
71 64 425
71 64 426
71 64 427
71 64 428
71 64 430
71 64 431
71 64 432
71 64 433
71 64 434
71 64 435
71 64 436
71 64 437
71 64 438
71 64 439
71 64 440
71 64 441
71 64 446
71 64 448
71 64 449
71 64 453
71 64 455
71 64 456
71 64 457
71 64 460
71 64 462
71 64 465
71 64 476
71 64 477
71 64 478
71 64 479
71 64 480
71 64 481
71 64 483
71 64 486
71 64 487
71 64 488
71 64 490
71 64 492
71 64 493
71 64 494
71 64 495
71 57 458
71 44 847
64 48 432
64 48 452
48 68 453
48 24 535
48 24 536
48 24 563
48 24 576
48 24 577
48 24 582
48 24 588
48 24 590
48 24 602
48 24 607
48 24 609
48 24 610
48 24 625
68 29 621
68 29 622
68 29 623
68 29 631
68 29 632
68 29 635
68 29 638
68 29 641
68 29 645
68 29 646
68 29 647
68 29 649
68 29 650
68 29 651
68 29 652
68 29 653
68 29 654
68 29 655
68 29 656
68 29 657
68 29 658
68 29 659
68 29 662
68 29 663
68 29 665
68 29 667
68 29 668
68 29 669
68 29 685
68 29 686
68 29 719
68 29 720
68 29 721
68 29 737
68 29 739
68 29 746
68 29 758
68 29 764
68 29 766
68 29 771
68 29 772
68 29 773
68 29 775
68 29 776
68 7 672
68 85 716
57 90 439
57 90 463
57 90 474
57 90 483
57 90 507
57 90 555
57 90 557
57 90 574
57 90 581
57 90 582
57 90 583
57 90 586
57 90 587
57 90 588
57 90 598
57 90 599
57 90 611
57 49 584
57 49 1011
57 72 954
57 72 958
57 72 959
57 72 960
57 72 961
57 72 962
57 72 965
57 72 966
57 72 967
57 72 984
57 72 986
57 72 992
57 72 993
57 72 994
57 72 995
57 72 996
57 72 997
57 72 999
57 72 1001
57 72 1020
57 72 1025
57 72 1048
57 72 1049
57 72 1110
57 72 1116
57 86 988
57 86 989
57 86 992
57 44 996
57 19 1009
57 66 1018
57 58 1109
90 58 1168
90 58 1191
90 58 1192
90 58 1193
90 58 1194
90 58 1195
90 58 1196
90 58 1198
90 58 1199
90 58 1200
90 58 1203
90 58 1204
90 58 1206
90 58 1209
90 58 1220
90 58 1221
90 58 1222
90 58 1223
90 58 1234
90 58 1235
90 58 1236
90 58 1237
90 58 1238
90 58 1239
90 58 1240
90 58 1241
90 58 1242
90 58 1243
90 58 1244
90 58 1245
90 58 1246
90 58 1247
90 58 1248
90 58 1249
90 58 1250
90 58 1251
90 58 1252
90 58 1254
90 58 1255
90 58 1256
90 58 1258
90 58 1259
90 58 1260
90 58 1294
90 58 1317
90 58 1318
90 58 1321
90 58 1326
90 58 1327
90 58 1335
90 58 1336
90 58 1337
90 58 1338
90 58 1339
90 58 1343
90 58 1345
90 58 1346
90 58 1347
90 58 1348
90 58 1349
90 58 1350
90 58 1351
90 58 1352
90 58 1353
90 58 1354
90 58 1359
90 35 1259
90 35 1260
90 35 1261
90 35 1262
90 35 1263
90 35 1264
90 35 1265
90 35 1266
90 35 1267
90 35 1268
90 35 1269
90 35 1270
90 35 1271
90 35 1272
90 35 1273
90 35 1274
90 35 1275
90 35 1276
90 35 1277
90 35 1278
90 35 1279
90 35 1280
90 35 1281
90 35 1282
90 35 1283
90 35 1284
90 35 1285
90 35 1286
90 35 1287
90 35 1288
90 35 1289
90 35 1290
90 35 1291
90 35 1292
90 35 1293
90 35 1294
90 35 1295
90 35 1296
90 35 1297
90 35 1310
90 35 1311
90 35 1312
90 35 1313
90 35 1314
90 35 1315
90 35 1316
90 35 1321
90 35 1322
90 35 1323
90 35 1324
90 35 1326
90 35 1327
90 35 1328
90 35 1329
90 35 1330
90 35 1331
90 35 1332
90 35 1333
90 35 1334
90 35 1335
90 35 1336
90 35 1337
90 35 1338
90 35 1339
90 35 1340
90 35 1341
90 35 1342
90 35 1343
90 35 1344
90 35 1345
90 35 1346
90 35 1347
90 35 1348
90 35 1349
90 35 1350
90 35 1351
90 35 1352
90 35 1353
90 35 1354
90 35 1355
90 35 1356
90 35 1357
90 35 1358
90 35 1359
90 35 1360
90 35 1361
90 35 1362
90 35 1363
90 35 1364
90 35 1365
90 35 1366
90 35 1390
41 17 487
41 17 488
41 17 540
41 17 557
41 17 576
41 17 577
41 17 578
41 17 579
41 17 580
41 17 581
41 6 487
41 6 488
41 6 489
41 6 490
41 6 492
41 6 495
41 6 496
41 6 501
41 6 502
41 6 503
41 6 504
41 6 506
41 6 508
41 6 515
41 6 520
41 6 522
41 6 529
41 6 534
41 6 538
41 6 539
41 6 544
41 6 551
41 6 554
41 6 557
41 6 558
41 6 560
41 6 567
41 6 568
41 6 576
41 6 577
41 6 578
41 6 579
41 6 580
41 6 581
17 6 487
17 6 488
17 6 490
17 6 492
17 6 514
17 6 515
17 6 516
17 6 518
17 6 519
17 6 530
17 6 536
17 6 538
17 6 539
17 6 554
17 6 555
17 6 573
17 6 576
17 6 577
17 6 578
17 6 579
17 6 580
17 6 581
24 49 552
24 49 553
24 49 564
24 49 569
24 49 570
24 49 571
24 49 572
24 49 573
24 49 574
24 49 575
24 49 583
24 49 587
24 49 589
24 49 597
24 49 599
24 49 601
24 49 604
24 49 605
24 49 608
49 54 976
38 69 549
38 69 550
38 69 551
38 69 553
38 69 554
38 69 564
38 69 569
38 69 573
38 69 580
38 69 581
38 69 582
38 69 583
38 69 584
38 69 587
38 69 591
38 69 592
38 69 593
38 69 594
38 69 598
38 69 599
38 69 600
38 69 614
38 69 615
38 69 616
38 69 617
38 69 618
38 69 625
38 69 626
38 69 637
38 69 652
38 69 653
38 69 654
38 69 658
38 69 659
38 69 661
38 69 662
38 53 592
38 53 593
38 53 596
38 51 594
38 51 595
38 51 597
69 53 592
69 53 593
69 15 900
69 15 901
69 44 996
69 44 1012
69 25 1023
69 3 1027
69 58 1073
18 42 591
18 42 595
18 42 605
18 42 613
18 42 615
18 42 616
18 42 617
18 42 618
18 42 619
18 42 620
18 42 624
18 42 625
18 42 626
18 42 627
18 42 628
18 42 629
18 42 630
18 42 638
18 42 651
18 42 652
18 42 653
18 42 655
18 42 680
18 42 681
18 42 684
18 42 705
18 42 730
18 42 735
18 42 751
18 42 753
18 42 754
18 42 755
18 42 756
18 42 757
18 42 758
18 42 760
18 42 761
18 42 762
18 42 763
18 42 764
18 42 765
18 42 776
18 42 777
18 42 780
18 42 781
18 42 782
18 42 785
18 42 787
18 42 788
18 42 789
18 42 790
18 42 791
18 42 792
18 42 793
18 42 797
18 42 799
18 42 801
18 42 802
18 42 803
18 42 804
18 42 805
18 42 806
18 42 807
18 42 808
18 42 809
18 42 810
18 42 811
18 42 813
18 42 815
18 42 816
18 42 817
18 42 818
18 42 819
18 42 821
18 42 823
18 42 824
18 42 825
18 42 826
18 42 827
18 42 829
18 42 830
18 42 831
18 42 832
18 42 833
18 42 834
18 42 835
18 42 836
18 42 837
18 42 838
18 42 839
18 42 840
18 42 841
18 42 842
18 42 845
18 7 591
18 7 595
18 7 597
18 7 598
18 7 605
18 7 608
18 7 611
18 7 617
18 7 618
18 7 619
18 7 620
18 7 621
18 7 624
18 7 629
18 7 630
18 7 631
18 7 632
18 7 633
18 7 634
18 7 641
18 7 642
18 7 644
18 7 646
18 7 649
18 7 651
18 7 658
18 7 659
18 7 660
18 7 661
18 7 671
18 7 672
18 7 684
18 7 685
18 7 686
18 7 694
18 7 695
18 7 701
18 7 705
18 7 732
18 7 789
18 7 790
18 7 791
18 7 792
18 7 793
18 7 794
18 7 795
18 7 798
18 7 799
18 7 801
18 7 803
18 7 804
18 7 805
18 7 806
18 7 807
18 7 808
18 7 809
18 7 810
18 7 811
18 7 812
18 7 813
18 7 814
18 7 815
18 7 816
18 7 817
18 7 818
18 7 819
18 7 820
18 7 822
18 7 823
18 7 824
18 7 825
18 7 826
18 7 827
18 7 828
18 7 829
18 7 830
18 7 831
18 7 832
18 7 833
18 7 834
18 7 836
18 7 837
18 7 838
18 7 839
18 7 840
18 7 841
18 7 842
18 7 844
18 7 848
18 7 857
18 7 858
18 7 865
18 7 866
18 7 867
18 7 868
18 7 869
18 7 870
18 7 871
18 7 872
18 7 873
18 7 874
18 7 875
42 7 591
42 7 592
42 7 596
42 7 598
42 7 605
42 7 606
42 7 616
42 7 617
42 7 619
42 7 620
42 7 624
42 7 625
42 7 626
42 7 627
42 7 629
42 7 630
42 7 631
42 7 632
42 7 633
42 7 634
42 7 637
42 7 638
42 7 651
42 7 652
42 7 678
42 7 680
42 7 684
42 7 685
42 7 701
42 7 738
42 7 739
42 7 740
42 7 741
42 7 742
42 7 743
42 7 744
42 7 789
42 7 790
42 7 791
42 7 792
42 7 793
42 7 794
42 7 799
42 7 800
42 7 801
42 7 803
42 7 804
42 7 805
42 7 806
42 7 807
42 7 808
42 7 809
42 7 810
42 7 811
42 7 812
42 7 813
42 7 814
42 7 815
42 7 816
42 7 817
42 7 818
42 7 819
42 7 820
42 7 821
42 7 822
42 7 823
42 7 824
42 7 825
42 7 826
42 7 827
42 7 828
42 7 829
42 7 830
42 7 831
42 7 832
42 7 835
42 7 836
42 7 837
42 7 838
42 7 839
42 7 840
42 7 841
42 7 842
42 7 843
42 7 862
42 7 864
42 7 865
42 7 868
42 7 871
42 7 874
42 7 875
42 7 879
7 29 676
7 1 740
7 1 748
7 1 753
7 1 764
7 1 776
7 1 777
7 1 781
7 1 782
7 1 784
7 1 785
53 16 1430
53 16 1431
53 16 1433
53 16 1434
53 16 1435
53 16 1439
53 16 1448
53 16 1452
53 16 1453
53 16 1454
53 16 1455
53 16 1456
53 78 1431
53 78 1432
53 78 1433
53 78 1434
53 78 1435
53 78 1438
53 78 1439
53 78 1441
53 78 1445
53 78 1448
53 78 1451
53 78 1452
53 78 1453
53 26 1432
51 72 594
51 72 595
72 31 960
72 31 961
72 31 962
72 31 966
72 31 968
72 31 984
72 31 987
72 31 990
72 31 992
72 31 994
72 31 995
72 31 996
72 31 1006
72 31 1007
72 31 1015
72 54 992
72 54 1039
85 34 601
85 34 602
85 34 605
85 34 607
85 34 609
85 34 619
85 30 692
85 30 706
85 30 713
85 30 717
85 30 719
85 30 735
85 30 737
85 30 751
85 30 752
85 30 754
85 30 755
85 30 757
85 30 758
85 30 759
85 30 765
85 30 767
85 30 769
85 30 770
85 30 779
85 30 780
85 30 790
85 30 792
85 30 795
85 30 796
85 30 797
85 30 798
85 30 799
85 30 800
85 30 802
85 30 809
85 30 811
85 30 818
85 30 820
85 30 824
85 30 834
85 30 836
85 80 695
85 80 697
85 80 699
85 80 700
85 80 701
85 80 702
85 80 708
85 80 710
85 80 714
85 80 716
85 80 717
85 80 721
85 80 732
85 80 737
85 80 739
85 80 750
85 80 751
85 80 755
85 80 756
85 80 757
85 80 758
85 80 759
85 80 765
85 80 767
85 80 770
85 80 779
85 80 780
85 80 783
85 80 785
85 80 787
85 80 788
85 80 790
85 80 794
85 80 798
85 80 800
85 80 832
85 80 836
85 80 841
85 80 842
85 80 852
85 80 854
85 80 855
85 80 857
85 80 858
85 80 860
85 80 862
85 80 863
85 80 865
85 80 870
85 80 871
85 80 872
85 80 877
85 80 879
85 80 881
85 80 886
85 80 887
34 75 991
34 75 992
34 75 993
34 75 994
34 75 995
34 75 1002
34 75 1003
34 75 1004
34 75 1005
34 75 1006
34 75 1007
34 75 1008
34 75 1012
34 75 1015
34 75 1019
34 75 1020
34 75 1021
34 75 1023
34 75 1024
34 75 1025
34 75 1026
34 21 991
34 21 992
34 21 993
34 21 994
34 21 998
34 21 1002
34 21 1004
34 21 1005
34 21 1008
34 21 1011
34 21 1012
34 21 1014
34 21 1015
34 21 1017
34 21 1019
34 21 1020
34 21 1021
34 21 1022
34 21 1023
34 21 1026
34 3 1001
34 3 1002
34 3 1007
34 3 1008
34 3 1009
34 3 1010
34 3 1012
34 3 1015
34 3 1017
34 3 1018
34 3 1019
34 3 1020
34 3 1021
34 3 1022
34 3 1023
34 3 1026
34 3 1030
34 30 1003
34 30 1004
34 30 1005
34 30 1006
34 30 1007
34 30 1008
34 30 1011
34 30 1012
34 30 1015
34 30 1016
34 30 1017
34 30 1018
34 30 1023
34 30 1024
34 30 1025
34 30 1026
34 19 1018
34 58 1019
34 86 1020
29 75 999
29 75 1000
29 75 1001
29 75 1004
29 75 1006
29 75 1013
29 75 1014
29 75 1017
29 75 1018
29 75 1023
29 75 1024
29 75 1025
29 75 1027
29 75 1028
29 75 1030
29 75 1031
29 75 1032
29 21 1000
29 21 1004
29 21 1008
29 21 1014
29 21 1015
29 21 1023
29 21 1024
29 21 1025
29 21 1032
29 21 1033
29 3 1001
29 3 1007
29 3 1030
29 3 1031
1 78 709
30 78 692
30 78 693
30 78 694
30 78 712
30 78 713
30 78 717
30 78 722
30 78 723
30 78 731
30 78 733
30 78 734
30 78 738
30 78 746
30 78 747
30 78 760
30 78 761
30 78 763
30 78 768
30 78 772
30 78 773
30 78 774
30 78 777
30 78 789
30 78 791
30 78 801
30 78 803
30 78 806
30 78 812
30 78 813
30 78 814
30 78 835
30 21 999
30 21 1003
30 21 1005
30 21 1006
30 21 1009
30 21 1011
30 21 1013
30 21 1027
30 21 1030
30 2 1015
30 2 1017
30 2 1018
78 86 692
78 86 693
78 86 694
78 86 698
78 86 705
78 86 712
78 86 713
78 86 718
78 86 720
78 86 722
78 86 723
78 86 727
78 86 731
78 86 733
78 86 734
78 86 736
78 86 738
78 86 740
78 86 746
78 86 760
78 86 761
78 86 762
78 86 763
78 86 764
78 86 766
78 86 768
78 86 772
78 86 774
78 86 777
78 86 778
78 86 781
78 86 782
78 86 784
78 86 789
78 86 793
78 86 833
78 86 835
78 86 840
78 86 843
78 86 844
78 86 849
78 86 850
78 86 851
78 86 853
78 86 856
78 86 859
78 86 861
78 86 864
78 86 866
78 86 867
78 86 868
78 86 869
78 86 874
78 86 878
78 86 880
78 86 883
86 31 693
86 31 694
86 31 707
86 31 708
86 31 714
86 31 716
86 31 718
86 31 720
86 31 723
86 31 727
86 31 738
86 31 746
86 31 760
86 31 761
86 31 763
86 31 766
86 31 768
86 31 772
86 31 773
86 31 774
86 31 777
86 31 778
86 31 789
86 31 791
86 31 801
86 31 803
86 31 804
86 31 805
86 31 808
86 31 810
86 31 812
86 31 813
86 31 814
86 31 815
86 31 821
86 31 822
86 31 823
86 31 829
86 31 833
86 31 835
86 31 988
86 31 989
86 31 990
86 54 946
86 54 947
86 54 948
86 54 952
86 54 956
86 54 957
86 54 959
86 54 961
86 54 964
86 54 966
86 54 968
86 54 971
86 54 972
86 54 973
86 54 974
86 54 975
86 54 976
86 54 977
86 54 978
86 54 979
86 54 985
86 54 986
86 54 990
86 54 992
86 54 993
86 54 994
86 54 995
86 54 996
86 54 999
86 54 1001
86 54 1002
86 54 1003
86 54 1004
86 54 1005
86 54 1006
86 54 1007
86 54 1009
86 54 1010
86 54 1027
86 54 1028
86 54 1030
86 54 1035
86 54 1037
86 54 1049
86 54 1051
86 54 1052
86 54 1054
86 54 1055
86 54 1056
86 54 1057
86 54 1061
86 54 1062
86 54 1065
86 54 1067
86 54 1068
86 54 1069
86 54 1070
86 54 1071
86 54 1073
86 54 1074
86 54 1075
86 61 962
86 61 975
86 61 979
86 61 1053
86 25 976
86 25 979
31 80 695
31 80 714
31 80 716
31 80 732
31 80 737
31 80 741
31 80 750
31 80 752
31 80 755
31 80 756
31 80 757
31 80 758
31 80 765
31 80 767
31 80 769
31 80 770
31 80 775
31 80 779
31 80 792
31 80 797
31 80 798
31 80 799
31 80 800
31 80 802
31 80 820
31 80 824
31 80 836
31 80 837
31 54 960
31 54 961
31 54 962
31 54 966
31 54 977
31 54 983
31 54 987
31 54 990
31 54 995
31 54 1000
31 54 1001
31 44 960
31 44 961
31 44 964
31 44 966
31 44 968
31 44 974
31 44 977
31 44 984
31 44 994
31 44 1001
31 44 1015
31 44 1022
31 75 1003
80 61 886
80 61 887
2 66 845
2 21 1002
2 21 1008
2 21 1014
2 21 1015
2 21 1016
2 21 1028
2 75 1008
2 75 1013
2 75 1015
2 75 1020
44 61 843
44 61 844
44 61 865
44 61 866
44 61 867
44 61 1026
44 100 973
44 54 989
44 54 1026
61 25 1008
66 25 1023
58 19 933
58 54 962
58 54 970
58 54 971
58 54 975
58 54 979
58 54 995
58 100 975
58 100 980
58 25 979
58 9 1018
58 75 1096
58 75 1097
58 75 1098
58 75 1099
58 75 1100
58 75 1102
58 75 1103
58 75 1105
58 75 1106
58 75 1108
19 9 921
19 9 922
19 9 924
19 9 925
19 9 926
19 9 927
19 9 928
19 9 929
19 9 930
19 9 931
19 9 932
19 9 934
19 9 935
19 9 936
19 9 937
19 9 938
19 9 939
19 9 940
19 9 941
19 9 942
19 9 943
19 9 945
19 9 946
19 9 947
19 9 948
19 9 949
19 9 952
19 9 953
19 9 954
19 9 955
19 9 956
19 9 958
19 9 959
19 9 960
19 9 969
19 9 972
19 9 973
19 9 974
19 9 975
19 9 976
19 9 977
19 9 978
19 9 979
19 9 980
19 9 981
19 9 982
19 9 984
19 9 986
19 9 987
19 9 988
19 9 989
19 9 990
19 9 991
19 9 992
19 9 995
19 9 996
19 9 997
19 9 998
19 9 999
19 9 1000
19 9 1001
19 9 1002
19 9 1003
19 9 1004
19 9 1005
19 9 1007
19 9 1008
19 9 1014
19 9 1015
19 9 1019
19 9 1020
19 9 1021
19 9 1022
19 9 1023
19 9 1024
19 9 1027
19 9 1028
19 9 1030
19 9 1034
19 9 1035
19 25 990
9 25 989
9 21 1018
54 25 983
54 25 985
54 25 987
54 25 988
54 75 990
54 21 1011
54 35 1024
75 21 992
75 21 994
75 21 995
75 21 1005
75 21 1006
75 21 1007
75 21 1010
75 21 1017
75 21 1019
75 21 1020
75 21 1023
75 21 1026
75 21 1027
99 25 960
25 100 961
25 100 962
25 100 963
25 100 964
25 100 965
25 100 966
25 100 967
25 100 969
25 100 970
25 100 972
25 100 973
25 100 975
25 100 976
25 100 978
25 100 979
25 100 987
25 100 988
25 100 989
25 100 991
25 100 993
25 100 994
25 100 1002
25 100 1004
25 100 1006
25 100 1011
25 100 1013
25 100 1014
25 100 1019
25 100 1020
25 100 1021
25 100 1023
25 100 1024
25 100 1025
25 100 1026
21 35 997
21 35 999
21 35 1003
21 35 1006
21 35 1007
21 35 1009
21 35 1010
21 35 1030
21 3 1005
21 3 1006
21 3 1007
21 3 1013
21 3 1019
21 3 1026
21 3 1027
35 55 1259
35 55 1260
35 55 1263
35 55 1264
35 55 1265
35 55 1266
35 55 1267
35 55 1268
35 55 1269
35 55 1270
35 55 1271
35 55 1272
35 55 1273
35 55 1274
35 55 1275
35 55 1276
35 55 1277
35 55 1278
35 55 1279
35 55 1280
35 55 1281
35 55 1282
35 55 1283
35 55 1284
35 55 1285
35 55 1286
35 55 1287
35 55 1288
35 55 1289
35 55 1290
35 55 1291
35 55 1292
35 55 1293
35 55 1294
35 55 1295
35 55 1301
35 55 1302
35 55 1303
35 55 1304
35 55 1305
35 55 1306
35 55 1307
35 55 1309
35 55 1310
35 55 1315
35 55 1316
35 55 1317
35 55 1318
35 55 1319
35 55 1320
35 55 1321
35 55 1322
35 55 1323
35 55 1324
35 55 1325
35 55 1326
35 55 1327
35 55 1333
35 55 1335
35 55 1336
35 55 1338
35 55 1341
35 55 1343
35 55 1345
35 55 1346
35 55 1347
35 55 1348
35 55 1349
35 55 1350
35 55 1351
35 55 1352
35 55 1353
35 55 1354
35 55 1359
35 55 1360
35 55 1361
55 26 1323
55 26 1324
55 26 1325
55 26 1326
55 26 1327
55 26 1328
55 26 1329
55 26 1330
55 26 1331
55 26 1332
55 26 1333
55 26 1334
55 26 1335
55 26 1336
55 26 1337
55 26 1338
55 26 1339
55 26 1340
55 26 1341
55 26 1342
55 26 1344
55 26 1345
55 26 1346
55 26 1347
55 26 1348
55 26 1349
55 26 1350
101 26 1345
26 16 1372
26 16 1373
26 16 1374
26 16 1375
26 16 1377
26 16 1378
26 16 1379
26 16 1381
26 16 1382
26 16 1386
26 16 1387
26 16 1389
26 16 1390
26 16 1398
26 16 1399
26 16 1400
26 16 1401
26 16 1402
26 16 1404
26 16 1405
26 16 1406
26 16 1411
26 16 1412
26 16 1414
26 16 1415
26 16 1416
26 16 1419
26 16 1420
26 16 1421
26 16 1422
26 16 1423
26 16 1425
26 16 1426
