35 25 0
35 25 1
35 25 2
35 25 4
35 25 5
35 25 6
35 25 9
35 25 10
35 25 25
35 25 30
35 25 34
35 25 35
35 25 38
35 25 39
35 25 41
35 25 42
35 25 43
35 25 44
35 25 45
35 25 49
35 25 50
35 25 51
35 25 52
35 25 53
35 25 54
35 7 398
35 7 399
35 7 401
35 7 403
35 7 404
35 7 405
35 7 406
35 7 407
35 7 408
35 7 410
35 7 417
35 7 419
35 7 420
35 7 422
35 7 427
35 7 429
35 7 430
35 7 432
35 7 433
35 7 435
35 7 440
35 7 443
35 7 447
35 7 448
35 7 449
35 7 455
35 7 457
35 7 458
35 7 472
35 7 480
35 7 482
35 7 485
35 7 491
35 7 492
35 7 494
35 7 495
35 7 496
35 7 498
35 7 499
35 7 500
35 7 509
35 7 514
35 7 515
35 7 525
35 7 526
35 7 531
35 7 538
35 7 568
35 7 582
35 7 583
35 7 598
35 7 600
35 7 602
35 7 606
35 7 621
35 7 623
35 60 476
35 60 477
35 60 497
35 60 525
25 43 1
25 43 935
25 65 1
25 65 2
25 65 5
25 65 44
25 51 1
25 22 24
25 56 906
25 56 908
25 56 911
25 56 935
43 57 1
43 57 19
43 57 89
43 40 1
43 73 1
43 73 3
43 73 6
43 73 8
43 73 10
43 73 11
43 73 12
43 73 13
43 73 14
43 73 17
43 73 22
43 73 23
43 73 30
43 73 33
43 73 35
43 73 36
43 73 38
43 73 43
43 73 44
43 73 46
43 73 65
43 73 70
43 73 83
43 73 86
43 73 89
43 27 13
43 27 14
43 67 86
43 50 895
43 50 897
43 50 898
43 50 899
43 50 900
43 50 902
43 50 905
43 50 908
43 50 909
43 50 912
43 50 913
43 50 915
43 50 925
43 50 926
43 50 933
43 50 934
43 50 935
43 50 962
43 50 963
43 50 965
43 50 968
43 50 973
43 50 980
43 50 985
43 50 986
43 50 987
43 50 988
43 50 989
43 50 991
43 50 992
43 50 993
43 50 994
43 50 995
43 50 998
43 50 1001
43 50 1005
43 50 1006
43 28 898
43 28 915
43 28 918
43 28 930
43 28 972
43 28 983
43 28 1005
43 28 1006
43 104 929
57 65 1
57 65 6
57 65 68
57 65 71
57 65 75
57 65 89
57 63 472
57 63 482
57 63 483
40 65 1
40 65 2
40 51 1
40 99 1251
73 22 13
73 22 15
73 22 17
73 100 669
73 100 674
73 100 702
73 100 734
73 100 736
73 100 737
73 100 755
73 87 669
73 87 710
73 87 711
73 87 774
73 71 673
73 71 693
73 71 711
73 71 712
73 71 714
73 71 715
73 71 734
73 71 736
73 71 780
73 71 783
73 71 786
73 71 787
73 71 810
73 71 811
73 71 812
73 66 675
73 66 711
73 66 717
73 66 797
73 6 683
73 6 696
73 6 735
73 127 696
73 127 702
73 127 797
73 51 702
73 51 717
73 125 722
73 75 722
73 75 726
73 75 736
73 75 744
73 75 746
73 75 755
73 75 790
73 55 728
73 55 730
73 59 747
73 29 755
73 113 774
73 113 782
73 109 793
73 106 808
73 106 813
65 49 5
65 49 7
65 49 9
65 49 15
65 49 24
65 49 27
65 49 34
65 49 42
65 49 45
65 49 57
65 49 60
65 49 63
65 49 64
65 49 69
65 49 75
65 49 78
65 60 472
65 60 482
65 55 481
51 49 49
51 49 791
51 19 671
51 19 700
51 19 731
51 103 678
51 103 679
51 103 684
51 103 707
51 103 717
51 103 719
51 103 721
51 103 728
51 103 755
51 58 678
51 58 679
51 58 682
51 58 695
51 58 701
51 58 734
51 58 735
51 58 743
51 58 756
51 58 772
51 58 773
51 58 774
51 24 700
51 24 701
51 24 705
51 24 712
51 24 713
51 24 743
51 24 791
51 109 701
51 109 704
51 116 701
51 116 704
51 99 702
51 99 721
51 99 722
51 99 724
51 99 725
51 99 736
51 99 769
51 96 703
51 118 704
51 118 705
51 118 729
51 78 705
51 78 774
51 14 741
51 37 761
51 37 762
51 33 770
51 33 771
51 33 774
51 85 770
51 85 772
51 85 773
49 22 15
49 106 684
49 106 720
49 106 721
49 106 722
49 106 727
49 106 746
49 82 704
49 82 712
49 82 713
49 82 723
49 82 726
49 82 731
49 82 732
49 82 737
49 82 745
49 82 757
49 29 711
49 29 719
49 29 720
49 29 722
49 29 796
49 29 797
49 100 716
49 100 717
49 100 718
49 100 719
49 100 720
49 100 738
49 100 746
49 100 799
49 100 800
49 71 723
49 71 760
49 71 799
49 75 739
49 75 758
49 75 785
49 75 788
49 75 790
49 87 770
49 87 775
49 113 791
49 6 803
49 6 804
49 6 807
49 6 809
49 119 807
49 109 807
49 42 807
27 20 23
27 20 552
27 20 553
27 20 554
27 20 572
27 20 573
27 20 580
27 20 584
27 20 586
27 20 587
27 20 588
27 20 589
27 20 590
27 20 591
27 20 594
27 20 596
27 20 597
27 20 602
27 20 605
27 20 606
27 20 608
27 20 611
27 20 612
27 20 613
27 20 614
27 20 615
27 20 616
27 20 617
27 20 618
27 20 620
27 20 621
27 20 623
27 20 624
27 20 625
27 20 626
27 20 628
27 20 629
27 20 630
27 20 631
27 20 632
27 20 633
27 20 634
27 20 640
27 20 641
27 20 649
27 20 650
27 20 651
27 20 653
27 20 654
27 20 655
27 20 657
27 20 658
27 20 659
27 90 557
27 84 639
27 104 653
27 16 668
27 38 736
22 59 31
22 59 32
22 29 31
22 29 32
22 29 64
22 29 85
22 6 31
22 6 32
22 6 85
22 117 47
22 117 49
22 117 50
22 62 163
20 75 652
119 96 25
119 96 46
119 96 55
119 96 69
119 19 668
119 19 669
119 19 683
119 14 682
119 14 743
119 14 746
119 103 683
119 103 685
119 103 686
119 103 688
119 103 689
119 103 691
119 103 735
119 103 740
119 103 747
119 103 808
119 99 747
119 33 774
119 118 826
119 118 846
119 118 848
119 118 854
119 118 935
119 38 965
96 17 39
96 71 683
96 71 703
96 66 707
96 29 726
96 29 782
96 29 783
96 55 795
96 109 807
96 82 807
59 34 31
59 34 32
59 34 33
59 34 38
59 34 43
59 34 49
59 34 51
59 34 52
59 34 56
59 34 57
59 34 58
59 34 59
59 34 60
59 34 61
59 34 62
59 34 63
59 34 64
59 34 65
59 34 70
59 34 71
59 34 74
59 34 75
59 34 79
59 34 89
59 34 92
59 34 93
59 34 94
59 34 99
59 34 101
59 34 103
59 34 104
59 34 106
59 34 107
59 34 119
59 34 120
59 34 121
59 34 122
59 34 129
59 34 136
59 34 143
59 34 144
59 34 145
59 34 146
59 34 147
59 34 149
59 34 150
59 34 158
59 34 159
59 34 163
59 34 164
59 34 165
59 34 169
59 34 170
59 34 171
59 34 183
59 34 185
59 34 187
59 34 202
59 34 203
59 34 215
59 34 217
59 34 224
59 34 225
59 7 31
59 7 32
59 7 33
59 7 34
59 7 35
59 7 36
59 7 38
59 7 39
59 7 55
59 7 57
59 7 59
59 7 60
59 7 61
59 7 62
59 7 63
59 7 65
59 7 67
59 7 68
59 7 70
59 7 71
59 7 72
59 7 79
59 7 80
59 7 83
59 7 87
59 7 88
59 7 89
59 7 90
59 7 91
59 7 92
59 7 102
59 7 103
59 7 104
59 7 105
59 7 118
59 7 119
59 7 120
59 7 122
59 7 123
59 7 130
59 7 131
59 7 136
59 7 141
59 7 143
59 7 145
59 7 146
59 7 147
59 7 152
59 7 153
59 7 154
59 7 155
59 7 156
59 7 157
59 7 158
59 7 163
59 7 164
59 7 165
59 7 168
59 7 169
59 7 172
59 7 173
59 7 177
59 7 178
59 7 179
59 7 181
59 7 187
59 7 188
59 7 190
59 7 191
59 7 195
59 7 196
59 7 199
59 7 200
59 7 201
59 7 202
59 7 203
59 7 204
59 7 205
59 7 206
59 7 208
59 7 210
59 7 211
59 7 212
59 7 213
59 7 214
59 7 215
59 7 216
59 7 219
59 7 225
59 7 226
59 37 727
59 45 727
59 67 743
34 17 45
34 6 113
34 6 116
34 6 117
34 6 119
34 6 120
34 6 122
34 6 148
34 6 150
34 6 152
34 6 153
34 6 155
34 6 157
34 6 159
34 6 163
34 6 166
34 6 168
34 6 175
34 6 177
34 6 179
34 6 181
34 6 189
34 6 191
34 6 193
34 6 194
34 6 197
34 6 198
34 6 200
34 6 201
34 6 202
34 6 203
34 6 204
34 6 205
34 6 206
34 6 207
34 6 208
34 6 212
34 6 214
34 6 215
34 6 216
34 6 217
34 6 218
34 6 222
34 6 223
34 6 225
34 6 226
34 76 202
34 9 1011
34 31 1023
34 31 1030
34 31 1074
34 31 1080
34 31 1101
34 31 1102
34 31 1106
34 31 1108
34 31 1110
34 53 1032
34 53 1033
34 83 1082
34 83 1087
34 83 1088
34 83 1091
7 29 31
7 29 32
7 29 33
7 29 35
7 29 36
7 29 38
7 29 39
7 29 40
7 29 41
7 29 42
7 29 44
7 29 45
7 29 46
7 29 47
7 29 48
7 29 55
7 29 56
7 29 57
7 29 59
7 29 61
7 29 62
7 29 63
7 29 66
7 29 74
7 29 75
7 29 76
7 29 77
7 29 78
7 29 79
7 29 80
7 29 83
7 29 84
7 29 85
7 29 86
7 29 87
7 29 95
7 29 96
7 29 97
7 29 98
7 29 104
7 29 106
7 29 110
7 29 114
7 29 124
7 29 127
7 29 129
7 29 135
7 29 136
7 29 137
7 29 143
7 29 145
7 29 146
7 29 147
7 29 149
7 29 151
7 29 154
7 29 156
7 29 158
7 29 164
7 29 165
7 29 167
7 29 169
7 29 170
7 29 171
7 29 173
7 29 174
7 29 176
7 29 178
7 29 180
7 29 182
7 29 190
7 29 192
7 29 199
7 29 209
7 17 46
7 17 87
7 63 418
7 63 477
7 16 547
29 19 668
29 19 681
29 19 726
29 19 737
29 37 685
29 37 691
29 37 716
29 37 755
29 37 773
29 37 797
29 103 686
29 103 705
29 103 706
29 103 707
29 103 708
29 103 709
29 103 743
29 103 782
29 103 790
29 103 792
29 103 796
29 103 797
29 103 798
29 103 804
29 109 686
29 109 698
29 78 689
29 78 691
29 78 707
29 78 709
29 78 710
29 58 702
29 58 717
29 58 722
29 58 798
29 116 702
29 116 710
29 116 782
29 116 783
29 45 711
29 45 717
29 45 730
29 99 717
29 99 736
29 99 744
29 99 747
29 99 759
29 99 760
29 99 761
29 99 787
29 99 799
29 90 750
29 90 775
29 90 776
29 90 778
29 90 779
29 90 780
29 90 781
6 117 103
6 14 668
6 14 669
6 14 670
6 14 676
6 14 677
6 14 683
6 14 684
6 14 685
6 14 686
6 14 688
6 14 696
6 14 700
6 14 734
6 14 758
6 14 761
6 14 762
6 14 763
6 14 764
6 14 765
6 14 766
6 14 771
6 14 777
6 14 778
6 14 785
6 14 787
6 14 789
6 14 792
6 14 795
6 14 799
6 14 811
6 14 812
6 24 670
6 24 671
6 24 672
6 24 677
6 24 678
6 24 691
6 24 692
6 24 694
6 24 730
6 24 805
6 99 671
6 99 672
6 99 674
6 99 676
6 103 673
6 103 694
6 103 757
6 103 761
6 103 766
6 103 779
6 103 782
6 103 801
6 103 802
6 103 803
6 103 806
6 103 807
6 103 809
6 109 678
6 109 680
6 109 682
6 109 711
6 63 682
6 45 683
6 45 695
6 45 729
6 45 730
6 116 684
6 116 721
6 116 724
6 116 764
6 58 685
6 58 687
6 67 688
6 67 690
6 67 700
6 67 710
6 67 761
6 67 766
6 67 767
6 67 768
6 67 769
6 67 770
6 67 771
6 67 772
6 67 773
6 37 690
6 37 691
6 37 692
6 37 694
6 37 695
6 37 696
6 37 755
6 37 803
6 37 804
6 37 805
6 37 806
6 37 807
6 37 808
6 37 809
6 90 755
6 33 775
6 3 783
6 3 784
6 3 798
6 3 799
6 39 784
6 39 811
6 78 807
6 78 808
17 67 45
17 128 62
17 31 947
17 31 949
17 31 950
17 31 966
17 31 971
17 31 973
17 31 989
17 31 990
17 31 993
17 31 997
17 31 998
17 31 1005
17 31 1032
17 31 1033
17 31 1035
17 31 1036
17 31 1037
17 31 1038
17 31 1040
17 31 1044
17 31 1045
17 31 1046
17 31 1047
17 31 1048
17 31 1053
17 31 1054
17 31 1055
17 31 1056
17 31 1060
17 31 1061
17 31 1064
17 31 1065
17 31 1066
17 31 1085
17 31 1086
17 31 1087
17 31 1088
17 31 1089
17 31 1090
17 31 1104
17 31 1105
17 31 1108
17 31 1109
17 31 1110
17 31 1111
17 31 1112
17 31 1113
17 31 1116
17 31 1117
17 31 1118
17 31 1129
17 31 1130
17 31 1134
17 31 1158
17 31 1162
17 31 1163
17 31 1170
17 31 1173
17 31 1174
17 31 1175
17 31 1178
17 31 1179
17 31 1180
17 31 1183
17 31 1184
17 31 1185
17 31 1187
17 31 1188
17 31 1189
17 31 1190
17 31 1193
17 31 1194
17 31 1195
17 31 1196
17 31 1197
17 31 1198
17 31 1199
17 31 1200
17 31 1215
17 31 1216
17 31 1217
17 31 1219
17 31 1220
17 31 1223
17 31 1224
17 31 1225
67 106 681
67 106 685
67 106 742
67 106 755
67 95 774
117 91 314
117 91 371
117 91 373
117 91 374
117 10 315
117 10 316
117 10 360
117 10 362
117 10 370
117 10 372
56 118 124
56 118 125
56 118 127
56 118 128
56 118 129
56 118 130
56 118 131
56 118 132
56 118 135
56 118 136
56 118 137
56 118 139
56 118 140
56 118 141
56 118 142
56 118 143
56 118 148
56 118 149
56 118 157
56 118 158
56 118 159
56 118 160
56 118 161
56 118 163
56 118 167
56 118 168
56 118 169
56 118 170
56 118 171
56 118 172
56 118 173
56 118 174
56 118 175
56 118 176
56 118 177
56 118 188
56 118 190
56 118 191
56 118 192
56 118 193
56 118 205
56 118 206
56 118 207
56 118 208
56 118 209
56 118 210
56 118 211
56 118 212
56 118 214
56 118 215
56 118 246
56 118 250
56 118 259
56 118 260
56 118 261
56 118 262
56 118 267
56 118 275
56 118 279
56 118 283
56 118 284
56 118 286
56 118 296
56 118 297
56 118 303
56 118 308
56 118 310
56 118 311
56 118 312
56 118 313
56 118 314
56 118 315
56 118 317
56 118 318
56 118 319
56 118 320
56 118 321
56 118 322
56 118 323
56 118 324
56 118 325
56 118 326
56 118 327
56 118 332
56 118 333
56 118 334
56 118 335
56 118 336
56 118 337
56 118 338
56 118 339
56 118 340
56 118 341
56 118 342
56 118 343
56 118 345
56 118 347
56 118 349
56 118 350
56 118 351
56 118 352
56 118 353
56 118 354
56 118 355
56 118 356
56 118 357
56 118 358
56 118 359
56 118 360
56 118 361
56 118 362
56 118 363
56 118 364
56 118 365
56 118 366
56 118 367
56 118 369
56 118 370
56 118 371
56 118 372
56 118 375
56 118 376
56 118 377
56 118 378
56 118 379
56 118 380
56 118 382
56 118 383
56 118 384
56 118 385
56 118 386
56 118 388
56 118 389
56 118 390
56 118 394
56 118 395
56 118 396
56 118 399
56 118 404
56 118 406
56 118 407
56 118 408
56 118 409
56 118 410
56 118 413
56 118 414
56 118 415
56 118 416
56 118 417
56 118 419
118 101 213
118 32 319
118 55 668
118 55 690
118 55 691
118 55 692
118 55 701
118 55 702
118 55 703
118 55 717
118 55 737
118 55 740
118 71 673
118 75 690
118 75 712
118 75 713
118 75 716
118 75 744
118 82 697
118 82 704
118 100 711
118 100 727
118 100 755
118 100 810
118 100 811
89 5 152
89 5 153
89 5 154
89 5 155
89 5 156
89 5 157
89 5 158
89 5 163
89 5 165
89 5 166
89 5 167
89 5 168
89 5 169
89 5 170
89 5 171
89 5 180
89 5 181
89 5 182
89 5 206
89 5 214
89 5 221
89 5 226
89 5 231
89 5 240
89 5 246
89 5 249
89 5 254
89 5 256
89 5 266
89 5 271
89 5 273
89 5 274
89 5 276
89 5 289
89 5 295
89 5 296
89 5 298
89 5 299
89 5 300
89 5 301
89 5 304
89 5 324
89 5 334
89 5 336
89 5 338
89 5 339
89 5 341
89 5 342
89 5 349
89 5 351
89 5 356
89 5 359
89 5 379
89 5 380
89 5 381
89 5 383
89 5 384
89 5 385
89 5 386
89 5 388
89 5 389
89 5 390
89 5 391
89 5 393
89 5 394
89 5 397
89 5 398
89 5 399
89 112 308
89 68 1218
89 68 1219
89 68 1229
89 68 1232
89 68 1233
89 68 1235
89 68 1270
89 68 1274
89 68 1301
89 68 1310
89 68 1312
89 68 1315
89 68 1323
89 68 1324
89 68 1326
89 68 1334
89 68 1337
89 68 1338
89 68 1339
89 68 1340
89 68 1350
89 68 1366
89 68 1380
89 68 1381
89 68 1382
89 68 1383
89 68 1385
89 68 1390
89 68 1391
89 68 1392
89 68 1393
89 68 1397
89 68 1398
89 68 1399
89 68 1400
89 68 1401
89 68 1402
89 68 1403
89 68 1404
89 68 1408
89 68 1409
89 68 1411
89 68 1412
89 68 1413
5 102 308
5 102 309
5 102 310
5 102 311
5 106 678
5 106 682
5 106 769
5 45 831
62 50 468
62 50 469
62 50 472
62 50 477
62 50 487
62 50 489
62 50 492
62 50 495
62 50 511
62 50 516
62 68 501
62 63 509
62 112 509
62 124 511
62 97 511
62 81 514
83 13 193
83 13 205
83 13 221
83 13 235
83 13 236
83 13 238
83 13 282
83 0 193
83 0 203
83 0 204
83 0 205
83 0 206
83 0 210
83 0 218
83 0 219
83 0 235
83 0 282
83 64 1080
83 64 1081
83 64 1083
83 64 1084
83 64 1085
83 64 1086
83 64 1087
83 64 1088
83 64 1090
83 64 1091
83 64 1092
83 64 1093
83 64 1095
83 64 1096
83 64 1097
83 26 1082
83 26 1088
13 54 234
13 74 504
13 74 530
0 11 193
0 11 223
0 11 228
0 11 229
0 11 231
0 11 236
0 11 243
0 11 246
0 11 253
0 11 256
0 11 266
0 11 267
0 11 275
0 11 277
0 11 278
0 11 279
0 11 280
0 11 281
0 11 282
0 93 200
0 93 216
0 93 222
0 93 280
0 93 281
11 93 261
11 93 262
11 93 263
11 93 264
11 93 280
11 93 281
11 93 626
11 93 635
11 93 637
11 93 659
11 93 660
11 93 675
11 93 678
11 93 680
11 93 689
11 93 691
11 93 698
11 93 716
11 93 719
11 82 633
11 82 634
11 82 650
11 82 651
11 82 652
11 82 653
11 82 654
11 82 655
11 82 657
11 82 658
11 82 659
11 82 660
11 82 661
11 82 662
11 82 663
11 82 683
11 82 684
11 82 685
11 82 686
11 82 687
11 82 688
11 82 689
11 82 690
11 82 691
11 82 692
11 82 693
11 82 694
11 82 695
11 82 696
11 82 697
11 82 698
11 82 699
11 82 700
11 82 701
11 82 702
11 82 703
11 82 704
11 82 705
11 82 706
11 82 707
11 82 708
11 82 709
11 82 710
11 82 711
11 82 713
11 82 714
11 82 715
11 82 716
11 82 719
11 112 660
11 102 673
11 102 674
11 58 688
11 2 691
11 2 719
11 41 719
101 85 200
101 15 234
101 81 290
101 81 292
101 81 370
101 81 372
101 32 295
101 32 337
101 32 338
101 32 339
101 32 340
101 32 345
101 32 347
101 32 348
101 32 371
101 32 372
101 32 373
101 32 374
101 98 300
101 48 301
101 48 369
85 38 733
85 38 779
85 38 780
85 38 793
85 38 822
85 38 828
93 92 624
93 92 629
93 92 631
93 92 632
93 92 645
93 92 648
93 92 650
93 122 625
93 122 636
93 104 689
93 104 701
76 91 1133
114 15 232
114 15 233
114 15 235
114 15 236
114 15 237
114 15 238
114 15 239
114 15 242
114 15 246
114 15 247
114 15 248
114 15 249
114 15 250
114 15 251
114 15 252
114 15 253
114 15 254
114 15 255
114 15 256
114 15 260
114 15 261
114 15 263
114 15 266
114 15 268
114 15 270
114 15 271
114 15 272
114 15 273
114 15 274
114 15 275
114 15 276
114 15 277
114 15 278
114 15 279
114 15 280
114 15 281
114 15 282
114 15 283
114 15 284
114 15 287
114 15 288
114 15 289
114 15 290
114 15 292
114 15 294
114 15 296
114 15 298
114 15 299
114 111 234
114 46 912
114 46 914
114 46 927
114 46 934
114 46 935
114 46 937
114 46 945
114 46 946
114 46 954
114 46 958
114 46 961
114 46 964
114 64 928
114 28 929
114 16 936
114 4 941
114 4 943
114 4 948
15 104 556
15 104 651
15 104 653
15 90 557
15 90 558
15 90 559
15 90 560
15 90 561
15 47 569
15 94 614
15 32 660
15 32 661
15 32 662
15 32 663
15 32 664
15 32 665
15 32 668
15 32 669
15 32 671
15 32 672
15 32 673
15 32 674
15 32 675
15 32 677
15 32 678
15 32 679
15 32 680
15 32 681
15 32 682
15 32 683
15 32 684
15 32 686
15 32 687
15 32 688
15 32 689
15 32 690
15 32 691
15 32 692
15 32 693
15 32 694
15 32 695
15 32 696
15 32 697
15 32 698
15 32 699
15 32 700
15 32 701
15 32 702
15 32 703
15 32 704
15 32 705
15 32 706
15 32 707
15 32 708
15 32 709
15 32 710
15 32 711
15 32 712
15 32 713
15 32 714
15 32 715
15 32 716
15 32 717
15 32 718
15 32 720
15 32 721
15 32 724
15 32 726
15 32 727
15 32 728
15 32 730
15 32 731
15 32 732
15 32 734
15 32 737
15 38 736
54 98 269
54 98 282
54 98 284
54 98 292
54 98 293
54 98 294
54 98 295
54 98 296
54 98 298
54 98 299
54 98 300
54 98 301
54 98 302
54 98 307
54 98 312
54 98 313
54 98 317
54 98 321
54 98 346
54 98 353
54 98 360
54 98 368
54 98 376
54 98 377
54 98 431
54 98 446
111 108 336
111 108 338
111 108 398
111 108 444
111 108 445
108 64 247
108 64 249
108 64 251
108 64 252
108 64 258
108 64 263
108 64 265
108 64 266
108 64 268
108 64 269
108 64 270
108 64 272
108 64 273
108 64 274
108 64 276
108 64 277
108 64 278
108 64 280
108 64 281
108 48 354
108 48 358
108 48 359
108 48 364
108 48 365
108 48 367
108 48 369
108 48 370
108 48 372
108 48 389
108 48 392
108 48 393
108 48 394
108 48 395
108 48 396
108 48 397
108 48 398
108 48 432
108 48 433
108 48 435
108 48 436
108 48 445
108 32 369
108 92 369
64 32 321
64 31 1083
64 31 1084
64 31 1085
64 31 1086
64 31 1088
64 31 1089
64 31 1090
64 31 1091
64 39 1083
64 39 1084
64 39 1085
64 39 1089
64 53 1083
98 112 269
98 10 301
98 121 446
98 45 660
98 61 660
98 61 669
98 61 670
98 61 671
98 61 672
98 61 673
98 61 674
98 61 675
98 61 676
98 61 678
98 61 679
98 61 683
98 61 684
98 61 685
98 61 689
98 61 694
98 61 695
98 61 698
98 61 699
98 61 705
98 61 706
98 61 707
98 61 708
98 61 709
98 61 711
98 61 712
98 61 713
98 61 714
98 61 717
98 61 720
98 61 721
98 61 725
98 61 728
98 61 729
98 102 677
112 48 269
112 60 407
112 60 420
112 55 423
112 55 475
112 102 660
48 126 301
48 126 369
48 10 301
48 10 1182
48 10 1184
48 10 1187
48 10 1190
48 10 1191
48 10 1192
48 10 1194
48 10 1198
48 10 1204
48 10 1206
48 10 1213
48 10 1215
48 10 1231
48 10 1237
48 10 1240
48 10 1252
48 10 1253
48 121 339
48 121 340
48 121 367
48 121 371
48 121 372
48 121 442
48 121 445
48 121 446
48 68 425
48 68 441
48 63 425
48 97 1179
48 97 1180
48 97 1181
48 97 1182
48 97 1186
48 97 1191
48 97 1192
48 97 1193
48 97 1195
48 97 1201
48 97 1203
48 97 1204
48 97 1205
48 97 1213
48 97 1234
48 97 1237
48 97 1253
92 91 284
92 91 296
92 91 300
92 91 319
92 91 371
92 91 374
92 10 287
92 10 288
92 10 294
92 10 300
92 10 301
92 10 303
92 10 307
92 10 319
92 10 329
92 10 330
92 10 331
92 10 332
92 10 333
92 10 334
92 10 347
92 10 348
92 10 349
92 10 350
92 10 360
92 10 362
92 10 364
92 10 367
92 10 369
92 10 370
92 10 371
92 10 372
92 10 373
92 10 374
92 126 295
92 126 297
92 126 298
92 126 310
92 126 311
92 126 339
92 126 370
92 126 371
92 126 372
92 126 373
92 126 374
92 9 638
92 9 656
92 102 672
92 102 673
92 102 674
92 58 688
92 80 709
92 41 719
91 8 371
91 8 373
91 8 374
91 32 373
91 32 374
91 32 375
91 88 1068
91 88 1069
91 88 1070
91 88 1072
91 88 1074
91 88 1075
91 88 1076
91 88 1079
91 88 1080
91 88 1081
91 88 1082
91 88 1083
91 88 1084
91 88 1085
91 88 1086
91 88 1088
91 88 1089
91 88 1090
91 88 1091
91 88 1092
91 88 1101
91 88 1104
91 88 1105
91 88 1106
91 88 1109
91 88 1112
91 88 1113
91 88 1114
91 88 1115
91 88 1116
91 88 1117
91 88 1118
91 88 1119
91 88 1120
91 88 1121
91 88 1122
91 88 1123
91 88 1124
91 88 1127
91 88 1128
91 88 1129
91 88 1130
91 88 1131
91 88 1132
91 88 1133
91 88 1134
91 88 1135
91 88 1136
91 115 1072
91 115 1073
91 115 1074
91 115 1075
91 115 1076
91 115 1135
91 115 1136
91 53 1073
91 53 1074
91 53 1075
91 53 1109
91 53 1136
91 79 1074
8 126 284
8 126 286
8 126 287
8 126 288
8 126 298
8 126 303
8 126 371
8 126 373
8 126 374
8 123 297
8 30 409
8 30 411
8 30 413
8 30 414
8 30 416
8 30 418
8 30 434
8 30 442
8 30 497
8 30 506
8 30 512
8 30 513
8 30 529
8 30 530
8 30 548
8 30 570
8 30 571
8 30 577
8 30 580
8 30 599
8 30 601
8 30 604
8 30 605
8 30 607
8 30 608
8 30 618
8 30 620
8 30 622
8 55 476
8 60 525
126 81 297
126 81 315
126 81 370
126 81 372
126 32 300
126 32 322
126 32 333
126 32 335
126 32 339
126 32 340
126 32 343
126 32 344
126 32 345
126 32 346
126 32 347
126 32 348
126 32 349
126 32 350
126 32 351
126 32 352
126 32 353
126 32 354
126 32 355
126 32 356
126 32 357
126 32 358
126 32 360
126 32 368
126 32 369
126 32 371
126 32 372
126 32 373
126 32 374
10 81 290
10 81 292
10 81 309
10 81 370
10 81 372
10 32 296
10 32 297
10 32 299
10 32 304
10 32 326
10 32 327
10 32 341
10 32 343
10 32 344
10 32 345
10 32 346
10 32 347
10 32 348
10 32 349
10 32 350
10 32 351
10 32 352
10 32 353
10 32 354
10 32 355
10 32 356
10 32 357
10 32 359
10 32 369
10 32 371
10 32 372
10 32 373
10 32 374
10 107 1177
10 107 1185
10 107 1187
10 107 1188
10 107 1190
10 107 1194
10 107 1202
10 107 1206
10 107 1230
10 107 1231
10 107 1239
10 107 1240
10 107 1244
81 37 372
81 60 427
81 55 509
81 55 520
81 102 511
32 94 654
102 63 421
102 63 498
102 63 511
102 63 519
102 26 480
102 26 481
102 26 511
102 70 512
102 50 512
102 129 597
102 82 628
102 82 633
102 82 634
102 82 649
102 82 672
102 82 673
102 82 674
102 82 680
102 82 689
102 82 691
102 82 698
102 82 699
102 82 700
102 82 716
102 82 719
102 90 666
102 113 670
102 113 703
102 113 704
102 113 705
102 113 706
102 80 690
102 41 690
102 41 715
102 41 719
102 2 690
102 2 691
102 2 697
102 2 719
37 125 660
37 125 668
37 106 671
37 106 672
37 55 675
37 55 681
37 55 682
37 55 710
37 55 713
37 55 729
37 55 730
37 55 732
37 55 733
37 55 760
37 55 794
37 55 803
37 55 809
37 75 681
37 66 682
37 66 733
37 66 795
37 71 683
37 71 693
37 71 759
37 71 762
37 71 766
37 71 769
37 100 696
37 100 748
37 100 749
37 100 769
37 100 770
37 100 771
37 127 698
37 82 732
37 82 748
37 82 754
37 82 775
37 95 774
37 95 775
60 86 378
60 86 430
60 86 457
60 86 537
60 86 539
60 86 540
60 86 541
60 86 542
60 63 381
60 63 382
60 63 384
60 63 385
60 63 386
60 63 388
60 63 390
60 63 394
60 63 399
60 63 410
60 63 412
60 63 415
60 63 416
60 63 417
60 63 420
60 63 422
60 63 423
60 63 425
60 63 431
60 63 432
60 63 455
60 63 467
60 63 472
60 63 474
60 63 476
60 63 485
60 63 495
60 63 514
60 63 515
60 63 521
60 63 523
60 63 538
60 63 539
60 63 540
60 63 541
60 63 542
60 23 411
60 58 429
60 124 461
60 97 481
60 97 482
60 70 508
60 70 521
60 129 514
60 105 515
60 100 974
86 55 391
86 55 526
86 55 540
86 55 541
86 26 450
86 26 451
86 26 452
86 26 459
86 26 461
86 26 462
86 26 463
86 26 464
86 26 465
86 26 466
86 26 468
86 26 469
86 26 481
86 26 482
86 26 483
86 26 484
86 26 485
86 26 486
86 26 487
86 26 488
86 26 495
86 26 502
86 26 503
86 26 504
86 26 505
86 26 508
86 26 519
86 26 520
86 26 531
86 26 533
86 26 538
86 124 466
86 124 484
86 124 498
86 124 500
86 124 503
86 124 505
86 124 509
86 124 518
86 124 519
86 124 527
86 124 528
86 124 531
86 124 533
86 124 535
86 124 538
86 66 527
86 66 528
86 14 535
86 115 540
63 77 382
63 77 390
63 77 430
63 77 527
63 77 539
63 77 542
63 52 428
63 30 497
63 44 521
63 84 528
63 115 530
63 106 681
63 106 682
63 106 686
63 106 704
63 106 811
63 75 721
63 75 722
63 75 723
63 75 727
63 75 728
63 75 733
63 75 737
63 75 771
63 82 779
63 82 782
77 26 532
77 124 538
77 79 1351
77 79 1355
77 79 1357
77 79 1373
77 79 1405
77 79 1422
77 79 1423
55 16 503
55 105 506
55 105 514
55 105 515
55 70 508
55 70 522
55 124 528
55 78 675
55 78 692
55 78 803
55 109 676
55 109 688
55 109 705
55 109 717
55 109 718
55 109 720
55 109 724
55 109 725
55 109 745
55 109 746
55 109 759
55 109 760
55 109 761
55 58 682
55 58 726
55 58 731
55 58 740
55 58 759
55 58 761
55 99 685
55 99 688
55 99 706
55 99 707
55 99 708
55 99 709
55 99 714
55 99 725
55 99 746
55 99 799
55 103 685
55 103 711
55 103 712
55 103 735
55 103 736
55 103 740
55 103 745
55 103 766
55 103 770
55 103 788
55 103 796
55 103 797
55 103 799
55 103 803
55 103 809
55 45 707
55 45 770
55 45 784
55 45 795
55 19 715
55 19 743
55 19 744
55 19 755
55 19 757
55 19 770
55 24 721
55 24 734
55 24 736
55 24 791
55 24 804
55 24 806
55 14 727
55 14 741
55 14 804
55 116 741
55 116 747
23 23 405
23 23 409
18 28 407
18 28 408
18 28 410
18 28 413
18 28 417
18 66 454
18 66 455
18 66 456
18 66 458
18 66 459
18 66 460
18 66 468
18 66 469
18 66 482
18 66 492
18 66 498
18 66 500
18 66 501
18 66 503
18 66 516
28 21 906
28 9 1003
30 97 481
30 46 917
30 46 921
30 46 922
30 104 917
30 104 918
30 104 919
30 104 920
30 104 921
68 66 499
68 66 527
68 44 521
52 104 916
52 104 918
52 104 928
52 104 930
52 104 939
52 104 951
52 104 957
52 104 959
52 104 963
52 104 967
58 125 671
58 125 683
58 125 690
58 71 675
58 71 676
58 71 677
58 71 679
58 71 686
58 71 689
58 71 703
58 71 713
58 71 714
58 71 715
58 71 719
58 71 727
58 127 682
58 127 683
58 127 721
58 127 722
58 127 723
58 127 727
58 127 733
58 127 735
58 127 742
58 127 743
58 75 690
58 75 696
58 75 698
58 75 704
58 75 705
58 75 706
58 75 707
58 75 708
58 75 709
58 75 758
58 75 760
58 75 765
58 75 800
58 82 694
58 82 718
58 82 719
58 82 727
58 82 737
58 82 741
58 82 743
58 82 789
58 82 790
58 82 791
58 82 792
58 106 704
58 106 705
58 106 706
58 106 715
58 106 719
58 106 808
58 100 720
58 100 727
58 100 766
58 100 767
58 100 768
58 100 788
58 100 800
58 100 804
58 87 745
58 87 746
58 24 776
58 45 831
115 26 445
115 26 448
115 26 451
115 26 452
115 26 453
115 26 455
115 26 456
115 26 459
115 26 460
115 26 461
115 26 462
115 26 464
115 26 468
115 26 471
115 26 474
115 26 475
115 26 477
115 26 478
115 26 479
115 26 480
115 26 482
115 26 483
115 26 485
115 26 492
115 26 499
115 26 501
115 26 517
115 26 519
115 26 520
115 26 534
115 26 536
115 26 537
115 26 538
115 26 539
115 97 452
115 97 454
115 97 470
115 97 478
115 97 482
115 97 485
115 97 495
115 97 497
115 97 499
115 97 502
115 97 504
115 97 506
115 97 507
115 97 508
115 97 511
115 97 524
115 97 525
115 97 526
115 97 529
115 97 532
115 97 534
115 97 537
115 50 511
115 14 519
115 14 535
115 41 537
115 70 983
115 70 984
115 70 986
115 70 1041
115 70 1042
115 70 1046
115 70 1055
115 70 1062
115 70 1063
115 70 1064
115 70 1135
115 70 1136
115 70 1137
115 70 1138
115 47 986
115 47 988
115 47 1005
115 47 1021
115 47 1024
115 47 1026
115 47 1048
115 47 1049
115 47 1059
115 47 1066
115 47 1070
115 47 1073
115 47 1074
115 47 1077
115 47 1084
115 47 1136
115 47 1137
115 31 1005
26 36 450
26 36 451
26 36 468
26 36 474
26 36 480
26 36 489
26 36 490
26 36 517
26 36 534
26 36 537
26 36 538
26 72 511
26 12 518
26 12 519
26 39 990
26 39 992
26 39 993
26 39 996
26 39 998
26 39 999
26 39 1000
26 39 1001
26 39 1005
26 39 1006
26 39 1007
26 39 1008
26 39 1009
26 39 1011
26 39 1012
26 39 1013
26 39 1014
26 39 1016
26 39 1017
26 39 1020
26 39 1026
26 39 1028
26 39 1032
26 39 1033
26 39 1034
26 39 1043
26 39 1044
26 39 1047
26 39 1048
26 39 1049
26 39 1057
26 39 1058
26 39 1061
26 39 1064
26 39 1066
26 39 1078
26 39 1081
26 39 1094
26 39 1109
26 33 1005
26 9 1011
26 9 1012
36 97 450
36 97 471
36 97 482
36 97 483
36 97 484
36 97 485
36 97 486
36 97 487
36 97 488
36 97 489
36 97 490
36 97 531
36 97 534
36 97 537
36 124 451
36 124 452
36 124 453
36 124 456
36 124 468
36 124 472
36 124 474
36 124 477
36 124 480
36 124 481
36 124 482
36 124 510
36 124 511
36 124 516
36 124 524
36 124 538
36 50 998
97 21 506
97 21 507
97 21 530
97 12 1181
97 12 1182
97 12 1189
97 12 1191
97 12 1192
97 12 1193
97 12 1195
97 12 1197
97 12 1199
97 12 1200
97 12 1201
97 12 1203
97 12 1204
97 12 1205
97 12 1208
97 12 1209
97 12 1211
97 12 1212
97 12 1214
97 12 1234
97 12 1235
97 12 1236
97 12 1237
97 12 1238
97 12 1241
97 12 1243
97 12 1246
97 12 1253
124 44 470
124 21 512
124 21 513
124 21 530
124 84 519
66 99 668
66 99 669
66 99 671
66 99 717
66 99 718
66 99 797
66 99 799
66 99 800
66 109 680
66 109 722
66 109 723
66 109 724
66 109 759
66 109 786
66 24 694
66 24 712
66 24 713
66 24 714
66 24 715
66 24 721
66 24 733
66 24 740
66 24 775
66 24 776
66 24 793
66 19 698
66 19 700
66 14 705
66 14 707
66 14 708
66 14 709
66 14 755
66 103 711
66 103 718
66 103 737
66 103 738
66 103 740
66 103 741
66 103 781
66 103 792
66 103 793
66 103 797
66 103 798
66 103 805
66 78 744
66 78 775
66 90 776
66 90 780
66 90 831
50 33 896
50 33 897
50 33 913
50 33 915
50 33 916
50 33 919
50 33 920
50 33 924
50 33 925
50 33 929
50 33 966
50 33 967
50 33 968
50 33 969
50 33 972
50 33 1005
50 33 1006
44 70 473
44 70 474
44 70 475
44 70 476
44 70 479
44 70 480
44 70 484
44 70 488
44 70 490
44 70 491
44 70 493
44 70 496
44 70 497
44 70 502
44 70 503
44 70 507
44 70 508
44 70 510
44 70 513
44 70 515
44 70 517
44 70 519
44 70 525
44 70 533
44 70 534
44 70 535
44 70 536
44 70 537
44 70 538
44 70 543
44 70 550
44 70 555
44 39 722
70 72 506
70 53 1049
70 53 1063
70 53 1074
70 53 1136
70 88 1135
70 88 1136
70 88 1137
70 88 1138
70 116 1251
70 116 1252
70 99 1252
16 120 510
16 120 511
16 120 512
16 120 516
16 120 533
16 120 539
16 120 547
16 120 548
16 120 554
16 120 563
16 120 565
16 120 566
16 120 570
16 120 573
16 120 574
16 120 576
16 120 578
16 120 580
16 120 581
16 120 583
16 120 584
16 120 585
16 120 586
16 120 590
16 120 591
16 120 592
16 120 593
16 120 594
16 120 595
16 120 596
16 120 597
16 120 598
16 120 601
16 120 606
16 120 607
16 120 611
16 120 620
16 120 640
16 120 655
16 120 661
16 120 662
16 120 663
16 120 664
16 120 665
16 120 666
16 120 667
16 120 668
16 120 674
16 120 679
16 120 681
16 120 686
16 120 687
16 120 690
16 84 519
16 103 904
16 103 906
16 103 909
16 103 921
16 103 946
16 103 955
16 38 955
16 38 956
16 95 955
16 95 956
16 78 956
74 95 520
74 39 1083
74 39 1084
74 39 1085
74 39 1086
74 39 1089
74 39 1090
74 31 1083
74 31 1084
74 31 1085
74 31 1086
74 31 1087
74 31 1089
74 31 1090
74 31 1091
74 72 1089
74 72 1094
74 72 1098
21 41 530
21 69 955
72 33 946
72 1 1065
72 1 1066
72 1 1067
105 53 983
105 53 984
105 53 1006
105 53 1007
105 53 1015
105 53 1016
105 53 1022
105 53 1025
105 53 1039
105 53 1063
105 53 1067
105 53 1068
105 53 1071
105 53 1072
105 53 1075
105 53 1076
105 53 1078
105 53 1081
105 53 1085
105 88 1136
105 88 1137
105 88 1138
84 14 506
84 14 507
84 14 508
84 14 510
84 14 512
84 14 513
84 14 518
84 14 519
84 14 520
84 14 521
84 14 522
84 14 524
84 14 528
84 14 529
84 14 530
84 14 531
84 14 532
84 14 533
84 14 534
84 14 535
84 14 536
84 14 537
84 14 538
84 14 539
84 14 541
84 14 542
84 14 545
84 14 548
84 14 549
84 14 550
84 14 551
84 14 552
84 14 553
84 14 554
84 14 555
84 14 556
84 14 558
84 14 560
84 14 561
84 14 565
84 14 567
84 14 570
84 14 571
84 14 573
84 14 576
84 14 579
84 14 583
84 14 588
84 14 604
84 14 606
84 14 611
84 14 612
84 14 617
14 94 595
14 94 621
14 80 620
14 2 621
14 75 706
14 75 731
14 24 709
14 24 755
14 82 712
14 82 720
14 113 731
14 113 744
14 113 810
14 125 745
14 127 769
14 42 806
120 94 609
120 94 610
120 4 917
12 94 557
12 94 559
12 94 562
12 94 563
12 94 564
12 94 566
12 94 568
12 94 569
12 94 572
12 94 574
12 94 575
12 94 577
12 94 580
12 94 581
12 94 582
12 94 584
12 94 586
12 94 587
12 94 590
12 94 591
12 94 593
12 94 595
12 94 597
12 94 598
12 94 602
12 94 603
12 94 605
12 94 613
12 94 614
12 94 615
12 94 618
12 94 619
12 94 620
12 94 621
12 94 622
12 94 623
12 94 624
12 94 625
12 94 626
12 90 601
12 90 602
12 104 601
12 42 1189
12 42 1193
12 42 1197
12 42 1199
12 42 1205
12 42 1208
12 42 1212
12 42 1243
95 33 734
95 33 737
95 33 753
95 33 754
95 33 755
95 33 756
95 33 757
95 33 758
95 33 761
95 33 783
95 33 787
95 33 792
95 33 807
95 33 810
95 33 812
95 33 819
95 33 820
95 33 823
95 33 827
95 33 838
95 33 847
95 33 865
95 33 914
95 33 919
95 33 922
95 33 926
95 33 934
95 33 936
95 33 947
95 33 950
95 33 951
95 33 954
95 33 955
95 33 956
95 33 957
95 69 738
95 69 760
95 69 761
95 69 893
95 69 955
95 69 956
95 69 957
41 104 548
41 104 549
41 104 550
41 104 551
41 104 572
41 104 573
41 104 575
41 104 579
41 104 581
41 104 601
41 104 610
41 104 614
41 104 615
41 104 624
41 104 642
41 104 647
41 104 648
41 104 650
41 104 651
41 104 653
41 104 659
41 104 665
41 104 668
41 104 669
41 104 670
41 104 671
41 104 672
41 104 673
41 104 674
41 104 676
41 104 677
41 104 678
41 104 679
41 104 683
41 104 685
41 104 686
41 104 712
41 104 713
41 104 714
41 104 715
41 90 549
41 90 550
41 90 551
41 90 553
41 90 555
41 90 556
41 90 558
41 90 560
41 90 561
41 90 564
41 90 569
41 90 570
41 90 572
41 90 580
41 90 583
41 90 587
41 90 589
41 90 608
41 90 609
41 90 613
41 90 617
41 90 621
41 90 647
41 90 648
41 90 665
41 90 668
41 90 670
41 90 673
41 90 679
41 90 682
41 90 683
41 90 684
41 90 687
41 90 707
41 90 708
41 90 712
41 2 661
41 2 662
41 2 663
41 2 664
41 2 665
41 2 667
41 2 668
41 2 669
41 2 670
41 2 671
41 2 672
41 2 673
41 2 675
41 2 678
41 2 679
41 2 687
41 2 688
41 2 708
41 2 719
2 90 548
2 90 549
2 90 550
2 90 551
2 90 553
2 90 554
2 90 555
2 90 556
2 90 557
2 90 558
2 90 559
2 90 560
2 90 561
2 90 562
2 90 571
2 90 572
2 90 574
2 90 575
2 90 577
2 90 579
2 90 585
2 90 588
2 90 589
2 90 592
2 90 596
2 90 598
2 90 600
2 90 601
2 90 605
2 90 612
2 90 615
2 90 617
2 90 618
2 90 619
2 90 647
2 104 548
2 104 549
2 104 550
2 104 551
2 104 552
2 104 561
2 104 562
2 104 568
2 104 572
2 104 577
2 104 578
2 104 581
2 104 582
2 104 588
2 104 589
2 104 590
2 104 591
2 104 594
2 104 598
2 104 599
2 104 604
2 104 605
2 104 607
2 104 608
2 104 609
2 104 610
2 104 611
2 104 614
2 104 615
2 104 616
2 104 617
2 104 618
2 104 619
2 104 621
2 104 627
2 104 628
2 104 629
2 104 632
2 104 642
2 104 643
2 104 644
2 104 647
2 104 648
2 104 650
2 104 651
2 104 654
2 104 661
2 104 662
2 104 669
2 104 671
2 104 672
2 104 676
2 104 684
2 104 687
2 104 689
2 104 691
2 104 692
2 104 693
2 104 696
2 104 708
2 104 709
2 104 710
2 104 711
2 104 715
2 47 549
2 47 550
2 47 553
2 47 554
2 47 555
2 47 574
2 47 577
2 47 578
2 47 600
2 47 606
2 47 609
2 47 610
2 47 615
2 47 617
2 47 619
2 47 647
2 47 648
2 80 661
2 80 662
2 80 665
2 80 666
2 80 667
2 80 668
2 80 669
2 80 670
2 80 671
2 80 672
2 80 673
2 80 674
2 80 675
2 80 683
2 80 688
2 80 689
2 80 690
2 80 693
2 80 694
2 80 696
2 80 708
2 80 709
2 80 715
2 80 716
2 94 665
2 94 666
2 94 668
2 94 670
2 94 673
2 94 675
2 94 678
2 94 679
2 94 688
2 82 691
2 82 719
90 94 556
90 94 565
90 94 573
90 94 574
90 94 576
90 94 578
90 94 579
90 94 580
90 94 583
90 94 585
90 94 588
90 94 589
90 94 593
90 94 596
90 94 599
90 94 601
90 94 602
90 94 604
90 94 605
90 94 606
90 94 608
90 94 609
90 94 611
90 94 612
90 94 615
90 94 617
90 94 618
90 94 619
90 94 621
90 94 623
90 94 627
90 94 629
90 94 645
90 94 647
90 94 648
90 94 653
90 94 654
90 107 641
90 107 652
90 106 674
90 106 686
90 106 780
90 75 686
90 75 687
90 75 710
90 75 712
90 75 713
90 75 714
90 75 715
90 75 716
90 75 718
90 75 719
90 75 720
90 75 723
90 75 737
90 75 747
90 75 769
90 75 770
90 75 771
90 75 783
90 75 785
90 71 706
90 71 708
90 71 709
90 71 710
90 71 736
90 71 771
90 71 782
90 71 790
90 71 793
90 113 779
90 113 781
90 113 782
90 82 791
90 45 831
104 80 548
104 80 549
104 80 550
104 80 551
104 80 575
104 80 581
104 80 582
104 80 584
104 80 590
104 80 592
104 80 594
104 80 598
104 80 600
104 80 603
104 80 607
104 80 613
104 80 614
104 80 620
104 80 628
104 80 646
104 80 649
104 80 661
104 80 663
104 80 664
104 80 665
104 80 666
104 80 668
104 80 669
104 80 670
104 80 671
104 80 672
104 80 673
104 80 675
104 80 676
104 80 677
104 80 682
104 80 683
104 80 684
104 80 685
104 80 686
104 80 687
104 80 688
104 80 689
104 80 690
104 80 691
104 80 705
104 80 708
104 80 711
104 80 712
104 80 713
104 80 714
104 82 688
104 9 692
104 9 716
104 113 698
104 103 936
104 127 938
104 4 949
80 47 552
80 47 554
80 47 557
80 47 559
80 47 575
80 47 581
80 47 584
80 47 598
80 47 607
80 47 620
80 47 669
80 47 671
80 47 672
80 47 676
80 47 685
80 47 686
80 47 715
80 94 601
80 94 602
80 106 1440
47 94 574
47 94 578
47 94 595
47 94 598
47 94 600
47 94 609
47 94 618
47 94 658
47 75 648
47 75 652
47 88 1074
47 88 1136
47 88 1137
94 100 688
75 1 608
75 1 609
75 1 613
75 1 621
75 1 622
75 1 637
75 1 656
75 61 671
75 87 671
75 87 712
75 78 679
75 78 680
75 78 744
75 78 757
75 24 681
75 24 755
75 109 684
75 109 712
75 109 715
75 109 718
75 109 719
75 109 721
75 109 737
75 109 745
75 103 688
75 103 732
75 103 736
75 103 739
75 103 785
75 116 690
75 19 693
75 19 698
75 19 728
75 19 729
75 19 733
75 19 734
75 19 802
75 19 803
75 45 724
75 45 725
75 45 787
75 45 788
75 99 725
75 99 742
75 99 801
122 82 636
122 9 639
122 9 658
82 109 673
82 109 674
82 109 702
82 109 722
82 109 734
82 109 735
82 109 737
82 109 789
82 109 790
82 24 693
82 24 694
82 24 708
82 24 714
82 24 731
82 24 732
82 24 738
82 24 739
82 24 740
82 24 774
82 24 793
82 24 808
82 99 703
82 99 718
82 99 719
82 99 720
82 99 734
82 99 758
82 99 759
82 99 797
82 99 806
82 99 807
82 99 809
82 103 703
82 103 717
82 103 718
82 103 719
82 103 720
82 103 725
82 103 741
82 103 745
82 103 759
82 103 761
82 103 762
82 103 763
82 103 764
82 103 766
82 103 767
82 103 768
82 103 769
82 103 770
82 103 777
82 103 785
82 103 786
82 103 813
82 78 706
82 78 726
82 78 776
82 19 727
82 19 735
82 19 736
82 19 746
82 116 732
82 116 741
82 116 744
107 42 1177
107 42 1178
107 42 1183
107 42 1184
107 42 1185
107 42 1187
107 42 1188
107 42 1189
107 42 1190
107 42 1197
107 42 1202
107 42 1206
107 42 1208
107 42 1212
107 42 1231
107 42 1232
107 42 1236
107 42 1240
19 125 660
19 125 676
19 125 678
19 125 726
19 125 784
19 42 660
19 42 671
19 42 672
19 42 673
19 42 675
19 42 685
19 42 686
19 42 689
19 42 690
19 42 711
19 42 714
19 42 718
19 42 719
19 42 720
19 42 726
19 42 737
19 42 739
19 42 787
19 42 788
19 87 669
19 99 671
19 106 672
19 106 683
19 71 700
19 71 731
19 71 736
125 103 676
125 103 764
125 24 683
125 24 684
125 99 704
125 99 745
125 109 747
125 78 775
42 103 668
42 103 673
42 103 693
42 103 716
42 103 722
42 103 723
42 103 786
42 103 795
42 103 802
42 103 807
42 103 808
42 103 810
42 103 811
42 24 693
42 24 721
42 24 732
42 99 713
42 109 799
42 78 806
45 71 678
45 71 681
45 71 687
45 71 696
45 71 703
45 71 704
45 71 712
45 71 717
45 71 718
45 71 719
45 71 720
45 71 721
45 71 722
45 71 730
45 71 731
45 71 732
45 71 746
45 71 759
45 71 773
45 71 787
45 71 813
45 71 814
45 106 687
45 100 699
45 100 700
45 100 702
45 100 707
45 100 708
45 100 731
45 100 732
45 100 783
45 69 710
45 110 713
45 110 714
45 110 718
45 87 745
45 3 776
45 3 779
45 3 781
45 3 782
45 33 787
45 33 788
45 33 809
45 109 810
45 109 811
61 110 700
61 110 762
61 110 765
61 110 886
61 110 888
61 110 889
61 110 896
61 110 918
61 110 919
61 110 959
61 110 972
61 110 981
61 110 986
61 110 993
61 110 994
61 110 995
61 110 996
61 110 997
61 110 998
61 110 999
61 110 1000
61 110 1001
61 110 1004
61 110 1005
61 110 1010
61 110 1012
61 110 1013
61 110 1017
61 110 1019
61 110 1022
61 110 1024
61 110 1025
61 110 1026
99 113 685
99 113 701
99 113 713
99 113 716
99 113 717
99 113 719
99 113 720
99 113 740
99 113 757
99 113 758
99 127 690
99 127 801
99 71 708
99 71 720
99 71 721
99 71 722
99 71 1253
99 71 1346
99 71 1363
99 71 1378
99 71 1383
99 100 746
99 100 788
99 100 797
99 100 799
99 100 800
99 100 802
99 100 803
99 24 755
99 24 756
99 106 1249
99 106 1250
99 106 1251
99 106 1252
99 106 1253
99 106 1255
99 106 1303
99 106 1332
99 106 1362
99 106 1439
103 71 668
103 71 684
103 71 708
103 71 716
103 71 720
103 71 726
103 71 788
103 71 789
103 71 790
103 71 799
103 71 810
103 87 671
103 87 672
103 87 679
103 87 682
103 87 683
103 87 684
103 87 686
103 87 692
103 87 701
103 87 703
103 87 709
103 87 755
103 87 773
103 87 775
103 87 806
103 24 676
103 24 689
103 24 726
103 106 685
103 106 703
103 106 704
103 106 727
103 106 747
103 106 769
103 106 795
103 106 800
103 106 807
103 106 809
103 106 815
103 100 689
103 100 691
103 100 706
103 100 708
103 100 709
103 100 726
103 100 727
103 100 735
103 100 736
103 100 747
103 100 748
103 100 754
103 100 785
103 100 786
103 127 694
103 109 807
103 33 954
71 109 681
71 24 682
71 24 683
71 24 692
71 24 699
71 24 711
71 24 712
71 24 713
71 24 714
71 24 715
71 24 716
71 24 728
71 116 1253
71 116 1441
71 116 1442
87 109 707
87 24 757
87 33 771
87 33 772
87 33 773
109 100 669
109 100 673
109 100 674
109 100 684
109 100 685
109 100 688
109 100 689
109 100 693
109 100 697
109 100 699
109 100 700
109 100 701
109 100 702
109 100 704
109 100 716
109 100 717
109 100 718
109 100 719
109 100 727
109 100 729
109 100 730
109 100 733
109 100 734
109 100 735
109 100 736
109 100 737
109 100 739
109 100 740
109 100 741
109 100 742
109 100 747
109 100 756
109 100 766
109 100 785
109 100 786
109 100 801
109 100 802
109 100 804
109 100 805
109 100 810
109 100 812
109 106 683
109 127 727
109 127 746
109 127 810
109 127 839
109 127 847
109 127 873
109 127 898
109 127 899
109 127 931
109 127 932
109 127 934
109 127 936
109 127 995
109 127 996
109 3 781
100 78 685
100 78 790
100 24 698
100 24 749
100 24 751
100 24 752
100 24 753
100 24 754
100 24 790
100 24 792
100 24 797
100 116 726
100 116 784
100 116 785
100 39 810
100 39 811
24 106 682
24 106 684
24 106 692
24 106 693
24 106 722
24 106 724
24 106 736
24 106 756
24 106 757
24 106 764
24 106 781
24 127 690
24 127 734
24 127 739
24 127 740
24 127 769
24 38 774
24 113 781
24 113 791
24 113 793
113 78 774
113 78 776
106 116 672
106 116 705
106 78 729
106 78 756
106 78 803
106 78 808
106 46 1251
116 127 730
116 88 1290
116 88 1396
78 127 705
78 38 774
78 3 783
127 4 925
127 4 931
127 4 951
39 3 699
39 3 700
39 3 701
39 3 705
39 3 706
39 3 707
39 3 708
39 3 710
39 3 711
39 3 712
39 3 714
39 3 715
39 3 717
39 3 718
39 3 719
39 3 721
39 3 722
39 3 723
39 3 724
39 3 754
39 3 756
39 3 759
39 3 760
39 3 761
39 3 762
39 3 763
39 3 764
39 3 765
39 3 766
39 3 767
39 3 768
39 3 769
39 3 770
39 3 771
39 3 783
39 3 784
39 3 785
39 3 787
39 3 788
39 3 789
39 3 796
39 3 797
39 3 799
39 3 800
39 3 801
39 3 802
39 3 803
3 110 712
3 110 713
3 110 714
3 110 715
3 110 718
3 110 725
3 110 730
3 33 764
3 33 765
3 33 766
3 33 787
3 33 788
110 53 1003
69 38 751
69 38 760
69 38 761
69 38 765
69 38 766
69 38 767
69 38 768
69 38 769
69 38 775
69 38 780
69 38 791
69 38 813
69 38 816
69 38 828
69 38 829
69 38 830
69 38 843
69 38 844
69 38 946
69 38 947
69 38 951
69 38 952
69 38 953
69 38 954
69 38 955
69 38 956
69 38 957
69 38 958
33 4 904
33 4 905
33 4 908
33 4 912
31 53 1004
