33 25 0
33 25 4
33 25 6
33 25 7
33 25 8
33 25 11
33 24 5
33 24 13
33 24 14
33 24 16
33 24 25
33 24 26
33 24 27
33 24 28
33 24 29
33 24 34
33 24 39
33 24 42
33 24 43
33 24 47
33 24 48
33 24 50
33 24 51
33 24 52
33 24 53
33 24 56
33 24 57
33 24 58
33 24 62
33 24 78
33 24 80
33 24 81
33 24 82
33 24 83
33 24 84
33 24 85
33 24 89
33 24 90
33 12 25
33 137 86
33 0 89
25 11 737
25 11 748
25 11 756
25 11 758
25 11 764
25 11 765
25 11 771
25 11 772
25 11 788
25 11 789
25 11 791
25 11 800
25 11 812
25 78 740
25 78 745
25 78 747
25 78 748
25 78 754
25 78 758
25 78 762
25 78 764
25 78 765
25 78 770
25 78 774
25 78 789
25 78 791
25 78 800
25 78 802
25 78 806
25 78 807
25 78 808
25 78 809
25 78 810
25 78 812
25 78 814
25 78 815
25 78 816
25 78 817
25 78 818
25 78 819
25 78 820
25 84 741
25 17 814
25 17 815
25 17 816
25 17 817
25 17 818
25 17 819
25 17 820
24 12 21
24 12 23
24 12 85
24 120 24
24 120 85
24 58 24
24 74 24
24 55 51
24 55 54
24 73 85
24 0 89
24 0 90
24 41 599
24 107 653
135 73 13
135 58 14
135 58 16
135 58 17
135 58 26
135 58 29
135 58 31
135 58 32
135 58 45
135 58 46
135 58 48
135 58 77
135 120 17
135 120 19
135 120 22
135 120 24
135 120 25
135 120 26
135 120 30
135 120 32
135 120 35
135 120 38
135 120 39
135 120 61
135 12 21
135 12 23
135 12 35
135 12 42
135 12 46
135 12 69
135 12 71
135 12 72
135 12 73
135 12 74
135 12 75
135 35 34
135 35 35
135 35 77
135 35 78
135 0 35
135 0 41
135 0 43
135 0 45
135 0 64
135 0 65
135 0 66
135 0 84
135 0 85
135 74 40
135 74 41
135 74 42
135 74 48
135 74 66
135 74 77
135 10 75
135 101 88
135 101 89
135 101 170
135 101 172
135 101 174
135 101 177
135 101 209
135 101 330
135 106 97
135 113 102
135 113 171
135 113 172
135 113 173
135 113 176
135 113 177
135 42 102
135 122 113
135 129 127
135 129 150
135 129 337
135 65 140
135 65 174
135 65 175
135 65 176
135 63 154
135 119 169
135 119 181
135 119 339
135 125 190
135 125 194
135 85 212
135 81 231
135 81 232
135 38 239
135 38 252
135 22 328
135 22 332
135 22 333
73 35 57
73 118 65
73 118 69
73 118 80
73 118 86
73 65 1007
73 65 1015
73 65 1016
73 65 1017
73 65 1018
73 65 1019
73 65 1020
73 65 1021
73 65 1022
73 65 1023
73 65 1024
73 65 1025
73 65 1027
73 65 1028
73 65 1029
73 65 1030
73 65 1031
73 65 1032
73 65 1033
73 65 1034
73 65 1035
73 65 1046
73 65 1048
73 65 1049
73 65 1063
73 65 1064
73 65 1067
73 65 1068
73 65 1069
73 65 1070
73 65 1073
73 65 1074
73 65 1075
73 65 1077
73 65 1079
73 65 1080
73 65 1081
73 65 1086
73 65 1087
73 65 1088
73 65 1089
73 65 1090
73 65 1091
73 65 1092
73 65 1093
73 65 1094
73 65 1095
73 65 1097
73 65 1099
73 65 1102
73 65 1122
73 104 1011
75 74 13
75 74 14
75 74 17
75 74 34
75 74 35
75 74 36
75 74 72
75 35 13
75 35 36
75 35 40
75 35 56
75 58 14
75 58 37
75 58 45
75 58 49
75 120 17
75 120 20
75 120 37
75 120 44
75 120 51
75 0 17
75 0 32
75 0 34
75 0 35
75 0 36
75 12 18
75 12 30
75 12 60
75 12 67
75 12 69
75 12 75
75 12 79
75 12 83
75 12 86
75 1 132
75 1 133
75 1 134
75 1 135
75 1 137
75 1 138
75 1 140
75 1 141
75 1 142
75 1 145
75 1 147
75 1 148
75 1 149
75 1 151
75 1 152
75 1 153
75 1 154
75 1 155
75 1 159
75 1 160
75 1 163
75 1 164
75 1 165
75 1 166
75 1 167
75 1 168
75 1 169
75 1 171
75 1 179
75 1 185
75 1 186
75 1 187
75 1 192
75 1 195
75 1 196
75 1 197
75 1 207
75 1 208
75 1 209
75 1 211
75 1 212
75 1 213
75 1 214
75 1 215
75 1 216
75 1 227
75 1 228
75 1 229
75 1 230
75 40 144
75 113 146
75 133 183
75 31 185
75 31 204
75 31 205
75 26 189
75 26 195
75 38 210
75 38 214
75 38 215
74 62 52
74 62 53
74 62 54
74 62 65
74 62 66
74 62 68
74 62 81
74 62 83
74 0 52
74 0 54
74 0 55
74 0 65
74 0 66
74 0 67
74 0 68
74 0 71
74 0 72
74 0 75
74 0 76
74 0 79
74 0 80
74 0 81
74 0 83
74 0 84
74 35 53
74 35 55
74 35 57
74 35 65
74 35 66
74 35 68
74 35 69
74 35 70
74 35 71
74 35 72
74 35 75
74 35 76
74 35 80
74 35 84
74 35 85
74 118 67
74 118 76
74 66 1402
74 66 1403
74 66 1405
74 66 1406
74 66 1410
74 66 1412
74 66 1413
74 66 1415
74 66 1417
74 66 1418
74 66 1419
74 66 1420
74 66 1421
74 66 1422
74 66 1423
74 66 1425
74 66 1427
74 66 1428
74 66 1429
74 66 1431
74 66 1435
74 66 1436
74 66 1437
74 66 1438
74 115 1434
35 76 13
35 76 19
35 76 24
35 76 25
35 76 26
35 76 31
35 76 32
35 76 33
35 76 34
35 76 38
35 76 39
35 76 40
35 76 45
35 76 46
35 76 50
35 76 56
35 76 64
35 58 15
35 58 18
35 58 19
35 58 21
35 58 22
35 58 51
35 58 53
35 58 61
35 58 62
35 58 63
35 58 65
35 58 67
35 58 68
35 58 69
35 58 86
35 62 20
35 62 32
35 62 36
35 62 37
35 62 46
35 62 48
35 62 64
35 62 66
35 12 23
35 12 25
35 12 40
35 12 42
35 12 55
35 12 64
35 12 75
35 0 25
35 0 26
35 0 36
35 0 38
35 0 50
35 0 51
35 0 52
35 0 53
35 0 54
35 0 55
35 0 56
35 0 57
35 0 63
35 0 64
35 0 66
35 0 67
35 0 68
35 0 71
35 0 76
35 0 77
35 0 80
35 120 34
35 120 35
35 55 34
35 55 62
35 42 35
35 118 40
35 118 42
35 10 43
35 10 44
35 137 55
35 31 78
76 12 14
76 12 19
76 12 20
76 12 21
76 12 22
76 12 25
76 12 34
76 12 36
76 12 37
76 12 47
76 12 48
76 12 52
76 12 55
76 12 72
76 58 14
76 58 16
76 58 17
76 58 18
76 58 19
76 58 20
76 58 22
76 58 23
76 58 34
76 58 46
76 58 47
76 58 48
76 58 49
76 58 50
76 58 51
76 58 56
76 58 58
76 58 63
76 58 64
76 58 73
76 58 82
76 120 16
76 120 18
76 120 20
76 120 56
76 120 78
76 0 17
76 0 18
76 0 19
76 0 35
76 0 36
76 0 38
76 0 40
76 0 41
76 0 42
76 0 43
76 0 45
76 0 47
76 0 49
76 0 50
76 0 51
76 0 58
76 0 59
76 0 60
76 0 61
76 0 62
76 0 63
76 0 64
76 0 73
76 0 74
76 0 77
76 0 78
76 93 311
76 93 312
76 93 313
76 93 314
76 93 315
76 93 316
76 93 317
76 93 318
76 93 319
76 93 321
76 93 322
76 93 323
76 93 325
76 93 326
76 93 327
76 93 328
76 93 329
76 93 331
76 93 332
76 93 337
76 93 340
76 93 341
76 93 342
76 93 343
76 93 350
76 93 352
76 93 354
76 93 355
76 93 356
76 93 364
76 93 366
58 12 19
58 12 22
58 12 38
58 12 59
58 118 30
58 118 31
58 118 33
58 118 38
58 118 40
58 118 44
58 118 57
58 118 78
58 118 80
58 42 58
58 3 60
58 31 60
58 31 62
58 31 78
58 0 63
58 0 73
58 83 68
58 27 92
58 27 93
12 120 17
12 120 63
12 120 64
12 120 85
12 118 18
12 118 19
12 118 22
12 118 39
12 118 42
12 118 44
12 118 47
12 118 67
12 118 69
12 118 77
12 118 80
12 0 21
12 0 22
12 0 24
12 0 25
12 0 27
12 0 28
12 0 29
12 0 30
12 0 46
12 0 47
12 0 48
12 0 51
12 0 52
12 0 53
12 0 54
12 0 55
12 0 57
12 0 77
12 62 23
12 62 39
12 31 67
12 44 79
12 137 85
62 120 14
62 120 17
62 120 32
62 120 34
62 120 56
62 0 18
62 0 22
62 0 23
62 0 26
62 0 36
62 0 44
62 0 45
62 0 46
62 0 64
62 0 65
62 0 66
62 0 67
62 0 68
62 0 76
62 0 83
62 0 85
62 137 66
62 55 70
62 10 75
62 125 89
62 125 99
62 125 100
62 125 101
62 125 104
62 125 105
62 125 119
62 125 156
62 125 157
62 125 161
62 125 162
62 125 165
62 125 185
62 125 231
62 125 242
62 125 277
62 125 281
62 125 285
62 125 299
62 101 89
62 101 97
62 101 119
62 101 174
62 101 181
62 113 96
62 113 99
62 113 125
62 113 146
62 113 151
62 113 174
62 113 179
62 113 180
62 113 188
62 70 97
62 88 97
62 22 112
62 22 275
62 22 276
62 22 277
62 22 278
62 22 279
62 22 281
62 22 289
62 31 127
62 31 135
62 31 136
62 31 167
62 31 169
62 36 230
62 36 231
62 123 326
120 10 43
120 49 611
120 99 614
120 99 661
120 99 723
120 99 757
120 14 615
120 14 616
120 14 679
120 39 615
120 85 615
120 85 616
120 85 617
120 85 659
120 85 721
120 85 745
120 85 746
120 85 747
120 85 748
120 61 618
120 61 631
120 61 632
120 34 621
120 34 744
120 34 746
120 34 747
120 5 638
120 5 712
120 5 727
120 5 730
120 5 758
120 22 644
120 43 644
120 92 650
120 92 670
120 92 744
120 126 654
120 126 735
120 123 662
120 103 665
120 51 666
120 136 679
120 108 683
120 108 685
120 108 741
120 108 746
120 108 747
120 96 685
120 19 707
120 134 712
120 134 758
120 54 716
120 54 753
120 129 721
120 129 723
120 129 725
120 32 729
120 81 735
120 81 736
120 81 737
120 81 738
120 41 735
120 41 736
120 41 737
120 41 745
120 41 747
120 41 751
120 88 736
120 88 738
120 88 740
120 88 748
120 88 752
120 56 743
120 56 751
120 56 752
0 118 22
0 118 23
0 31 68
118 42 58
118 137 66
118 137 67
118 137 76
118 140 1068
118 140 1073
118 140 1074
118 140 1077
118 140 1082
118 140 1112
3 55 29
3 55 53
3 55 66
3 55 69
3 55 163
3 55 164
3 55 180
3 55 181
3 55 182
3 55 183
3 55 184
3 55 185
3 55 200
3 55 202
3 55 203
3 55 204
3 55 217
3 55 218
3 55 219
3 55 220
3 42 29
3 27 77
3 15 162
3 15 163
3 47 993
3 47 1004
3 47 1005
3 47 1006
3 47 1008
3 47 1009
3 47 1012
3 47 1013
3 47 1018
3 47 1019
3 47 1021
3 47 1024
3 47 1025
3 47 1032
3 47 1033
3 47 1037
3 47 1038
3 47 1042
3 47 1043
3 47 1044
3 47 1045
3 47 1046
3 47 1047
3 47 1048
3 47 1049
3 47 1050
3 47 1051
3 47 1052
3 47 1056
3 47 1057
3 47 1058
3 47 1059
3 47 1061
3 47 1088
3 47 1090
3 47 1092
3 47 1093
3 47 1094
3 111 1093
3 111 1094
55 31 29
55 31 30
55 31 31
55 31 32
55 31 33
55 31 34
55 31 39
55 31 40
55 31 41
55 31 43
55 31 45
55 31 46
55 31 48
55 31 49
55 31 53
55 31 55
55 31 57
55 31 82
55 31 83
55 31 86
55 31 101
55 31 102
55 31 103
55 31 107
55 31 114
55 31 129
55 31 130
55 31 131
55 31 132
55 31 134
55 31 135
55 31 136
55 31 137
55 31 142
55 31 145
55 31 154
55 31 160
55 31 161
55 31 163
55 31 164
55 31 165
55 31 166
55 31 167
55 31 168
55 31 170
55 31 171
55 31 173
55 31 175
55 31 176
55 31 177
55 31 178
55 31 179
55 31 180
55 31 181
55 31 183
55 31 195
55 31 196
55 31 197
55 31 198
55 31 199
55 31 200
55 31 217
55 31 218
55 31 219
55 31 220
55 42 38
55 42 44
55 42 68
55 42 139
55 42 140
55 42 171
55 42 172
55 42 173
55 42 174
55 42 175
55 42 176
55 42 177
55 42 178
55 42 179
55 42 180
55 42 181
55 42 182
55 42 183
55 42 184
55 42 186
55 42 187
55 42 218
55 42 219
55 26 40
55 26 55
55 26 67
55 26 68
55 26 69
55 26 70
55 26 72
55 26 86
55 26 88
55 26 90
55 26 91
55 26 98
55 26 99
55 26 103
55 26 110
55 26 114
55 26 120
55 26 158
55 26 172
55 26 206
55 26 208
55 26 209
55 26 210
55 26 212
55 26 217
55 26 218
55 26 219
55 91 84
55 91 131
55 91 159
55 91 160
55 91 172
55 91 184
55 91 185
55 91 186
55 85 110
55 85 111
55 106 110
55 106 112
55 113 112
55 113 146
55 113 150
55 38 115
55 38 132
55 125 116
55 125 156
55 125 157
55 125 158
55 125 159
55 125 160
55 125 161
55 125 163
55 125 164
55 125 166
55 125 167
55 125 168
55 125 169
55 65 135
55 65 136
55 65 137
55 65 139
55 65 142
55 65 146
55 65 151
55 65 153
55 65 157
55 65 158
55 65 159
55 65 160
55 65 167
55 65 168
55 65 171
55 88 156
55 88 157
55 70 157
55 70 158
55 70 159
55 119 163
55 119 164
55 129 171
55 17 180
55 1 199
55 1 200
55 1 201
55 1 202
55 1 203
55 77 202
55 77 203
55 77 204
55 104 901
55 104 902
55 104 904
55 104 909
55 104 910
55 104 911
55 104 913
55 104 915
55 104 916
55 104 917
55 104 918
55 104 919
55 104 920
55 104 921
55 104 922
55 104 931
55 104 932
55 104 938
55 104 939
55 104 940
55 104 941
55 104 948
55 104 949
55 104 951
55 104 956
55 104 957
55 104 974
55 104 975
55 104 978
55 104 979
55 104 980
55 104 982
55 104 983
55 104 988
55 104 989
55 104 990
55 104 992
55 104 993
55 104 998
55 104 1002
55 104 1007
55 104 1009
55 104 1010
55 104 1013
55 104 1014
55 104 1016
55 104 1017
55 104 1018
55 104 1020
55 104 1021
55 30 904
55 30 906
55 30 909
55 30 910
55 30 911
55 30 912
55 30 921
55 30 938
55 30 944
55 30 946
55 30 950
55 30 951
55 30 953
55 30 954
55 30 955
55 30 967
55 30 975
55 30 981
55 30 987
55 30 990
55 30 991
55 30 992
55 30 993
55 30 994
55 30 996
55 30 997
55 30 998
55 30 999
55 30 1003
55 30 1007
55 30 1015
55 30 1016
55 30 1017
55 30 1018
55 30 1020
55 30 1021
55 30 1022
42 31 29
42 31 32
42 31 62
42 31 90
42 31 91
42 31 107
42 31 128
42 31 154
42 31 173
42 31 174
42 31 185
42 31 218
42 31 219
42 26 38
42 26 39
42 26 63
42 26 74
42 26 139
42 26 218
42 26 219
42 10 63
42 4 68
42 4 69
42 4 75
42 4 76
42 4 89
42 4 150
42 4 157
42 4 181
42 4 183
42 4 184
42 4 196
42 4 215
42 4 216
42 4 217
42 4 218
42 4 219
42 86 100
42 86 101
42 86 140
42 86 141
42 107 100
42 68 100
42 109 101
42 102 102
42 122 112
42 65 127
42 65 131
42 65 139
42 89 134
42 89 139
42 89 140
42 89 186
42 125 156
42 1 203
42 90 216
42 82 217
26 31 29
26 31 66
26 31 106
26 31 172
26 31 184
26 31 189
26 31 209
26 31 210
26 31 214
26 31 217
26 31 218
26 31 219
26 44 61
26 4 79
26 4 80
26 4 195
26 4 209
26 4 217
26 4 218
26 4 219
26 89 110
26 82 110
26 82 111
26 107 111
26 86 123
26 131 123
26 1 195
26 102 212
26 11 780
26 11 790
26 11 792
26 11 813
26 80 790
26 80 801
26 80 804
26 80 805
26 80 813
26 16 813
31 20 30
31 20 40
31 20 49
31 4 53
31 4 150
31 4 153
31 4 154
31 4 176
31 4 177
31 4 185
31 4 186
31 4 187
31 4 188
31 4 189
31 4 190
31 4 191
31 4 192
31 4 200
31 4 204
31 4 205
31 4 218
31 4 219
31 4 220
31 27 91
31 122 113
31 38 115
31 38 117
31 89 132
31 89 135
31 86 135
31 86 153
31 86 154
31 65 137
31 65 168
31 18 139
31 18 180
31 18 181
31 88 141
31 125 153
31 125 160
31 125 161
31 125 166
31 125 167
31 125 168
31 125 169
31 68 184
31 48 187
31 48 188
31 48 190
31 48 191
31 48 193
31 50 189
31 50 192
31 1 200
31 1 203
31 1 204
20 5 698
20 5 699
20 88 718
20 136 733
10 57 38
10 57 48
10 57 91
10 57 92
10 83 40
10 83 42
10 83 45
10 83 49
10 83 60
10 83 76
10 83 77
10 83 91
10 83 92
10 60 45
10 60 56
10 60 58
10 60 59
10 60 75
10 60 79
10 60 80
10 60 84
10 60 85
10 60 86
10 60 87
10 60 88
10 99 83
10 107 92
57 83 91
57 83 92
57 56 617
57 56 759
57 108 634
57 19 693
57 19 697
57 17 758
57 17 759
83 114 600
83 114 604
83 114 614
83 114 695
83 114 696
83 64 608
83 64 751
83 23 615
83 23 724
83 23 725
83 134 639
83 134 746
83 98 652
83 94 661
83 94 665
83 94 678
83 94 679
83 94 691
83 94 696
83 94 733
83 94 751
83 107 668
83 107 674
83 107 677
83 107 736
83 107 751
83 132 678
83 132 679
83 132 685
83 132 739
83 127 683
83 7 692
83 121 720
83 121 722
83 124 740
83 51 754
60 71 560
4 119 162
4 119 163
4 119 164
4 1 186
4 1 195
4 9 603
4 9 622
4 9 623
4 9 624
4 9 625
4 9 626
4 9 627
4 9 630
4 9 684
4 9 716
4 96 604
4 96 608
4 56 718
4 56 729
4 56 730
4 56 733
4 56 735
4 56 742
4 54 755
4 99 758
137 19 601
137 5 601
137 5 602
137 5 624
137 5 632
137 5 637
137 5 639
137 5 640
137 5 656
137 5 683
137 5 684
137 5 693
137 5 694
137 5 703
137 5 705
137 5 708
137 5 711
137 7 603
137 7 735
137 7 736
137 7 737
137 7 738
137 7 755
137 7 758
137 7 775
137 49 604
137 49 633
137 49 664
137 49 665
137 49 707
137 49 712
137 49 716
137 49 722
137 49 724
137 49 726
137 49 727
137 49 730
137 49 731
137 49 732
137 9 605
137 9 639
137 9 693
137 101 633
137 14 775
137 99 775
44 97 66
44 97 67
44 97 68
44 97 69
44 97 73
44 97 75
44 97 77
44 97 79
44 97 80
44 97 81
44 97 85
44 97 88
44 97 89
44 97 98
44 97 99
44 97 100
44 97 101
44 97 102
44 97 103
44 97 104
44 97 105
44 97 106
44 97 108
44 97 109
44 97 110
44 97 111
44 97 112
44 97 113
44 99 74
44 99 78
44 99 82
44 99 93
44 99 95
44 99 96
97 91 69
97 52 107
97 107 129
97 107 132
97 107 173
97 107 174
97 68 131
97 6 135
97 6 136
97 6 154
97 6 155
97 6 156
97 6 157
97 6 158
97 6 171
97 6 174
97 6 198
97 6 199
97 6 200
97 6 203
97 6 205
97 6 206
97 6 207
97 6 208
97 6 237
97 6 238
97 6 266
97 6 268
97 6 272
97 6 273
97 6 274
97 6 275
97 6 276
97 6 278
97 6 282
97 6 283
97 6 284
97 6 292
97 6 294
97 6 299
97 6 300
97 6 301
97 6 303
97 6 304
97 6 308
97 6 309
97 6 324
97 109 141
97 109 155
97 109 159
97 109 162
97 109 163
97 109 164
97 109 165
97 109 166
97 109 170
97 109 196
97 109 197
97 109 198
97 109 199
97 109 200
97 109 202
97 109 203
97 109 204
97 109 205
97 109 206
97 109 216
97 109 217
97 109 221
97 109 223
97 109 231
97 109 233
97 109 234
97 109 235
97 109 236
97 109 237
97 109 238
97 109 239
97 109 240
97 109 241
97 109 243
97 109 244
97 109 245
97 109 246
97 109 304
97 13 166
97 102 172
97 102 179
97 102 180
97 102 183
97 102 185
97 102 188
97 102 189
97 102 190
97 102 193
97 100 303
97 100 314
91 102 128
91 18 139
91 68 157
91 15 187
91 78 358
91 78 363
91 78 369
91 78 371
91 78 375
91 78 376
91 78 377
91 78 378
91 78 379
91 78 380
91 78 381
91 78 412
91 78 413
91 78 433
91 78 434
91 78 435
91 78 436
91 78 437
91 78 439
91 78 442
91 78 443
91 52 377
99 39 605
99 39 637
99 39 734
99 7 608
99 7 670
99 7 775
99 7 776
99 9 608
99 14 611
99 14 652
99 87 614
99 87 630
99 87 633
99 87 635
99 87 710
99 87 723
99 87 724
99 94 618
99 94 622
99 94 626
99 94 655
99 94 656
99 94 657
99 94 658
99 59 620
99 21 620
99 132 621
99 132 656
99 132 658
99 132 699
99 132 715
99 132 756
99 127 629
99 127 643
99 127 644
99 127 656
99 127 699
99 127 718
99 127 719
99 127 721
99 121 630
99 121 633
99 121 697
99 121 699
99 121 701
99 121 724
99 121 742
99 23 644
99 23 645
99 23 652
99 23 653
99 98 645
99 86 646
99 86 651
99 134 655
99 134 659
99 134 670
99 134 681
99 134 682
99 134 685
99 134 686
99 134 743
99 134 748
99 41 693
99 41 695
99 114 719
99 114 720
99 114 722
99 114 723
99 114 724
99 114 738
99 114 739
99 114 756
99 114 757
99 37 739
99 37 758
99 124 740
99 124 741
99 124 754
99 66 741
27 113 109
27 125 122
27 122 123
27 65 137
27 65 172
27 56 608
27 56 612
27 56 613
27 56 751
27 56 752
27 43 648
27 43 657
27 43 722
27 37 658
27 37 737
27 37 745
27 37 748
27 34 670
27 88 703
27 88 756
27 39 709
27 41 714
27 41 745
27 9 721
27 9 727
27 9 737
27 9 745
27 136 725
27 81 736
27 32 737
27 32 738
27 54 754
27 54 756
27 54 757
27 5 755
27 17 758
27 17 759
27 67 759
27 103 760
101 127 91
101 127 92
101 127 95
101 86 93
101 86 95
101 86 181
101 86 185
101 86 186
101 86 214
101 86 227
101 86 237
101 86 247
101 86 257
101 86 272
101 86 282
101 86 283
101 116 93
101 107 94
101 107 102
101 102 102
101 68 106
101 68 112
101 68 113
101 68 116
101 68 123
101 68 136
101 68 160
101 68 174
101 68 177
101 68 185
101 68 186
101 68 200
101 68 206
101 68 209
101 68 211
101 68 227
101 68 230
101 68 232
101 68 234
101 68 242
101 68 247
101 68 263
101 68 266
101 68 269
101 68 279
101 68 283
101 68 288
101 68 289
101 68 296
101 68 308
101 68 313
101 68 333
101 15 106
101 15 121
101 15 134
101 15 169
101 15 186
101 15 223
101 15 224
101 15 225
101 15 226
101 15 242
101 15 243
101 15 244
101 15 245
101 15 247
101 15 248
101 15 250
101 15 265
101 15 267
101 15 298
101 15 304
101 15 318
101 15 327
101 15 328
101 6 119
101 6 140
101 6 294
101 6 325
101 50 119
101 50 140
101 50 225
101 18 123
101 18 132
101 18 136
101 18 176
101 18 177
101 53 123
101 140 129
101 38 135
101 109 135
101 109 145
101 48 163
101 36 166
101 59 168
101 90 209
101 90 287
101 90 687
101 40 287
101 40 288
101 40 312
101 40 315
101 64 603
101 64 647
101 64 649
101 9 603
101 9 615
101 9 631
101 9 658
101 100 603
101 100 605
101 51 604
101 51 608
101 51 641
101 51 698
101 51 701
101 51 704
101 51 705
101 51 735
101 37 605
101 37 643
101 37 749
101 41 605
101 41 614
101 94 605
101 43 622
101 43 631
101 43 643
101 84 638
101 84 639
101 84 649
101 84 698
101 84 699
101 84 701
101 114 641
101 114 655
101 114 658
101 114 662
101 114 707
101 21 657
101 21 692
101 21 693
101 21 694
101 34 694
101 39 752
101 23 754
125 86 89
125 86 90
125 86 103
125 86 104
125 86 106
125 86 152
125 86 153
125 86 157
125 86 176
125 86 310
125 86 311
125 86 313
125 107 89
125 107 93
125 107 94
125 107 95
125 107 120
125 107 128
125 107 291
125 107 292
125 107 337
125 68 89
125 68 90
125 68 99
125 68 103
125 68 125
125 68 155
125 68 156
125 68 159
125 68 173
125 68 324
125 68 325
125 68 326
125 68 327
125 68 328
125 68 329
125 68 330
125 109 101
125 53 103
125 53 107
125 53 108
125 53 109
125 53 110
125 53 111
125 102 106
125 102 110
125 102 220
125 102 221
125 102 222
125 102 226
125 102 227
125 102 228
125 102 231
125 102 270
125 38 110
125 38 134
125 38 143
125 38 203
125 38 271
125 38 303
125 38 304
125 38 305
125 38 337
125 94 118
125 131 122
125 131 313
125 131 337
125 18 124
125 18 125
125 18 189
125 18 190
125 18 197
125 18 220
125 18 222
125 18 223
125 18 224
125 18 225
125 18 226
125 18 230
125 18 320
125 100 125
125 100 128
125 100 137
125 100 145
125 100 146
125 100 148
125 100 154
125 100 155
125 100 180
125 100 182
125 6 133
125 6 134
125 6 135
125 40 133
125 40 134
125 95 135
125 13 146
125 13 203
125 13 207
125 121 164
125 15 179
125 15 187
125 15 188
125 15 189
125 48 200
125 59 223
125 140 241
125 140 249
125 140 255
125 140 261
125 140 265
125 50 271
125 50 272
125 50 276
125 50 279
125 50 280
125 50 281
125 50 282
125 50 332
125 50 334
125 113 303
125 113 310
125 113 312
125 52 366
125 129 366
125 138 366
125 138 367
125 138 368
86 113 96
86 113 104
86 113 146
86 113 147
86 113 154
86 113 155
86 113 181
86 113 185
86 113 188
86 113 214
86 113 215
86 113 249
86 113 257
86 113 275
86 113 281
86 113 282
86 65 98
86 65 103
86 65 104
86 65 113
86 65 139
86 65 140
86 65 157
86 65 179
86 65 187
86 65 188
86 65 298
86 65 299
86 65 300
86 65 301
86 65 304
86 65 305
86 65 306
86 65 308
86 65 310
86 65 331
86 65 334
86 65 335
86 65 341
86 65 344
86 81 105
86 81 227
86 81 229
86 81 230
86 81 276
86 22 106
86 38 119
86 38 226
86 38 304
86 38 305
86 38 307
86 129 123
86 129 124
86 85 226
86 85 646
86 85 647
86 85 650
86 85 651
86 52 227
86 52 229
86 52 230
86 52 293
86 52 294
86 133 231
86 133 232
86 136 233
86 136 615
86 136 652
86 136 666
86 136 669
86 119 321
86 119 322
86 139 600
86 49 600
86 49 606
86 49 748
86 49 749
86 49 750
86 96 602
86 96 604
86 96 605
86 96 608
86 96 609
86 96 610
86 96 614
86 96 632
86 96 637
86 96 643
86 96 649
86 96 677
86 96 678
86 96 679
86 96 712
86 96 734
86 96 735
86 96 738
86 92 602
86 92 609
86 92 610
86 92 660
86 92 666
86 92 667
86 92 668
86 92 670
86 92 680
86 92 684
86 92 688
86 92 689
86 92 690
86 92 697
86 92 716
86 92 755
86 61 602
86 61 607
86 61 753
86 61 755
86 108 605
86 108 615
86 108 661
86 108 669
86 108 676
86 108 684
86 108 716
86 108 724
86 108 753
86 108 754
86 108 755
86 5 608
86 19 609
86 19 615
86 7 623
86 7 630
86 7 675
86 7 676
86 7 679
86 7 693
86 7 694
86 7 697
86 7 699
86 7 700
86 7 721
86 7 723
86 7 724
86 7 727
86 7 733
86 14 625
86 14 626
86 14 630
86 14 726
86 14 727
86 54 658
86 54 659
86 134 677
86 134 680
86 134 684
86 134 688
86 134 690
86 134 722
107 65 89
107 65 93
107 65 191
107 65 293
107 88 89
107 88 289
107 88 294
107 70 90
107 70 93
107 70 142
107 70 144
107 70 145
107 70 212
107 113 98
107 113 103
107 113 128
107 133 98
107 133 100
107 133 103
107 133 104
107 133 105
107 133 107
107 133 115
107 133 123
107 133 126
107 133 127
107 133 189
107 133 196
107 133 197
107 133 198
107 133 199
107 133 200
107 133 210
107 133 211
107 133 212
107 133 213
107 133 214
107 133 215
107 133 216
107 133 217
107 133 218
107 133 219
107 133 222
107 133 223
107 133 225
107 133 226
107 133 233
107 133 234
107 133 238
107 133 239
107 133 248
107 133 250
107 133 253
107 133 257
107 133 258
107 133 259
107 133 261
107 133 262
107 133 264
107 133 265
107 133 266
107 133 268
107 133 269
107 133 270
107 133 271
107 133 272
107 133 273
107 133 278
107 133 281
107 133 284
107 133 285
107 133 286
107 133 287
107 133 288
107 133 289
107 133 294
107 133 297
107 133 298
107 133 299
107 133 300
107 133 302
107 133 304
107 133 305
107 133 306
107 133 307
107 133 308
107 133 309
107 133 313
107 133 314
107 133 315
107 133 316
107 133 319
107 133 320
107 133 321
107 133 322
107 133 323
107 133 324
107 133 325
107 133 326
107 133 328
107 133 338
107 122 102
107 122 109
107 122 128
107 85 109
107 85 110
107 85 111
107 85 129
107 85 135
107 85 147
107 85 149
107 85 150
107 85 153
107 85 154
107 85 200
107 85 204
107 85 210
107 85 237
107 85 245
107 85 246
107 85 282
107 85 283
107 85 328
107 85 329
107 85 334
107 85 642
107 85 670
107 85 671
107 96 109
107 96 626
107 96 657
107 96 719
107 96 734
107 96 735
107 15 109
107 15 120
107 15 190
107 15 194
107 15 204
107 15 207
107 15 208
107 81 121
107 81 194
107 81 195
107 81 205
107 81 206
107 81 207
107 81 208
107 81 209
107 5 128
107 5 245
107 40 129
107 40 131
107 40 132
107 52 129
107 52 204
107 52 205
107 52 206
107 52 207
107 52 208
107 52 209
107 52 214
107 52 235
107 52 239
107 52 244
107 52 247
107 52 284
107 52 287
107 52 288
107 52 289
107 52 290
107 52 291
107 52 294
107 52 296
107 52 297
107 52 298
107 52 299
107 52 301
107 52 305
107 52 306
107 52 307
107 52 308
107 52 309
107 52 310
107 52 311
107 52 312
107 52 313
107 52 314
107 52 318
107 52 319
107 52 321
107 52 322
107 52 327
107 52 328
107 52 329
107 52 330
107 52 331
107 52 332
107 52 333
107 52 334
107 52 335
107 138 131
107 138 155
107 138 157
107 138 158
107 138 159
107 138 161
107 138 162
107 138 163
107 138 166
107 138 171
107 138 175
107 138 177
107 138 178
107 138 271
107 138 274
107 138 275
107 138 276
107 138 277
107 138 278
107 138 279
107 138 330
107 138 331
107 138 332
107 38 146
107 38 147
107 38 162
107 38 165
107 38 166
107 38 167
107 38 168
107 38 169
107 38 238
107 38 239
107 38 244
107 38 245
107 38 246
107 38 247
107 38 250
107 38 337
107 13 147
107 13 331
107 13 332
107 103 150
107 103 164
107 103 165
107 103 166
107 103 178
107 103 238
107 103 244
107 103 245
107 103 329
107 103 332
107 36 174
107 36 176
107 92 199
107 92 203
107 92 204
107 92 237
107 92 238
107 92 239
107 92 241
107 92 242
107 92 608
107 92 610
107 92 613
107 92 660
107 92 662
107 92 663
107 92 665
107 92 666
107 92 668
107 92 671
107 92 674
107 92 677
107 92 736
107 92 743
107 136 232
107 136 660
107 136 662
107 136 663
107 136 666
107 136 668
107 22 310
107 17 321
107 129 333
107 37 608
107 19 615
107 19 660
107 19 663
107 19 682
107 19 691
107 19 695
107 19 696
107 7 630
107 7 659
107 7 660
107 7 662
107 7 663
107 7 677
107 7 718
107 14 657
107 134 680
107 54 719
107 54 734
107 61 751
68 65 89
68 65 96
68 65 151
68 65 159
68 65 174
68 65 175
68 65 181
68 65 182
68 65 187
68 65 188
68 65 338
68 65 341
68 65 342
68 133 91
68 133 176
68 133 179
68 133 180
68 133 181
68 113 91
68 113 99
68 113 104
68 113 105
68 113 106
68 113 109
68 113 113
68 113 114
68 113 139
68 113 140
68 113 153
68 113 154
68 113 175
68 113 176
68 113 177
68 113 184
68 113 185
68 113 186
68 113 188
68 113 190
68 113 191
68 113 209
68 113 210
68 113 211
68 113 224
68 113 225
68 113 226
68 113 227
68 113 228
68 113 231
68 113 235
68 113 244
68 113 246
68 113 252
68 113 253
68 113 255
68 113 261
68 113 264
68 113 265
68 113 273
68 113 276
68 113 279
68 113 285
68 113 290
68 113 291
68 113 299
68 113 308
68 113 312
68 113 314
68 113 317
68 113 324
68 113 325
68 113 326
68 113 327
68 113 328
68 113 330
68 113 331
68 113 332
68 113 333
68 88 91
68 88 95
68 88 98
68 88 150
68 88 156
68 88 166
68 88 168
68 88 187
68 88 191
68 88 200
68 88 202
68 88 208
68 88 218
68 88 228
68 88 274
68 106 94
68 106 141
68 85 128
68 85 129
68 85 133
68 85 210
68 122 129
68 81 129
68 81 215
68 81 266
68 81 267
68 81 276
68 38 141
68 38 142
68 38 143
68 38 144
68 38 145
68 38 223
68 38 224
68 38 225
68 38 226
68 38 227
68 50 162
68 92 208
68 92 224
68 92 225
68 92 226
68 92 227
68 40 268
68 40 312
68 93 331
68 52 339
68 63 393
68 143 1371
68 143 1372
68 143 1373
68 143 1374
68 143 1375
68 143 1376
68 143 1377
68 143 1378
68 143 1380
68 143 1382
68 143 1384
68 143 1386
68 143 1387
68 143 1388
68 143 1389
68 115 1372
68 115 1373
68 115 1374
68 115 1375
68 115 1377
68 115 1380
68 115 1381
68 115 1382
68 115 1384
68 115 1388
68 115 1389
68 72 1401
68 72 1409
68 72 1411
68 72 1414
65 100 90
65 100 92
65 100 175
65 100 176
65 100 180
65 116 93
65 127 93
65 127 94
65 127 95
65 127 106
65 127 107
65 127 108
65 127 159
65 127 160
65 127 163
65 127 164
65 127 168
65 127 180
65 127 226
65 127 241
65 127 251
65 127 255
65 127 259
65 127 260
65 127 282
65 127 302
65 127 304
65 53 103
65 53 107
65 53 108
65 53 109
65 18 110
65 18 229
65 18 310
65 50 110
65 50 197
65 50 277
65 50 281
65 50 282
65 89 112
65 89 138
65 89 159
65 38 116
65 131 119
65 131 122
65 15 122
65 15 162
65 15 164
65 15 187
65 15 239
65 15 317
65 109 126
65 36 171
65 6 200
65 6 201
65 6 224
65 6 225
65 6 314
65 40 212
65 40 220
65 40 225
65 40 330
65 40 332
65 40 336
65 40 338
65 102 230
65 102 262
65 102 264
65 102 266
65 102 267
65 102 279
65 140 239
65 140 240
65 140 241
65 140 242
65 140 243
65 140 244
65 140 245
65 140 246
65 140 247
65 140 248
65 140 249
65 140 251
65 140 252
65 140 254
65 140 255
65 140 256
65 140 261
65 140 268
65 13 264
65 23 284
65 23 286
88 127 91
88 127 94
88 127 96
88 127 97
88 116 93
88 100 98
88 100 99
88 100 155
88 100 184
88 100 198
88 100 199
88 100 201
88 100 204
88 100 208
88 100 217
88 100 228
88 100 249
88 100 273
88 18 105
88 18 108
88 18 113
88 18 114
88 18 307
88 18 308
88 18 309
88 18 311
88 18 312
88 18 313
88 109 119
88 89 139
88 89 187
88 15 163
88 15 230
88 15 245
88 15 248
88 15 286
88 15 288
88 15 316
88 90 226
88 90 227
88 6 265
88 41 700
88 41 701
88 41 702
88 41 703
88 41 712
88 41 715
88 41 716
88 41 719
88 41 720
88 41 756
88 59 702
88 21 705
88 21 736
88 21 742
88 134 705
88 134 706
88 134 708
88 134 712
88 134 720
88 134 730
88 134 733
88 34 706
88 34 713
88 34 714
88 34 715
88 34 716
88 34 717
88 34 718
88 34 719
88 34 748
88 39 710
88 39 712
88 39 713
88 39 714
88 39 715
88 43 711
88 43 712
88 43 733
88 64 718
88 64 730
88 128 752
88 124 755
113 100 90
113 100 91
113 100 95
113 100 99
113 100 100
113 100 106
113 100 113
113 100 114
113 100 118
113 100 133
113 100 134
113 100 144
113 100 150
113 100 153
113 100 156
113 100 157
113 100 158
113 100 159
113 100 161
113 100 162
113 100 163
113 100 164
113 100 165
113 100 166
113 100 167
113 100 168
113 100 169
113 100 171
113 100 172
113 100 175
113 100 176
113 100 177
113 100 178
113 100 179
113 100 180
113 100 181
113 100 182
113 100 184
113 100 185
113 100 186
113 100 188
113 100 205
113 100 208
113 100 209
113 100 210
113 100 211
113 100 216
113 100 218
113 100 228
113 100 230
113 100 231
113 100 232
113 100 233
113 100 234
113 100 235
113 100 238
113 100 239
113 100 241
113 100 244
113 100 246
113 100 247
113 100 248
113 100 249
113 100 250
113 100 253
113 100 261
113 100 262
113 100 263
113 100 266
113 100 267
113 100 272
113 100 276
113 100 277
113 100 278
113 100 279
113 100 281
113 100 282
113 100 284
113 100 285
113 100 286
113 100 289
113 100 290
113 100 291
113 100 292
113 100 293
113 100 294
113 100 295
113 100 296
113 100 297
113 100 298
113 100 301
113 100 302
113 100 303
113 100 305
113 100 312
113 100 313
113 100 320
113 100 331
113 100 332
113 100 333
113 100 334
113 100 335
113 100 338
113 127 90
113 127 91
113 127 104
113 127 125
113 127 147
113 127 180
113 127 181
113 127 182
113 127 324
113 127 325
113 127 326
113 127 327
113 127 330
113 124 103
113 124 118
113 124 128
113 94 105
113 94 116
113 15 108
113 15 110
113 15 212
113 15 245
113 15 247
113 15 250
113 15 268
113 15 271
113 15 290
113 15 304
113 82 113
113 82 140
113 82 209
113 82 210
113 82 332
113 18 115
113 18 128
113 18 171
113 18 172
113 18 173
113 18 176
113 18 177
113 18 324
113 18 325
113 18 326
113 6 115
113 6 116
113 6 144
113 6 287
113 6 288
113 6 294
113 6 295
113 6 298
113 6 299
113 6 315
113 6 323
113 38 115
113 38 133
113 38 139
113 38 141
113 38 221
113 38 222
113 38 223
113 53 125
113 131 137
113 50 140
113 109 144
113 109 222
113 36 161
113 48 162
113 48 163
113 79 172
113 79 173
113 79 212
113 79 266
113 79 268
113 90 210
113 90 220
113 90 221
113 90 222
113 90 228
113 90 229
113 90 279
113 90 292
113 95 221
113 95 251
113 95 258
113 40 258
113 40 259
113 40 288
113 40 306
113 40 307
113 40 315
113 40 323
113 23 335
113 121 339
113 47 1093
113 47 1094
113 47 1096
113 47 1097
113 47 1098
113 47 1099
113 47 1101
113 47 1102
113 47 1105
113 47 1106
113 47 1107
113 47 1108
113 47 1111
113 47 1124
113 47 1125
113 47 1126
113 47 1129
113 47 1133
113 47 1148
113 47 1150
113 47 1154
100 70 90
100 70 92
100 70 93
100 70 97
100 70 99
100 70 103
100 70 114
100 70 150
100 70 154
100 70 175
100 70 176
100 70 182
100 70 184
100 70 188
100 70 201
100 70 210
100 70 219
100 70 228
100 70 252
100 70 267
100 70 270
100 70 314
100 70 331
100 70 332
100 133 102
100 133 109
100 133 171
100 133 175
100 133 208
100 40 111
100 40 303
100 81 119
100 81 136
100 81 214
100 81 225
100 81 226
100 81 267
100 81 269
100 81 270
100 81 276
100 122 120
100 22 120
100 22 318
100 22 335
100 138 130
100 38 133
100 38 134
100 85 139
100 85 141
100 85 144
100 85 210
100 85 332
100 5 139
100 5 141
100 5 142
100 5 295
100 5 298
100 52 141
100 52 142
100 52 144
100 52 226
100 52 328
100 13 146
100 63 157
100 36 167
100 119 188
100 119 329
100 119 338
100 92 207
100 92 286
100 106 210
100 123 310
100 123 311
100 123 312
100 93 331
100 108 609
100 14 612
100 14 714
100 14 775
100 54 623
100 54 626
100 54 628
100 54 629
100 54 637
100 54 675
100 54 713
100 54 775
100 54 776
100 19 707
100 19 709
127 70 97
127 122 119
127 122 652
127 122 653
127 119 162
127 119 163
127 81 188
127 81 189
127 81 611
127 36 231
127 22 271
127 22 276
127 22 279
127 22 282
127 22 283
127 22 284
127 22 285
127 134 609
127 134 610
127 134 611
127 134 614
127 134 619
127 134 625
127 134 626
127 134 630
127 134 637
127 134 638
127 134 642
127 134 643
127 134 654
127 134 656
127 134 657
127 134 658
127 134 659
127 134 660
127 134 673
127 134 676
127 134 698
127 134 699
127 134 715
127 134 716
127 34 610
127 93 612
127 93 614
127 14 620
127 14 621
127 14 624
127 14 710
127 92 620
127 92 621
127 92 631
127 92 632
127 92 633
127 92 636
127 92 642
127 92 646
127 92 672
127 92 673
127 92 677
127 92 678
127 92 680
127 92 681
127 92 682
127 92 683
127 92 684
127 92 688
127 92 689
127 54 624
127 54 630
127 54 633
127 54 634
127 54 636
127 54 673
127 85 626
127 85 629
127 85 630
127 85 631
127 85 632
127 85 633
127 85 634
127 85 635
127 85 636
127 85 637
127 85 641
127 85 648
127 85 649
127 85 660
127 85 674
127 85 721
127 85 723
127 85 724
127 85 726
127 41 628
127 41 629
127 41 634
127 41 636
127 41 647
127 136 642
127 136 659
127 136 671
127 96 656
127 96 657
127 96 676
127 132 670
127 132 671
127 7 683
127 19 713
70 15 106
70 15 242
70 15 243
70 15 244
70 15 246
70 15 247
70 15 250
70 15 267
70 15 285
70 15 314
70 15 319
70 15 320
70 15 339
70 53 123
70 18 125
70 18 136
70 18 324
70 18 325
70 102 139
70 59 394
70 59 395
70 59 396
70 59 397
70 59 400
70 59 401
70 59 402
70 59 403
70 59 404
70 59 405
70 59 410
70 59 419
70 59 420
70 59 430
70 59 432
70 59 433
70 59 434
70 59 435
70 59 440
70 59 441
70 59 442
70 59 443
70 59 444
70 59 447
70 59 451
70 59 452
70 59 453
70 59 454
70 59 455
70 59 456
70 59 457
70 59 458
70 59 459
70 59 461
70 59 464
70 59 465
70 59 466
70 59 474
70 59 475
70 59 476
70 59 477
70 59 478
70 59 479
70 16 522
70 16 782
70 16 785
70 16 788
70 16 809
70 103 523
70 69 745
70 69 751
70 69 760
70 69 764
70 69 765
70 69 766
70 69 788
70 80 785
70 11 785
70 104 787
70 104 788
70 104 793
70 104 809
70 104 810
133 109 101
133 109 138
133 50 120
133 50 232
133 50 234
133 50 235
133 50 247
133 50 248
133 50 282
133 50 283
133 50 284
133 50 288
133 50 294
133 50 295
133 50 296
133 50 297
133 50 299
133 50 300
133 50 301
133 50 305
133 50 306
133 50 308
133 50 310
133 50 311
133 50 312
133 50 313
133 50 321
133 50 327
133 18 148
133 18 152
133 18 155
133 18 156
133 18 157
133 18 163
133 18 164
133 18 165
133 18 168
133 18 169
133 18 172
133 18 175
133 18 176
133 18 177
133 18 184
133 18 185
133 18 190
133 18 191
133 18 192
133 18 321
133 18 322
133 131 149
133 131 157
133 131 158
133 48 156
133 48 158
133 48 159
133 48 160
133 48 161
133 15 184
133 15 238
133 15 331
133 15 332
133 15 333
133 90 199
133 90 200
133 90 201
133 90 202
133 82 200
133 82 201
133 82 202
133 102 273
133 140 276
133 140 277
133 140 278
133 140 335
133 115 782
133 115 811
133 115 815
133 115 821
133 115 827
116 142 1041
116 142 1066
116 142 1067
116 142 1069
116 142 1070
116 142 1071
116 142 1072
116 142 1075
116 142 1076
116 142 1078
116 142 1079
116 142 1083
116 142 1085
116 142 1089
116 142 1128
116 142 1129
116 142 1130
116 142 1132
116 142 1134
116 142 1135
116 142 1136
116 142 1139
116 142 1140
116 142 1142
116 142 1143
106 102 101
106 102 134
106 102 151
106 102 157
106 102 159
106 102 161
106 102 167
106 102 169
106 102 176
106 102 242
106 102 243
106 102 248
106 102 330
106 102 331
106 109 102
106 109 132
106 109 171
106 15 121
106 15 195
106 15 201
106 15 205
106 15 206
106 15 292
106 15 309
106 15 328
106 95 131
106 95 147
106 95 171
106 6 248
106 6 249
106 13 282
106 13 283
106 13 330
106 18 322
106 117 1312
106 117 1313
106 117 1315
106 117 1316
106 117 1317
106 117 1318
106 117 1319
106 117 1320
106 117 1323
106 117 1324
106 117 1325
106 117 1326
106 117 1327
106 117 1328
106 117 1333
106 117 1334
106 117 1335
106 117 1336
106 117 1337
106 117 1340
106 117 1341
106 117 1342
106 117 1343
106 117 1344
106 117 1346
106 117 1347
106 117 1348
106 117 1351
106 117 1357
106 117 1358
106 117 1366
106 117 1367
106 117 1372
106 117 1380
106 117 1388
106 117 1391
106 117 1394
106 117 1395
106 117 1401
106 117 1405
106 117 1409
106 117 1416
106 117 1417
106 49 1378
138 124 97
138 6 99
138 102 99
138 102 101
138 102 102
138 102 104
138 102 105
138 102 107
138 102 108
138 102 109
138 102 110
138 102 114
138 102 115
138 102 123
138 102 124
138 102 125
138 102 126
138 102 131
138 102 140
138 102 155
138 102 161
138 102 166
138 102 177
138 102 178
138 102 179
138 102 180
138 102 184
138 102 185
138 102 188
138 102 189
138 102 191
138 102 195
138 102 206
138 102 207
138 102 209
138 102 214
138 102 216
138 102 217
138 102 219
138 102 268
138 102 269
138 102 270
138 102 273
138 102 286
138 102 287
138 102 288
138 102 289
138 102 290
138 102 291
138 102 292
138 102 296
138 102 297
138 102 298
138 102 299
138 102 300
138 102 301
138 102 302
138 102 303
138 102 304
138 102 307
138 102 308
138 102 309
138 102 310
138 102 311
138 102 314
138 102 316
138 102 317
138 102 318
138 102 321
138 102 322
138 102 323
138 102 324
138 102 325
138 102 326
138 102 328
138 102 330
138 102 331
138 102 334
138 102 335
138 102 340
138 53 99
138 53 104
138 53 106
138 94 101
138 109 104
138 109 105
138 109 107
138 109 108
138 109 109
138 109 110
138 109 111
138 109 115
138 109 116
138 109 117
138 109 118
138 109 119
138 109 124
138 109 130
138 109 158
138 109 166
138 109 170
138 13 123
138 13 227
138 13 230
138 13 268
138 13 269
138 13 323
138 13 330
138 13 336
138 95 141
138 95 159
138 95 177
138 95 184
138 95 186
138 95 191
138 18 232
138 18 233
138 81 306
138 81 312
138 81 313
138 81 314
138 81 315
138 81 317
138 81 318
138 40 341
138 15 366
138 15 367
138 50 367
138 50 372
138 50 380
138 50 391
138 50 393
138 50 395
138 50 403
138 131 367
138 131 368
124 134 611
124 134 653
124 81 611
124 81 612
124 81 613
124 81 632
124 93 612
124 93 613
124 93 623
124 93 649
124 129 612
124 56 614
124 43 614
124 43 635
124 22 616
124 22 643
124 85 619
124 85 659
124 85 666
124 85 672
124 77 619
124 77 656
124 5 637
124 61 641
124 139 648
124 32 649
124 32 735
124 122 653
124 39 653
124 92 670
124 111 695
124 103 696
124 17 696
124 45 741
124 49 745
124 49 747
124 132 748
124 54 755
122 140 98
122 94 98
122 94 99
122 94 107
122 94 108
122 94 109
122 94 110
122 94 118
122 109 98
122 109 99
122 53 99
122 53 100
122 102 99
122 82 106
122 82 107
122 82 115
122 6 107
122 6 109
122 6 119
122 15 108
122 15 121
122 89 110
122 40 112
122 40 113
122 40 114
122 40 115
122 18 119
122 50 119
122 79 120
122 23 122
122 23 123
122 21 612
122 87 612
122 87 652
122 87 660
122 87 729
122 114 637
122 114 638
122 114 719
122 114 720
122 114 721
122 114 723
122 43 642
122 43 742
122 134 667
140 40 101
140 40 172
140 40 174
140 40 215
140 85 104
140 85 105
140 85 274
140 85 286
140 85 288
140 85 294
140 85 308
140 85 320
140 85 323
140 85 328
140 36 127
140 36 309
140 52 160
140 52 168
140 52 173
140 52 335
140 52 366
140 52 374
140 52 375
140 52 384
140 52 387
140 52 388
140 52 390
140 52 397
140 52 398
140 52 399
140 52 404
140 13 171
140 13 228
140 13 231
140 13 285
140 13 286
140 13 332
140 22 216
140 22 217
140 22 218
140 22 219
140 22 220
140 22 221
140 22 222
140 22 223
140 22 224
140 22 225
140 22 234
140 63 227
140 63 228
140 63 229
140 63 230
140 63 231
140 81 256
140 119 320
140 38 336
140 129 366
94 40 105
94 40 110
94 40 111
94 40 112
94 38 114
94 96 602
94 96 608
94 96 609
94 96 610
94 96 629
94 96 643
94 96 689
94 96 710
94 96 711
94 96 712
94 96 713
94 96 727
94 96 735
94 96 738
94 96 752
94 96 753
94 96 754
94 5 604
94 5 744
94 5 747
94 108 605
94 108 609
94 108 611
94 108 612
94 108 614
94 108 629
94 108 661
94 108 667
94 108 707
94 108 716
94 108 733
94 108 734
94 108 735
94 108 737
94 108 740
94 108 741
94 108 742
94 108 744
94 108 745
94 108 746
94 108 755
94 69 608
94 14 616
94 14 618
94 14 624
94 14 625
94 14 626
94 14 724
94 14 733
94 19 632
94 19 633
94 19 634
94 19 635
94 19 636
94 19 660
94 19 661
94 19 662
94 19 663
94 19 719
94 19 720
94 19 721
94 19 727
94 134 632
94 134 633
94 7 633
94 7 634
94 7 636
94 7 637
94 7 660
94 7 663
94 7 665
94 7 666
94 7 677
94 7 679
94 7 680
94 7 682
94 7 706
94 7 707
94 7 713
94 7 726
94 110 635
94 54 673
94 54 718
94 54 748
94 17 754
109 5 98
109 5 99
109 5 157
109 103 98
109 103 99
109 103 105
109 103 106
109 103 107
109 103 108
109 103 113
109 103 114
109 103 115
109 103 124
109 103 129
109 103 130
109 103 145
109 103 146
109 103 147
109 103 149
109 96 99
109 40 102
109 40 158
109 40 159
109 40 161
109 40 164
109 40 206
109 85 104
109 85 123
109 56 113
109 56 114
109 38 121
109 38 122
109 38 123
109 38 135
109 38 144
109 38 158
109 38 159
109 38 160
109 38 162
109 38 166
109 38 171
109 38 173
109 38 174
109 38 175
109 38 176
109 38 177
109 38 178
109 38 181
109 38 186
109 38 198
109 38 218
109 38 219
109 81 132
109 81 138
109 13 148
109 13 151
109 13 152
109 13 157
109 13 162
109 13 172
109 13 173
109 13 177
109 13 178
109 13 180
109 13 181
109 13 182
109 13 183
109 13 184
109 13 186
109 13 187
109 13 188
109 13 189
109 13 190
109 13 191
109 13 192
109 13 193
109 13 195
109 13 196
109 13 197
109 13 198
109 13 203
109 13 206
109 92 217
109 92 218
109 92 219
109 22 244
109 22 245
109 22 246
109 123 260
109 123 261
109 123 297
109 128 777
109 128 778
109 128 784
109 128 786
109 128 831
109 128 832
109 128 833
109 128 834
109 128 837
109 128 838
109 128 839
109 128 840
109 128 845
109 128 851
109 128 853
109 128 854
109 128 855
109 128 856
109 128 857
109 128 858
109 128 859
109 128 864
109 128 865
109 128 866
109 128 867
109 128 868
109 128 896
109 128 897
109 128 898
109 128 899
109 128 900
109 128 901
109 128 902
109 128 903
109 128 904
109 128 905
109 128 906
109 128 907
109 128 908
109 128 909
109 128 910
109 128 929
109 128 930
109 128 932
109 128 935
109 128 938
109 128 941
109 128 943
109 128 949
109 128 950
109 128 952
109 128 953
109 128 954
109 128 960
109 128 961
109 128 962
109 128 963
109 128 964
109 128 965
109 128 966
109 128 967
96 6 98
96 6 99
96 6 100
96 6 107
96 6 109
96 6 110
96 6 111
96 6 113
96 6 116
96 6 117
96 102 98
96 53 99
96 51 601
96 51 603
96 51 736
96 51 739
96 51 746
96 51 747
96 51 748
96 51 752
96 64 602
96 64 751
96 64 752
96 9 605
96 23 608
96 23 609
96 23 610
96 23 611
96 23 616
96 23 618
96 23 620
96 23 621
96 23 622
96 23 623
96 23 624
96 23 644
96 23 645
96 23 653
96 23 654
96 23 655
96 23 676
96 23 684
96 23 685
96 23 687
96 23 688
96 23 751
96 134 610
96 134 611
96 134 616
96 134 617
96 134 621
96 134 655
96 14 619
96 14 620
96 14 621
96 14 622
96 14 623
96 14 627
96 14 716
96 14 719
96 130 626
96 39 627
96 39 628
96 39 629
96 39 654
96 39 679
96 39 680
96 39 681
96 132 656
96 87 677
96 87 678
96 87 717
96 41 682
96 37 715
6 85 101
6 85 142
6 85 143
6 85 242
6 85 244
6 85 260
6 85 335
6 40 110
6 40 146
6 40 151
6 40 152
6 40 154
6 40 163
6 40 164
6 40 165
6 40 166
6 40 168
6 40 169
6 40 170
6 40 171
6 40 174
6 40 175
6 40 176
6 40 177
6 40 178
6 40 179
6 40 180
6 40 181
6 40 191
6 40 192
6 40 193
6 40 195
6 40 197
6 40 198
6 40 200
6 40 201
6 40 205
6 40 206
6 40 207
6 40 208
6 40 209
6 40 210
6 40 211
6 40 212
6 40 213
6 40 214
6 40 216
6 40 219
6 40 221
6 40 224
6 40 225
6 40 226
6 40 236
6 40 238
6 40 240
6 40 261
6 40 268
6 40 272
6 40 273
6 40 274
6 40 276
6 40 278
6 40 288
6 40 289
6 40 298
6 40 309
6 40 326
6 40 336
6 129 118
6 81 120
6 81 273
6 52 140
6 52 141
6 52 142
6 52 143
6 52 247
6 52 249
6 52 255
6 38 154
6 38 246
6 38 247
6 38 249
6 38 251
6 38 255
6 38 342
6 22 195
6 22 206
6 22 255
6 36 199
6 92 245
6 92 273
6 92 294
6 92 295
6 123 259
6 123 299
6 123 301
6 123 302
6 123 305
6 123 308
6 123 309
6 123 310
6 123 311
6 123 312
6 123 313
6 123 320
6 123 324
6 123 325
6 123 326
6 119 325
6 63 345
6 103 473
6 103 474
6 103 475
6 103 476
6 103 477
6 103 479
6 103 480
6 103 481
6 103 482
6 103 498
6 77 473
6 77 474
6 77 478
6 77 479
6 77 480
6 77 481
6 77 482
6 77 555
6 77 578
6 16 490
6 59 493
6 110 525
6 110 526
6 110 527
6 110 528
6 110 529
6 110 530
6 110 531
6 110 532
6 110 540
6 110 542
6 110 543
6 110 544
6 110 548
6 110 549
6 110 560
6 110 561
6 110 562
102 5 98
102 5 248
102 5 249
102 5 250
102 5 253
102 5 254
102 5 624
102 40 99
102 56 101
102 56 104
102 56 106
102 56 110
102 56 665
102 38 110
102 38 128
102 38 161
102 38 165
102 38 167
102 38 168
102 38 169
102 38 238
102 38 239
102 38 243
102 38 245
102 38 246
102 38 249
102 38 251
102 38 254
102 38 256
102 85 121
102 85 134
102 85 184
102 85 237
102 85 238
102 85 273
102 85 274
102 85 275
102 85 276
102 85 278
102 85 284
102 85 285
102 85 286
102 85 288
102 85 289
102 85 297
102 85 307
102 85 308
102 85 309
102 85 325
102 85 326
102 85 327
102 85 329
102 36 126
102 36 127
102 36 174
102 36 233
102 36 336
102 13 127
102 13 149
102 13 215
102 13 259
102 13 260
102 13 261
102 13 262
102 13 265
102 13 268
102 13 269
102 13 285
102 13 286
102 13 289
102 13 318
102 13 321
102 13 323
102 13 328
102 13 329
102 13 330
102 13 331
102 13 336
102 119 199
102 119 200
102 119 319
102 22 216
102 22 253
102 22 256
102 52 235
102 52 238
102 52 239
102 52 241
102 52 242
102 52 243
102 52 244
102 52 245
102 52 248
102 52 249
102 52 250
102 52 251
102 52 253
102 52 256
102 52 304
102 52 330
102 52 331
102 92 236
102 92 260
102 92 754
102 14 602
102 19 606
102 39 606
102 49 609
102 49 612
102 49 672
102 49 702
102 49 707
102 49 711
102 49 736
102 37 613
102 37 616
102 37 617
102 37 618
102 37 644
102 61 616
102 139 632
102 139 727
102 93 637
102 93 645
102 93 703
102 93 754
102 9 644
102 9 656
102 9 657
102 34 667
102 34 681
102 81 696
102 81 697
102 81 702
102 7 736
5 53 99
5 53 101
5 18 113
5 18 115
5 15 146
5 15 147
5 15 252
5 15 271
5 15 272
5 15 290
5 15 333
5 13 162
5 41 600
5 41 601
5 41 603
5 41 604
5 41 736
5 37 601
5 37 602
5 37 611
5 37 613
5 37 616
5 37 617
5 37 629
5 37 634
5 37 636
5 37 637
5 37 638
5 37 639
5 37 640
5 37 657
5 37 658
5 37 661
5 37 662
5 23 603
5 23 604
5 14 608
5 114 609
5 114 611
5 114 617
5 114 685
5 114 687
5 114 707
5 114 750
5 64 609
5 64 610
5 64 611
5 64 658
5 64 659
5 64 683
5 64 684
5 64 694
5 64 725
5 9 609
5 51 624
5 51 631
5 51 632
5 51 662
5 51 664
5 43 627
5 43 628
5 43 629
5 43 630
5 43 634
5 43 635
5 43 636
5 95 637
5 21 641
5 21 642
5 21 729
5 34 660
5 34 661
5 34 662
5 34 741
5 34 742
5 134 714
5 134 718
5 134 719
5 134 720
5 134 725
5 134 749
5 84 715
5 84 716
5 84 717
5 84 718
5 84 733
5 84 736
5 84 742
5 84 744
5 59 717
5 59 722
5 59 723
5 59 725
5 59 726
5 59 727
5 59 728
5 90 720
5 39 725
5 39 726
5 39 729
5 39 749
5 121 727
5 121 728
5 121 732
5 121 733
5 121 735
5 121 736
5 121 741
5 121 742
5 87 728
5 87 729
5 87 730
5 87 732
5 87 744
5 87 746
5 132 758
103 18 219
103 18 220
103 18 222
103 18 226
103 18 227
103 15 236
103 15 251
103 15 253
103 15 254
103 79 470
103 79 471
103 79 473
103 79 474
103 79 478
103 79 479
103 79 481
103 79 482
103 79 483
103 79 484
103 79 485
103 79 486
103 79 490
103 79 491
103 79 493
103 79 494
103 79 496
103 79 499
103 79 500
103 79 502
103 79 503
103 79 504
103 79 510
103 79 516
103 79 518
103 79 520
103 79 526
103 79 529
103 79 536
103 79 537
103 79 538
103 79 539
103 79 540
103 79 541
103 79 542
103 79 544
103 79 545
103 79 546
103 79 552
103 79 553
103 79 554
103 79 555
103 79 559
103 79 560
103 79 561
103 79 562
103 79 563
103 79 564
103 79 565
103 79 566
103 79 568
103 79 569
103 79 570
103 79 571
103 79 572
103 79 578
103 79 579
103 79 581
103 79 582
103 79 583
103 79 585
103 79 586
103 79 587
103 79 588
103 79 589
103 79 593
103 79 594
103 79 597
103 79 600
103 79 601
103 79 604
103 79 606
103 79 607
103 79 609
103 79 610
103 79 611
103 79 612
103 79 613
103 79 615
103 79 616
103 79 617
103 79 618
103 79 620
103 79 621
103 79 622
103 79 624
103 79 625
103 79 626
103 79 627
103 79 628
103 79 630
103 79 631
103 79 637
103 79 638
103 79 656
103 79 658
103 79 660
103 79 677
103 79 678
103 79 680
103 79 699
103 79 700
103 79 701
103 38 470
103 38 471
103 43 619
103 59 650
103 34 650
103 72 707
103 72 724
103 72 765
103 72 779
103 72 781
103 72 792
103 72 812
103 72 835
103 72 836
103 54 719
103 69 725
103 69 726
103 69 727
103 69 728
103 69 731
103 69 732
103 69 733
103 69 734
103 69 735
103 69 736
103 69 737
103 69 738
103 69 739
103 69 740
103 69 741
103 69 743
103 69 744
103 69 745
103 69 746
103 69 747
103 69 749
103 69 750
103 69 751
103 69 752
103 69 756
103 69 758
103 69 759
103 69 760
103 69 761
103 69 768
103 69 788
103 69 801
103 69 802
103 69 804
103 69 807
103 69 809
103 69 810
103 69 813
103 69 814
103 69 815
103 69 816
103 69 817
103 69 818
103 69 820
103 69 821
103 69 822
103 69 823
103 69 824
103 69 825
103 69 826
103 69 827
103 69 828
103 69 829
103 69 830
103 69 831
103 69 832
103 69 833
103 69 834
103 69 835
103 69 836
103 69 837
103 69 838
103 69 839
103 69 840
103 69 842
103 69 843
103 69 844
103 69 845
103 69 847
103 69 850
103 69 851
103 139 726
53 40 104
53 40 106
53 81 112
53 38 112
53 17 648
53 77 683
53 77 684
53 111 697
40 85 100
40 85 108
40 85 172
40 85 247
40 85 251
40 85 256
40 85 257
40 85 313
40 85 318
40 22 105
40 22 113
40 22 176
40 22 179
40 22 180
40 22 182
40 22 183
40 22 185
40 22 186
40 22 187
40 22 188
40 22 189
40 22 195
40 22 203
40 22 206
40 82 107
40 82 173
40 50 127
40 50 129
40 81 130
40 81 273
40 95 131
40 95 158
40 95 159
40 95 160
40 95 161
40 95 182
40 95 203
40 95 208
40 95 258
40 95 260
40 95 261
40 95 265
40 95 268
40 95 276
40 95 278
40 95 284
40 95 287
40 95 291
40 95 293
40 95 294
40 95 295
40 95 296
40 95 300
40 95 301
40 95 302
40 95 303
40 95 313
40 95 317
40 38 133
40 38 157
40 38 158
40 38 159
40 38 160
40 38 161
40 59 187
40 131 194
40 131 195
40 119 227
40 119 337
40 123 246
40 123 247
40 123 248
40 123 302
40 123 310
40 123 317
40 123 318
40 123 320
40 123 322
40 123 324
40 123 325
40 123 326
40 123 327
40 15 272
40 15 275
40 18 331
40 18 332
85 38 125
85 38 223
85 38 225
85 38 236
85 38 256
85 50 141
85 50 165
85 50 236
85 1 204
85 90 211
85 90 219
85 90 222
85 90 226
85 90 227
85 90 229
85 90 230
85 90 231
85 90 232
85 90 233
85 90 234
85 90 235
85 90 237
85 90 245
85 95 222
85 95 313
85 34 611
85 14 614
85 14 643
85 14 671
85 84 615
85 132 619
85 132 660
85 132 688
85 132 691
85 132 716
85 132 755
85 41 628
85 41 651
85 41 681
85 41 682
85 121 629
85 121 630
85 121 661
85 121 665
85 121 666
85 121 667
85 121 669
85 121 671
85 121 677
85 121 680
85 121 685
85 121 686
85 121 689
85 121 690
85 121 717
85 121 726
85 121 727
85 121 728
85 134 634
85 134 636
85 134 640
85 134 641
85 134 679
85 134 680
85 98 658
85 114 720
85 114 721
85 114 724
85 114 757
85 114 758
85 32 738
85 64 745
85 59 748
85 21 758
85 128 758
56 18 107
56 84 610
56 84 677
56 84 683
56 84 716
56 84 718
56 84 719
56 132 610
56 132 757
56 89 611
56 89 665
56 21 614
56 21 622
56 21 639
56 21 663
56 21 665
56 21 686
56 21 692
56 21 694
56 21 756
56 95 614
56 95 659
56 95 705
56 87 622
56 64 637
56 51 657
56 9 660
56 9 686
56 9 689
56 9 690
56 9 715
56 9 716
56 39 710
56 39 729
56 41 710
56 41 751
56 121 729
56 121 730
56 121 735
56 121 736
56 121 737
56 121 738
56 121 741
56 121 742
56 37 756
81 15 104
81 15 106
81 15 111
81 15 114
81 15 115
81 15 157
81 15 158
81 15 167
81 15 168
81 15 188
81 15 189
81 15 191
81 15 193
81 15 194
81 15 195
81 15 196
81 15 197
81 15 198
81 15 199
81 15 201
81 15 202
81 15 203
81 15 204
81 15 205
81 15 206
81 15 209
81 15 210
81 15 211
81 15 212
81 15 217
81 15 219
81 15 225
81 15 226
81 15 233
81 15 259
81 15 265
81 15 266
81 15 267
81 15 268
81 15 270
81 15 273
81 15 274
81 15 275
81 50 104
81 50 110
81 50 198
81 50 199
81 50 200
81 50 202
81 50 204
81 50 205
81 50 207
81 50 208
81 50 209
81 50 210
81 50 211
81 50 212
81 50 217
81 50 218
81 50 221
81 50 225
81 50 226
81 50 227
81 50 228
81 50 229
81 50 230
81 50 231
81 50 233
81 18 109
81 18 111
81 18 136
81 18 189
81 23 116
81 23 246
81 23 247
81 23 291
81 23 305
81 23 306
81 121 174
81 38 300
81 38 320
81 114 661
81 114 662
81 114 663
81 114 673
81 114 684
81 59 676
81 59 681
81 59 709
81 59 712
81 59 713
81 59 717
81 59 720
81 21 692
15 22 111
15 22 124
15 22 135
15 22 241
15 22 253
15 22 254
15 22 255
15 22 310
15 22 311
15 22 313
15 22 319
15 22 323
15 22 330
15 22 331
15 22 332
15 22 333
15 22 339
15 22 341
15 22 342
15 52 124
15 52 125
15 52 136
15 52 198
15 52 199
15 52 201
15 52 202
15 52 204
15 52 205
15 52 208
15 52 209
15 52 211
15 52 212
15 52 214
15 52 215
15 52 216
15 52 217
15 52 223
15 52 225
15 52 226
15 52 228
15 52 230
15 52 231
15 52 233
15 52 234
15 52 251
15 52 309
15 52 328
15 52 336
15 52 339
15 52 341
15 52 366
15 63 170
15 50 173
15 50 367
15 18 184
15 18 189
15 18 190
15 18 277
15 18 278
15 18 282
15 136 233
15 38 251
15 38 323
15 92 290
15 123 312
15 123 366
15 123 367
15 129 335
15 129 366
15 129 367
15 8 341
50 22 109
50 22 110
50 22 126
50 22 146
50 22 168
50 22 169
50 22 253
50 22 254
50 22 258
50 22 264
50 22 272
50 22 273
50 22 274
50 22 275
50 22 276
50 22 277
50 22 278
50 22 279
50 22 280
50 22 281
50 22 282
50 129 110
50 129 189
50 129 255
50 129 367
50 18 156
50 36 186
50 36 187
50 36 189
50 36 190
50 63 188
50 119 197
50 119 338
50 38 236
50 38 237
50 38 238
50 38 239
50 38 242
50 38 243
50 38 244
50 38 246
50 38 249
50 38 251
50 38 254
50 38 255
50 38 256
50 38 269
50 123 367
50 78 377
22 18 104
22 18 117
22 18 127
22 18 233
22 18 301
22 18 302
22 18 305
22 82 170
22 131 195
22 131 196
22 131 205
22 131 207
22 131 294
22 131 303
22 95 204
22 95 244
22 95 245
22 13 225
22 13 234
22 13 237
22 59 226
22 59 227
22 59 229
22 59 621
22 59 631
22 59 644
22 59 687
22 59 693
22 59 754
22 59 755
22 38 255
22 38 258
22 38 261
22 38 265
22 38 269
22 38 271
22 38 293
22 38 294
22 38 309
22 38 342
22 121 301
22 121 608
22 121 611
22 114 638
22 114 741
22 114 742
22 64 730
22 37 753
18 52 104
18 52 117
18 52 120
18 129 140
18 129 142
18 129 302
18 119 193
18 119 235
18 119 236
18 119 237
18 119 245
18 119 247
18 119 254
18 36 234
18 36 235
18 36 236
18 36 237
18 36 238
18 36 301
18 63 236
18 63 251
18 63 252
18 63 253
18 63 254
18 63 255
18 63 256
18 63 270
18 63 274
18 63 275
18 13 240
18 38 272
18 38 293
18 123 328
18 108 607
18 108 629
18 108 669
18 108 678
18 108 679
18 108 681
18 108 693
52 95 135
52 82 138
52 82 142
52 82 143
52 82 144
52 82 145
52 82 146
52 82 150
52 82 151
52 82 152
52 82 153
52 82 154
52 82 155
52 82 156
52 82 157
52 82 158
52 82 159
52 82 160
52 82 161
52 82 162
52 82 166
52 82 167
52 82 168
52 82 169
52 82 171
52 82 174
52 90 236
52 90 242
52 13 330
52 131 366
52 28 719
52 28 721
52 28 724
52 28 725
52 28 739
52 28 740
52 28 741
52 28 742
52 28 747
52 28 748
52 28 756
52 28 764
52 28 765
52 28 776
52 28 778
52 28 782
52 28 805
52 28 813
52 28 815
52 45 739
82 38 118
82 38 133
82 92 200
82 92 204
82 92 207
82 92 209
82 92 220
82 123 249
82 110 427
82 110 429
82 110 435
82 110 449
82 110 457
82 110 458
82 110 460
82 110 461
82 110 464
82 110 473
82 110 475
82 110 480
82 110 482
82 110 487
82 110 488
82 110 497
82 110 502
82 110 521
82 110 537
82 110 543
82 110 545
82 110 548
82 110 549
82 110 551
82 110 552
82 110 553
82 110 556
82 110 557
82 110 558
82 110 559
82 110 567
82 110 570
82 110 580
82 110 586
82 110 602
82 110 604
82 110 607
82 110 609
82 110 610
82 110 613
82 110 614
82 110 615
82 110 616
82 110 617
82 110 618
82 110 619
82 110 620
82 110 621
82 110 622
82 110 623
82 110 624
82 110 627
82 110 628
82 110 629
82 110 631
82 110 632
82 110 634
82 110 636
82 110 637
82 110 638
82 7 635
82 77 638
119 13 107
119 13 108
119 13 112
119 13 128
119 13 132
119 13 134
119 13 137
119 13 244
119 13 320
119 36 129
119 36 146
119 36 150
119 36 197
119 36 235
119 36 257
119 36 258
119 36 259
119 36 267
119 36 268
119 36 269
119 48 154
119 59 172
119 59 173
119 59 174
119 59 175
119 59 176
119 59 177
119 59 178
119 59 235
119 59 237
119 59 238
119 59 239
119 59 240
119 59 241
119 59 242
119 59 243
119 59 276
119 59 305
119 38 204
119 38 288
119 23 300
119 105 1222
119 105 1223
119 105 1224
119 105 1232
119 105 1233
119 105 1234
119 105 1238
119 105 1239
119 105 1248
119 105 1250
119 105 1252
119 105 1253
119 105 1254
119 105 1255
119 105 1256
119 105 1257
119 105 1258
119 105 1259
119 105 1260
119 105 1261
119 105 1262
119 105 1263
119 105 1264
119 105 1265
119 105 1266
119 105 1267
119 105 1268
119 105 1269
119 105 1270
119 105 1271
119 105 1272
119 105 1273
119 105 1276
119 105 1277
119 105 1279
119 105 1285
119 105 1288
119 105 1289
119 105 1290
119 105 1291
119 105 1292
119 105 1297
119 105 1298
119 105 1300
119 105 1301
119 105 1304
119 105 1306
119 105 1309
119 105 1311
119 105 1407
119 105 1408
119 105 1410
13 59 108
13 63 109
13 63 227
13 121 109
13 121 111
13 121 127
13 121 133
13 36 128
13 36 133
13 36 198
13 131 142
13 95 147
13 38 147
13 38 162
13 38 171
13 38 196
13 38 198
13 38 200
13 38 201
13 92 260
59 36 140
59 36 187
59 36 216
59 36 218
59 36 235
59 38 205
59 38 274
59 38 282
59 38 323
59 38 326
59 38 327
59 38 328
59 38 337
59 38 345
59 38 347
59 38 349
59 38 350
59 8 380
59 8 382
59 8 384
59 8 386
59 8 387
59 87 609
59 87 621
59 134 609
59 43 609
59 129 609
59 129 618
59 54 616
59 61 638
59 61 641
59 9 641
59 9 685
59 9 687
59 9 688
59 9 693
59 93 658
59 93 706
59 93 712
59 139 685
59 39 709
59 39 711
59 39 712
59 39 724
59 39 725
59 39 726
59 39 727
59 39 728
59 39 754
59 128 726
59 34 744
59 7 754
63 38 113
63 38 348
63 38 356
63 36 127
63 121 236
63 8 379
63 8 381
63 8 383
63 8 385
63 8 388
63 16 494
63 45 739
121 38 113
121 36 127
121 36 236
121 36 314
121 123 325
121 28 608
121 49 609
121 49 611
121 49 612
121 43 609
121 43 612
121 43 613
121 54 611
121 54 660
121 54 661
121 54 662
121 54 665
121 54 678
121 54 690
121 54 712
121 93 614
121 32 623
121 32 624
121 129 625
121 129 630
121 129 699
121 129 700
121 129 716
121 134 626
121 134 629
121 134 630
121 134 638
121 134 648
121 134 653
121 134 675
121 134 697
121 134 698
121 134 699
121 134 706
121 134 708
121 134 710
121 134 711
121 134 713
121 134 714
121 134 716
121 134 717
121 134 718
121 134 719
121 134 720
121 134 721
121 134 722
121 134 725
121 134 726
121 92 670
121 92 671
121 92 720
121 92 721
121 108 671
121 108 678
121 19 677
121 19 678
121 136 677
121 136 728
121 136 729
121 136 730
121 136 732
121 136 733
121 136 738
121 14 710
121 14 711
121 14 712
121 14 714
121 39 729
121 39 738
121 126 737
89 9 652
89 9 659
38 36 113
38 36 289
38 36 310
38 36 311
38 36 314
38 36 315
38 36 327
38 36 328
38 36 330
38 36 333
38 131 116
38 131 293
38 95 134
38 95 147
38 95 158
38 95 170
38 95 216
38 90 218
38 90 219
38 90 220
38 90 221
38 90 222
38 90 224
38 90 225
38 90 229
38 90 230
38 90 232
38 90 236
38 90 238
38 90 240
38 90 276
38 90 277
38 90 281
38 79 469
129 114 702
129 114 719
129 114 723
36 131 154
36 131 155
36 131 179
36 131 183
36 131 303
36 48 155
36 48 166
36 23 301
36 23 303
23 61 600
23 61 601
23 61 751
23 19 606
23 19 608
23 19 615
23 19 616
23 19 629
23 19 643
23 19 719
23 7 606
23 7 610
23 7 611
23 136 607
23 136 608
23 136 616
23 136 618
23 136 620
23 136 621
23 136 622
23 136 629
23 136 650
23 136 651
23 136 653
23 136 739
23 132 608
23 132 609
23 132 611
23 132 626
23 132 643
23 39 615
23 39 632
23 39 654
23 108 637
23 108 654
23 108 655
23 108 724
23 108 733
23 92 640
23 92 730
23 92 731
23 92 733
23 92 734
23 92 735
23 92 737
23 92 738
23 14 652
23 14 725
23 14 730
23 134 674
23 134 719
23 54 735
23 49 743
23 49 744
23 49 745
23 49 747
23 49 748
23 49 749
23 49 750
23 49 751
23 93 753
131 123 367
131 123 368
131 117 781
131 117 795
131 117 800
131 117 812
79 123 325
79 80 497
79 110 497
79 110 520
79 110 555
79 110 625
79 110 626
79 16 524
79 19 630
79 132 660
79 17 700
79 17 701
95 92 217
95 92 218
95 123 301
95 123 302
95 123 304
95 123 308
95 123 309
95 123 324
95 123 328
95 9 622
95 9 645
95 9 657
95 9 659
95 9 661
95 9 662
95 9 663
95 9 664
95 9 665
95 9 666
95 9 715
95 9 745
95 9 746
95 9 749
95 43 666
95 132 705
95 14 747
95 7 747
95 17 755
19 48 150
19 48 151
19 48 163
19 48 166
19 48 175
19 48 176
19 48 177
19 48 181
19 48 221
19 41 600
19 41 609
19 134 604
19 134 605
19 134 615
19 134 616
19 134 621
19 134 629
19 134 630
19 134 649
19 134 651
19 134 653
19 134 655
19 134 656
19 134 658
19 134 662
19 134 663
19 134 664
19 134 669
19 134 674
19 134 678
19 134 679
19 134 695
19 134 734
19 134 735
19 134 750
19 134 751
19 134 752
19 134 753
19 134 754
19 134 758
19 39 609
19 39 614
19 39 626
19 98 616
19 98 621
19 98 624
19 98 630
19 98 660
19 14 628
19 14 629
19 14 693
19 14 710
19 14 717
19 7 637
19 132 664
19 132 665
19 132 669
19 132 670
19 132 678
19 132 719
19 132 747
19 87 677
19 87 681
19 87 683
19 87 689
19 87 693
19 87 695
19 87 696
19 87 697
19 87 709
19 37 713
19 21 737
19 130 743
19 114 747
19 9 754
48 114 1183
48 114 1184
48 114 1187
48 114 1190
48 114 1194
48 114 1196
48 114 1199
48 114 1200
48 114 1201
48 114 1202
48 114 1203
48 114 1204
48 114 1222
48 114 1226
48 114 1229
48 114 1234
48 114 1237
48 114 1238
48 114 1240
48 114 1241
48 114 1244
48 114 1245
48 114 1246
48 114 1247
48 114 1248
48 114 1249
48 114 1250
48 114 1251
48 114 1252
48 114 1253
48 114 1254
48 114 1255
48 114 1256
48 114 1258
48 114 1259
48 114 1260
48 114 1262
17 126 611
17 126 612
17 126 613
17 126 614
17 126 615
17 126 616
17 126 623
17 126 624
17 126 636
17 126 637
17 126 638
17 126 639
17 126 643
17 126 644
17 126 645
17 126 646
17 126 647
17 126 648
17 126 649
17 126 651
17 126 652
17 126 653
17 126 655
17 126 658
17 126 660
17 126 662
17 126 669
17 126 670
17 126 671
17 126 678
17 126 681
17 126 690
17 126 691
17 126 693
17 126 694
17 139 611
17 139 612
17 139 647
17 139 648
17 139 661
17 139 671
17 139 674
17 139 675
17 139 677
17 139 678
17 139 681
17 64 613
17 104 701
17 104 706
17 104 707
17 104 709
17 104 710
17 104 711
17 104 719
17 104 725
17 104 726
17 104 727
17 104 728
17 104 730
17 104 731
17 104 732
17 104 733
17 104 734
17 104 735
17 104 736
17 104 737
17 104 738
17 104 739
17 104 741
17 104 742
17 104 743
17 104 744
17 104 746
17 104 747
17 104 748
17 104 749
17 104 750
17 104 751
17 104 752
17 104 754
17 104 755
17 104 756
17 104 757
17 104 761
17 104 765
17 104 773
17 104 775
17 104 776
17 104 777
17 104 778
17 104 779
17 104 780
17 104 783
17 104 784
17 104 786
17 104 787
17 104 788
17 104 789
17 104 790
17 104 795
17 104 796
17 104 802
17 104 807
17 104 808
17 104 809
17 104 810
17 72 707
17 72 708
17 72 719
17 72 725
17 72 742
17 72 744
17 72 745
17 72 746
17 72 747
17 72 750
17 72 751
17 72 752
17 72 753
17 72 754
17 72 760
17 72 761
17 72 764
17 72 765
17 72 766
17 72 784
17 72 791
17 72 803
17 72 804
17 72 806
17 54 719
17 69 726
17 69 727
17 69 728
17 69 731
17 69 732
17 69 733
17 69 734
17 69 735
17 69 736
17 69 737
17 69 738
17 69 739
17 69 740
17 69 741
17 69 742
17 69 743
17 69 744
17 69 745
17 69 746
17 69 747
17 69 748
17 69 751
17 69 752
17 69 755
17 69 756
17 69 759
17 69 760
17 69 764
17 69 765
17 69 766
17 69 767
17 69 768
17 69 769
17 69 775
17 69 788
17 69 795
17 69 796
17 69 797
17 69 798
17 69 800
17 69 801
17 69 802
17 69 807
17 69 808
17 69 809
17 69 810
17 11 753
17 11 786
17 11 787
17 11 813
17 80 813
17 80 814
17 80 815
17 80 816
17 80 817
17 80 818
17 80 819
17 80 820
90 93 686
90 93 701
90 43 714
90 43 719
90 136 734
90 54 757
92 37 608
92 134 610
92 134 611
92 134 612
92 134 613
92 134 628
92 134 630
92 134 642
92 134 662
92 134 663
92 134 665
92 134 666
92 134 667
92 134 668
92 98 611
92 14 619
92 14 620
92 14 621
92 14 622
92 14 623
92 14 628
92 14 635
92 87 624
92 87 625
92 87 672
92 87 679
92 132 626
92 132 647
92 132 719
92 132 721
92 132 722
92 32 627
92 39 627
92 41 681
92 114 695
92 114 696
92 114 712
92 114 753
92 51 738
92 51 751
92 51 752
92 64 741
92 64 742
92 64 743
92 84 748
77 43 618
77 43 619
77 7 630
77 41 661
77 126 682
136 37 602
136 37 725
136 37 735
136 14 610
136 14 611
136 14 614
136 14 615
136 14 649
136 14 757
136 41 620
136 41 680
136 41 692
136 41 707
136 41 708
136 41 717
136 39 629
136 39 632
136 39 655
136 39 697
136 39 698
136 39 699
136 39 704
136 39 713
136 132 636
136 130 671
136 34 704
136 34 725
136 34 726
136 34 728
136 21 705
136 21 707
136 21 708
136 43 707
136 43 711
136 43 712
136 43 713
136 64 727
136 64 731
136 114 748
136 114 749
136 7 756
123 61 612
123 114 701
123 114 702
123 114 706
93 98 431
93 84 612
93 84 615
93 84 637
93 84 670
93 84 731
93 87 618
93 32 657
93 34 666
93 34 670
93 21 700
93 39 702
93 39 703
93 39 704
93 39 705
93 39 724
93 41 702
93 41 703
93 41 705
93 41 707
93 134 707
93 64 715
93 64 717
93 37 731
93 132 734
93 132 735
93 132 737
93 132 738
93 132 739
93 132 741
93 132 742
93 132 745
93 132 746
93 132 747
93 132 748
93 128 743
93 7 748
93 114 752
78 34 755
78 28 769
78 72 784
78 46 792
108 80 425
108 80 426
108 80 428
108 80 430
108 80 431
108 80 434
108 80 441
108 80 442
108 80 451
108 80 452
108 80 455
108 80 459
108 80 462
108 80 465
108 80 468
108 80 469
108 80 470
108 80 472
108 80 474
108 80 481
108 80 503
108 80 504
108 80 535
108 80 536
108 80 542
108 80 544
108 80 550
108 80 554
108 80 555
108 80 560
108 80 564
108 80 566
108 80 568
108 80 569
108 80 571
108 80 572
108 64 601
108 64 607
108 64 741
108 64 742
108 64 743
108 64 755
108 39 602
108 39 629
108 39 681
108 51 602
108 51 754
108 7 602
108 7 631
108 7 655
108 7 661
108 7 676
108 7 706
108 98 603
108 98 609
108 98 654
108 98 658
108 98 727
108 98 754
108 14 604
108 14 605
108 14 618
108 14 619
108 14 622
108 14 623
108 14 624
108 14 629
108 14 658
108 14 719
108 37 604
108 134 609
108 134 611
108 134 612
108 134 667
108 134 678
108 41 631
108 41 633
108 41 634
108 41 635
108 132 631
108 132 678
108 132 679
108 132 684
108 132 688
108 132 718
108 87 639
108 87 640
108 87 641
108 87 644
108 87 649
108 87 707
108 87 708
108 87 712
108 87 718
108 114 697
108 114 698
80 11 735
80 11 736
80 11 737
80 11 742
80 11 744
80 11 748
80 11 750
80 11 751
80 11 752
80 11 754
80 11 757
80 11 760
80 11 761
80 11 764
80 11 765
80 11 770
80 11 771
80 11 773
80 11 776
80 11 780
80 11 783
80 11 789
80 11 799
80 11 800
80 11 810
80 11 811
80 11 812
80 11 813
80 2 789
80 2 790
80 2 798
80 2 799
80 2 811
110 104 626
110 128 974
110 128 975
110 128 976
110 128 978
110 128 979
110 128 980
110 128 981
110 128 983
110 128 984
110 128 987
110 128 988
110 128 989
110 128 990
110 128 991
110 128 992
110 128 993
110 128 994
110 128 995
110 128 996
110 128 997
110 128 998
110 128 999
110 128 1000
110 128 1001
110 128 1002
110 128 1003
110 128 1004
110 128 1005
110 128 1006
110 128 1008
110 128 1009
110 128 1010
110 128 1011
110 128 1013
110 128 1014
110 128 1015
110 128 1016
110 128 1017
110 128 1019
110 128 1020
110 128 1021
110 128 1022
110 128 1023
110 128 1024
110 128 1025
110 128 1026
110 128 1027
110 128 1028
110 128 1029
110 128 1030
110 128 1031
110 128 1032
110 128 1033
110 128 1034
110 128 1035
110 128 1036
110 128 1037
110 128 1038
110 128 1039
110 128 1040
110 128 1042
110 128 1046
110 128 1056
110 128 1060
110 128 1070
110 128 1086
110 128 1089
98 7 615
98 7 616
98 7 626
98 7 627
98 7 637
98 7 717
98 7 718
98 7 724
98 7 734
98 7 736
98 14 618
98 14 624
98 14 629
98 14 653
98 14 660
98 14 717
98 14 733
98 54 642
98 54 643
98 132 653
71 47 1024
71 67 1050
71 67 1051
71 67 1054
71 67 1065
71 67 1066
71 67 1071
71 67 1072
71 67 1076
71 67 1078
71 67 1083
71 67 1085
71 67 1096
41 37 600
41 37 601
41 37 737
41 37 744
41 37 754
41 37 756
41 7 600
41 7 609
41 7 682
41 39 604
41 39 633
41 39 634
41 39 638
41 39 693
41 39 698
41 39 699
41 39 700
41 39 702
41 39 708
41 39 710
41 39 712
41 39 713
41 39 714
41 39 715
41 39 718
41 39 719
41 39 720
41 14 606
41 14 616
41 14 639
41 64 614
41 49 614
41 54 628
41 54 630
41 54 631
41 54 633
41 54 634
41 54 635
41 54 756
41 132 661
41 21 703
41 21 705
41 21 730
41 21 736
41 21 741
41 43 703
41 43 707
41 43 712
41 43 713
41 9 717
41 9 718
41 9 719
41 9 730
41 134 730
41 134 754
41 84 737
41 114 740
41 34 744
41 34 745
114 7 605
114 7 714
114 7 748
114 61 609
114 61 634
114 61 711
114 49 610
114 49 641
114 49 648
114 49 656
114 49 657
114 49 746
114 9 612
114 9 614
114 9 615
114 9 660
114 9 663
114 9 664
114 9 673
114 9 684
114 37 616
114 37 638
114 37 641
114 37 642
114 37 643
114 37 649
114 37 690
114 37 691
114 37 693
114 37 734
114 37 735
114 37 736
114 37 737
114 37 739
114 43 641
114 43 650
114 43 661
114 43 662
114 43 669
114 43 670
114 43 758
114 28 650
114 32 663
114 32 754
114 139 685
114 21 692
114 51 694
114 134 699
114 134 705
114 134 727
114 134 729
114 134 730
114 134 748
114 39 738
114 130 745
114 130 747
114 130 757
61 37 611
61 37 615
61 37 709
61 28 612
61 87 618
61 21 637
61 21 641
61 43 638
61 84 649
61 84 650
61 84 692
61 84 694
61 34 658
61 34 727
61 34 728
61 134 718
139 37 601
139 37 603
139 37 604
139 37 605
139 37 639
139 37 657
139 64 601
139 64 607
139 64 608
139 64 609
139 64 694
139 43 633
139 21 693
139 111 720
139 111 721
139 111 747
139 111 755
139 111 756
139 111 786
139 111 794
139 111 896
139 111 937
139 111 940
139 111 943
139 111 944
139 111 945
139 39 757
139 134 757
139 128 776
139 128 780
139 128 781
139 128 782
139 128 784
139 128 791
139 128 792
139 128 797
139 128 862
139 128 869
139 128 870
139 128 881
139 128 896
139 128 897
139 128 898
139 128 900
139 128 901
139 128 902
139 128 903
139 128 904
139 128 905
139 128 906
139 128 907
139 128 908
139 128 909
139 128 910
139 128 920
139 128 926
139 128 938
139 128 944
139 128 951
49 39 602
49 39 603
49 37 604
49 37 608
49 37 645
49 37 659
49 37 661
49 37 662
49 37 663
49 43 612
49 43 613
49 43 638
49 43 639
49 87 612
49 64 616
49 64 635
49 64 658
49 64 671
49 64 750
49 21 640
49 84 659
49 84 664
49 84 700
49 84 701
49 84 702
49 134 745
37 7 600
37 7 603
37 7 758
37 9 604
37 9 605
37 9 622
37 9 651
37 9 652
37 9 653
37 9 654
37 9 692
37 9 721
37 9 724
37 9 742
37 9 744
37 9 745
37 9 758
37 43 631
37 43 641
37 43 643
37 43 651
37 43 661
37 43 662
37 84 661
37 32 663
37 34 664
37 34 725
37 21 725
37 21 734
37 21 735
37 21 736
37 21 737
37 21 741
37 21 742
37 21 754
37 39 728
37 39 734
37 14 742
37 14 749
37 134 752
7 39 602
7 64 604
7 9 604
7 9 608
7 9 744
7 9 746
7 9 747
7 51 605
7 134 616
7 134 632
7 134 637
7 134 640
7 134 641
7 134 642
7 134 656
7 130 618
7 14 631
7 14 635
7 14 652
7 14 656
7 14 716
7 14 717
7 14 718
7 14 733
7 14 747
7 14 751
7 14 775
7 87 642
7 87 643
7 87 678
7 54 656
7 54 657
7 54 718
7 54 775
7 54 776
7 132 681
7 132 744
7 126 683
7 66 741
7 128 744
7 2 744
39 9 601
39 9 718
39 9 732
39 14 602
39 14 603
39 14 607
39 14 610
39 14 613
39 14 614
39 14 615
39 14 630
39 14 631
39 14 637
39 14 638
39 14 640
39 14 642
39 14 643
39 14 649
39 14 650
39 14 671
39 132 613
39 132 614
39 132 659
39 54 637
39 54 639
39 54 659
39 54 754
39 134 658
39 43 709
39 43 711
39 43 719
39 84 732
39 84 733
39 34 754
9 64 603
9 64 609
9 64 610
9 64 620
9 64 621
9 64 622
9 64 639
9 64 641
9 64 650
9 64 651
9 64 673
9 64 687
9 64 725
9 64 726
9 64 727
9 64 728
9 51 616
9 51 667
9 21 625
9 21 626
9 21 629
9 21 630
9 21 641
9 21 671
9 21 672
9 21 673
9 21 674
9 21 675
9 21 676
9 21 677
9 21 686
9 21 687
9 21 688
9 21 689
9 21 692
9 21 693
9 21 725
9 21 742
9 43 630
9 43 631
9 43 644
9 43 646
9 43 657
9 43 666
9 43 669
9 43 670
9 43 742
9 84 631
9 84 632
9 84 663
9 84 670
9 84 671
9 84 672
9 84 673
9 84 674
9 84 675
9 84 676
9 84 677
9 84 680
9 84 681
9 84 682
9 84 683
9 84 684
9 84 689
9 84 690
9 84 692
9 84 694
9 84 715
9 84 716
9 84 718
9 84 732
9 34 631
9 32 690
9 32 694
9 134 717
9 134 754
9 132 730
9 132 732
9 132 734
9 132 737
9 132 756
9 14 737
9 14 739
9 14 742
9 14 749
9 14 750
9 14 751
9 14 757
9 87 745
9 87 746
64 132 614
64 43 619
64 69 619
64 69 853
64 34 726
64 32 730
51 14 602
51 43 641
51 43 686
14 134 612
14 134 613
14 134 629
14 134 648
14 134 651
14 134 653
14 134 656
14 134 676
14 134 679
14 134 709
14 134 710
14 134 718
14 134 737
14 54 656
14 54 657
14 54 658
14 54 663
14 54 693
14 54 694
14 54 707
14 54 708
14 54 712
14 54 775
14 87 672
14 87 738
14 132 714
14 128 737
14 84 742
14 67 758
134 34 610
134 87 674
134 132 695
134 43 708
134 43 735
134 43 755
134 128 734
134 128 743
134 32 738
28 21 608
28 21 609
28 21 732
28 21 735
28 21 753
21 87 608
21 87 664
21 43 609
21 43 706
21 43 707
21 43 735
21 43 749
21 54 611
21 54 612
21 34 611
21 34 655
21 34 687
21 34 688
21 34 706
21 34 722
21 34 730
21 32 660
21 111 697
21 130 758
87 84 611
87 54 628
87 54 629
87 54 648
87 54 649
87 54 655
87 54 661
87 54 708
87 54 709
87 54 748
87 32 630
87 43 644
132 32 620
132 54 626
132 54 707
132 54 713
43 32 614
43 32 661
43 32 662
43 32 693
43 32 700
43 32 701
43 34 620
43 34 621
43 34 622
43 34 648
43 34 649
43 34 650
43 34 651
43 34 652
43 34 653
43 34 654
43 34 655
43 34 656
43 34 706
43 34 709
43 34 711
43 34 752
43 34 756
43 34 758
43 84 622
43 84 628
43 84 654
43 84 661
43 84 662
43 84 669
43 84 670
43 84 692
43 111 697
43 128 755
126 141 610
126 141 612
126 141 615
126 141 620
126 141 625
126 141 630
126 141 632
126 141 646
126 141 647
126 141 655
126 141 656
126 141 662
126 141 671
126 141 675
126 141 676
126 141 677
126 141 678
126 141 679
126 141 681
126 141 686
126 141 709
126 141 716
126 141 717
126 141 720
126 141 721
126 141 722
126 141 723
126 141 725
126 141 743
126 141 747
126 141 752
126 141 753
126 141 754
126 141 755
126 141 756
126 141 757
126 141 758
126 141 761
126 141 762
126 141 763
126 141 766
126 141 767
126 141 770
126 141 783
126 141 789
126 111 719
126 111 721
126 111 724
126 111 725
126 111 726
126 111 739
126 111 740
126 111 742
126 111 743
126 111 744
126 111 746
126 111 747
126 111 748
126 111 754
126 111 755
126 111 756
126 111 757
126 111 758
126 111 759
126 111 762
126 111 764
126 111 768
126 111 769
126 111 770
126 111 771
126 111 772
126 111 773
126 111 774
126 111 779
126 111 780
126 111 781
126 111 782
126 111 783
126 111 785
126 111 787
126 111 788
126 111 789
126 111 793
126 111 794
126 111 795
126 111 796
126 111 823
126 111 824
126 111 826
126 111 830
126 112 1041
126 112 1043
126 112 1044
126 112 1045
126 112 1048
126 112 1049
126 112 1050
126 112 1051
126 112 1052
126 112 1053
126 112 1054
126 112 1055
126 112 1057
126 112 1058
126 112 1071
126 112 1072
126 112 1073
126 112 1082
126 112 1083
126 112 1084
126 112 1085
126 112 1087
126 112 1095
126 112 1099
126 112 1100
126 112 1104
126 112 1105
126 112 1106
126 112 1107
126 112 1108
126 112 1109
126 112 1110
141 115 1298
141 115 1300
141 115 1301
141 115 1304
141 115 1305
141 115 1306
141 115 1307
141 115 1308
141 115 1309
141 115 1312
141 115 1314
141 115 1317
141 115 1319
141 115 1320
141 115 1321
141 115 1327
141 115 1329
141 115 1335
141 115 1336
141 115 1337
141 115 1339
141 115 1343
141 115 1345
141 115 1352
141 115 1363
141 115 1364
141 115 1366
141 115 1367
141 115 1370
141 115 1371
141 115 1372
141 115 1373
141 115 1374
141 115 1380
141 115 1381
141 115 1382
141 115 1388
141 115 1389
141 115 1390
141 115 1393
141 115 1394
141 115 1395
141 115 1420
141 115 1421
141 115 1422
141 115 1423
141 115 1424
141 115 1425
141 115 1426
141 115 1427
141 115 1428
141 115 1429
141 115 1430
141 115 1431
141 115 1432
141 115 1433
141 115 1434
141 115 1435
141 115 1436
141 115 1445
141 115 1451
34 32 610
34 32 612
34 32 613
34 54 612
34 84 617
34 84 658
34 128 755
84 54 612
84 54 614
84 54 615
84 32 613
84 32 614
84 32 663
84 67 761
54 2 744
54 29 779
54 29 787
54 29 792
54 29 812
54 29 814
54 29 818
54 29 821
54 29 822
54 29 823
54 29 824
54 29 825
54 29 826
54 29 827
54 29 829
54 29 830
54 29 831
54 29 832
54 29 834
54 29 835
54 29 836
54 29 837
54 29 838
54 29 839
54 29 840
54 29 841
54 29 842
54 29 843
54 29 844
54 29 845
54 29 846
54 29 847
54 29 848
54 29 849
54 29 850
54 29 853
54 29 856
54 29 857
54 29 858
54 29 859
54 29 860
54 29 861
54 29 862
54 29 863
54 29 864
54 29 865
54 29 866
54 29 868
54 29 869
54 29 870
54 29 871
54 29 872
54 29 873
54 29 874
54 29 875
54 29 879
54 29 881
54 29 883
104 29 908
104 29 909
104 29 910
104 29 913
104 29 916
104 29 918
104 29 920
104 29 921
104 29 944
104 29 951
104 29 952
104 29 953
104 29 954
104 29 956
104 29 957
104 29 958
104 29 960
104 29 961
104 29 963
104 29 965
104 29 966
104 29 967
104 29 969
104 29 970
104 29 974
104 29 978
104 29 979
104 29 980
104 29 990
104 29 998
104 29 999
104 29 1000
104 29 1003
104 29 1004
104 29 1007
104 29 1008
104 29 1009
104 29 1010
104 29 1011
104 29 1012
104 29 1016
104 29 1017
104 29 1018
104 29 1020
104 29 1021
104 29 1022
111 112 1109
111 46 1149
111 46 1151
111 46 1157
111 46 1158
111 46 1159
72 11 786
72 67 795
72 67 812
72 67 813
72 67 831
66 45 732
66 45 733
66 45 736
66 45 737
66 45 738
66 45 740
66 45 741
66 45 742
66 45 743
66 45 766
66 45 767
66 45 770
66 45 771
66 45 773
66 45 774
66 45 775
66 45 776
66 45 777
66 45 781
66 45 782
66 45 783
66 45 784
66 45 785
66 45 786
66 45 787
66 45 788
66 45 789
66 45 790
66 45 791
66 45 795
66 45 797
66 45 798
66 45 799
66 45 801
66 45 803
46 2 737
46 2 739
46 2 740
46 2 741
46 2 744
46 2 745
46 2 758
46 2 761
46 2 765
46 2 766
46 2 767
46 2 776
46 2 777
46 2 779
46 2 780
46 2 781
46 2 788
46 2 789
46 2 796
46 2 797
46 2 798
46 2 799
46 2 800
46 2 801
46 2 802
46 2 803
46 2 805
46 2 807
46 2 818
46 2 819
46 2 820
46 2 821
46 2 827
46 2 829
46 2 833
46 2 836
46 2 837
46 2 842
46 2 854
46 2 855
46 2 859
46 2 863
46 2 864
46 2 865
46 2 866
46 2 875
46 2 880
46 2 885
46 2 886
46 2 888
46 2 894
46 2 897
46 2 898
46 2 899
46 2 901
46 2 902
46 2 904
46 2 907
46 2 908
46 2 909
46 2 910
46 2 911
46 2 912
46 2 913
46 2 914
46 2 915
46 2 916
46 2 917
46 2 918
46 2 920
46 2 921
46 2 922
46 2 923
46 2 924
46 2 925
46 117 830
30 105 1080
30 105 1084
30 105 1090
30 105 1091
30 105 1092
30 105 1094
30 105 1095
30 105 1096
30 105 1097
30 105 1099
30 105 1100
30 105 1101
30 105 1102
30 105 1105
30 105 1106
30 105 1107
30 105 1109
30 105 1111
30 105 1116
30 105 1118
30 105 1122
30 105 1124
30 105 1125
30 105 1126
30 105 1127
30 105 1135
30 105 1136
30 105 1137
30 105 1138
30 105 1139
30 105 1140
47 112 1026
47 112 1173
47 112 1174
47 112 1185
47 112 1186
47 112 1188
47 112 1189
47 112 1191
47 112 1192
47 112 1195
47 112 1198
47 112 1208
47 112 1212
