57 37 0
57 37 1
57 37 2
57 37 10
57 37 13
57 37 18
57 37 19
57 37 20
57 37 23
57 37 27
57 37 28
57 34 711
57 54 711
57 54 712
57 54 718
57 54 723
57 54 729
57 54 744
57 54 749
57 54 750
57 54 755
57 54 762
57 54 766
57 54 768
57 54 777
57 54 778
57 54 780
57 68 712
57 68 717
57 68 731
57 68 733
57 68 770
57 61 781
57 62 781
37 58 60
37 16 283
37 16 289
37 16 361
37 16 387
55 39 3
55 39 22
55 39 23
55 39 24
55 39 25
55 39 44
55 39 47
55 39 50
55 39 51
55 39 52
55 39 56
55 39 60
55 39 74
55 39 75
55 39 77
55 39 109
55 40 120
55 40 126
39 51 116
39 51 149
39 51 150
39 51 151
39 51 152
39 42 906
39 25 1000
39 25 1001
39 29 1000
39 29 1001
43 53 4
43 53 5
43 53 26
43 53 28
43 53 42
43 53 157
43 53 158
43 53 159
43 53 160
43 53 161
43 53 164
43 53 167
43 53 168
43 53 169
43 53 171
43 53 172
43 53 173
43 53 174
43 53 175
43 53 176
43 53 177
43 53 178
43 53 179
43 53 180
43 53 181
43 53 182
43 53 183
43 28 599
53 51 40
53 51 41
53 51 42
53 51 61
53 51 63
53 51 64
53 51 65
53 51 66
53 51 67
53 23 186
53 58 738
53 58 739
53 58 740
53 58 743
53 58 744
53 58 745
53 58 748
53 58 749
53 58 751
53 58 752
53 58 753
53 58 758
53 58 776
53 58 787
53 58 797
53 58 798
53 58 799
53 2 741
53 0 745
53 32 754
51 18 239
51 18 273
51 18 279
51 18 280
51 67 278
51 67 279
51 67 280
58 3 737
58 42 737
58 42 738
58 42 739
58 42 745
58 62 770
58 5 780
18 68 117
18 68 118
18 68 120
18 68 122
18 68 134
18 68 135
18 68 140
18 68 141
18 68 143
18 68 150
18 68 156
18 68 166
18 68 167
18 68 169
18 68 199
18 68 227
18 68 263
18 68 269
18 68 272
18 68 273
18 68 279
18 68 280
18 50 127
18 50 129
18 50 133
18 50 134
18 50 135
18 50 138
18 50 140
18 50 141
18 50 142
18 50 143
18 50 145
18 50 152
18 1 202
68 52 711
68 52 715
68 52 717
68 52 718
68 52 720
68 52 721
68 52 722
68 52 727
68 52 728
68 52 729
68 52 736
68 52 737
68 52 744
68 52 745
68 52 748
68 52 749
68 52 750
68 52 751
68 52 753
68 52 754
68 52 756
68 52 757
68 52 758
68 52 759
68 52 761
68 52 763
68 52 764
68 52 765
68 52 766
68 52 767
68 52 768
68 52 769
68 52 770
68 52 771
68 52 772
68 52 773
68 52 774
68 52 775
68 52 776
68 52 777
68 52 778
68 52 779
68 52 780
68 52 781
68 32 712
68 3 762
40 16 931
40 14 985
40 14 986
40 14 989
40 14 991
40 56 1097
40 50 1097
50 67 130
50 67 131
50 67 138
50 67 139
50 67 144
50 67 145
50 67 146
50 67 147
50 67 148
50 67 152
50 21 1097
50 21 1099
50 13 1097
67 5 779
67 19 790
67 31 831
15 6 135
15 6 163
15 6 185
15 6 188
15 6 197
15 6 203
15 6 204
15 6 205
15 6 206
15 6 223
15 6 224
15 6 233
15 6 234
15 6 242
15 6 270
15 6 280
15 6 281
15 6 283
15 6 284
15 6 322
15 6 347
15 6 348
15 6 349
15 6 350
15 6 351
15 6 353
15 6 354
15 6 355
15 6 356
15 6 358
15 6 359
15 6 360
15 6 361
15 6 362
15 6 363
15 6 364
15 6 366
15 6 367
15 6 368
15 6 369
15 6 371
15 6 375
15 6 376
15 6 378
15 6 379
15 6 380
15 6 383
15 6 388
15 6 395
15 6 409
15 6 410
15 6 411
15 6 412
15 6 413
15 6 414
15 6 417
15 6 418
15 6 431
15 45 926
15 45 932
6 1 136
6 1 139
6 1 146
6 1 147
6 1 148
6 1 207
6 1 213
6 1 268
6 1 269
6 1 270
6 1 288
6 1 312
6 1 313
6 1 325
6 1 347
6 1 348
6 1 349
6 1 350
6 1 351
6 1 355
6 1 365
6 1 366
6 1 368
6 1 387
6 1 401
6 1 409
6 1 429
6 1 431
6 41 180
6 41 206
6 12 393
6 12 411
6 12 413
6 12 421
6 12 460
1 14 150
1 14 203
1 14 204
1 14 260
1 14 269
1 14 270
1 14 276
1 14 277
1 14 287
1 14 321
1 14 347
1 14 348
1 14 349
1 14 351
1 14 378
1 14 379
1 14 399
1 14 401
1 14 418
1 14 425
1 14 428
1 14 431
1 14 432
1 24 737
1 0 738
1 60 739
1 11 739
1 11 740
1 11 756
1 11 759
1 11 761
1 11 775
1 5 739
1 5 740
1 5 746
1 5 751
1 5 756
1 5 761
1 5 763
1 5 780
1 5 781
1 5 782
1 5 783
1 34 745
14 34 923
14 34 924
14 34 926
14 34 1022
14 54 927
14 54 930
14 54 958
14 54 959
14 54 978
14 54 979
14 54 980
14 54 984
14 54 985
14 54 988
14 54 990
14 54 1022
14 54 1023
14 54 1024
14 54 1046
14 54 1049
14 54 1088
14 54 1089
14 54 1090
14 54 1091
14 54 1092
14 7 979
14 7 988
14 7 990
14 7 998
14 7 1000
14 7 1013
14 7 1020
14 7 1021
14 7 1022
14 7 1023
14 7 1037
14 7 1092
41 56 165
41 56 166
41 56 167
41 56 168
41 56 169
41 56 170
41 56 172
41 56 173
41 56 174
41 56 175
41 56 176
41 56 177
41 56 178
41 56 179
41 56 180
41 56 181
41 56 182
41 56 183
41 56 184
41 56 185
41 56 186
41 56 187
41 56 189
41 56 190
41 56 191
41 56 192
41 56 194
41 56 197
41 56 200
41 56 202
41 56 203
41 56 204
41 56 205
41 56 206
41 56 207
41 56 208
41 56 209
41 56 211
41 56 212
41 56 213
41 56 218
41 35 558
41 35 559
41 35 566
41 35 567
41 35 568
41 35 569
56 13 924
56 13 925
56 13 929
56 13 1097
56 34 924
56 46 1025
56 46 1028
56 46 1030
56 46 1031
56 46 1032
56 46 1037
56 46 1044
56 46 1045
56 46 1050
56 46 1051
56 46 1097
56 21 1034
56 21 1097
27 22 180
27 22 181
27 22 182
27 22 183
27 22 184
27 22 185
27 22 186
27 22 187
27 22 188
27 22 190
27 22 191
27 22 192
27 22 195
27 22 196
27 22 202
27 22 203
27 22 204
27 22 205
27 22 207
27 22 208
27 22 209
27 22 210
27 22 211
27 22 214
27 22 215
27 22 217
27 22 218
27 22 220
27 22 221
27 22 222
27 22 225
27 22 229
27 22 230
27 22 231
27 22 232
27 22 233
27 22 234
27 22 235
27 22 236
27 22 244
27 22 247
27 22 248
27 22 249
27 22 250
27 22 251
27 22 256
27 22 262
27 22 270
27 22 280
27 22 281
27 22 282
27 22 283
27 22 284
27 22 285
27 22 286
27 22 287
27 22 288
27 22 289
27 22 290
27 22 291
27 22 296
27 22 297
27 22 303
27 22 313
27 22 320
27 22 321
27 22 322
27 22 323
27 22 324
27 22 326
27 22 327
27 22 328
27 22 333
27 22 334
27 22 335
27 22 336
27 22 337
27 22 338
27 22 339
27 22 344
27 22 346
27 22 347
27 22 352
27 22 353
27 22 354
27 22 355
27 22 356
27 22 357
27 22 362
27 22 363
27 22 364
27 22 370
27 22 371
27 22 373
27 22 374
27 32 567
27 32 569
27 32 570
27 32 573
27 32 574
27 32 578
27 32 589
27 32 595
27 32 596
27 32 597
27 32 598
27 32 599
27 32 600
27 32 629
27 32 630
27 32 634
27 32 638
27 32 639
27 32 641
27 32 642
27 32 645
27 32 650
27 32 657
27 32 659
27 32 663
27 32 664
27 32 665
27 32 668
27 32 671
22 46 996
22 46 999
22 46 1008
22 46 1009
22 46 1010
22 46 1011
22 46 1012
22 46 1013
22 46 1014
22 46 1019
22 46 1023
22 46 1037
22 46 1087
22 46 1088
22 46 1089
22 54 1033
22 54 1037
22 54 1038
22 54 1049
22 54 1050
22 54 1051
22 54 1052
22 54 1084
22 54 1091
22 7 1086
22 7 1092
22 13 1097
23 64 733
23 61 759
23 62 764
23 62 765
16 54 937
16 54 938
16 54 1037
16 54 1047
16 54 1068
16 54 1092
16 46 1047
13 4 379
13 4 380
13 4 381
13 4 382
13 4 386
13 4 387
13 4 394
13 4 395
13 4 398
13 4 399
13 4 408
13 4 416
13 4 417
13 4 420
13 4 422
13 4 425
13 4 450
13 4 454
13 4 455
13 4 459
13 4 465
13 4 499
13 4 501
13 4 503
13 4 505
13 36 925
13 8 925
13 45 1097
4 59 719
4 59 800
4 59 801
4 3 722
4 3 762
4 3 766
4 3 785
4 3 794
4 3 795
4 3 796
4 3 799
4 3 801
4 32 793
4 10 800
12 17 803
12 63 804
12 63 806
12 63 823
12 63 825
12 63 826
12 63 827
12 63 828
12 63 835
12 63 836
12 63 846
12 63 857
12 63 858
12 63 873
12 63 875
46 33 557
46 8 1019
46 8 1021
46 8 1030
46 8 1031
46 8 1044
46 8 1045
33 26 691
33 26 700
33 26 701
33 26 707
33 26 729
33 26 741
33 26 742
33 26 743
33 26 744
33 26 749
33 26 766
33 26 785
33 26 812
33 26 818
33 26 833
33 26 834
33 26 836
33 26 837
33 26 852
33 26 885
33 26 936
33 8 729
33 8 742
33 8 798
33 8 800
33 8 812
33 8 818
33 8 819
33 8 820
33 8 836
33 8 837
33 8 838
33 8 839
33 8 841
33 8 882
33 8 883
33 8 909
33 8 910
33 8 916
33 8 934
33 8 936
33 9 885
33 9 936
35 24 566
35 17 739
35 17 743
35 17 744
35 17 746
35 17 747
35 17 749
35 17 751
35 17 752
35 17 755
35 17 761
35 17 762
35 17 763
35 17 770
35 17 776
35 17 777
35 17 779
35 17 780
35 17 789
44 62 562
44 62 570
44 62 590
44 62 595
44 62 596
44 62 604
44 62 605
44 62 606
44 62 609
44 62 612
44 62 613
44 62 634
44 62 637
44 62 641
44 62 642
44 62 643
44 62 655
44 62 656
44 62 657
44 62 658
44 62 659
44 62 660
44 62 661
44 62 662
44 62 663
44 62 664
44 62 665
44 62 666
44 62 667
44 62 668
44 62 669
44 62 670
44 62 671
44 62 672
44 62 673
44 62 674
44 62 675
44 62 676
44 62 677
44 62 678
44 30 571
44 30 579
44 30 580
44 30 588
44 30 593
44 65 638
44 65 641
44 65 642
44 65 650
44 65 658
44 65 659
44 65 663
44 65 676
44 65 677
44 28 665
44 28 676
44 28 677
44 28 678
44 28 685
44 28 686
44 20 665
44 20 676
44 20 678
44 20 685
44 66 677
62 28 572
62 28 574
62 28 589
62 28 590
62 32 572
62 32 574
62 32 576
62 32 587
62 32 589
62 32 590
62 32 592
62 32 596
62 32 597
62 32 598
62 30 602
62 30 665
62 30 677
62 20 665
62 20 669
62 48 677
62 48 749
62 48 752
62 48 767
62 48 768
62 48 776
62 48 780
62 0 734
62 0 740
62 0 749
62 0 752
62 0 760
62 0 763
62 0 764
62 0 768
62 0 773
62 42 742
62 69 781
62 52 781
62 52 784
28 30 565
28 30 566
28 30 568
28 30 571
28 30 572
28 30 593
28 30 594
28 30 601
28 30 602
28 30 603
28 30 604
28 30 605
28 30 606
28 30 607
28 30 608
28 30 609
28 30 610
28 30 613
28 30 614
28 30 615
28 30 616
28 30 617
28 30 619
28 30 622
28 30 624
28 30 628
28 30 640
28 30 643
28 30 644
28 30 647
28 30 648
28 30 649
28 30 651
28 30 652
28 30 660
28 30 661
28 30 662
28 30 666
28 30 669
28 20 578
28 20 579
28 20 581
28 20 582
28 20 583
28 20 584
28 20 586
28 20 588
28 20 589
28 20 590
28 20 603
28 20 615
28 20 619
28 20 626
28 20 629
28 20 644
28 20 645
28 20 646
28 20 647
28 20 655
28 20 662
28 20 663
28 20 664
28 20 665
28 20 666
28 20 667
28 20 668
28 20 669
28 20 670
28 20 671
28 20 672
28 20 673
28 20 674
28 20 675
28 20 676
28 20 677
28 20 678
28 20 679
28 20 680
28 20 681
28 20 682
28 20 683
28 20 684
28 20 685
28 20 686
28 20 687
24 65 735
24 65 744
24 65 759
24 65 761
24 65 765
24 65 789
24 48 738
24 0 764
24 38 764
24 38 765
32 19 723
32 19 738
32 19 740
32 19 741
32 19 747
32 19 768
32 19 769
32 19 779
32 19 783
32 19 788
32 19 793
32 19 807
32 19 810
32 19 811
32 19 813
32 19 815
32 19 817
32 54 723
32 11 737
48 66 628
48 66 636
48 66 637
48 66 640
48 66 643
48 66 644
48 66 648
48 66 649
48 66 651
48 66 661
48 66 666
48 66 669
48 34 748
48 0 749
48 0 750
48 0 751
48 0 767
48 0 773
48 0 774
48 0 776
48 61 751
48 61 752
48 61 753
48 61 767
48 61 773
48 61 775
48 61 780
48 47 751
66 52 761
66 69 762
26 9 652
26 9 667
26 9 696
26 9 699
26 9 716
26 9 717
26 9 725
26 9 732
26 9 791
26 9 804
26 9 809
26 9 810
26 9 811
26 9 812
26 9 853
26 9 908
26 9 922
26 9 935
26 9 936
26 8 652
26 8 653
26 8 682
26 8 684
26 8 687
26 8 688
26 8 713
26 8 725
26 8 729
26 8 733
26 8 734
26 8 741
26 8 742
26 8 743
26 8 744
26 8 745
26 8 746
26 8 749
26 8 757
26 8 768
26 8 769
26 8 794
26 8 795
26 8 798
26 8 799
26 8 803
26 8 804
26 8 808
26 8 809
26 8 810
26 8 811
26 8 812
26 8 816
26 8 817
26 8 818
26 8 819
26 8 820
26 8 821
26 8 824
26 8 826
26 8 827
26 8 828
26 8 829
26 8 834
26 8 841
26 8 843
26 8 846
26 8 847
26 8 849
26 8 935
26 10 696
26 10 933
26 10 936
26 31 717
26 31 725
26 31 726
26 31 727
26 31 748
26 31 776
26 31 781
26 31 784
26 31 788
26 31 819
26 31 828
26 31 831
26 31 835
26 31 851
26 31 881
26 31 935
9 31 691
9 31 719
9 31 720
9 31 748
9 31 791
9 31 794
9 31 795
9 31 799
9 31 805
9 31 809
9 31 817
9 31 917
9 31 935
8 10 669
8 10 672
8 10 673
8 10 772
8 10 935
8 10 936
8 54 925
8 54 926
8 54 936
8 54 941
8 54 943
8 54 944
8 54 956
8 54 957
8 54 958
8 54 959
8 54 960
8 54 964
8 54 965
8 54 966
8 54 967
8 54 969
8 54 970
8 54 975
8 54 977
8 54 978
8 54 979
8 54 980
8 54 981
8 54 982
8 54 986
8 54 989
8 54 990
8 54 1021
8 54 1022
8 54 1023
8 54 1024
8 54 1025
8 54 1026
8 54 1027
8 54 1029
8 54 1030
8 54 1031
8 54 1037
8 54 1039
8 54 1047
8 54 1048
8 54 1049
8 54 1061
8 54 1062
8 54 1087
8 54 1088
8 54 1089
8 54 1090
8 54 1092
8 21 1032
10 3 717
10 3 718
10 3 719
10 3 721
10 3 800
10 3 801
10 60 718
10 60 722
10 60 731
10 60 738
10 60 761
10 60 764
10 5 727
10 5 791
10 5 792
10 5 793
10 5 800
10 31 767
10 31 786
10 31 935
31 25 804
31 25 805
31 25 806
31 25 808
31 25 810
31 25 811
31 25 819
31 25 820
31 25 821
31 25 822
31 25 824
31 25 837
31 25 838
31 25 844
31 25 848
31 25 855
31 25 856
31 25 857
31 25 879
31 25 880
31 25 882
31 25 883
31 25 896
31 25 898
31 25 900
31 25 908
31 25 909
31 25 910
31 25 919
31 25 923
31 25 924
31 25 925
31 25 926
31 25 928
31 25 929
31 25 930
31 25 943
31 25 947
31 25 948
31 25 949
31 25 959
31 25 975
31 25 978
31 25 979
31 25 980
31 25 981
31 25 982
31 25 983
31 25 985
31 25 989
31 25 990
31 25 991
31 25 996
31 25 997
31 25 1004
31 25 1007
31 25 1009
31 25 1011
31 25 1013
31 25 1015
34 69 711
34 19 716
34 19 722
34 19 784
34 19 789
34 19 808
34 19 812
34 19 814
34 19 818
34 52 722
34 2 741
34 2 747
34 38 752
69 59 713
69 59 716
69 59 734
69 59 753
69 59 764
69 59 765
69 59 773
69 59 774
69 59 775
69 59 779
69 59 781
69 61 781
52 19 714
52 11 722
52 38 734
52 38 735
52 38 736
52 38 757
52 38 773
52 59 739
52 59 740
52 59 748
52 59 764
52 59 765
52 59 767
52 59 771
52 59 773
52 59 774
52 59 775
52 59 776
52 59 779
52 59 781
52 64 744
52 2 748
52 42 760
52 61 781
52 0 782
54 42 729
54 45 730
54 45 926
54 45 931
54 45 932
54 45 937
54 45 1077
54 45 1079
54 45 1081
54 45 1082
54 45 1092
54 36 925
54 36 926
59 3 717
59 3 791
59 3 792
59 3 793
59 3 800
59 3 801
59 5 717
59 5 721
59 5 800
59 5 801
59 11 717
59 11 727
59 11 729
59 11 800
59 11 801
19 3 741
19 63 817
3 3 717
3 3 720
3 3 721
3 3 741
3 3 742
3 3 743
3 3 744
3 3 745
3 3 760
3 3 762
3 3 784
3 3 785
3 3 793
3 3 801
3 2 717
3 2 720
3 2 721
3 2 723
3 2 725
3 2 726
3 2 727
3 2 731
3 2 732
3 2 733
3 2 735
3 2 736
3 2 737
3 2 740
3 2 762
3 2 763
3 2 764
3 2 766
3 2 774
3 2 793
3 2 801
3 45 719
3 11 720
3 11 721
3 11 724
3 11 725
3 11 731
3 11 732
3 11 738
3 11 739
3 11 740
3 11 741
3 11 742
3 11 755
3 11 761
3 11 762
3 11 763
3 11 765
3 11 766
3 11 776
3 11 794
3 11 795
3 11 797
3 11 798
3 11 801
3 60 738
3 60 739
3 60 740
3 60 750
3 60 755
3 60 760
3 60 763
3 60 785
3 60 786
3 60 795
2 11 740
2 11 741
2 11 742
2 11 762
2 11 763
2 11 766
2 11 773
2 11 775
2 11 795
2 11 796
2 11 797
2 11 801
2 5 740
2 5 761
2 5 763
2 5 765
2 5 775
2 5 783
2 5 790
2 5 792
2 5 793
2 5 797
2 5 800
2 60 783
2 60 784
2 60 785
2 64 799
2 36 826
2 36 827
2 36 834
2 36 835
2 36 836
2 36 837
2 36 841
2 36 842
2 36 843
2 36 844
2 36 845
2 36 846
2 36 847
2 36 848
2 36 851
2 36 855
2 36 858
2 36 861
2 36 864
2 36 872
2 36 875
2 36 876
2 36 904
2 36 906
2 36 908
2 36 911
2 36 913
2 36 915
2 36 918
2 36 921
2 36 922
2 36 925
2 36 927
2 36 928
2 36 930
2 36 934
2 36 935
2 36 936
2 36 937
2 36 939
2 36 940
2 36 945
2 36 946
2 36 950
2 36 951
2 36 956
2 36 957
2 36 958
2 36 959
2 36 962
2 36 966
2 36 968
2 36 969
2 36 970
2 36 972
2 36 979
2 36 980
2 36 981
2 36 989
2 36 999
2 36 1000
2 36 1001
2 25 1000
2 25 1001
2 25 1002
2 25 1003
2 25 1004
2 25 1005
2 25 1006
2 25 1007
2 25 1008
2 25 1009
2 25 1010
2 25 1011
2 25 1012
2 25 1013
2 25 1014
2 25 1015
2 25 1016
2 29 1000
2 29 1001
2 29 1002
2 29 1003
2 29 1004
2 29 1005
2 29 1006
2 29 1007
2 29 1008
2 29 1009
2 29 1010
2 29 1011
2 29 1012
2 29 1013
2 29 1014
2 29 1015
2 29 1016
5 42 719
5 21 859
5 21 861
5 21 867
5 21 920
5 21 930
5 21 953
5 21 963
11 29 803
11 29 805
11 29 806
11 29 812
11 29 813
11 29 817
11 29 818
11 29 819
11 29 823
11 29 834
11 29 838
11 29 847
11 29 859
11 29 865
11 29 875
11 17 816
11 17 819
11 17 820
11 17 821
11 17 838
11 17 839
11 17 842
11 17 857
11 17 859
11 17 875
60 42 733
60 64 799
45 47 719
45 47 720
45 47 722
45 47 723
45 47 724
45 47 728
45 47 734
45 47 735
45 47 737
45 47 738
45 47 739
45 47 742
45 47 743
45 47 744
45 47 745
45 47 746
45 47 749
45 47 750
45 47 751
45 47 753
45 47 754
45 47 755
45 47 759
45 47 760
45 47 761
45 47 762
45 47 763
45 47 764
45 47 765
45 47 766
45 47 767
45 47 769
45 47 771
45 47 772
45 47 773
45 47 775
45 47 776
45 47 781
45 47 782
45 47 783
45 47 784
45 47 786
45 47 787
45 47 789
45 47 796
45 47 812
45 47 845
45 47 865
45 47 872
45 47 883
45 47 885
45 47 892
45 47 899
45 47 903
45 47 905
45 47 915
45 47 920
45 47 951
45 47 952
45 47 953
45 47 954
45 47 955
45 7 926
45 7 932
45 7 1061
45 21 1085
45 21 1086
45 21 1097
42 49 721
42 49 726
42 49 727
42 49 729
42 49 732
42 49 733
42 49 739
42 49 791
42 49 792
42 49 809
42 49 810
42 49 811
42 49 839
42 49 840
42 49 842
42 49 843
42 49 846
42 49 851
42 49 866
42 49 869
42 49 870
42 49 871
42 49 873
42 49 882
42 49 884
42 49 886
42 49 889
42 49 890
42 49 891
42 49 893
42 49 895
42 49 896
42 49 897
42 49 898
42 49 900
42 49 901
42 49 902
42 49 904
42 49 906
42 49 913
42 49 914
42 49 916
42 49 917
42 49 918
42 49 919
42 49 921
42 49 941
42 49 950
42 17 861
42 7 920
42 21 921
47 64 765
47 64 776
47 64 779
47 64 804
47 64 805
47 64 814
47 64 852
47 64 867
47 64 868
49 0 739
64 38 757
61 0 734
61 0 739
61 0 747
61 0 750
61 0 752
61 0 759
61 0 760
61 0 764
61 0 766
61 0 767
61 0 769
61 0 770
61 0 773
61 0 776
61 0 778
61 0 779
61 38 734
61 38 739
61 38 760
61 38 763
61 38 764
61 38 765
61 38 766
61 38 767
61 38 769
61 38 770
0 38 734
0 38 738
0 38 739
0 38 741
0 38 743
0 38 764
0 38 765
0 38 766
0 38 768
0 38 773
0 38 774
38 17 790
38 17 791
38 17 794
38 17 799
38 17 800
17 29 803
17 29 805
17 29 807
17 29 814
17 29 818
17 29 819
17 29 820
17 29 862
17 29 869
17 29 870
17 29 872
17 29 875
17 63 803
17 63 807
17 63 821
17 63 836
17 63 837
17 63 841
17 63 842
17 63 845
17 63 848
17 63 849
17 63 850
17 63 851
17 63 852
17 63 853
17 63 854
17 63 855
17 63 856
17 63 857
17 63 859
17 63 860
17 63 861
17 63 874
17 63 875
25 29 795
25 29 796
25 29 797
25 29 807
25 29 809
25 29 818
25 29 927
25 29 974
25 29 976
25 29 977
25 29 984
25 29 986
25 29 987
25 29 988
25 29 992
25 29 993
25 29 994
25 29 995
25 29 998
25 29 999
25 29 1000
25 29 1001
25 29 1002
25 29 1003
25 29 1005
25 29 1006
25 29 1008
25 29 1010
25 29 1012
25 29 1014
25 29 1016
29 63 806
29 63 808
29 63 810
29 63 813
29 63 823
29 63 837
29 63 846
29 63 847
29 63 867
29 63 875
36 7 925
36 7 926
36 7 931
36 7 1021
