70 52 0
70 52 1
70 52 2
70 52 3
70 52 4
70 52 5
70 52 6
70 52 7
70 52 8
70 52 12
70 52 13
70 52 14
70 52 15
70 52 16
70 52 17
70 52 18
70 52 19
70 52 20
70 52 21
70 52 22
70 52 23
70 52 24
70 52 25
70 52 26
70 52 27
70 52 28
70 52 29
70 52 30
70 52 31
70 52 32
70 52 33
70 52 34
70 52 35
70 52 36
70 52 37
70 52 38
70 52 39
70 52 40
70 52 41
70 52 42
70 52 43
70 52 44
70 52 45
70 52 46
70 52 47
70 52 48
70 52 49
70 52 51
70 52 53
70 52 58
70 52 59
70 52 60
70 52 61
70 52 62
70 52 63
70 52 64
70 52 66
70 52 67
70 52 68
70 52 70
70 52 72
70 52 73
70 52 74
70 52 75
70 52 76
70 52 77
70 52 78
70 52 79
70 52 80
70 52 81
70 52 82
70 52 83
70 52 84
70 52 85
70 52 86
70 52 87
70 52 88
70 52 89
70 52 90
70 52 91
70 52 92
70 52 93
70 52 94
70 52 95
70 52 96
70 52 99
70 52 100
70 52 102
70 52 103
70 52 104
70 52 105
70 52 106
70 52 107
70 56 129
70 61 888
70 61 914
70 61 918
70 61 933
70 61 944
70 61 958
70 61 959
52 12 12
52 12 13
52 12 14
52 12 15
52 12 21
52 12 23
52 12 29
52 12 30
52 12 31
52 12 32
52 84 795
52 69 886
12 65 13
12 65 15
12 65 16
12 65 17
12 65 18
12 65 19
12 65 21
12 65 23
12 65 25
12 65 29
12 65 30
12 65 31
12 65 32
12 65 34
12 53 170
12 66 1298
12 66 1299
12 62 1338
12 62 1339
12 62 1340
12 62 1341
12 62 1342
12 62 1343
12 62 1344
12 62 1345
12 62 1346
12 62 1347
12 62 1348
12 62 1349
12 62 1350
12 62 1351
12 62 1352
12 62 1353
12 62 1354
12 62 1355
12 62 1356
12 62 1357
12 62 1358
12 62 1359
12 62 1360
12 62 1361
12 62 1362
12 62 1363
12 62 1364
12 62 1365
12 62 1366
12 62 1367
12 62 1368
12 62 1369
12 62 1370
12 62 1371
12 62 1372
12 62 1373
12 62 1374
12 62 1375
12 62 1376
12 62 1377
12 62 1378
12 62 1379
12 62 1380
12 9 1338
12 9 1341
12 9 1342
12 9 1344
12 9 1354
12 9 1358
12 9 1359
12 9 1360
12 9 1361
12 9 1362
12 9 1363
12 9 1364
12 9 1369
12 9 1373
12 9 1374
12 9 1376
12 9 1377
12 9 1378
12 9 1379
12 9 1380
65 54 108
65 54 109
65 54 110
65 54 111
65 54 113
65 54 115
65 54 116
65 54 119
65 54 120
65 54 121
65 54 122
65 54 123
65 54 124
65 54 127
65 54 128
65 54 129
65 54 131
65 54 132
65 54 133
65 54 134
65 54 135
65 54 136
65 54 137
65 54 138
65 54 139
65 54 140
65 54 141
65 54 142
65 54 143
65 54 144
65 54 145
65 54 146
65 54 147
65 54 148
65 54 149
65 54 150
65 71 1008
65 80 1029
65 80 1052
65 1 1050
65 11 1079
54 26 155
54 5 301
54 5 304
54 5 306
54 5 307
54 5 309
54 5 311
54 5 312
54 5 313
54 5 314
54 5 315
54 5 319
54 5 320
54 5 356
54 5 357
54 5 364
54 5 365
54 38 312
56 55 185
56 31 672
56 31 673
26 59 174
26 59 175
26 59 178
26 59 1113
26 59 1116
26 59 1142
26 59 1167
26 59 1168
26 59 1169
26 27 1104
26 27 1122
26 20 1121
26 46 1139
53 71 177
53 44 334
53 44 335
53 44 336
53 44 373
53 44 403
53 44 408
53 44 409
53 32 335
53 32 336
53 32 337
53 32 340
53 32 349
53 32 359
53 32 360
53 32 367
53 32 381
53 32 403
53 32 406
53 32 409
53 64 342
53 64 345
53 64 346
53 64 349
53 64 350
53 64 351
53 64 358
53 64 388
53 64 408
53 64 409
53 5 387
71 3 1026
71 3 1028
71 30 1030
55 66 185
55 92 821
55 92 822
55 92 823
55 92 824
55 92 825
55 92 826
55 92 827
55 92 828
55 92 829
55 92 830
55 92 831
55 92 832
55 92 834
55 92 835
55 92 837
55 92 838
55 92 852
55 92 863
55 92 864
55 92 865
55 92 866
55 92 867
55 92 868
55 92 870
55 92 872
55 92 877
55 92 879
55 92 882
0 9 190
0 9 195
0 9 212
0 9 215
0 9 222
0 9 223
0 9 225
0 9 229
0 9 232
0 9 235
0 13 191
0 13 192
0 13 193
0 13 194
0 13 196
0 13 213
0 13 216
0 13 221
0 13 231
0 13 233
0 13 234
0 13 238
0 13 239
9 14 1307
9 81 1311
9 21 1323
13 19 1029
13 19 1031
13 19 1038
13 19 1101
13 19 1110
13 19 1121
13 19 1140
13 19 1141
13 19 1163
13 19 1165
13 19 1166
13 19 1167
13 19 1169
13 19 1171
13 19 1180
13 19 1184
13 19 1186
13 83 1147
44 76 232
44 76 234
44 76 238
44 76 239
44 76 240
44 76 241
44 76 242
44 76 263
44 76 267
44 76 268
44 76 295
44 76 307
44 76 308
44 76 312
44 76 313
44 76 318
44 76 319
44 38 273
44 29 313
44 8 334
44 8 336
44 8 390
44 8 396
44 69 334
44 69 340
44 69 355
44 69 356
44 69 396
44 69 397
44 69 406
44 69 407
44 69 408
44 69 409
44 69 410
76 40 273
76 40 274
76 40 276
76 78 276
76 78 294
76 78 295
76 87 301
76 87 302
76 46 1073
76 46 1080
76 46 1085
76 46 1086
76 46 1087
76 46 1099
76 46 1100
76 46 1101
76 46 1120
76 46 1121
76 46 1123
76 46 1124
76 46 1125
76 46 1126
76 46 1135
76 46 1137
76 46 1143
76 46 1145
76 46 1147
76 46 1148
76 46 1150
80 43 237
80 43 248
80 43 249
80 43 250
80 43 251
80 43 252
80 43 253
80 43 254
80 43 255
80 43 256
80 43 257
80 43 258
80 43 259
80 43 260
80 43 261
80 43 262
80 43 264
80 43 265
80 43 266
80 43 269
80 43 270
80 43 271
80 43 272
80 43 285
80 43 286
80 43 287
80 43 289
80 43 294
80 43 298
80 43 299
80 43 304
80 43 305
80 43 306
80 43 309
80 43 310
80 43 315
80 43 316
80 43 317
80 38 264
80 36 302
80 42 1012
80 14 1013
80 1 1025
80 1 1026
80 1 1028
80 1 1032
80 1 1036
80 1 1038
80 1 1051
80 1 1068
80 1 1070
80 1 1071
80 1 1072
80 1 1074
80 1 1076
80 3 1040
80 35 1074
80 41 1075
80 41 1076
80 7 1180
43 85 256
43 85 257
43 85 258
43 85 259
43 85 260
43 85 269
43 85 280
43 85 285
43 85 288
43 85 289
43 85 411
43 85 412
43 85 453
43 85 455
43 85 473
43 85 482
43 85 489
43 85 490
43 85 495
43 85 496
43 85 516
43 85 529
43 85 530
43 85 531
43 85 532
43 85 533
43 85 534
43 85 535
43 38 276
43 38 281
43 38 282
43 38 284
43 38 289
43 38 298
43 38 315
43 38 317
43 38 339
43 38 347
43 38 349
43 38 350
43 38 363
43 38 375
43 38 411
43 38 430
43 38 447
43 38 456
43 38 457
43 38 459
43 38 463
43 38 508
43 38 515
43 38 516
43 38 520
43 38 527
43 38 534
43 38 535
43 78 288
43 78 294
43 36 288
43 36 339
43 36 341
43 36 345
43 36 347
43 36 479
43 36 515
43 36 527
43 36 533
43 36 534
43 36 535
43 87 294
78 85 245
78 85 246
78 85 247
78 85 248
78 85 250
78 85 251
78 85 256
78 85 264
78 85 269
78 85 275
78 85 276
78 85 286
78 85 288
78 85 291
78 85 292
78 36 252
78 36 256
78 36 258
78 36 260
78 36 263
78 36 264
78 36 266
78 36 267
78 36 269
78 36 270
78 36 271
78 36 272
78 36 275
78 36 284
78 36 285
78 36 286
78 36 288
78 36 290
78 36 291
78 36 292
78 42 253
78 42 254
78 42 256
78 42 257
78 42 258
78 42 286
78 38 255
78 38 267
78 38 269
78 38 270
78 38 278
78 38 290
78 38 291
78 49 973
78 49 974
78 49 975
78 49 976
78 49 977
78 49 978
78 49 979
78 49 981
78 49 982
78 49 1000
78 49 1001
78 49 1002
78 49 1003
78 49 1004
78 49 1005
78 49 1007
78 49 1009
78 49 1010
78 49 1011
78 49 1012
78 49 1013
78 49 1014
78 49 1015
78 49 1016
78 49 1017
78 49 1018
78 49 1019
78 49 1020
78 49 1021
78 49 1022
78 49 1023
78 49 1030
78 49 1031
78 49 1033
78 49 1034
78 49 1035
78 49 1036
78 49 1037
78 49 1038
78 49 1040
78 49 1051
78 49 1052
78 49 1053
78 49 1054
78 49 1055
78 49 1056
78 49 1057
78 49 1058
78 49 1059
78 49 1060
78 49 1061
78 49 1063
78 49 1064
78 49 1065
78 49 1066
78 49 1067
78 49 1068
78 49 1069
78 49 1070
78 49 1072
78 49 1077
78 49 1078
78 49 1079
78 49 1087
78 49 1088
78 49 1089
78 49 1090
78 49 1092
78 49 1093
78 49 1095
78 49 1100
78 49 1101
78 49 1113
78 49 1115
78 49 1117
78 49 1118
78 49 1119
78 49 1120
78 49 1121
78 49 1122
78 49 1123
78 49 1124
78 49 1125
78 49 1126
78 49 1130
78 49 1131
78 49 1132
78 49 1133
78 49 1134
78 49 1138
78 49 1140
78 49 1141
78 49 1153
78 49 1154
78 49 1155
78 49 1156
78 49 1168
78 49 1169
78 49 1196
78 49 1199
78 49 1208
78 49 1209
78 49 1210
78 49 1211
78 49 1213
78 49 1214
78 49 1218
78 49 1219
78 49 1220
78 49 1221
78 49 1222
78 49 1227
78 49 1228
78 49 1235
78 49 1236
78 49 1237
78 49 1238
78 49 1239
78 30 1021
78 30 1087
78 3 1022
78 3 1023
78 3 1024
78 3 1025
78 3 1029
78 3 1030
78 3 1066
78 3 1067
78 3 1168
78 3 1169
78 16 1051
78 19 1148
78 19 1149
85 87 246
85 87 247
85 87 248
85 87 249
85 87 250
85 87 251
85 87 255
85 87 256
85 87 257
85 87 260
85 87 261
85 87 265
85 87 266
85 87 269
85 87 270
85 87 271
85 87 274
85 87 275
85 87 276
85 87 290
85 87 291
85 87 292
85 87 293
85 87 294
85 87 297
85 87 299
85 87 300
85 87 301
85 87 302
85 87 307
85 87 310
85 87 311
85 87 312
85 87 313
85 87 325
85 87 327
85 87 328
85 87 331
85 87 333
85 87 334
85 87 335
85 87 336
85 87 337
85 87 338
85 87 340
85 87 341
85 87 342
85 87 343
85 87 345
85 87 346
85 87 347
85 87 349
85 87 350
85 87 351
85 87 352
85 87 355
85 87 356
85 87 357
85 87 362
85 87 363
85 87 364
85 87 365
85 87 373
85 87 374
85 87 377
85 87 378
85 87 381
85 87 388
85 87 397
85 87 400
85 87 412
85 87 413
85 87 415
85 87 417
85 87 419
85 87 420
85 87 424
85 87 425
85 87 428
85 87 429
85 87 430
85 87 436
85 87 437
85 87 439
85 87 440
85 87 447
85 87 452
85 87 453
85 87 454
85 87 455
85 87 457
85 87 477
85 87 478
85 87 479
85 87 482
85 87 483
85 87 487
85 87 489
85 87 490
85 87 491
85 87 492
85 87 493
85 87 494
85 87 495
85 87 496
85 87 497
85 87 498
85 87 499
85 87 500
85 87 504
85 87 505
85 87 506
85 87 507
85 87 508
85 87 510
85 87 517
85 87 522
85 87 525
85 87 527
85 87 529
85 87 531
85 87 532
85 87 533
85 87 534
85 87 535
85 87 536
85 38 246
85 38 249
85 38 250
85 38 251
85 38 258
85 38 266
85 38 269
85 38 276
85 38 277
85 38 278
85 38 279
85 38 288
85 38 291
85 38 292
85 38 293
85 38 296
85 38 297
85 38 298
85 38 299
85 38 300
85 38 301
85 38 302
85 38 303
85 38 304
85 38 307
85 38 308
85 38 309
85 38 310
85 38 311
85 38 313
85 38 327
85 38 328
85 38 329
85 38 331
85 38 332
85 38 333
85 38 334
85 38 335
85 38 336
85 38 337
85 38 338
85 38 343
85 38 347
85 38 349
85 38 350
85 38 351
85 38 355
85 38 356
85 38 357
85 38 358
85 38 359
85 38 363
85 38 365
85 38 388
85 38 392
85 38 396
85 38 397
85 38 398
85 38 399
85 38 401
85 38 402
85 38 403
85 38 405
85 38 406
85 38 408
85 38 409
85 38 410
85 38 411
85 38 413
85 38 414
85 38 415
85 38 416
85 38 417
85 38 418
85 38 419
85 38 420
85 38 421
85 38 424
85 38 425
85 38 426
85 38 427
85 38 428
85 38 429
85 38 430
85 38 431
85 38 432
85 38 433
85 38 436
85 38 437
85 38 438
85 38 439
85 38 446
85 38 457
85 38 458
85 38 460
85 38 461
85 38 464
85 38 470
85 38 471
85 38 472
85 38 474
85 38 475
85 38 476
85 38 477
85 38 479
85 38 481
85 38 482
85 38 487
85 38 492
85 38 496
85 38 500
85 38 501
85 38 502
85 38 503
85 38 504
85 38 511
85 38 512
85 38 513
85 38 527
85 38 531
85 38 532
85 38 533
85 38 534
85 38 535
85 40 257
85 40 259
85 40 263
85 40 264
85 40 265
85 40 285
85 40 289
85 40 290
85 40 298
85 40 302
85 40 307
85 40 308
85 40 309
85 40 310
85 40 311
85 40 314
85 40 339
85 40 340
85 40 341
85 40 342
85 40 343
85 40 349
85 40 350
85 40 352
85 40 353
85 40 356
85 40 358
85 40 362
85 40 363
85 40 366
85 40 368
85 40 369
85 40 370
85 40 371
85 40 375
85 40 376
85 40 377
85 40 379
85 40 381
85 40 382
85 40 383
85 40 384
85 40 385
85 40 386
85 40 387
85 40 390
85 40 398
85 40 402
85 40 403
85 40 404
85 40 405
85 40 407
85 40 409
85 40 412
85 40 413
85 40 414
85 40 415
85 40 418
85 40 423
85 40 424
85 40 425
85 40 426
85 40 428
85 40 434
85 40 436
85 40 437
85 40 438
85 40 439
85 40 440
85 40 441
85 40 444
85 40 447
85 40 449
85 40 451
85 40 452
85 40 456
85 40 457
85 40 460
85 40 461
85 40 462
85 40 463
85 40 464
85 40 465
85 40 471
85 40 472
85 40 474
85 40 476
85 40 478
85 40 480
85 40 481
85 40 535
85 1 998
85 1 999
85 1 1003
85 1 1005
85 1 1006
85 1 1007
85 1 1012
85 1 1013
85 1 1014
85 1 1015
85 1 1016
85 1 1017
85 1 1019
85 1 1020
85 1 1022
85 1 1023
85 1 1024
85 1 1027
85 1 1029
85 1 1031
85 1 1035
85 1 1037
85 1 1040
85 1 1045
85 1 1052
85 1 1053
85 1 1059
85 1 1062
85 1 1066
85 1 1069
85 1 1073
85 1 1075
85 1 1077
85 60 1050
85 60 1051
87 74 246
87 74 247
87 74 248
87 74 249
87 74 250
87 74 251
87 74 252
87 74 256
87 74 263
87 74 264
87 74 267
87 74 269
87 74 272
87 74 275
87 74 289
87 74 290
87 74 292
87 36 248
87 36 250
87 36 251
87 36 252
87 36 257
87 36 264
87 36 267
87 36 271
87 36 272
87 36 273
87 36 274
87 36 275
87 36 276
87 36 277
87 36 281
87 36 282
87 36 286
87 36 289
87 36 290
87 36 291
87 36 292
87 36 293
87 36 294
87 36 295
87 36 296
87 36 297
87 36 299
87 36 300
87 36 301
87 36 302
87 36 303
87 36 306
87 36 310
87 36 311
87 36 313
87 36 314
87 36 327
87 36 336
87 36 340
87 36 341
87 36 342
87 36 343
87 36 346
87 36 347
87 36 349
87 36 350
87 36 351
87 36 352
87 36 354
87 36 355
87 36 356
87 36 365
87 36 370
87 36 395
87 36 404
87 36 406
87 36 412
87 36 418
87 36 419
87 36 424
87 36 454
87 36 455
87 36 457
87 36 458
87 36 459
87 36 473
87 36 475
87 36 478
87 36 479
87 36 480
87 36 482
87 36 483
87 36 484
87 36 485
87 36 486
87 36 487
87 36 491
87 36 492
87 36 494
87 36 496
87 36 497
87 36 503
87 36 510
87 36 511
87 36 515
87 36 520
87 36 524
87 36 526
87 36 527
87 36 528
87 36 529
87 36 530
87 36 531
87 36 532
87 36 534
87 36 535
87 42 250
87 42 253
87 42 255
87 42 260
87 42 289
87 42 303
87 42 304
87 42 318
87 42 319
87 42 320
87 42 325
87 42 326
87 42 333
87 42 336
87 42 347
87 42 349
87 42 350
87 42 358
87 42 365
87 42 373
87 42 375
87 42 376
87 42 377
87 42 378
87 42 382
87 42 411
87 42 412
87 42 413
87 42 414
87 42 423
87 42 424
87 42 431
87 42 432
87 42 434
87 42 436
87 42 437
87 42 440
87 42 441
87 42 442
87 42 443
87 42 444
87 42 448
87 42 449
87 42 451
87 42 453
87 42 454
87 42 456
87 42 457
87 42 461
87 42 462
87 42 463
87 42 464
87 42 465
87 42 466
87 42 467
87 42 468
87 42 471
87 42 474
87 42 475
87 42 476
87 42 478
87 42 479
87 42 482
87 42 485
87 42 486
87 42 487
87 42 489
87 42 490
87 42 492
87 42 493
87 42 494
87 42 495
87 42 497
87 42 498
87 42 499
87 42 500
87 42 501
87 42 502
87 42 503
87 42 504
87 42 505
87 42 506
87 42 507
87 42 508
87 42 509
87 42 510
87 42 512
87 42 515
87 42 516
87 42 517
87 42 518
87 42 519
87 42 520
87 42 521
87 42 523
87 42 524
87 42 525
87 42 527
87 42 528
87 42 529
87 42 530
87 42 531
87 42 532
87 42 533
87 42 534
87 42 535
87 38 255
87 38 260
87 38 261
87 38 263
87 38 264
87 38 268
87 38 269
87 38 273
87 38 274
87 38 283
87 38 289
87 38 290
87 38 292
87 38 293
87 38 295
87 38 302
87 38 307
87 38 310
87 38 311
87 38 340
87 38 341
87 38 342
87 38 343
87 38 349
87 38 350
87 38 351
87 38 358
87 38 359
87 38 360
87 38 362
87 38 363
87 38 364
87 38 365
87 38 366
87 38 367
87 38 369
87 38 370
87 38 373
87 38 374
87 38 375
87 38 376
87 38 377
87 38 378
87 38 379
87 38 381
87 38 382
87 38 383
87 38 384
87 38 385
87 38 387
87 38 388
87 38 391
87 38 398
87 38 405
87 38 408
87 38 409
87 38 412
87 38 413
87 38 414
87 38 416
87 38 417
87 38 418
87 38 419
87 38 420
87 38 424
87 38 425
87 38 426
87 38 429
87 38 430
87 38 432
87 38 434
87 38 435
87 38 436
87 38 437
87 38 438
87 38 439
87 38 440
87 38 441
87 38 443
87 38 444
87 38 445
87 38 446
87 38 447
87 38 448
87 38 449
87 38 450
87 38 451
87 38 452
87 38 456
87 38 457
87 38 458
87 38 459
87 38 461
87 38 472
87 38 473
87 38 474
87 38 475
87 38 476
87 38 478
87 38 479
87 38 480
87 38 490
87 38 503
87 38 507
87 38 508
87 38 525
87 38 528
87 38 534
87 38 535
87 58 880
74 38 250
74 38 251
74 73 878
74 73 906
74 73 909
74 73 911
74 73 912
74 73 914
74 73 917
74 73 922
74 73 924
74 73 926
74 73 933
74 73 934
74 73 935
74 73 937
74 73 940
74 73 942
74 73 943
74 73 946
74 67 948
38 42 279
38 90 374
38 90 378
38 90 388
38 90 391
38 90 408
38 90 511
38 90 526
38 40 534
36 40 263
36 40 279
36 40 283
36 40 289
36 40 291
36 40 293
36 40 302
36 40 307
36 40 309
36 40 310
36 40 311
36 40 339
36 40 340
36 40 345
36 40 348
36 40 349
36 40 350
36 40 353
36 40 356
36 40 535
36 5 312
36 90 390
36 90 391
36 90 393
36 90 395
36 90 407
36 63 869
36 63 870
36 63 871
36 63 872
36 63 873
36 63 876
36 63 877
36 63 879
36 63 887
36 63 890
36 63 891
36 63 897
36 63 899
36 63 900
36 63 901
36 63 904
36 63 905
36 63 906
36 63 907
36 63 929
36 63 930
36 63 950
36 63 951
36 63 952
36 19 870
36 19 871
36 19 872
36 19 873
36 19 876
36 19 879
36 19 885
36 19 894
36 19 895
36 19 897
36 19 900
36 19 905
36 19 906
36 19 907
36 19 909
36 19 910
36 19 911
36 19 913
36 19 914
36 19 915
36 19 922
36 19 925
36 19 933
36 19 934
36 19 939
36 19 940
36 19 941
36 19 942
36 19 945
36 19 946
36 19 947
36 19 954
36 19 955
36 19 956
36 73 878
36 25 928
42 40 255
42 40 261
42 40 265
42 40 267
42 40 269
42 40 275
42 40 277
42 40 278
42 40 280
42 40 285
42 40 290
42 40 291
42 40 292
42 40 293
42 40 294
42 40 295
42 40 296
42 40 297
42 40 299
42 40 300
42 40 301
42 40 302
42 40 308
42 40 316
42 90 263
42 90 267
42 90 273
42 90 274
42 90 279
42 90 286
42 90 304
42 11 1004
42 11 1005
42 11 1007
42 11 1008
42 11 1010
42 11 1011
42 11 1012
42 11 1013
42 11 1014
42 11 1015
42 11 1018
42 11 1020
42 11 1023
42 11 1024
42 11 1027
42 11 1035
42 11 1048
42 11 1057
42 11 1069
42 11 1075
42 11 1077
42 11 1103
42 11 1104
42 11 1105
42 11 1112
42 11 1135
42 28 1009
42 28 1014
42 28 1018
42 28 1021
42 28 1043
2 29 277
2 29 278
2 29 280
2 29 281
2 29 282
2 29 290
2 29 291
2 29 292
2 29 293
2 29 294
2 29 296
2 29 297
2 29 298
2 29 302
2 29 304
2 29 314
2 29 324
2 29 325
2 29 327
2 29 329
2 29 336
2 29 337
2 29 340
2 29 341
2 29 342
2 29 343
2 29 344
2 29 346
2 29 347
2 29 348
2 29 350
2 29 351
2 29 352
2 29 353
2 29 354
2 29 355
2 29 356
2 29 357
2 29 358
2 29 359
2 29 360
2 29 366
2 29 367
2 29 368
2 29 369
2 29 370
2 29 371
2 29 372
2 29 377
2 29 378
2 29 379
2 29 380
2 29 381
2 29 382
2 29 383
2 29 384
2 29 385
2 29 386
2 29 387
2 29 411
2 29 412
2 29 414
2 29 416
2 29 421
2 64 363
2 51 363
2 31 376
2 31 415
2 31 420
29 6 397
29 10 1103
29 10 1104
29 10 1105
29 10 1106
29 10 1107
29 10 1108
29 10 1109
29 10 1110
29 10 1111
29 10 1112
29 10 1113
29 10 1114
29 10 1115
29 10 1116
29 10 1119
29 10 1120
29 10 1121
29 10 1122
29 10 1123
29 10 1125
29 10 1126
29 10 1127
29 10 1128
29 10 1129
29 10 1138
29 46 1133
5 34 395
5 34 407
5 69 406
5 69 407
5 45 407
8 64 333
8 64 340
8 64 349
8 64 361
8 64 389
8 64 390
8 64 391
8 64 392
8 64 394
8 64 396
8 64 397
8 64 398
8 64 399
8 51 333
8 51 359
8 51 360
8 51 362
8 51 390
8 51 400
8 32 360
8 32 363
8 32 367
8 72 890
8 72 891
8 72 892
8 72 893
8 72 896
8 72 897
8 72 902
8 72 905
8 72 906
8 72 907
8 72 908
8 72 909
8 72 910
8 72 911
8 72 913
8 72 915
8 72 916
8 72 918
8 72 920
8 72 924
8 72 925
8 72 928
8 72 930
8 72 932
8 72 933
8 72 934
8 72 935
8 72 936
8 72 947
8 77 947
64 24 1117
64 24 1121
64 24 1143
64 24 1158
64 24 1165
64 72 1139
51 34 376
51 69 402
51 30 423
51 30 443
51 30 458
51 30 460
51 30 469
51 30 475
51 30 477
51 30 485
51 30 489
51 30 491
51 30 494
51 30 495
51 30 509
51 30 518
51 30 547
51 30 554
51 30 564
51 30 579
51 30 585
51 30 588
51 30 589
51 82 425
51 82 432
51 82 443
51 82 448
51 82 455
51 82 457
51 82 458
51 82 459
51 82 460
51 82 461
51 82 465
51 62 442
51 62 448
51 62 455
51 62 457
51 62 458
51 62 459
51 62 460
51 62 465
51 62 466
51 62 468
51 62 547
51 62 562
51 62 564
51 62 566
51 62 567
51 62 568
51 62 572
51 62 575
51 62 578
51 62 579
51 62 585
51 62 589
51 62 590
51 7 466
51 22 582
69 32 340
69 32 342
69 32 359
69 32 360
69 32 362
69 32 365
69 32 376
69 32 407
69 77 871
69 77 872
69 77 873
69 77 874
69 77 875
69 77 876
69 77 877
69 77 879
69 77 880
69 77 881
69 77 882
69 77 883
69 77 884
69 77 885
69 77 886
69 77 887
69 77 888
69 77 889
69 77 890
69 77 891
69 77 892
69 77 893
69 77 894
69 77 895
69 77 896
69 77 897
69 77 899
69 77 900
69 77 901
69 77 902
69 77 904
69 77 907
69 77 910
69 77 913
69 77 915
69 77 920
69 77 925
69 77 936
69 77 938
69 77 939
69 77 941
69 77 944
69 77 945
69 77 947
69 28 898
69 72 916
69 72 946
69 72 947
69 11 947
69 11 948
32 45 336
32 45 352
32 45 387
32 45 388
32 45 391
32 45 392
32 45 393
32 45 407
32 45 409
32 82 422
32 82 423
32 82 424
32 82 425
32 82 442
32 82 444
32 82 446
32 82 450
32 82 451
32 62 422
32 62 425
32 62 426
32 62 427
32 62 428
32 62 429
32 62 430
32 62 431
32 62 433
32 62 434
32 62 435
32 62 436
32 62 437
32 62 438
32 62 439
32 62 440
32 62 441
32 62 442
32 62 444
32 62 445
32 62 446
32 62 447
32 62 448
32 62 450
32 62 452
32 62 453
32 62 454
32 62 457
32 62 458
32 62 459
32 62 462
32 62 472
32 62 497
32 62 526
32 62 529
32 62 534
32 62 549
32 62 554
32 62 556
32 62 557
32 62 564
32 62 567
32 62 575
32 62 579
32 62 589
32 62 590
32 49 441
32 49 444
32 49 446
32 49 470
32 49 473
32 49 474
32 49 490
32 49 492
32 49 493
32 49 497
32 49 500
32 49 517
32 49 520
32 49 530
32 49 531
32 49 541
32 49 555
32 49 563
32 49 567
32 49 574
32 49 576
32 49 583
32 49 586
32 49 587
32 49 590
32 22 562
32 22 566
32 22 572
32 22 585
45 63 901
45 63 902
45 63 903
45 63 904
45 63 905
45 63 907
45 63 909
45 63 910
45 63 911
45 63 912
45 63 913
45 63 916
45 63 917
45 63 918
45 63 919
45 63 920
45 63 921
45 63 922
45 63 923
45 63 924
45 63 926
45 63 927
45 63 928
45 63 929
45 63 930
45 63 931
45 63 934
45 63 937
45 63 938
45 63 939
45 63 942
45 63 943
45 63 944
45 63 945
45 63 946
45 63 947
45 63 948
45 63 949
45 63 950
45 63 955
45 63 956
45 63 957
45 63 958
45 63 959
45 63 960
45 63 961
45 63 962
45 63 963
45 63 964
45 63 969
45 63 970
45 63 971
45 63 972
45 63 973
45 63 974
45 63 976
45 63 977
45 63 978
45 63 979
45 63 980
45 63 981
45 63 982
45 63 983
45 63 984
45 63 985
45 63 986
45 63 987
45 63 988
45 63 989
45 63 992
34 68 874
34 68 875
34 68 878
34 68 880
34 68 881
34 68 886
34 22 880
34 22 881
34 22 883
34 22 884
34 22 886
34 22 892
6 62 1302
6 62 1303
6 62 1304
6 62 1305
6 62 1306
6 62 1307
6 62 1308
6 62 1309
6 62 1310
6 62 1311
6 62 1312
6 62 1316
6 62 1317
6 62 1318
6 62 1319
6 62 1320
6 62 1321
6 62 1322
6 62 1323
6 62 1325
6 62 1326
6 62 1328
6 62 1329
6 62 1331
6 62 1333
6 62 1334
6 62 1335
6 62 1336
6 62 1337
6 62 1338
6 62 1339
6 62 1340
6 62 1341
6 62 1342
6 62 1343
6 62 1344
6 62 1345
6 62 1346
6 62 1347
6 62 1348
6 62 1349
6 62 1350
6 62 1351
6 62 1352
6 62 1353
6 62 1354
6 62 1355
6 62 1356
6 62 1357
6 62 1358
6 62 1359
6 62 1360
6 62 1361
6 62 1362
6 62 1363
6 62 1364
6 62 1365
6 62 1366
6 62 1367
6 62 1368
6 62 1369
6 62 1370
6 62 1371
6 62 1372
6 62 1373
6 62 1374
6 62 1375
6 62 1376
6 62 1377
6 62 1378
6 62 1379
6 62 1380
6 50 1335
6 15 1339
6 15 1340
6 15 1343
6 15 1345
6 15 1346
6 15 1347
6 15 1348
6 15 1349
6 15 1350
6 15 1351
6 15 1352
6 15 1353
6 15 1355
6 15 1356
6 15 1357
6 15 1365
6 15 1366
6 15 1367
6 15 1368
6 15 1370
6 15 1371
6 15 1372
6 15 1375
24 49 421
24 49 422
24 49 423
24 49 424
24 49 427
24 49 431
24 49 433
24 49 437
24 49 441
24 49 445
24 49 454
24 49 455
24 49 456
24 49 457
24 49 458
24 49 459
24 49 460
24 49 461
24 49 462
24 49 463
24 49 468
24 49 469
24 49 470
24 49 471
24 49 472
24 49 473
24 49 474
24 49 475
24 49 476
24 49 477
24 49 478
24 49 490
24 49 491
24 49 492
24 49 493
24 49 494
24 49 495
24 49 496
24 49 497
24 49 498
24 49 500
24 49 510
24 49 516
24 49 517
24 49 518
24 49 519
24 49 520
24 49 522
24 49 523
24 49 524
24 49 530
24 49 531
24 49 541
24 49 546
24 49 549
24 49 552
24 49 557
24 49 561
24 49 570
24 49 575
24 49 576
24 49 581
24 49 584
24 62 424
24 62 431
24 62 432
24 62 437
24 62 438
24 62 439
24 62 440
24 62 441
24 62 442
24 62 443
24 62 447
24 62 449
24 62 454
24 62 455
24 62 456
24 62 457
24 62 458
24 62 459
24 62 461
24 62 462
24 62 463
24 62 469
24 62 472
24 62 473
24 62 561
24 62 567
24 62 568
24 62 569
24 62 571
24 62 573
24 62 576
24 62 577
24 62 580
24 62 586
24 30 425
24 30 431
24 30 442
24 30 450
24 30 454
24 30 455
24 30 456
24 30 457
24 30 458
24 30 459
24 30 460
24 30 461
24 30 462
24 30 463
24 30 467
24 30 468
24 30 469
24 30 472
24 30 474
24 30 491
24 30 493
24 30 494
24 30 497
24 30 516
24 30 518
24 30 519
24 30 520
24 30 556
24 30 557
24 30 559
24 30 561
24 30 564
24 30 575
24 30 576
24 30 577
24 30 586
24 82 430
24 82 441
24 82 442
24 82 443
24 82 454
24 82 455
24 82 456
24 82 457
24 82 458
24 82 463
24 7 467
49 88 431
49 88 446
49 88 449
49 88 450
49 88 451
49 88 452
49 88 453
49 88 454
49 88 456
49 88 462
49 88 463
49 88 464
49 67 441
49 67 444
49 67 445
49 67 446
49 67 449
49 67 450
49 67 454
49 67 456
49 67 462
49 67 463
49 67 464
49 67 467
49 67 555
49 67 559
49 67 563
49 67 565
49 67 569
49 67 571
49 67 576
49 67 580
49 67 586
49 67 587
49 10 467
49 57 571
49 28 1086
49 28 1087
49 72 1132
49 72 1133
49 61 1184
82 25 776
82 25 794
82 25 795
82 25 796
82 25 797
82 25 798
82 25 799
82 25 800
82 25 801
82 25 802
82 25 803
82 25 804
82 25 805
82 25 806
82 25 807
82 25 808
82 25 834
82 25 836
82 25 837
62 88 426
62 88 442
62 88 444
62 88 445
62 88 446
62 88 447
62 88 448
62 88 450
62 88 451
62 88 456
62 88 457
62 88 458
62 88 459
62 88 462
62 88 463
62 88 465
62 14 1307
62 21 1312
62 21 1322
62 81 1333
62 79 1335
30 67 553
30 67 555
30 67 558
30 67 561
30 67 565
30 67 566
30 67 571
30 67 574
30 67 576
30 67 580
30 67 581
30 67 582
30 67 583
30 67 585
30 67 586
30 41 1004
30 41 1005
30 41 1007
30 41 1008
30 41 1010
30 41 1015
30 41 1019
30 41 1022
30 41 1024
30 41 1028
30 41 1029
30 41 1030
30 41 1034
30 41 1053
30 41 1060
30 41 1061
30 41 1062
30 41 1063
30 41 1064
30 41 1066
30 41 1072
30 41 1073
30 41 1074
30 41 1075
30 41 1077
30 41 1080
30 41 1081
30 41 1099
30 41 1100
30 41 1102
30 41 1103
30 41 1104
30 41 1105
30 41 1107
30 41 1117
30 41 1125
30 41 1126
30 41 1130
30 41 1131
30 41 1134
30 41 1135
30 11 1004
30 11 1005
30 11 1006
30 11 1007
30 11 1008
30 11 1009
30 11 1010
30 11 1011
30 11 1012
30 11 1013
30 11 1014
30 11 1015
30 11 1021
30 11 1022
30 11 1024
30 11 1025
30 11 1027
30 11 1028
30 11 1029
30 11 1032
30 11 1033
30 11 1034
30 11 1035
30 11 1036
30 11 1038
30 11 1043
30 11 1046
30 11 1047
30 11 1048
30 11 1061
30 11 1069
30 11 1072
30 11 1073
30 11 1074
30 11 1079
30 11 1080
30 11 1084
30 11 1085
30 11 1100
30 11 1103
30 11 1104
30 11 1105
30 11 1114
30 11 1118
30 11 1119
30 11 1127
30 11 1135
30 46 1104
88 7 1382
88 7 1383
88 7 1384
88 7 1385
88 50 1382
88 50 1383
88 50 1384
88 50 1385
88 84 1382
88 84 1384
88 84 1385
88 86 1382
88 86 1383
88 86 1384
88 86 1385
67 22 560
67 22 562
67 22 585
67 11 931
67 11 948
67 41 944
67 77 947
67 77 948
7 81 1181
7 81 1183
7 81 1185
7 81 1187
7 81 1189
7 81 1193
7 81 1194
7 81 1196
7 81 1198
7 81 1199
7 81 1200
7 81 1206
7 81 1211
7 81 1213
7 81 1215
7 81 1216
7 81 1217
7 81 1218
7 81 1219
7 81 1220
7 81 1221
7 81 1222
7 81 1235
7 81 1236
7 81 1240
7 81 1241
7 81 1243
7 81 1245
7 81 1246
7 81 1247
7 81 1248
7 81 1260
7 81 1261
7 81 1262
7 81 1264
7 81 1269
7 81 1270
7 81 1271
7 81 1272
7 81 1273
7 81 1274
7 81 1275
7 81 1276
7 81 1277
7 81 1278
7 81 1279
7 81 1280
7 81 1281
7 81 1282
7 81 1283
7 81 1284
7 81 1285
7 81 1286
7 81 1287
7 81 1291
7 81 1297
7 81 1298
7 81 1299
7 81 1300
7 81 1301
7 81 1302
7 81 1303
7 81 1304
7 81 1305
7 81 1314
7 81 1328
7 81 1334
7 81 1338
7 81 1341
7 81 1343
7 81 1348
7 81 1349
7 81 1350
7 81 1351
7 81 1354
7 81 1355
7 81 1356
7 81 1358
7 81 1360
7 81 1361
7 81 1365
7 81 1366
7 81 1367
7 81 1368
7 81 1382
7 81 1383
7 81 1384
7 81 1385
7 15 1346
7 48 1382
7 48 1383
7 48 1384
7 48 1385
7 79 1382
7 79 1384
7 79 1385
10 60 1104
10 37 1120
10 37 1121
91 77 484
91 77 486
91 77 512
91 77 513
91 77 514
91 77 516
91 77 517
91 77 519
91 77 522
91 77 523
91 77 524
91 77 525
91 77 527
91 77 529
91 77 530
91 77 531
91 77 532
91 77 533
91 77 534
91 77 535
91 77 536
91 77 537
91 77 538
91 77 540
91 77 541
91 77 542
91 77 543
91 77 544
91 77 547
91 77 548
91 77 549
91 77 550
91 77 552
91 77 553
81 86 485
81 86 497
81 86 510
81 86 511
81 86 515
81 86 520
81 86 521
81 86 526
81 86 528
81 86 539
81 86 545
81 86 546
81 86 551
81 86 554
81 86 555
81 86 556
81 86 557
81 86 558
81 86 559
81 86 560
81 86 561
81 86 562
81 86 563
81 86 564
81 86 565
81 86 566
81 86 567
81 86 568
81 86 569
81 86 570
81 86 571
81 86 572
81 86 573
81 86 574
81 86 575
81 86 576
81 86 577
81 86 578
81 86 579
81 86 580
81 86 581
81 86 582
81 86 583
81 86 584
81 86 585
81 86 586
81 86 587
81 86 588
81 86 589
81 86 590
81 86 591
81 86 592
81 86 593
81 86 594
81 86 595
81 86 596
81 86 597
81 86 598
81 86 599
81 86 600
81 86 601
81 86 602
81 86 603
81 86 604
81 86 605
81 86 606
81 86 612
81 50 1382
81 50 1383
81 50 1384
81 50 1385
81 84 1382
81 84 1384
81 84 1385
81 21 1388
86 4 1388
22 63 867
22 63 869
22 63 871
22 63 872
22 63 873
22 63 877
22 63 880
22 63 892
22 63 898
22 63 900
22 63 901
22 63 903
22 63 905
22 63 906
22 63 907
22 63 910
22 63 911
22 63 922
22 63 925
22 63 929
22 63 937
22 63 940
22 63 955
57 73 1092
57 73 1093
57 73 1094
57 73 1095
57 73 1096
57 73 1098
57 73 1099
57 73 1100
57 73 1101
57 73 1113
57 73 1125
57 73 1127
57 73 1128
57 73 1132
57 73 1133
57 73 1134
57 73 1136
57 73 1137
57 73 1138
57 73 1140
57 73 1141
57 73 1142
57 73 1143
57 73 1149
57 73 1150
57 73 1151
57 73 1152
57 73 1153
57 73 1156
57 73 1157
57 73 1160
57 73 1162
57 73 1163
57 73 1165
57 73 1166
57 73 1167
57 73 1168
57 73 1169
57 73 1170
57 73 1172
57 73 1173
57 73 1174
57 73 1175
57 73 1176
57 73 1179
57 73 1180
57 73 1181
57 73 1186
57 73 1187
57 73 1188
57 73 1189
57 73 1190
57 73 1191
57 73 1194
57 73 1195
57 73 1196
57 73 1197
57 73 1198
57 73 1199
57 73 1200
57 73 1201
57 73 1202
57 73 1203
57 73 1204
57 73 1206
57 39 1138
57 39 1148
57 16 1172
27 83 711
83 1 1062
83 60 1076
83 47 1105
83 47 1106
83 47 1107
83 47 1108
83 47 1109
83 47 1110
83 47 1111
83 47 1112
83 47 1114
83 47 1116
83 46 1130
83 46 1131
83 46 1132
83 72 1133
83 16 1147
83 16 1152
79 25 736
79 25 738
79 25 747
79 25 760
79 25 762
79 25 765
79 25 769
79 25 770
79 25 771
79 25 772
79 25 780
79 25 782
79 25 783
79 25 792
79 25 794
79 25 796
79 25 797
79 25 798
79 25 799
79 25 800
79 25 802
79 25 808
79 25 809
79 25 810
79 25 811
79 25 812
79 25 813
79 25 816
79 25 818
79 25 819
79 25 834
79 25 837
79 25 838
79 25 839
79 25 840
79 25 841
79 25 843
79 25 844
79 25 853
79 25 858
79 25 861
79 25 867
79 25 868
79 25 869
79 25 870
79 25 872
79 25 873
79 25 874
79 25 876
79 25 879
79 25 880
79 25 884
79 25 892
79 25 897
79 25 898
79 25 924
79 25 926
79 25 927
79 25 928
79 25 945
79 25 946
79 25 947
79 25 948
79 25 949
79 25 950
79 25 951
79 25 952
79 25 954
79 25 955
79 25 957
79 25 971
79 25 975
79 25 977
79 50 1283
79 50 1285
79 50 1286
79 50 1287
79 50 1289
79 50 1292
79 50 1295
79 50 1296
79 50 1297
79 50 1302
79 50 1303
79 50 1308
79 50 1309
79 50 1310
79 50 1311
79 50 1312
79 50 1313
79 50 1314
79 50 1315
79 50 1316
79 50 1317
79 50 1321
79 50 1323
79 50 1325
79 50 1326
79 50 1332
79 50 1342
79 50 1343
79 50 1344
79 50 1345
79 50 1346
79 50 1347
79 50 1348
79 50 1349
79 50 1350
79 50 1353
79 50 1354
79 50 1355
79 50 1380
79 50 1381
79 50 1382
79 50 1384
79 50 1385
25 50 796
28 23 783
28 23 789
28 75 978
23 89 799
23 89 805
23 33 847
23 35 1081
23 35 1083
23 35 1094
23 35 1102
23 35 1104
23 35 1105
23 35 1106
23 35 1107
23 35 1110
23 35 1111
23 35 1114
23 35 1134
23 72 1116
33 47 1102
33 47 1103
33 47 1107
33 47 1108
33 47 1109
33 47 1112
33 47 1114
33 37 1103
63 72 942
68 19 868
68 19 874
68 19 878
68 19 879
68 19 881
68 60 1102
68 60 1103
68 60 1105
68 60 1107
68 60 1108
68 60 1109
68 60 1110
68 60 1114
68 60 1116
73 72 946
73 61 1185
58 46 906
58 46 908
58 46 925
58 46 935
72 35 1073
72 35 1074
72 35 1075
72 35 1076
72 35 1077
72 35 1078
72 35 1095
72 35 1096
72 35 1100
72 35 1106
72 35 1107
72 35 1108
72 35 1109
72 35 1110
72 35 1112
72 35 1113
72 35 1114
72 35 1115
72 35 1116
72 35 1117
72 35 1120
72 35 1121
72 35 1122
72 35 1123
72 35 1124
72 35 1125
72 35 1138
72 35 1140
72 35 1143
72 35 1144
72 35 1146
72 35 1147
72 35 1148
72 35 1149
72 35 1150
72 35 1151
72 35 1152
72 35 1153
72 35 1154
72 35 1155
72 35 1156
72 35 1157
72 35 1158
72 35 1159
72 35 1160
72 47 1075
72 47 1076
72 47 1081
72 47 1082
72 47 1084
72 47 1095
72 47 1102
72 47 1103
72 47 1107
72 47 1108
72 47 1109
72 47 1112
72 47 1114
72 47 1115
72 47 1116
72 47 1117
72 47 1119
72 47 1122
72 47 1127
72 47 1132
72 47 1136
72 47 1138
72 47 1139
72 47 1140
72 47 1144
72 47 1146
72 47 1149
72 47 1151
72 47 1153
72 3 1103
72 14 1104
72 39 1159
46 35 1073
46 35 1074
46 35 1075
46 35 1078
46 35 1084
46 35 1086
46 35 1100
46 35 1101
46 35 1113
46 35 1115
46 35 1122
46 35 1123
46 35 1124
46 35 1125
46 35 1126
46 35 1137
46 35 1140
46 35 1144
46 35 1147
46 35 1148
46 35 1149
46 35 1150
46 35 1151
46 35 1152
46 1 1074
39 39 924
39 39 925
39 39 936
39 39 938
39 39 944
39 39 946
39 39 947
39 1 1054
41 37 926
41 37 927
41 37 931
41 37 935
41 37 948
41 37 949
41 37 950
41 37 951
41 37 952
41 37 956
41 37 957
41 37 958
41 37 959
41 37 960
41 37 961
41 37 962
41 37 963
41 37 964
41 37 965
41 37 966
41 37 967
41 37 968
41 37 969
41 37 970
41 37 971
41 37 972
41 37 973
41 37 974
41 37 975
41 37 976
41 37 981
41 37 983
41 37 984
41 37 985
41 37 986
41 37 987
41 37 989
41 37 990
41 37 991
41 37 992
41 37 993
41 37 994
41 37 995
41 37 998
41 37 999
41 37 1003
41 37 1004
41 37 1019
41 37 1022
41 37 1024
41 37 1025
41 37 1028
41 37 1029
41 37 1031
41 37 1032
41 37 1034
41 37 1035
41 37 1036
41 37 1037
41 37 1039
41 37 1040
41 37 1043
41 37 1044
41 37 1046
41 37 1051
41 37 1059
41 37 1060
41 37 1062
41 37 1063
41 37 1064
41 37 1065
41 37 1066
41 37 1067
41 37 1068
41 37 1069
41 14 1025
41 14 1026
41 14 1036
41 14 1055
41 14 1061
41 14 1068
41 14 1070
41 14 1071
41 14 1074
41 14 1080
41 14 1085
41 14 1088
41 14 1091
41 14 1097
41 14 1099
41 14 1100
41 14 1117
41 14 1133
41 14 1134
41 75 1029
41 1 1072
41 1 1075
41 1 1076
37 20 1051
37 20 1052
37 20 1053
37 20 1054
37 20 1055
37 20 1057
37 20 1058
37 20 1059
37 20 1060
37 20 1061
37 20 1062
37 20 1063
37 20 1064
37 20 1065
37 20 1066
37 20 1067
37 20 1068
37 20 1069
37 20 1070
37 20 1071
37 20 1072
37 20 1073
37 20 1074
37 20 1076
37 20 1077
37 20 1078
37 20 1079
37 20 1080
37 20 1082
37 20 1084
37 20 1086
37 20 1087
37 20 1088
37 20 1089
37 20 1090
37 20 1091
37 20 1092
37 20 1093
37 20 1095
37 20 1099
37 20 1101
37 20 1113
37 20 1115
37 20 1117
37 20 1123
37 20 1124
37 20 1125
37 20 1128
37 20 1129
37 20 1130
37 20 1131
37 20 1132
37 20 1133
37 20 1135
37 20 1136
37 20 1137
37 20 1138
37 20 1139
37 35 1159
11 3 1019
1 60 1030
1 60 1051
1 35 1074
14 20 1211
14 20 1289
14 20 1294
3 60 1061
3 47 1067
3 47 1168
3 47 1169
3 16 1081
16 16 1024
16 16 1025
16 16 1030
16 16 1055
16 16 1089
16 16 1093
16 16 1108
16 16 1109
16 16 1111
16 16 1114
16 16 1137
16 16 1154
16 16 1164
16 16 1177
20 48 1182
4 21 1238
4 21 1239
4 21 1241
4 21 1242
4 21 1243
4 21 1244
4 21 1250
4 21 1268
4 21 1269
4 21 1270
4 21 1271
4 21 1272
4 21 1273
4 21 1274
4 21 1277
4 21 1278
4 21 1279
4 21 1280
4 21 1281
4 21 1296
4 21 1297
4 21 1298
4 21 1299
4 21 1300
4 21 1305
4 21 1306
4 21 1307
4 21 1308
4 21 1309
4 21 1310
4 21 1312
4 21 1344
4 21 1345
4 21 1351
4 21 1352
4 21 1353
4 21 1356
4 21 1365
4 21 1372
4 21 1373
4 21 1374
4 21 1375
4 21 1384
4 21 1385
4 21 1386
4 21 1387
4 21 1389
4 21 1390
4 21 1391
4 21 1392
4 21 1393
4 21 1394
4 21 1395
4 21 1396
4 21 1397
4 21 1398
4 21 1399
21 15 1337
21 15 1340
21 15 1344
21 15 1348
21 15 1352
21 15 1354
21 15 1358
21 15 1373
21 15 1382
21 15 1385
17 17 1278
17 17 1290
17 17 1292
17 17 1293
17 17 1308
18 18 1338
18 18 1339
18 18 1342
18 18 1343
18 18 1347
18 18 1349
18 18 1353
18 18 1359
18 18 1362
18 18 1368
18 18 1370
18 18 1376
18 18 1378
