30 44 0
30 44 2
30 44 3
30 44 4
30 44 5
30 44 6
30 44 7
30 44 8
30 44 10
30 44 14
30 44 18
30 44 20
30 44 21
30 44 22
30 44 23
30 44 24
30 44 25
30 44 26
30 44 27
30 44 28
30 44 29
30 44 30
30 44 35
30 25 473
30 25 475
30 25 487
30 25 489
30 25 490
30 25 491
30 25 494
30 25 495
30 25 496
30 25 497
30 25 500
30 25 504
30 25 508
30 25 510
30 25 511
30 25 512
30 33 524
30 11 525
44 79 449
44 79 487
44 79 488
44 79 496
44 79 497
44 79 498
44 79 499
12 45 53
12 45 54
12 45 55
12 45 56
12 45 60
12 45 63
12 45 64
12 45 65
12 45 79
12 45 81
12 45 82
12 45 83
12 45 84
12 45 98
12 45 100
12 45 115
12 45 118
12 45 122
12 45 126
12 45 132
12 45 139
12 45 140
12 45 143
12 45 145
12 45 148
12 45 149
12 45 150
12 45 155
12 45 156
12 45 158
12 45 159
12 45 160
12 53 54
12 53 55
12 53 56
12 53 57
12 53 63
12 53 64
12 53 65
12 53 66
12 53 67
12 53 73
12 53 77
12 53 78
12 53 79
12 53 80
12 53 83
12 53 85
12 53 86
12 53 87
12 53 88
12 53 89
12 53 90
12 53 93
12 53 94
12 53 95
12 53 96
12 53 99
12 53 131
12 53 133
12 53 134
12 53 135
12 53 136
12 53 137
12 53 138
12 53 140
12 53 141
12 53 145
12 53 148
12 53 149
12 53 150
12 53 154
12 53 155
12 53 156
12 53 160
12 18 467
12 18 508
12 18 509
12 18 512
12 18 517
12 18 536
12 18 552
12 67 512
12 26 527
45 52 54
45 52 55
45 52 56
45 52 58
45 52 59
45 52 63
45 52 64
45 52 65
45 52 67
45 52 68
45 52 69
45 52 70
45 52 72
45 52 73
45 52 74
45 52 75
45 52 76
45 52 79
45 52 80
45 52 83
45 52 85
45 52 96
45 52 97
45 52 98
45 52 99
45 52 100
45 52 130
45 52 131
45 52 132
45 52 133
45 52 134
45 52 135
45 52 136
45 52 137
45 52 138
45 52 139
45 52 140
45 52 141
45 52 143
45 52 145
45 52 146
45 52 147
45 52 148
45 52 149
45 52 150
45 52 151
45 52 152
45 52 154
45 52 155
45 52 156
45 52 157
45 52 158
45 52 160
45 25 964
53 54 150
53 32 150
53 23 513
53 23 514
52 56 151
52 1 744
52 1 748
52 1 750
52 1 759
32 56 119
32 56 120
32 56 121
32 56 124
32 56 125
32 56 126
32 56 128
32 56 129
32 56 130
32 56 131
32 56 132
32 56 133
32 56 134
32 56 135
32 56 136
32 56 137
32 56 138
32 56 139
32 56 140
32 56 141
32 56 143
32 56 144
32 56 145
32 56 147
32 56 148
32 56 149
32 56 151
32 56 153
32 56 157
32 56 160
32 56 162
32 56 163
32 56 165
32 56 168
32 56 176
32 56 178
32 56 195
32 56 196
32 56 197
32 56 199
32 56 200
32 56 203
32 56 204
32 56 205
32 56 241
32 56 242
32 56 245
32 56 246
32 56 248
32 56 249
32 56 251
32 56 254
32 56 258
32 56 267
32 56 268
32 56 282
32 56 284
32 56 298
32 56 300
32 56 301
32 56 304
32 56 306
32 56 307
32 56 309
32 56 311
32 56 313
32 56 317
32 56 321
32 56 322
32 56 323
32 56 325
32 56 326
32 56 328
32 56 339
32 56 340
32 56 342
32 56 343
32 56 345
32 56 346
32 56 348
32 56 350
32 56 356
32 56 358
32 56 360
32 73 120
32 73 124
32 73 125
32 73 126
32 73 128
32 73 129
32 73 130
32 73 131
32 73 132
32 73 133
32 73 134
32 73 137
32 73 138
32 73 141
32 73 144
32 73 146
32 73 147
32 73 148
32 73 149
32 73 153
32 73 164
32 73 166
32 73 167
32 73 168
32 73 269
32 73 271
32 73 298
32 73 300
32 73 301
32 73 302
32 73 303
32 73 308
32 73 318
32 73 322
32 73 324
32 73 325
32 73 327
32 73 328
32 73 331
32 73 338
32 73 340
32 73 343
32 73 346
32 73 359
32 73 360
32 73 361
32 73 362
32 62 356
32 36 560
32 36 563
32 36 565
32 36 569
32 36 570
32 36 571
32 36 572
32 36 609
32 36 610
32 36 626
32 36 628
32 36 629
32 36 631
32 36 633
32 36 635
32 36 637
32 36 638
32 36 639
32 36 640
32 36 641
32 36 645
32 36 648
32 36 649
32 36 651
32 36 653
32 36 654
32 36 655
32 36 656
32 36 657
32 36 658
32 36 665
32 36 666
32 36 670
32 36 671
32 36 677
32 36 689
32 36 697
32 36 698
32 36 699
32 36 702
32 36 703
32 36 710
32 36 711
32 36 713
32 36 715
32 36 716
32 36 717
32 36 719
32 36 723
32 36 724
32 36 726
32 36 728
32 36 729
32 36 730
32 36 735
32 36 736
32 36 738
32 37 793
32 37 802
32 37 803
32 37 811
32 37 817
32 37 825
32 37 826
32 37 827
32 37 832
32 37 833
32 37 836
32 37 839
32 37 840
32 37 841
32 37 842
32 37 843
32 37 844
32 37 845
56 69 120
56 69 122
56 69 123
56 69 125
56 69 126
56 69 127
56 69 128
56 69 129
56 69 130
56 69 131
56 69 132
56 69 133
56 69 134
56 69 135
56 69 136
56 69 137
56 69 138
56 69 139
56 69 140
56 69 141
56 69 142
56 69 143
56 69 144
56 69 146
56 69 147
56 69 148
56 69 149
56 69 151
56 69 152
56 69 153
56 69 156
56 69 168
56 69 178
56 69 179
56 69 182
56 69 190
56 69 192
56 69 196
56 69 200
56 69 201
56 69 203
56 69 204
56 69 210
56 69 211
56 69 215
56 69 219
56 69 220
56 69 224
56 69 225
56 69 227
56 69 228
56 69 229
56 69 233
56 69 235
56 69 238
56 69 241
56 69 242
56 69 245
56 69 246
56 69 248
56 69 249
56 69 251
56 69 258
56 69 265
56 69 282
56 69 300
56 69 301
56 69 304
56 69 320
56 69 321
56 69 322
56 69 323
56 69 326
56 69 329
56 69 351
56 69 352
56 69 362
56 65 588
56 65 601
56 65 609
56 65 619
56 65 659
56 65 680
56 65 693
56 65 697
56 65 704
73 54 166
73 54 167
73 54 177
73 54 180
73 54 183
73 54 184
73 54 187
73 54 202
73 54 208
73 54 212
73 54 213
73 54 214
73 54 216
73 54 221
73 54 222
73 54 223
73 54 234
73 54 236
73 54 237
73 54 239
73 54 240
73 54 243
73 54 244
73 54 247
73 54 250
73 54 252
73 54 253
73 54 257
73 54 262
73 54 269
73 54 271
73 54 303
73 54 305
73 54 315
73 54 318
73 54 319
73 54 330
73 47 326
73 63 326
73 62 482
73 55 486
73 55 487
69 14 619
69 14 621
69 14 624
69 14 625
69 14 626
69 14 627
69 14 628
69 14 629
69 14 630
69 14 631
69 14 632
69 14 633
69 14 634
69 14 635
69 14 636
69 14 638
69 14 639
69 14 641
69 14 647
69 14 650
69 14 652
69 14 656
69 14 658
69 14 659
69 14 660
69 14 661
69 14 662
69 14 663
69 14 664
69 14 665
69 14 666
69 14 667
69 14 668
69 14 669
69 14 670
69 14 671
69 14 672
69 14 673
69 14 674
69 14 675
69 14 676
69 14 677
69 14 678
69 14 679
69 14 680
69 14 681
69 14 682
69 14 683
69 14 684
69 14 685
69 14 686
69 14 687
69 14 688
69 14 689
69 14 690
69 14 691
69 14 692
69 14 693
69 14 694
69 14 695
69 14 696
69 14 697
69 14 698
69 14 699
69 14 700
69 14 701
69 14 702
69 14 703
69 14 704
69 14 705
69 14 706
69 14 707
69 14 708
69 14 709
69 14 713
69 14 714
69 14 715
69 14 716
69 14 717
69 14 718
69 14 719
69 14 720
69 14 721
69 14 722
69 14 724
69 14 739
69 14 742
69 14 743
69 14 744
69 14 745
69 14 746
69 14 747
69 14 748
69 14 750
69 14 751
69 14 752
69 14 753
69 14 754
69 14 755
69 14 756
69 14 757
69 14 758
69 14 759
69 14 760
69 14 761
69 14 763
69 14 764
69 14 765
69 14 766
69 14 767
69 14 768
69 14 769
69 14 770
69 14 771
69 14 772
69 14 773
69 14 774
69 14 775
69 14 776
69 14 777
69 14 778
69 14 783
69 14 784
69 14 785
69 14 786
69 14 789
69 14 791
69 14 792
69 14 794
69 14 795
69 14 798
69 14 799
69 14 800
69 14 801
69 14 802
69 14 803
69 14 804
69 14 805
69 14 806
69 14 807
69 14 808
69 14 809
69 14 810
69 14 812
69 14 813
69 14 814
69 14 818
69 14 820
69 14 823
69 14 826
69 14 827
69 14 828
69 14 829
69 14 830
69 14 832
69 14 833
69 14 834
69 48 620
69 48 621
69 27 640
69 50 812
69 50 813
69 50 814
69 50 818
69 50 819
69 50 820
69 50 821
47 67 148
47 67 149
47 67 150
47 67 152
47 67 153
47 67 159
47 67 160
47 67 165
47 67 166
47 67 168
47 67 169
47 67 170
47 67 173
47 67 174
47 67 175
47 67 176
47 67 180
47 67 181
47 67 183
47 67 184
47 67 187
47 67 188
47 67 189
47 67 190
47 67 191
47 67 192
47 67 193
47 67 194
47 67 200
47 67 201
47 67 202
47 67 203
47 67 204
47 67 205
47 67 214
47 67 215
47 67 216
47 67 217
47 67 218
47 67 220
47 67 221
47 67 222
47 67 223
47 67 224
47 67 225
47 67 226
47 67 227
47 67 229
47 67 230
47 67 240
47 67 241
47 67 243
47 67 244
47 67 245
47 67 246
47 67 247
47 67 248
47 67 249
47 67 251
47 67 254
47 67 255
47 67 256
47 67 257
47 67 258
47 67 261
47 67 263
47 67 264
47 67 266
47 67 267
47 67 268
47 67 272
47 67 274
47 67 275
47 67 278
47 67 280
47 67 281
47 67 287
47 67 289
47 67 290
47 67 291
47 67 293
47 67 294
47 67 295
47 67 296
47 67 298
47 67 299
47 67 300
47 67 301
47 67 303
47 67 305
47 67 307
47 67 316
47 67 317
47 67 319
47 67 325
47 67 326
47 67 328
47 67 330
47 67 331
47 67 332
47 67 333
47 67 335
47 67 336
47 67 337
47 67 338
47 67 342
47 67 343
47 67 344
47 67 346
47 67 349
47 67 350
47 67 351
47 9 150
47 9 152
47 9 154
47 9 155
47 9 156
47 9 157
47 9 158
47 9 165
47 9 166
47 9 172
47 9 183
47 9 184
47 9 192
47 9 204
47 9 207
47 9 208
47 9 209
47 9 210
47 9 211
47 9 212
47 9 213
47 9 214
47 9 215
47 9 216
47 9 217
47 9 218
47 9 219
47 9 222
47 9 223
47 9 224
47 9 225
47 9 226
47 9 227
47 9 228
47 9 229
47 9 230
47 9 231
47 9 235
47 9 236
47 9 243
47 9 245
47 9 246
47 9 254
47 9 261
47 9 267
47 9 274
47 9 282
47 9 293
47 9 294
47 9 295
47 8 306
47 74 437
47 74 438
47 74 443
47 74 444
47 74 455
47 74 457
47 74 479
47 74 501
67 8 152
67 8 156
67 8 157
67 8 163
67 8 165
67 8 168
67 8 169
67 8 172
67 8 188
67 8 189
67 8 190
67 8 192
67 8 193
67 8 204
67 8 205
67 8 215
67 8 217
67 8 218
67 8 219
67 8 220
67 8 224
67 8 225
67 8 227
67 8 228
67 8 229
67 8 230
67 8 233
67 8 235
67 8 238
67 8 241
67 8 242
67 8 245
67 8 246
67 8 251
67 8 256
67 8 260
67 8 264
67 8 265
67 8 266
67 8 267
67 8 268
67 8 273
67 8 274
67 8 275
67 8 281
67 8 287
67 8 289
67 8 290
67 8 292
67 8 293
67 8 295
67 8 296
67 8 298
67 8 309
67 10 333
67 17 333
67 19 431
67 19 433
67 19 445
67 19 455
67 19 460
67 19 476
67 19 477
67 19 478
67 19 481
67 19 483
67 19 499
67 19 500
67 19 501
67 19 502
67 19 503
67 19 505
67 19 506
67 19 507
67 19 508
67 19 510
67 19 511
67 19 512
67 19 514
67 19 556
67 19 559
67 19 560
67 19 565
67 19 567
67 19 568
67 19 572
67 19 573
67 19 575
67 19 579
67 19 586
67 19 587
9 63 150
9 63 154
9 63 155
9 63 158
9 63 164
9 63 166
9 63 167
9 63 171
9 63 183
9 63 187
9 63 213
9 63 216
9 63 221
9 63 222
9 63 223
9 63 226
9 63 231
9 63 236
9 63 237
9 63 239
9 63 240
9 63 243
9 63 244
9 63 247
9 63 257
9 63 261
9 63 263
9 63 283
9 63 288
9 63 294
9 63 297
9 63 302
9 63 303
9 59 985
54 35 150
54 35 161
54 35 166
54 35 167
54 35 177
54 35 202
54 35 221
54 35 222
54 35 223
54 35 234
54 35 240
54 35 243
54 35 244
54 35 247
54 35 257
54 35 262
54 35 263
54 35 269
54 35 270
54 35 271
54 35 303
54 35 305
54 35 308
54 35 310
54 35 312
54 35 315
54 35 316
54 35 318
54 35 324
54 35 335
54 35 338
54 35 341
54 35 349
54 35 359
54 35 361
54 13 193
54 13 256
54 13 278
54 13 279
54 13 280
54 13 283
54 13 284
54 13 285
54 13 286
54 13 287
54 13 288
54 13 289
54 13 290
54 13 291
54 13 292
54 13 293
54 13 294
54 13 295
54 13 296
54 13 297
54 13 298
54 13 299
54 13 300
54 13 301
54 13 302
54 13 303
54 13 304
54 13 305
54 13 306
54 13 307
54 13 310
54 13 311
54 13 312
54 13 313
54 13 314
54 13 317
54 13 318
54 8 316
54 8 317
35 3 931
35 3 932
35 3 951
35 3 952
35 3 953
35 3 954
35 3 975
63 7 280
63 8 306
63 8 308
63 64 497
63 64 499
63 64 504
63 64 505
63 64 506
63 64 507
63 64 508
63 64 511
63 64 512
63 64 513
63 64 515
63 64 516
63 64 543
63 64 547
63 64 548
63 64 555
63 64 560
63 64 576
63 64 583
63 64 584
63 64 602
63 64 606
63 64 608
63 64 609
63 64 610
63 31 497
8 13 317
8 66 318
6 17 164
6 17 166
6 17 168
6 17 169
6 17 177
6 17 181
6 17 184
6 16 165
6 16 167
6 16 170
6 16 172
6 16 173
6 16 174
6 16 179
6 16 180
17 7 292
17 11 299
17 11 313
17 11 376
17 70 313
17 70 314
17 70 333
17 70 342
17 70 348
17 70 357
17 70 362
17 70 371
17 70 377
17 70 390
17 70 393
17 70 395
17 70 396
17 70 397
17 70 398
17 70 399
17 70 400
17 70 401
17 70 404
16 68 1178
16 68 1179
16 68 1180
16 68 1188
16 68 1194
16 68 1210
16 68 1220
16 68 1302
16 68 1312
16 34 1194
16 34 1339
16 38 1324
16 38 1327
16 38 1329
7 46 222
7 46 223
7 46 224
7 46 225
7 46 226
7 46 227
7 46 228
7 46 229
7 46 230
7 46 231
7 46 232
7 46 233
7 46 234
7 46 235
7 46 236
7 46 238
7 46 239
7 46 240
7 46 241
7 46 243
7 46 244
7 46 245
7 46 246
7 46 247
7 46 248
7 46 250
7 46 251
7 46 252
7 46 253
7 46 254
7 46 255
7 46 256
7 46 257
7 46 258
7 46 262
7 46 264
7 46 265
7 46 266
7 46 267
7 46 269
7 46 271
7 46 272
7 46 273
7 46 274
7 46 275
7 46 276
7 46 277
7 46 278
7 46 279
7 46 280
7 46 281
7 46 282
7 46 283
7 46 284
7 46 285
7 46 286
7 46 287
7 46 288
7 46 289
7 46 290
7 46 291
7 46 292
7 46 293
7 46 294
7 46 295
7 46 296
7 46 297
7 46 299
7 66 292
7 43 298
46 61 1107
46 61 1108
46 61 1109
46 61 1110
46 61 1111
46 61 1112
46 61 1115
46 61 1116
46 61 1117
46 61 1121
46 61 1123
46 61 1124
46 61 1126
46 61 1127
46 61 1128
46 61 1129
46 61 1130
46 61 1131
46 61 1132
46 61 1134
46 61 1135
46 61 1136
46 61 1137
46 61 1141
46 61 1142
46 61 1143
46 61 1144
46 61 1145
46 61 1154
46 61 1155
46 61 1156
46 61 1162
46 61 1163
46 61 1164
46 61 1167
46 61 1168
46 61 1169
46 61 1170
46 61 1172
46 61 1173
46 61 1179
46 61 1182
46 61 1184
46 61 1185
46 61 1186
46 61 1187
46 61 1190
46 61 1191
46 61 1192
46 61 1193
46 61 1194
46 61 1195
46 26 1164
10 18 291
10 18 292
10 18 293
10 18 295
10 18 296
10 18 297
10 18 298
10 18 300
10 18 301
10 18 302
10 18 303
10 18 304
10 18 305
10 18 306
10 18 307
10 18 308
10 18 310
10 18 311
10 18 314
10 18 316
10 18 319
10 18 321
10 18 322
10 18 323
10 18 324
10 18 325
10 18 348
10 18 350
10 18 356
10 18 357
10 18 362
10 18 403
10 18 407
10 18 409
10 18 410
10 70 291
10 70 292
10 70 293
10 70 294
10 70 296
10 70 298
10 70 300
10 70 301
10 70 302
10 70 303
10 70 304
10 70 305
10 70 306
10 70 307
10 70 308
10 70 309
10 70 310
10 70 311
10 70 312
10 70 314
10 70 315
10 70 316
10 70 317
10 70 318
10 70 319
10 70 321
10 70 322
10 70 324
10 70 327
10 70 329
10 70 330
10 70 335
10 70 336
10 70 337
10 70 338
10 70 339
10 70 340
10 70 341
10 70 343
10 70 344
10 70 345
10 70 346
10 70 347
10 70 349
10 70 357
10 70 361
10 70 362
10 70 363
10 70 378
10 70 382
10 70 383
10 70 386
10 70 389
10 70 405
10 70 406
10 70 410
10 70 411
10 41 1073
10 41 1085
10 41 1086
10 41 1088
10 41 1089
10 3 1102
10 71 1103
18 66 291
18 66 292
18 66 294
18 66 298
18 66 299
18 66 300
18 66 302
18 66 303
18 66 304
18 66 305
18 66 306
18 66 307
18 66 311
18 66 312
18 66 315
18 66 317
18 66 318
18 66 319
18 66 321
18 66 322
18 66 323
18 66 324
18 66 326
18 66 327
18 66 328
18 66 329
18 66 330
18 66 331
18 66 332
18 66 334
18 66 335
18 66 336
18 66 340
18 66 349
18 66 350
18 66 352
18 66 353
18 66 354
18 66 356
18 66 365
18 66 366
18 66 375
18 66 378
18 66 383
18 66 385
18 66 386
18 66 387
18 66 389
18 66 391
18 66 392
18 66 394
18 66 402
18 66 403
18 66 405
18 66 408
18 66 410
18 71 432
18 71 439
18 71 444
18 71 457
18 71 475
18 68 520
18 28 526
70 31 307
70 31 308
70 31 312
70 57 389
70 57 390
70 57 401
70 57 404
70 57 409
70 57 417
70 57 419
70 57 421
70 57 422
70 57 426
70 57 427
70 57 428
70 57 429
70 57 430
70 57 432
70 57 433
70 57 434
70 57 435
70 57 436
70 57 437
70 57 439
70 57 440
70 57 441
70 57 442
70 57 444
70 57 445
70 57 447
70 57 448
70 57 449
70 57 451
70 57 452
70 57 453
70 57 455
70 57 456
70 57 457
70 57 458
70 57 460
70 57 461
70 57 462
70 57 466
70 57 474
70 57 475
70 57 478
70 57 479
70 57 480
70 57 481
70 57 482
70 57 483
70 57 484
70 57 485
70 57 486
70 57 487
70 57 488
70 57 489
70 57 490
70 57 491
70 57 492
70 57 493
70 57 494
70 57 495
70 57 496
70 57 497
70 57 498
70 57 499
70 57 500
70 57 501
70 57 502
70 57 503
70 57 504
70 57 505
70 57 506
70 57 507
70 57 508
70 57 509
70 57 510
70 57 511
70 57 512
70 57 514
70 57 517
70 57 520
70 57 526
70 36 488
70 36 489
70 36 492
70 36 504
70 36 505
70 36 506
70 36 507
70 36 508
70 36 510
70 36 511
70 36 512
66 11 299
66 11 313
66 11 328
66 11 342
66 11 358
66 11 368
66 11 369
66 11 370
66 11 377
66 11 379
66 11 380
66 11 381
66 11 387
66 76 310
66 57 791
66 57 793
66 57 795
66 57 838
66 57 845
66 57 846
66 57 847
66 57 851
66 57 853
66 57 854
66 57 855
66 57 856
66 57 859
66 57 860
66 57 861
66 57 862
66 57 868
66 57 869
66 57 878
66 57 879
66 57 880
66 57 881
66 57 882
66 57 887
66 57 894
66 57 898
66 57 902
66 57 904
66 57 905
66 57 907
66 57 908
66 57 913
66 57 916
66 57 988
66 57 1005
66 57 1006
66 57 1008
66 57 1009
66 57 1016
66 57 1017
66 57 1019
66 57 1020
66 57 1021
31 76 295
31 76 296
31 76 309
31 76 310
31 76 311
31 76 312
31 76 321
31 76 322
31 76 323
31 76 328
31 76 329
31 76 345
31 76 346
31 76 360
31 76 362
31 76 363
31 76 384
31 76 389
31 76 390
31 76 391
31 76 392
31 76 393
31 76 396
31 76 397
31 76 398
31 76 399
31 76 400
31 76 401
31 76 402
31 76 404
31 76 434
31 76 435
31 76 436
31 76 455
31 64 498
43 68 1166
43 68 1168
43 68 1178
43 68 1180
43 68 1182
43 68 1183
43 68 1186
43 68 1189
43 68 1192
43 68 1194
43 68 1195
43 68 1196
43 68 1201
43 68 1212
43 68 1214
43 68 1215
43 68 1216
43 68 1218
43 68 1219
43 68 1224
43 68 1230
43 68 1231
43 68 1283
43 68 1285
43 68 1286
43 22 1166
43 22 1172
43 22 1174
43 22 1185
43 22 1186
43 22 1190
43 22 1192
43 22 1194
43 22 1195
43 22 1196
43 22 1198
43 22 1199
43 22 1200
43 22 1201
43 22 1202
43 22 1203
43 22 1204
43 22 1205
43 22 1206
43 22 1207
43 22 1208
43 22 1209
43 22 1210
43 22 1211
43 22 1212
43 22 1224
43 51 1168
43 51 1170
43 51 1171
43 51 1172
43 51 1178
43 51 1179
43 51 1186
43 51 1244
43 51 1273
43 38 1170
43 38 1174
43 38 1202
43 38 1216
43 38 1229
43 38 1230
43 34 1172
43 34 1178
43 34 1179
43 34 1194
43 34 1198
43 34 1206
43 34 1207
43 34 1214
43 34 1242
43 19 1173
43 19 1179
43 19 1181
43 19 1189
43 19 1190
43 19 1192
43 19 1196
43 19 1199
43 19 1200
43 19 1206
43 19 1208
43 19 1231
43 19 1270
43 19 1282
43 19 1284
43 19 1285
43 19 1292
43 19 1293
43 19 1299
43 19 1300
43 19 1302
43 19 1305
43 19 1306
43 19 1309
43 19 1310
43 19 1338
43 19 1343
43 19 1345
43 19 1347
43 29 1178
43 29 1179
43 29 1180
43 29 1182
43 29 1183
43 29 1185
43 29 1189
43 29 1190
43 29 1192
43 29 1194
43 29 1198
43 29 1208
43 5 1189
43 5 1211
43 5 1225
43 5 1226
43 5 1231
43 40 1210
43 15 1220
60 62 298
60 62 299
60 62 358
60 62 363
60 62 364
60 62 365
60 62 368
60 62 371
60 62 376
60 62 377
60 62 379
60 62 387
60 62 388
60 62 390
60 62 391
60 62 393
60 62 418
60 62 439
60 21 299
60 21 365
60 21 368
60 21 377
60 21 416
60 21 479
60 21 480
60 21 481
60 21 487
60 21 489
60 21 497
60 21 498
60 21 499
60 21 501
60 21 518
60 21 522
60 21 526
60 21 527
60 71 1080
62 20 307
62 20 319
62 20 342
62 20 343
62 20 344
62 20 346
62 20 355
62 20 357
62 20 358
62 20 359
62 20 360
62 20 362
62 20 363
62 20 364
62 20 365
62 20 366
62 20 367
62 20 368
62 20 369
62 20 375
62 20 377
62 20 383
62 20 479
62 20 480
62 59 773
62 59 774
62 59 781
62 59 784
62 59 792
62 59 794
62 59 798
62 59 803
62 59 806
62 59 808
62 59 819
62 59 822
62 59 826
62 59 827
62 59 828
62 59 837
62 59 839
62 59 840
62 59 841
62 59 844
62 59 914
62 59 915
62 59 948
62 59 949
62 59 950
62 59 952
62 59 953
62 59 954
62 59 956
62 59 957
62 59 958
62 59 960
62 59 974
62 59 981
62 59 987
62 59 990
62 59 1004
62 59 1007
62 59 1010
62 59 1012
62 59 1018
62 59 1022
62 59 1024
62 59 1027
62 59 1030
62 59 1038
62 59 1055
62 59 1056
62 59 1057
62 59 1070
62 59 1079
62 59 1080
62 59 1087
62 59 1089
62 59 1091
62 59 1093
62 59 1098
62 59 1101
62 59 1104
62 59 1106
62 59 1108
62 59 1109
62 59 1114
62 59 1115
62 15 790
21 58 299
21 55 478
21 55 479
21 55 480
21 55 481
21 55 482
21 55 483
21 55 484
21 55 485
21 55 488
21 55 490
21 55 492
21 55 497
21 55 499
21 55 523
21 38 491
21 51 492
11 19 438
11 19 439
11 19 440
11 19 441
11 19 442
11 19 447
11 19 451
11 19 454
11 19 455
11 19 457
11 19 459
11 19 460
11 19 465
11 19 468
11 19 470
11 19 471
11 19 472
11 19 475
11 19 476
11 19 477
11 19 478
11 19 516
11 19 518
11 19 519
11 19 520
11 19 537
11 19 538
11 19 553
11 19 554
11 19 555
11 19 569
11 19 584
11 19 585
11 19 586
11 71 455
11 71 457
11 71 459
11 71 460
11 71 470
11 71 471
11 71 474
11 71 475
11 71 476
11 71 478
11 71 554
11 71 555
11 71 565
11 71 569
11 71 587
11 51 470
11 68 520
11 28 525
11 28 526
58 64 306
58 64 308
58 64 343
58 64 348
58 64 360
58 64 361
58 64 362
58 64 389
58 64 392
58 64 394
58 64 396
58 64 398
58 64 399
58 64 400
58 64 405
58 64 436
58 64 437
58 64 438
58 64 463
58 61 584
58 61 585
58 61 593
58 61 599
58 61 603
58 61 610
58 61 618
58 61 620
58 61 621
58 61 632
58 61 634
58 61 635
58 61 652
58 61 653
58 61 654
58 61 663
58 61 664
58 61 672
58 61 673
58 61 674
58 61 675
58 61 691
58 61 692
58 61 694
58 61 695
58 61 696
58 61 698
58 61 699
58 61 700
58 61 701
58 61 702
58 61 703
58 61 713
58 61 714
58 61 715
58 61 720
58 61 728
58 61 729
58 61 730
58 61 733
58 61 735
20 64 306
20 64 307
20 64 308
20 64 346
20 64 351
20 64 357
20 64 359
20 64 394
20 64 398
20 64 409
20 74 523
20 22 1164
20 22 1173
20 22 1181
20 51 1165
20 51 1178
20 51 1180
20 51 1188
20 51 1218
20 51 1251
20 51 1275
20 51 1331
20 51 1332
20 51 1333
20 51 1336
20 68 1170
20 68 1171
20 68 1172
20 68 1213
20 68 1220
20 68 1231
20 68 1251
20 68 1252
20 68 1255
20 68 1256
20 68 1257
20 68 1263
20 68 1265
20 68 1267
20 68 1268
20 68 1269
20 68 1270
20 68 1279
20 68 1280
20 68 1281
20 38 1173
20 38 1201
20 38 1202
20 38 1274
20 38 1275
20 34 1174
20 34 1176
20 34 1192
20 34 1203
20 34 1209
20 34 1216
20 34 1219
20 34 1229
20 34 1244
20 34 1245
20 34 1248
20 34 1249
20 5 1181
20 5 1188
20 5 1194
20 29 1206
64 79 480
64 51 484
64 34 494
72 34 324
72 34 327
72 34 359
72 34 361
72 34 378
72 34 379
72 34 380
72 34 381
72 34 382
72 34 383
72 34 385
72 34 387
72 34 388
72 34 394
72 34 403
72 34 407
72 34 408
72 34 410
72 34 411
72 34 493
72 34 494
72 34 495
72 34 496
72 34 497
72 34 498
72 34 499
72 34 500
72 34 501
72 34 502
72 29 1165
72 29 1172
72 29 1176
72 29 1177
72 29 1203
72 29 1212
72 29 1214
72 29 1231
72 29 1294
72 29 1295
72 29 1298
72 29 1299
72 29 1313
72 29 1314
72 51 1166
72 51 1168
72 51 1175
72 51 1178
72 51 1228
72 51 1251
72 51 1252
72 51 1253
72 51 1260
72 51 1261
72 51 1265
72 51 1287
72 51 1291
72 51 1292
72 51 1294
72 51 1296
72 51 1297
72 51 1298
72 51 1299
72 51 1300
72 51 1318
72 51 1319
72 51 1321
72 51 1322
72 51 1323
72 51 1324
72 51 1325
72 51 1328
72 38 1215
72 38 1216
72 38 1230
72 38 1251
72 38 1252
72 38 1312
72 38 1324
72 38 1325
72 38 1334
72 38 1338
34 2 1165
34 2 1339
34 2 1346
34 24 1174
34 24 1176
34 24 1177
34 24 1181
34 24 1184
34 24 1188
34 24 1193
34 24 1225
34 24 1227
34 24 1229
34 24 1243
34 24 1248
34 24 1255
34 24 1342
34 24 1346
34 5 1175
34 5 1176
34 5 1177
34 5 1184
34 5 1186
34 5 1191
34 5 1192
34 5 1193
34 5 1210
34 5 1211
34 5 1212
34 5 1216
34 5 1248
34 5 1277
34 5 1314
34 5 1315
34 5 1330
34 5 1345
34 33 1175
34 33 1202
34 33 1227
34 33 1304
34 33 1340
34 41 1192
34 41 1250
34 41 1269
34 41 1280
34 41 1282
34 41 1301
34 42 1208
34 42 1277
34 42 1279
34 42 1346
33 57 389
33 57 390
33 57 400
33 57 413
33 57 415
33 57 417
33 57 418
33 57 419
33 57 439
33 57 453
33 57 455
33 57 456
33 57 462
33 57 466
33 74 389
33 74 390
33 74 393
33 74 397
33 74 398
33 74 399
33 74 400
33 74 401
33 74 403
33 74 406
33 74 408
33 74 414
33 74 415
33 74 416
33 74 420
33 74 424
33 74 438
33 74 439
33 74 453
33 74 454
33 74 455
33 74 457
33 74 458
33 74 459
33 74 463
33 74 464
33 74 465
33 74 466
33 74 467
33 74 509
33 74 513
33 74 514
33 74 517
33 74 518
33 74 519
33 74 520
33 74 522
33 74 523
33 74 524
33 74 525
33 74 526
33 14 464
33 28 524
33 22 1164
33 22 1166
33 22 1201
33 22 1227
33 22 1300
33 22 1304
33 22 1306
33 22 1329
33 38 1170
33 38 1235
33 38 1241
33 38 1243
33 38 1275
33 38 1296
33 38 1306
33 38 1308
33 38 1310
33 38 1312
33 38 1324
33 38 1325
33 38 1340
33 42 1170
33 42 1186
33 42 1201
33 42 1213
33 42 1230
33 42 1236
33 68 1175
33 68 1201
33 68 1227
33 68 1296
33 68 1300
33 68 1304
33 68 1312
33 5 1175
33 5 1304
33 5 1315
33 40 1210
33 40 1315
33 51 1261
33 51 1340
33 15 1312
57 61 1114
74 55 402
74 55 407
74 55 408
74 55 411
74 55 431
74 55 438
74 55 443
74 55 446
74 55 450
74 55 454
74 55 459
74 55 463
74 55 464
74 55 465
74 55 467
74 55 468
74 55 469
74 55 470
74 55 471
74 55 472
74 55 473
74 55 476
74 55 477
74 55 513
74 55 515
74 55 516
74 55 518
74 55 519
74 55 521
74 55 522
74 55 523
74 55 524
74 55 525
55 36 402
55 36 408
55 36 438
55 36 463
55 36 465
55 36 467
55 36 522
55 36 523
55 36 524
55 36 525
19 25 525
19 41 1178
19 41 1179
19 41 1189
19 41 1190
19 41 1191
19 41 1192
19 41 1197
19 41 1200
19 41 1212
19 41 1231
19 41 1267
19 41 1269
19 41 1278
19 5 1178
19 5 1179
19 5 1187
19 5 1189
19 5 1190
19 5 1214
19 5 1220
19 5 1233
19 5 1234
19 5 1240
19 5 1241
19 5 1242
19 5 1243
19 5 1244
19 5 1245
19 5 1246
19 5 1249
19 5 1253
19 5 1254
19 5 1269
19 5 1270
19 24 1178
19 24 1179
19 24 1180
19 24 1206
19 24 1212
19 24 1252
19 50 1218
19 50 1219
71 49 1126
71 61 1189
48 0 442
48 0 443
48 0 444
48 0 445
48 0 456
48 0 457
48 0 458
48 0 459
48 0 466
48 0 468
48 0 469
48 0 477
48 0 521
48 0 529
48 0 535
48 0 536
48 0 553
48 0 554
48 0 560
48 0 561
48 0 562
48 0 563
48 0 566
48 0 567
48 0 568
48 0 570
48 0 571
48 0 572
48 0 573
48 0 574
48 0 576
48 0 577
48 0 578
48 0 579
48 0 580
48 0 581
48 0 582
48 0 583
48 0 584
48 0 586
48 0 587
48 0 589
48 0 590
48 0 591
48 0 596
48 0 597
48 0 606
48 0 607
48 0 608
48 0 609
48 0 613
48 0 614
48 0 617
48 0 618
48 0 619
48 0 620
48 0 621
48 0 622
48 0 623
48 23 928
48 23 929
48 23 936
48 23 937
48 23 938
48 23 950
48 23 955
48 23 956
48 23 961
48 23 962
48 23 963
48 23 965
48 23 970
48 23 971
48 23 972
48 23 975
48 23 986
48 23 1010
48 23 1022
48 23 1024
48 23 1025
48 23 1026
48 23 1027
48 23 1028
48 23 1029
48 23 1030
48 23 1031
48 23 1032
48 23 1034
48 23 1036
48 23 1037
48 23 1038
48 23 1039
48 23 1043
48 23 1047
48 23 1048
48 23 1049
48 23 1050
48 23 1052
48 23 1053
48 23 1056
48 23 1057
48 23 1064
48 23 1066
48 23 1070
48 23 1071
48 23 1072
48 23 1073
48 23 1074
48 23 1075
48 23 1076
48 23 1077
48 23 1078
48 23 1079
48 23 1082
48 23 1083
48 23 1084
48 23 1085
48 23 1086
48 23 1087
48 23 1088
48 23 1093
48 23 1094
0 51 484
0 51 485
0 51 496
0 51 498
0 65 621
26 28 466
26 28 468
26 28 474
26 28 509
26 28 515
26 28 528
26 28 529
28 39 559
28 39 561
28 39 562
28 39 566
28 39 567
28 39 568
28 39 575
28 39 611
28 39 625
28 39 634
28 39 636
28 39 642
28 39 643
28 39 644
28 39 646
28 39 647
28 39 650
28 39 652
28 39 659
28 39 660
28 39 661
28 39 662
28 39 663
28 39 664
28 39 667
28 39 672
28 39 675
28 39 688
28 39 690
28 39 692
28 39 700
28 39 701
28 39 704
28 39 705
28 39 712
28 39 714
28 39 725
28 39 731
28 39 732
28 39 734
28 39 739
28 39 740
28 40 792
28 40 795
28 40 801
28 40 846
51 24 1166
51 24 1167
51 24 1168
51 24 1169
51 24 1170
51 24 1171
51 24 1172
51 24 1173
51 24 1188
51 24 1245
51 24 1249
51 24 1291
51 24 1292
51 24 1293
51 24 1297
51 41 1170
51 41 1171
51 41 1193
51 41 1277
51 41 1291
51 41 1292
51 41 1293
51 41 1294
51 41 1296
51 41 1340
51 41 1341
51 37 1172
51 37 1175
51 37 1188
51 37 1219
51 37 1220
51 37 1221
51 37 1224
51 37 1303
51 37 1338
51 37 1339
51 5 1178
51 5 1180
51 5 1247
51 5 1249
51 5 1252
51 5 1260
51 5 1287
51 5 1288
51 5 1291
51 5 1292
51 5 1293
51 5 1297
51 5 1340
51 2 1260
51 2 1277
51 2 1318
51 42 1317
51 42 1330
39 77 481
39 77 482
39 77 483
39 77 484
39 77 488
39 77 489
39 77 491
39 77 492
39 77 498
39 77 503
39 77 504
39 77 511
39 77 513
39 77 514
39 77 520
39 77 527
39 77 528
39 77 529
39 77 534
39 77 535
39 77 536
39 77 537
39 77 538
39 77 541
39 77 542
39 77 543
39 77 544
39 77 545
39 77 546
39 77 547
39 77 548
39 77 551
39 77 552
39 77 557
39 77 558
39 77 561
39 77 562
39 77 563
39 77 564
39 77 566
39 77 567
39 77 578
39 77 579
39 77 597
39 77 598
39 77 599
39 77 600
39 77 601
39 77 602
39 77 603
39 77 605
39 77 606
39 77 607
39 77 608
39 77 609
39 77 612
39 77 613
39 77 614
39 77 615
39 77 620
39 77 621
39 77 628
39 77 629
39 77 630
39 77 634
39 77 635
39 77 636
39 77 641
39 77 642
39 77 643
39 77 644
39 77 645
39 77 646
39 77 647
39 77 648
39 77 649
39 77 650
39 77 651
39 77 652
39 77 653
39 77 671
39 77 672
39 77 682
39 77 683
39 77 684
39 77 685
39 77 686
39 77 687
39 77 688
39 77 689
39 77 690
39 77 691
39 77 692
39 77 693
39 77 694
39 77 695
39 77 696
39 77 697
39 77 698
39 77 699
39 77 700
39 77 701
39 77 702
39 77 703
39 77 704
39 77 705
39 77 706
39 77 707
39 77 708
39 77 709
39 77 710
39 77 711
39 77 712
39 77 713
39 77 715
39 77 716
39 77 717
39 77 718
39 77 719
39 29 603
38 37 1170
38 37 1249
38 37 1260
38 37 1281
38 37 1304
38 37 1311
38 37 1346
38 24 1229
38 24 1288
38 24 1290
38 24 1292
38 24 1306
38 24 1308
38 24 1312
38 24 1322
38 24 1324
38 24 1329
38 24 1346
38 2 1236
38 2 1238
38 2 1252
38 2 1258
38 2 1260
38 2 1281
38 5 1291
38 5 1308
38 5 1310
38 42 1340
38 42 1346
59 68 514
59 68 517
59 24 1114
68 24 1165
68 24 1166
68 24 1168
68 24 1169
68 24 1170
68 24 1171
68 24 1179
68 24 1180
68 24 1191
68 24 1192
68 24 1196
68 24 1215
68 24 1216
68 24 1217
68 24 1227
68 24 1253
68 24 1254
68 24 1255
68 24 1256
68 24 1257
68 24 1258
68 24 1260
68 24 1271
68 24 1272
68 24 1290
68 24 1291
68 24 1292
68 24 1294
68 24 1297
68 24 1298
68 24 1299
68 24 1300
68 24 1302
68 24 1304
68 24 1322
68 24 1323
68 24 1324
68 24 1340
68 5 1165
68 5 1173
68 5 1174
68 5 1175
68 5 1176
68 5 1192
68 5 1193
68 5 1210
68 5 1224
68 5 1240
68 5 1254
68 5 1255
68 5 1258
68 5 1259
68 5 1260
68 5 1261
68 5 1262
68 5 1263
68 5 1264
68 5 1265
68 5 1266
68 5 1268
68 5 1269
68 5 1270
68 5 1290
68 5 1304
68 5 1313
68 5 1315
68 5 1316
68 5 1317
68 5 1319
68 5 1320
68 5 1321
68 5 1322
68 5 1325
68 5 1331
68 5 1332
68 5 1340
68 37 1166
68 37 1173
68 37 1174
68 37 1175
68 37 1176
68 37 1177
68 37 1194
68 37 1195
68 37 1196
68 37 1197
68 37 1198
68 37 1199
68 37 1200
68 37 1201
68 37 1210
68 37 1214
68 37 1215
68 37 1216
68 37 1227
68 37 1229
68 37 1247
68 37 1248
68 37 1249
68 37 1253
68 37 1260
68 37 1291
68 37 1292
68 37 1293
68 37 1294
68 37 1295
68 37 1303
68 37 1327
68 37 1329
68 37 1344
68 37 1345
68 41 1206
68 41 1214
68 41 1231
68 41 1250
68 41 1332
68 41 1333
68 41 1335
68 41 1337
68 41 1342
68 42 1211
68 42 1225
68 42 1226
68 42 1287
68 42 1288
68 2 1211
68 2 1212
68 2 1250
68 2 1251
68 2 1252
68 2 1311
27 22 551
27 22 552
27 22 564
27 22 566
27 22 576
27 22 580
27 22 581
27 22 585
27 22 586
27 22 637
27 22 660
27 40 1330
22 61 1190
22 61 1193
22 41 1194
22 41 1211
22 41 1212
22 41 1214
22 41 1293
22 41 1307
22 41 1309
22 41 1314
22 41 1323
22 2 1209
22 50 1240
61 24 1107
61 24 1108
61 24 1109
61 24 1110
61 24 1111
61 24 1112
61 24 1115
61 24 1116
61 24 1117
61 24 1119
61 24 1120
61 24 1122
61 24 1123
61 24 1124
61 24 1125
61 24 1126
61 24 1127
61 24 1128
61 24 1129
61 24 1130
61 24 1131
61 24 1133
61 24 1134
61 24 1135
61 24 1136
61 24 1137
61 24 1138
61 24 1139
61 24 1140
61 24 1141
61 24 1142
61 24 1143
61 24 1144
61 24 1145
61 24 1147
61 24 1148
61 24 1149
61 24 1150
61 24 1151
61 24 1153
61 24 1154
61 24 1155
61 24 1156
61 24 1157
61 24 1158
61 24 1159
61 24 1160
61 24 1161
61 24 1162
61 24 1163
61 24 1164
61 24 1167
61 24 1168
61 24 1169
61 24 1170
61 24 1173
61 24 1179
61 24 1180
61 24 1181
61 24 1182
61 24 1186
61 24 1187
61 24 1188
61 24 1189
61 24 1190
61 24 1191
61 24 1192
61 24 1193
61 24 1194
61 24 1195
65 15 618
65 15 637
65 15 640
65 15 643
65 15 644
65 15 655
65 15 657
29 24 1165
29 24 1179
29 24 1180
29 24 1181
29 24 1182
29 24 1187
29 24 1212
29 24 1298
29 24 1299
29 24 1313
29 41 1171
29 41 1189
29 41 1212
29 41 1214
29 41 1231
29 41 1237
29 41 1239
29 41 1240
29 41 1242
29 41 1269
29 41 1270
29 41 1293
29 41 1294
29 41 1295
29 41 1303
29 41 1305
29 41 1307
29 41 1309
29 41 1313
29 41 1323
29 37 1178
29 37 1198
29 37 1203
29 37 1204
29 42 1211
29 2 1239
29 5 1330
15 50 811
15 50 812
15 42 1163
15 2 1163
15 2 1311
15 5 1163
15 5 1239
15 5 1312
15 5 1316
15 41 1326
15 37 1352
49 1 711
49 1 712
49 1 713
49 1 729
49 1 730
49 1 732
49 1 734
49 1 735
49 1 737
49 1 760
49 1 761
49 1 768
49 1 770
49 1 772
49 1 773
49 1 774
49 1 775
49 1 776
49 1 777
49 1 778
49 1 779
49 1 782
49 1 783
49 1 784
49 78 784
49 24 1107
49 24 1109
49 24 1110
49 24 1111
49 24 1112
49 24 1116
49 24 1117
49 24 1118
49 24 1119
49 24 1120
49 24 1121
49 24 1122
49 24 1123
49 24 1124
49 24 1125
49 24 1127
49 24 1128
49 24 1130
49 24 1135
49 24 1136
49 24 1137
49 24 1138
49 24 1143
49 24 1153
49 24 1156
49 24 1162
49 24 1163
49 24 1168
49 24 1169
49 24 1170
49 24 1176
49 24 1177
49 24 1178
49 24 1179
49 24 1181
49 24 1186
49 24 1187
49 24 1192
49 24 1194
49 24 1195
78 4 819
78 4 820
78 4 821
78 4 822
40 2 1163
40 2 1211
40 2 1221
40 2 1230
40 2 1278
40 2 1279
40 2 1280
40 2 1282
40 2 1283
40 2 1284
40 2 1336
40 2 1337
40 2 1340
40 2 1343
40 2 1346
40 5 1163
40 24 1346
50 4 843
50 42 1232
3 75 1045
3 75 1048
3 75 1049
3 75 1050
3 75 1051
3 75 1052
3 75 1053
3 75 1054
3 75 1055
3 75 1056
3 75 1057
3 75 1058
3 75 1059
3 75 1060
3 75 1061
3 75 1064
3 75 1065
3 75 1066
3 75 1067
3 75 1070
3 75 1071
3 75 1072
3 75 1073
3 75 1079
3 75 1081
3 75 1082
3 75 1083
3 75 1084
3 75 1085
3 75 1086
3 75 1087
3 75 1088
3 75 1089
3 75 1090
3 75 1091
3 75 1092
3 75 1096
3 75 1097
3 75 1098
3 75 1099
3 75 1102
3 75 1104
3 75 1105
3 75 1106
3 75 1107
3 75 1112
3 75 1114
3 75 1116
3 75 1117
3 75 1121
3 75 1122
3 75 1123
3 75 1141
3 75 1150
3 75 1151
3 75 1154
3 75 1156
3 75 1157
3 75 1158
3 75 1170
3 75 1171
3 75 1172
3 75 1177
3 75 1179
3 75 1180
3 75 1181
3 75 1193
3 75 1194
3 75 1198
3 75 1199
3 75 1200
3 75 1209
3 75 1210
3 75 1213
3 75 1215
3 75 1216
3 75 1218
3 75 1221
3 75 1222
41 5 1188
41 5 1282
41 5 1323
41 5 1342
41 2 1190
41 2 1205
41 2 1237
41 2 1239
41 2 1240
41 2 1261
41 42 1212
24 5 1165
24 5 1178
24 5 1180
24 5 1186
24 5 1189
24 5 1192
24 5 1193
24 5 1214
24 5 1219
24 5 1248
24 5 1251
24 5 1253
24 5 1254
24 5 1288
24 5 1322
24 5 1323
24 5 1324
24 5 1337
24 5 1339
42 2 1209
42 2 1305
2 5 1163
2 5 1198
2 5 1289
2 5 1290
2 5 1303
2 5 1304
