57 24 0
57 24 58
57 49 0
57 40 444
57 40 445
57 40 446
57 40 448
57 40 449
57 40 462
57 52 445
57 52 446
57 52 447
57 52 448
57 52 449
57 52 450
57 52 451
57 52 452
57 52 453
57 52 454
57 52 459
57 52 462
57 52 463
57 15 446
24 50 42
24 50 46
24 50 58
24 50 99
24 50 100
24 50 102
24 50 103
24 50 104
24 50 108
24 50 109
24 50 111
24 50 113
24 50 116
24 50 117
24 50 118
24 50 119
24 50 121
24 50 123
24 50 124
24 50 125
24 50 126
24 50 127
24 50 128
24 50 129
24 50 130
24 50 131
24 50 132
24 50 133
24 50 134
24 50 138
24 50 139
24 50 140
24 50 141
24 50 142
24 50 144
24 50 146
24 50 148
24 50 149
24 50 150
24 50 152
24 50 153
24 50 154
24 50 155
24 50 156
24 50 157
24 50 158
24 50 159
24 50 161
24 50 162
24 50 164
24 50 165
24 50 167
24 50 168
24 50 169
24 50 170
24 50 171
24 50 172
24 15 100
24 15 101
24 15 102
24 15 103
24 15 104
24 15 105
24 15 108
24 15 109
24 15 110
24 15 111
24 15 113
24 15 114
24 15 115
24 15 119
24 15 120
24 15 121
24 15 122
24 15 123
24 15 124
24 15 125
24 15 126
24 15 127
24 15 128
24 15 129
24 15 134
24 15 139
24 15 140
24 15 141
24 15 142
24 15 143
24 15 146
24 15 147
24 15 148
24 15 149
24 15 150
24 15 151
24 15 152
24 15 153
24 15 154
24 15 161
24 15 164
24 15 165
24 15 166
24 15 167
24 15 168
24 15 169
24 15 170
24 15 171
24 15 172
24 181 106
49 62 1
49 62 2
49 62 6
49 23 12
49 23 13
49 23 14
49 23 15
49 23 17
49 23 19
49 23 20
49 23 22
49 23 38
49 23 43
49 23 44
49 23 47
49 23 53
49 23 57
49 115 27
49 124 51
49 13 51
49 179 1267
49 179 1268
49 179 1269
49 179 1270
49 179 1298
49 179 1315
49 179 1318
49 179 1331
49 179 1334
49 179 1335
49 179 1337
49 179 1338
49 179 1341
49 179 1347
49 179 1348
49 179 1358
49 179 1359
49 179 1360
49 179 1363
49 179 1364
49 179 1365
49 134 1269
49 134 1270
49 134 1314
49 134 1315
49 134 1316
49 134 1317
49 134 1319
49 134 1329
49 134 1330
49 134 1331
49 134 1337
49 134 1347
49 134 1348
49 134 1349
49 134 1350
49 134 1351
49 134 1363
49 134 1364
49 1 1310
49 1 1311
49 1 1314
49 1 1325
49 1 1326
49 1 1329
49 1 1330
49 1 1337
49 1 1338
49 1 1339
49 1 1340
49 1 1341
49 1 1349
49 1 1350
49 1 1351
49 1 1357
49 5 1324
49 29 1358
62 171 1
62 171 3
62 180 30
62 180 31
62 175 229
62 168 254
62 168 260
62 168 261
62 168 266
62 168 267
62 168 268
62 168 271
62 168 272
62 168 273
62 168 275
62 168 276
62 168 278
62 168 280
62 168 282
62 168 283
62 168 284
62 168 285
62 168 287
62 168 288
62 168 289
62 168 290
62 168 292
62 168 293
62 168 294
62 168 297
62 168 299
62 168 301
62 168 302
62 32 260
62 32 261
62 32 266
62 32 267
62 32 268
62 32 271
62 32 272
62 32 273
62 32 275
62 32 276
62 32 278
62 32 280
62 32 282
62 32 283
62 32 284
62 32 285
62 32 287
62 32 288
62 32 289
62 32 290
62 32 292
62 32 293
62 32 294
62 32 297
62 32 299
62 32 300
62 32 301
62 32 302
62 32 303
62 32 304
171 115 2
171 115 3
171 115 4
171 115 5
171 115 7
171 115 8
171 115 10
171 115 11
171 115 12
171 115 13
171 115 15
171 115 20
171 115 24
171 115 25
171 115 26
171 115 27
171 115 28
171 115 29
171 115 31
171 115 33
171 115 34
171 115 35
171 115 36
171 115 40
171 115 41
171 115 42
171 115 43
171 115 44
171 115 45
171 115 47
171 115 50
171 115 51
171 115 52
171 115 53
171 115 54
171 115 60
171 115 61
171 115 62
171 115 63
171 115 64
171 115 65
171 115 66
171 115 67
171 115 68
171 115 69
171 115 70
171 115 71
171 115 72
171 115 73
171 115 74
171 115 75
171 115 76
171 115 77
171 115 78
171 115 79
171 115 80
171 115 81
171 115 82
171 115 83
171 115 84
171 115 85
171 115 86
171 115 87
171 115 88
171 115 89
171 115 90
171 115 91
171 115 92
171 115 93
171 115 94
171 115 95
171 115 96
171 115 97
171 115 98
171 115 99
171 115 100
171 115 101
171 115 102
171 115 103
171 115 104
171 115 105
171 115 107
171 115 108
171 115 109
171 115 110
171 115 111
171 115 112
171 115 113
171 115 114
171 115 115
171 115 117
171 115 122
171 115 123
171 115 124
171 115 125
171 115 126
171 115 127
171 115 128
171 115 129
171 50 7
171 50 26
171 50 27
171 150 1023
171 150 1132
171 150 1135
171 150 1141
171 150 1146
171 150 1149
171 150 1152
171 150 1155
171 150 1156
171 150 1157
171 150 1158
171 150 1160
171 150 1162
171 109 1024
171 109 1025
171 109 1027
171 105 1038
171 77 1098
171 178 1163
171 64 1163
171 11 1172
115 70 303
50 56 2
50 56 3
50 56 5
50 56 6
50 56 7
50 56 11
50 56 12
50 56 16
50 56 18
50 56 19
50 56 20
50 56 23
50 56 29
50 56 30
50 56 31
50 56 35
50 56 36
50 56 42
50 56 44
50 56 46
50 56 52
50 56 53
50 56 54
50 56 56
50 56 57
50 56 58
50 14 98
50 14 99
50 14 100
50 14 101
50 14 102
50 14 103
50 14 104
50 14 108
50 14 109
50 14 110
50 14 112
50 14 114
50 14 120
50 14 123
50 14 127
50 14 128
50 14 132
50 14 134
50 14 139
50 14 141
50 14 142
50 14 146
50 14 147
50 14 149
50 14 151
50 14 152
50 14 154
50 14 155
50 14 163
50 14 164
50 14 165
50 14 170
50 63 152
50 75 161
56 23 11
56 23 12
56 23 13
56 23 15
56 23 18
56 23 19
56 23 22
56 23 30
56 23 49
56 23 55
56 23 57
56 167 26
56 80 1224
56 80 1225
56 80 1227
56 80 1228
56 80 1229
56 80 1230
56 80 1254
56 80 1255
56 80 1256
56 80 1257
56 80 1258
56 80 1259
56 80 1260
56 80 1263
56 80 1264
56 80 1265
56 80 1267
56 80 1269
56 80 1270
56 80 1271
56 80 1272
56 80 1273
56 80 1274
56 80 1275
56 80 1276
56 80 1277
56 80 1278
56 80 1279
56 80 1280
56 80 1281
56 80 1282
56 80 1283
56 80 1284
56 80 1285
56 80 1286
56 80 1287
56 80 1288
56 80 1289
56 80 1290
56 80 1291
56 80 1292
56 80 1293
56 80 1294
56 80 1295
56 80 1296
56 80 1297
56 80 1298
56 80 1299
56 80 1300
56 80 1301
56 80 1302
56 80 1303
56 80 1304
56 80 1305
56 80 1306
56 80 1307
56 80 1308
56 80 1309
56 80 1311
56 80 1312
56 80 1313
56 80 1314
56 80 1315
56 80 1316
56 80 1317
56 80 1318
56 80 1319
56 80 1320
56 80 1321
56 80 1322
56 80 1323
56 80 1324
56 80 1325
56 80 1326
56 80 1327
56 80 1328
56 80 1329
56 80 1330
56 80 1331
56 80 1332
56 80 1333
56 80 1334
56 80 1336
56 80 1337
56 80 1338
56 80 1339
56 80 1340
56 80 1341
56 80 1342
56 80 1343
56 80 1344
56 80 1345
56 80 1346
56 80 1347
56 80 1348
56 80 1349
56 80 1350
56 80 1351
56 80 1352
56 80 1353
56 80 1355
56 80 1356
56 80 1357
56 80 1359
56 80 1360
56 80 1361
56 80 1362
56 80 1363
56 80 1364
56 80 1365
56 80 1367
56 80 1375
56 158 1365
56 158 1366
56 158 1367
56 158 1368
56 158 1369
56 158 1370
56 158 1371
56 158 1373
56 158 1374
56 158 1375
56 158 1376
56 158 1377
56 158 1379
56 158 1380
56 158 1381
56 158 1382
56 158 1383
56 158 1384
56 158 1385
56 158 1386
56 158 1387
56 158 1388
56 158 1389
56 158 1390
56 158 1391
56 158 1392
56 158 1393
56 158 1394
56 158 1395
56 158 1396
56 158 1397
56 158 1398
56 158 1399
56 158 1400
56 158 1401
56 158 1402
56 158 1403
56 158 1404
56 158 1410
56 158 1411
56 158 1412
56 158 1413
56 158 1414
56 158 1416
56 158 1417
56 158 1418
56 158 1419
56 158 1420
56 158 1423
56 158 1431
56 158 1432
23 139 1281
23 139 1287
23 139 1372
23 139 1373
23 139 1390
23 139 1391
23 139 1396
23 139 1397
23 139 1400
23 139 1407
23 139 1411
23 139 1413
23 139 1414
119 30 15
119 30 17
119 30 21
119 30 31
119 30 56
119 30 63
119 30 72
119 30 73
119 30 97
119 30 98
119 30 99
119 30 100
119 68 21
119 68 30
119 68 43
119 68 45
119 68 53
119 68 78
119 68 79
119 68 80
119 68 82
119 68 84
119 123 26
119 123 27
119 123 28
119 123 30
119 123 48
119 123 74
119 123 96
119 43 80
119 181 96
119 85 421
119 85 422
119 85 423
119 85 425
119 85 426
119 85 427
119 85 438
119 85 445
119 85 447
119 85 448
119 85 456
119 85 457
119 85 459
119 85 467
119 101 425
119 101 429
119 101 437
119 101 438
119 101 441
119 101 442
119 101 443
119 101 444
119 101 445
119 101 447
119 101 448
119 101 454
119 101 457
119 101 460
119 101 466
119 101 472
119 101 473
119 101 474
119 101 475
119 101 476
119 125 440
119 125 441
119 125 445
119 125 460
119 125 474
119 125 477
119 33 440
119 33 441
30 124 17
30 124 21
30 124 31
30 124 37
30 124 39
30 124 56
30 124 97
30 124 98
30 124 99
30 69 18
30 69 21
30 69 37
30 69 39
30 69 42
30 69 47
30 69 50
30 69 53
30 69 61
30 69 65
30 69 68
30 69 69
30 69 89
30 69 91
30 69 97
30 69 98
30 69 102
30 121 625
30 174 643
30 174 650
30 174 651
30 174 653
30 174 654
30 174 656
30 174 695
30 174 698
30 174 699
30 174 700
30 174 701
30 174 702
30 174 703
30 174 704
30 174 705
30 174 706
30 174 707
30 174 708
30 174 709
30 174 710
30 174 714
30 174 715
30 174 716
30 174 721
30 174 722
30 174 728
30 174 729
30 174 730
30 174 732
30 174 734
30 174 735
30 174 736
30 174 738
30 174 739
30 174 747
30 174 748
30 174 749
30 174 750
30 174 751
30 174 752
30 174 753
30 174 757
30 174 762
30 174 763
30 174 776
30 174 782
30 174 783
30 174 785
30 174 787
30 174 788
30 174 791
30 174 792
30 174 793
30 174 801
30 174 802
30 144 679
30 116 793
29 68 16
29 68 19
29 68 20
29 68 22
29 68 38
29 68 41
29 68 45
29 68 46
29 68 48
29 68 55
29 68 57
29 68 60
29 68 76
29 68 82
29 68 83
29 68 85
29 68 96
29 68 101
29 123 16
29 123 19
29 123 32
29 123 34
29 123 38
29 123 48
29 123 49
29 123 54
29 123 60
29 123 66
29 123 74
29 123 82
29 123 83
29 118 26
29 118 32
29 118 41
29 118 45
29 118 54
29 118 55
29 118 80
29 118 82
29 118 83
29 118 101
29 43 57
29 43 59
29 43 60
29 154 95
68 124 17
68 124 18
68 124 21
68 124 23
68 124 24
68 124 25
68 124 39
68 124 52
68 124 53
68 124 68
68 124 72
68 124 75
68 124 88
68 124 89
68 124 91
68 124 97
68 124 98
68 13 68
68 60 1245
68 60 1247
68 60 1248
68 60 1249
68 60 1250
68 60 1258
68 60 1264
68 60 1279
68 60 1281
68 60 1283
68 60 1284
68 60 1287
68 60 1288
68 60 1290
68 60 1293
68 60 1294
68 60 1295
68 60 1296
68 60 1299
68 60 1304
68 60 1306
68 60 1307
68 60 1312
68 60 1321
68 60 1322
68 60 1336
68 60 1340
68 60 1342
68 60 1344
68 60 1346
68 60 1347
68 60 1353
68 60 1354
68 60 1360
68 60 1361
68 60 1363
68 60 1365
68 60 1367
68 60 1368
68 60 1370
68 60 1371
68 60 1375
68 60 1376
68 60 1378
68 60 1379
68 60 1380
68 60 1381
68 60 1384
68 60 1385
68 60 1386
68 60 1387
68 60 1388
68 60 1389
68 60 1390
68 60 1391
68 60 1394
68 60 1395
68 60 1397
68 60 1398
68 60 1399
68 60 1400
68 60 1401
68 60 1403
68 60 1404
68 60 1405
68 60 1406
68 60 1407
68 60 1408
68 60 1409
68 60 1410
68 60 1411
68 60 1412
68 60 1413
68 60 1414
68 60 1415
68 60 1416
68 60 1417
68 60 1418
68 60 1419
68 60 1420
68 60 1421
68 60 1422
68 60 1423
68 60 1424
68 60 1425
68 60 1426
68 60 1427
68 60 1428
68 60 1429
68 60 1430
68 60 1434
68 60 1435
68 18 1288
68 18 1317
68 80 1428
123 69 19
123 69 22
123 69 26
123 69 27
123 69 28
123 69 48
123 69 60
123 69 82
123 69 83
123 59 1167
123 59 1168
123 59 1169
123 59 1172
123 59 1176
123 59 1178
123 59 1181
123 59 1182
123 59 1183
123 59 1184
123 59 1185
123 59 1186
123 59 1187
123 59 1189
123 59 1190
123 59 1192
123 59 1193
123 188 1189
69 118 16
69 118 17
69 118 18
69 118 19
69 118 22
69 118 23
69 118 24
69 118 25
69 118 26
69 118 27
69 118 40
69 118 41
69 118 42
69 118 44
69 118 46
69 118 54
69 118 55
69 118 56
69 118 57
69 118 58
69 118 59
69 118 83
69 118 90
69 118 92
69 118 97
69 118 98
69 118 101
69 43 60
69 14 76
69 181 96
69 15 424
69 15 425
69 15 426
69 15 427
69 15 429
69 15 438
69 15 439
69 15 443
69 15 447
69 15 450
69 15 451
69 15 453
69 15 454
69 15 467
69 15 470
69 15 472
69 15 473
69 15 474
69 15 475
69 15 476
69 15 478
69 15 510
69 15 617
69 15 618
69 113 628
69 113 685
69 113 686
69 113 688
69 117 629
69 117 630
69 158 662
69 103 688
69 103 695
69 126 710
69 184 710
118 124 18
118 124 21
118 124 24
118 124 25
118 124 29
118 124 97
118 124 98
118 124 99
118 47 1045
118 47 1056
118 64 1045
118 64 1048
118 64 1091
118 64 1093
118 64 1094
118 64 1105
118 64 1120
118 113 1096
118 113 1097
118 113 1123
118 113 1140
118 113 1142
118 113 1143
118 113 1144
118 113 1145
118 113 1146
118 113 1147
118 113 1148
118 113 1164
118 113 1170
118 113 1173
118 113 1174
118 113 1175
118 113 1176
118 113 1180
118 113 1183
118 113 1185
118 113 1186
118 113 1198
118 113 1227
118 113 1231
118 113 1235
118 113 1237
118 113 1244
118 113 1245
118 4 1115
118 145 1143
118 11 1159
118 13 1183
118 13 1184
118 21 1232
124 101 423
124 101 424
124 101 432
124 101 435
124 101 439
124 101 442
124 101 443
124 101 444
124 101 446
124 101 447
124 101 448
124 101 451
124 101 453
124 101 465
124 120 424
124 120 443
124 120 444
124 120 455
124 120 463
124 120 469
124 120 471
124 120 473
124 85 426
124 85 430
124 85 455
124 85 457
124 85 476
124 58 442
167 0 886
180 44 36
180 13 1187
44 82 71
44 159 71
44 159 83
44 159 84
44 159 86
44 14 85
44 39 154
13 43 37
13 43 38
13 43 39
13 43 40
13 43 41
13 43 42
13 43 43
13 43 44
13 43 45
13 43 46
13 43 47
13 43 50
13 43 51
13 43 52
13 43 53
13 43 54
13 43 55
13 43 56
13 43 57
13 43 58
13 43 59
13 43 61
13 43 64
13 43 65
13 43 66
13 43 67
13 43 68
13 43 69
13 43 70
13 43 71
13 43 72
13 43 74
13 43 76
13 43 77
13 43 78
13 43 79
13 43 80
13 43 81
13 43 82
13 43 84
13 159 84
13 159 86
13 93 1133
13 93 1134
13 93 1152
13 93 1182
13 93 1186
13 93 1191
13 93 1192
13 93 1193
13 6 1136
13 114 1184
43 100 81
43 84 83
43 84 84
43 84 85
43 156 85
43 102 1175
43 170 1177
43 170 1178
43 170 1184
43 170 1186
43 170 1187
43 170 1207
43 170 1208
43 170 1211
43 170 1213
43 170 1214
43 170 1215
43 188 1180
43 70 1181
43 70 1185
43 70 1186
43 70 1218
43 70 1220
43 70 1232
43 70 1233
43 70 1235
43 70 1240
43 70 1241
43 70 1242
43 70 1243
43 70 1257
43 70 1269
43 70 1287
181 98 42
181 98 43
181 98 44
181 98 45
181 98 47
181 98 48
181 98 49
181 98 50
181 98 51
181 98 58
181 98 61
181 98 63
181 98 64
181 98 65
181 98 66
181 98 70
181 98 71
181 98 72
181 98 74
181 98 75
181 98 85
181 98 86
181 98 87
181 98 93
181 98 94
181 98 95
181 98 96
181 98 98
181 98 105
181 98 106
181 98 107
181 98 108
181 98 110
181 98 111
181 98 112
181 98 114
181 98 187
181 98 188
181 98 189
181 98 191
181 98 192
181 98 193
181 98 195
181 98 196
181 98 198
181 98 199
181 98 200
181 98 201
181 98 204
181 98 207
181 98 208
181 98 209
181 98 211
181 98 218
181 98 224
181 98 225
181 98 226
181 110 44
181 110 45
181 110 46
181 110 47
181 110 48
181 110 49
181 110 51
181 110 56
181 110 61
181 110 62
181 110 63
181 110 67
181 110 68
181 110 74
181 110 75
181 110 77
181 110 79
181 110 80
181 110 81
181 110 82
181 110 83
181 110 84
181 110 86
181 110 91
181 110 92
181 110 93
181 110 94
181 110 95
181 110 96
181 110 97
181 110 98
181 110 99
181 110 100
181 110 101
181 110 102
181 110 106
181 110 107
181 110 108
181 110 109
181 110 110
181 110 111
181 110 112
181 110 113
181 110 116
181 110 117
181 110 118
181 110 119
181 110 120
181 110 121
181 110 122
181 110 123
181 110 124
181 110 126
181 110 128
181 110 129
181 110 130
181 110 131
181 110 132
181 110 133
181 110 134
181 110 135
181 110 136
181 110 137
181 110 138
181 110 139
181 110 140
181 110 141
181 110 151
181 110 153
181 110 154
181 110 155
181 110 156
181 110 157
181 110 158
181 110 159
181 110 160
181 110 161
181 110 163
181 110 164
181 110 165
181 110 172
181 110 175
181 110 177
181 110 178
181 110 179
181 110 180
181 110 181
181 110 182
181 110 190
181 110 191
181 110 192
181 110 201
181 110 202
181 110 203
181 110 206
181 110 212
181 110 215
181 110 216
181 110 217
181 110 218
181 110 220
181 110 221
181 110 224
181 110 225
181 110 226
181 110 227
181 147 45
181 147 46
181 147 54
181 147 61
181 147 64
181 147 66
181 147 75
181 147 79
181 147 94
181 147 101
181 147 105
181 147 106
181 147 107
181 147 108
181 147 109
181 147 110
181 147 111
181 147 112
181 147 190
181 147 194
181 147 196
181 147 198
181 147 199
181 147 200
181 147 201
181 147 202
181 147 213
181 147 217
181 147 223
181 147 224
181 147 225
181 147 226
181 39 84
181 39 86
181 39 112
181 39 113
181 39 121
181 39 125
181 39 130
181 39 131
181 39 132
181 39 139
181 39 144
181 39 146
181 39 147
181 39 149
181 39 150
181 39 151
181 39 152
181 39 155
181 39 156
181 39 157
181 39 158
181 39 161
181 39 163
181 39 164
181 39 165
181 39 170
181 39 171
181 39 172
181 39 173
181 39 174
181 39 175
181 39 184
181 39 190
181 39 193
181 39 194
181 39 196
181 39 200
181 39 210
181 39 213
181 39 221
181 39 222
181 39 228
181 39 234
181 39 235
181 39 236
181 75 84
181 75 87
181 75 88
181 75 89
181 75 96
181 75 107
181 75 120
181 75 128
181 75 129
181 75 140
181 75 141
181 75 153
181 75 156
181 75 158
181 75 168
181 75 177
181 75 183
181 75 188
181 75 195
181 75 201
181 75 210
181 75 212
181 75 220
181 75 222
181 75 229
181 75 234
181 75 235
181 75 236
181 151 85
181 151 86
181 151 87
181 151 88
181 151 92
181 151 93
181 151 94
181 151 96
181 151 97
181 151 106
181 151 107
181 151 111
181 151 113
181 151 116
181 151 119
181 151 121
181 151 122
181 151 125
181 151 126
181 151 129
181 151 130
181 151 131
181 151 133
181 151 143
181 151 144
181 151 145
181 151 148
181 151 150
181 151 153
181 151 157
181 151 160
181 151 162
181 151 169
181 151 175
181 151 176
181 151 177
181 151 179
181 151 180
181 151 182
181 151 183
181 151 184
181 151 185
181 151 186
181 151 187
181 151 188
181 151 192
181 151 194
181 151 195
181 151 196
181 151 200
181 151 202
181 151 203
181 151 204
181 151 205
181 151 206
181 151 207
181 151 208
181 151 209
181 151 210
181 151 211
181 151 212
181 151 213
181 151 216
181 151 217
181 151 218
181 151 219
181 151 220
181 151 221
181 151 222
181 151 223
181 151 224
181 151 225
181 151 226
181 151 227
181 151 228
181 151 229
181 151 230
181 151 231
181 151 232
181 151 233
181 151 234
181 151 235
181 151 236
181 14 103
181 14 105
181 14 161
181 45 154
181 63 220
181 32 222
181 168 226
98 111 44
98 111 45
98 111 46
98 111 47
98 111 48
98 111 49
98 111 50
98 111 54
98 111 55
98 111 56
98 111 57
98 111 62
98 111 63
98 111 64
98 111 72
98 111 81
98 111 86
98 111 96
98 111 99
98 111 107
98 111 108
98 111 111
98 111 112
98 111 113
98 111 183
98 111 195
98 111 201
98 111 214
98 111 225
98 111 226
98 143 47
98 143 50
98 143 52
98 143 56
98 185 1086
98 185 1092
98 185 1094
98 185 1095
98 185 1100
98 185 1102
98 185 1105
98 185 1116
98 185 1117
98 185 1122
98 185 1124
98 185 1125
98 185 1131
98 185 1147
98 106 1098
98 106 1100
98 106 1101
98 4 1120
100 147 42
100 147 43
100 147 44
100 147 45
100 147 46
100 147 59
100 147 60
100 147 61
100 147 64
100 147 65
100 147 66
100 147 67
100 147 68
100 147 70
100 147 71
100 147 72
100 147 73
100 147 74
100 147 75
100 147 78
100 147 79
100 147 80
100 147 85
100 147 87
100 147 88
100 147 94
100 147 96
100 147 99
100 147 101
100 147 102
100 147 105
100 147 106
100 147 107
100 147 110
100 147 111
100 147 133
100 147 134
100 147 135
100 147 137
100 147 169
100 147 170
100 147 172
100 147 188
100 147 190
100 147 195
100 147 196
100 147 199
100 147 200
100 147 201
100 147 225
100 147 226
100 110 53
100 110 69
100 110 70
100 110 71
100 110 73
100 110 79
100 110 82
100 110 83
100 110 95
100 110 97
100 110 98
100 110 100
100 110 101
100 110 105
100 110 106
100 110 109
100 110 110
100 110 114
100 110 167
100 110 184
100 110 186
100 110 187
100 110 191
100 110 192
100 110 197
100 110 198
100 110 200
100 110 203
100 110 222
100 110 224
100 110 227
100 159 60
100 14 74
100 114 76
100 114 77
100 53 507
147 111 45
147 111 46
147 111 64
147 111 75
147 111 80
147 111 83
147 111 84
147 111 86
147 111 91
147 111 105
147 111 108
147 111 110
147 111 111
147 111 112
147 111 194
147 111 198
147 111 201
147 111 215
147 111 216
147 111 217
147 111 225
147 111 226
147 84 62
147 104 815
147 104 818
110 143 47
110 143 48
110 143 50
110 143 51
110 143 52
110 143 73
110 143 78
110 143 79
110 143 82
110 143 95
110 143 101
110 143 106
110 143 109
110 143 184
110 143 190
110 143 191
110 143 202
110 143 203
110 143 205
110 143 224
110 151 223
110 18 1317
111 82 81
111 32 301
111 144 398
111 144 401
111 144 405
111 144 417
111 144 420
111 144 423
111 144 426
111 144 432
111 144 446
111 144 457
111 144 458
111 144 459
111 144 470
111 144 471
111 144 472
111 144 477
111 144 503
111 144 504
111 144 506
111 144 512
111 144 518
111 144 521
111 144 523
111 144 536
111 144 537
111 144 538
111 144 539
111 144 549
111 144 550
111 144 551
111 144 552
111 144 560
111 144 563
111 144 564
111 144 565
111 144 569
111 144 570
111 33 441
111 120 453
143 189 52
143 189 55
143 189 56
143 189 57
143 159 62
143 131 1158
143 131 1159
143 131 1161
143 131 1162
143 131 1166
143 131 1167
143 131 1168
143 131 1169
143 131 1170
143 131 1171
143 131 1172
143 131 1173
143 131 1174
143 131 1175
143 131 1176
143 131 1177
143 131 1178
143 131 1179
143 131 1180
143 131 1181
143 131 1182
143 131 1183
143 131 1186
143 131 1187
143 131 1191
143 131 1192
143 131 1193
143 131 1194
143 131 1195
143 131 1207
143 131 1208
143 131 1209
143 131 1210
143 131 1211
143 131 1215
143 131 1216
143 131 1218
143 131 1220
143 131 1221
143 131 1223
143 131 1224
143 131 1226
143 12 1186
143 114 1188
156 82 55
156 82 60
156 82 70
156 82 74
156 82 76
156 82 81
156 14 85
156 36 611
156 36 612
156 36 619
156 36 620
156 26 646
82 158 1221
82 158 1358
82 158 1366
82 158 1376
82 158 1380
82 158 1389
82 158 1391
82 158 1406
82 158 1407
82 158 1408
82 158 1409
82 158 1410
82 158 1411
82 158 1412
82 158 1413
82 158 1416
82 158 1417
82 158 1418
82 158 1419
82 158 1420
82 158 1421
82 158 1422
82 158 1423
82 158 1433
82 55 1358
82 55 1366
82 55 1368
82 55 1369
82 55 1370
82 55 1371
82 55 1373
82 55 1374
82 55 1376
82 55 1377
82 55 1378
82 55 1379
82 55 1380
82 55 1382
82 55 1384
82 55 1385
82 55 1386
82 55 1387
82 55 1388
82 55 1389
82 55 1391
82 55 1392
82 55 1393
82 55 1394
82 55 1395
82 55 1396
82 55 1397
82 55 1398
82 55 1399
82 55 1400
82 55 1401
82 55 1402
82 55 1403
82 55 1404
82 55 1410
82 55 1411
82 55 1412
82 55 1413
82 55 1414
82 55 1415
82 55 1416
82 55 1417
82 55 1418
82 55 1419
82 55 1420
82 55 1421
82 55 1424
82 55 1425
82 55 1432
82 55 1433
82 55 1434
84 159 57
84 159 61
84 159 62
84 159 64
84 159 79
84 159 80
84 159 82
84 159 83
84 159 84
84 159 85
84 14 84
84 14 85
84 53 496
84 53 497
84 53 499
84 53 501
84 53 503
84 53 504
84 53 505
84 53 507
84 53 512
84 53 513
84 53 515
84 53 518
84 53 520
84 53 521
84 53 522
84 53 525
84 53 526
84 53 527
84 121 497
84 77 497
84 102 499
84 102 502
84 102 504
84 102 513
84 102 515
84 102 518
84 102 519
84 102 520
84 102 525
84 102 526
84 102 527
84 102 528
84 41 518
159 21 1223
159 21 1224
159 21 1225
159 21 1226
159 21 1227
159 21 1228
159 21 1229
159 21 1230
159 21 1244
159 21 1248
159 21 1249
159 21 1250
159 21 1261
159 21 1265
159 138 1261
14 25 98
14 25 144
14 154 103
14 154 161
114 47 1046
114 47 1056
114 117 1047
114 117 1049
114 117 1050
114 117 1051
114 117 1052
114 117 1055
114 117 1177
114 117 1179
114 117 1181
114 117 1182
114 117 1184
114 117 1188
114 117 1189
114 117 1230
114 117 1242
114 64 1051
114 64 1052
114 64 1060
114 64 1103
114 64 1108
114 150 1108
114 4 1114
114 4 1116
114 4 1117
114 133 1115
114 133 1116
114 77 1119
114 77 1120
114 122 1184
114 91 1184
114 70 1218
39 154 82
39 154 83
39 154 84
39 154 86
39 154 87
39 154 90
39 154 93
39 154 121
39 154 126
39 154 127
39 154 139
39 154 142
39 154 153
39 154 157
39 154 158
39 154 160
39 154 163
39 154 164
39 154 170
39 154 179
39 154 183
39 154 187
39 154 188
39 154 189
39 154 195
39 154 200
39 154 203
39 154 210
39 154 221
39 154 222
39 154 226
39 154 227
39 154 228
39 154 229
39 154 233
39 154 234
39 154 235
39 154 236
39 73 216
39 73 217
39 73 222
39 73 234
39 73 235
39 73 236
39 73 1092
39 172 230
39 83 1200
154 175 84
154 175 99
154 175 100
154 175 101
154 175 102
154 175 103
154 175 104
154 175 105
154 175 108
154 175 109
154 175 110
154 175 114
154 175 117
154 175 120
154 175 123
154 175 127
154 175 128
154 175 132
154 175 134
154 175 138
154 175 139
154 175 140
154 175 141
154 175 142
154 175 146
154 175 147
154 175 149
154 175 151
154 175 152
154 175 154
154 175 155
154 175 156
154 175 159
154 175 161
154 175 163
154 175 164
154 175 167
154 175 168
154 75 86
154 75 87
154 75 88
154 75 96
154 75 97
154 75 120
154 75 121
154 75 126
154 75 128
154 75 141
154 75 153
154 75 154
154 75 168
154 75 188
154 75 193
154 75 202
154 75 205
154 75 214
154 75 233
154 75 234
154 75 235
154 75 236
154 45 154
154 32 230
154 70 1174
154 70 1182
154 70 1218
154 70 1236
154 70 1237
154 70 1240
154 70 1241
154 70 1242
154 70 1243
154 70 1246
154 70 1247
154 70 1249
154 70 1258
154 70 1261
154 70 1268
154 70 1281
154 70 1287
154 42 1174
154 42 1175
154 42 1181
154 42 1208
154 42 1218
154 42 1226
154 42 1227
154 42 1228
154 42 1229
154 42 1235
154 42 1240
154 42 1241
154 42 1242
154 42 1243
154 42 1285
154 42 1287
154 42 1289
154 170 1174
154 170 1175
154 170 1177
154 170 1178
154 170 1181
154 170 1185
154 170 1207
154 170 1208
154 170 1214
154 61 1199
154 61 1211
154 107 1199
154 128 1257
154 146 1286
75 172 230
75 8 583
75 8 584
75 8 585
75 8 586
75 8 587
75 8 588
75 8 589
75 8 590
75 8 591
75 8 592
75 8 601
75 8 602
75 8 607
75 8 609
75 8 610
75 8 612
75 8 613
75 8 614
75 8 615
75 8 616
75 8 627
75 8 629
75 8 630
75 8 631
75 8 632
75 8 633
75 8 659
75 8 660
75 8 661
75 8 662
75 8 663
75 8 665
75 8 666
75 8 667
75 8 669
75 8 671
75 8 673
75 8 675
75 165 663
75 95 671
175 148 1011
175 109 1017
175 109 1018
175 109 1019
175 109 1020
175 109 1021
175 109 1023
175 109 1026
175 145 1024
175 145 1150
175 145 1151
175 145 1159
175 164 1033
175 48 1150
175 48 1151
151 40 85
151 73 98
151 106 816
151 106 817
151 106 829
151 106 830
151 106 831
151 106 832
151 106 835
151 106 836
151 106 840
151 106 842
151 106 844
151 0 841
151 17 988
40 51 381
40 51 383
40 51 385
40 51 387
40 51 389
40 51 391
40 51 392
40 51 393
40 51 395
40 51 396
40 51 397
40 51 398
40 51 399
40 51 403
40 51 422
40 51 423
40 51 427
40 51 435
40 51 436
40 51 439
40 51 445
40 51 450
40 51 460
40 51 461
40 51 472
51 25 97
51 25 98
51 15 106
51 15 107
51 15 111
51 15 113
51 15 119
51 15 121
51 15 122
51 15 124
51 15 125
51 15 126
51 15 130
51 15 131
51 15 143
51 15 148
51 15 150
51 15 153
51 15 160
51 15 162
51 15 166
51 15 169
51 15 171
51 7 398
51 120 442
25 160 385
25 160 386
25 160 389
25 160 390
25 160 395
25 160 396
25 160 398
25 160 399
25 160 401
25 160 403
25 160 404
25 160 406
25 8 387
25 8 388
25 8 392
25 8 396
25 8 397
25 8 399
25 8 403
73 66 984
73 66 989
73 0 1105
73 0 1112
73 0 1113
73 0 1124
73 0 1125
73 0 1128
73 0 1134
73 0 1135
15 183 565
15 183 566
15 183 571
15 183 572
15 183 575
15 183 577
15 183 578
15 183 579
15 183 580
15 183 583
15 183 586
15 183 587
15 183 588
15 183 589
15 183 591
15 183 592
15 183 595
15 183 596
15 183 604
15 144 639
15 144 640
15 144 641
15 144 644
15 144 645
15 144 646
15 144 647
15 144 648
15 144 650
15 144 651
15 144 652
15 144 653
15 144 654
15 144 655
15 144 656
15 144 657
15 144 658
15 144 659
15 144 660
15 144 661
15 144 662
15 144 663
15 144 666
15 144 667
15 144 668
15 144 669
15 144 670
15 144 671
15 144 672
15 144 673
15 144 674
15 144 675
15 144 676
15 144 677
15 144 678
15 144 679
15 144 680
15 144 682
15 144 683
15 144 684
15 144 685
15 144 686
15 144 687
15 144 688
15 144 691
15 144 692
15 144 693
15 144 694
15 144 695
15 144 696
15 144 698
15 144 699
15 144 700
15 144 701
15 144 702
15 144 704
15 144 705
15 144 706
15 144 707
15 144 708
15 144 709
15 144 710
15 144 711
15 144 712
15 144 713
15 144 714
15 144 715
15 144 716
15 144 717
15 144 718
15 142 692
63 33 254
63 33 255
63 33 256
63 33 257
63 33 258
63 33 259
63 33 262
63 33 263
63 33 264
63 33 265
63 33 269
63 33 270
63 33 274
63 33 277
63 33 279
63 33 281
63 33 286
63 33 291
63 33 295
63 33 296
63 33 298
63 33 305
63 172 255
63 172 256
63 172 257
63 172 258
63 172 259
63 172 262
63 172 263
63 172 264
63 172 265
63 172 269
63 172 270
63 172 274
63 172 277
63 172 279
63 172 281
63 172 286
63 172 291
63 172 295
63 172 296
63 172 298
63 172 300
63 117 431
63 117 440
63 117 483
63 117 485
63 117 525
63 117 614
63 117 615
63 117 628
63 117 629
63 117 630
63 117 631
63 117 632
63 117 633
63 117 635
63 117 642
63 117 643
63 117 644
63 117 645
63 117 646
63 117 650
63 117 651
63 117 652
63 117 653
63 117 654
63 117 656
63 117 657
63 117 658
63 117 659
63 117 660
63 117 661
63 117 662
63 117 663
63 117 664
63 117 665
63 117 666
63 117 667
63 117 668
63 117 669
63 117 670
63 117 671
63 117 672
63 117 673
63 117 674
63 117 678
63 117 679
63 117 680
63 117 681
63 117 682
63 117 683
63 117 684
63 117 685
63 117 686
63 117 687
63 117 688
63 117 689
63 117 690
63 117 691
63 117 692
63 117 696
63 117 697
63 117 700
63 117 709
63 117 717
63 117 718
63 117 719
63 117 720
63 117 723
63 117 724
63 117 725
63 117 726
63 117 727
63 117 728
63 117 729
63 117 730
63 117 731
63 117 732
63 117 735
63 117 736
63 117 737
63 117 738
63 117 740
63 117 741
63 117 743
63 117 745
63 117 746
63 117 747
63 117 748
63 117 749
63 117 750
63 117 751
63 117 753
63 117 754
63 117 755
63 117 756
63 117 757
63 117 758
63 117 772
63 117 774
63 117 775
63 117 776
63 113 635
63 113 636
63 163 772
63 163 774
63 146 775
63 18 815
45 7 175
45 76 363
45 76 364
45 76 365
45 76 366
45 76 367
45 76 368
45 76 369
45 76 370
45 76 371
45 76 372
45 76 378
45 76 379
45 76 380
45 76 381
45 76 382
7 26 389
7 26 390
7 26 393
7 26 394
7 26 395
7 26 398
7 26 400
7 26 401
7 26 407
7 160 390
7 160 391
7 160 396
7 160 397
7 160 398
7 160 400
7 160 401
7 160 403
168 33 216
168 33 220
168 33 226
168 33 231
168 33 232
168 33 233
168 33 234
168 33 237
168 33 238
168 33 239
168 33 240
168 33 254
168 33 255
168 33 256
168 33 257
168 33 258
168 33 259
168 33 262
168 33 263
168 33 264
168 33 265
168 33 269
168 33 270
168 33 274
168 33 277
168 33 279
168 33 281
168 33 286
168 33 291
168 33 295
168 33 296
168 33 298
168 107 993
168 107 994
168 107 995
168 107 996
168 107 1001
168 107 1002
168 107 1019
168 107 1028
168 107 1029
168 107 1034
168 107 1035
168 107 1037
168 107 1039
168 107 1041
168 107 1042
168 92 1001
168 148 1063
168 35 1070
168 35 1073
168 35 1094
168 35 1095
168 35 1100
168 35 1104
168 35 1106
168 35 1111
168 35 1112
168 35 1129
168 35 1144
168 35 1145
168 35 1146
168 35 1147
168 35 1149
168 35 1150
168 35 1151
168 35 1152
168 35 1154
168 35 1155
168 35 1156
168 35 1161
168 35 1162
168 35 1163
168 35 1164
168 35 1165
168 35 1166
168 35 1168
168 35 1169
168 35 1170
168 35 1171
168 35 1172
168 35 1173
168 35 1174
168 35 1175
168 35 1176
168 35 1178
168 35 1180
168 35 1183
168 35 1185
168 35 1186
168 35 1190
168 35 1191
168 35 1238
168 35 1240
168 35 1243
168 35 1244
168 35 1245
168 35 1246
168 35 1247
168 35 1248
168 35 1249
168 35 1250
168 35 1251
168 35 1252
168 35 1255
168 35 1256
168 35 1258
168 35 1259
168 35 1261
168 35 1262
168 35 1266
168 35 1269
168 35 1270
168 35 1271
168 35 1275
168 35 1276
168 35 1277
168 35 1278
168 35 1280
168 35 1283
168 35 1284
168 35 1291
168 35 1292
168 35 1293
168 35 1336
168 35 1337
168 35 1338
168 35 1339
168 35 1356
168 35 1375
168 35 1376
33 83 434
33 83 435
33 83 438
32 172 217
32 172 218
32 172 219
32 172 221
32 172 222
32 172 224
32 172 225
32 172 227
32 172 230
32 172 241
32 172 248
32 172 260
32 172 261
32 172 266
32 172 267
32 172 268
32 172 271
32 172 272
32 172 273
32 172 275
32 172 276
32 172 278
32 172 280
32 172 282
32 172 283
32 172 284
32 172 285
32 172 287
32 172 288
32 172 289
32 172 290
32 172 292
32 172 293
32 172 294
32 172 297
32 172 299
32 172 300
32 172 301
32 172 302
32 117 464
32 117 794
32 170 780
32 170 781
32 170 786
32 170 789
32 170 794
32 170 795
32 170 796
32 170 797
32 170 798
32 170 799
32 170 800
32 170 803
32 170 804
32 170 805
32 170 806
32 170 807
32 170 808
32 170 810
32 170 811
32 170 812
32 170 813
32 170 814
32 170 815
32 170 816
32 170 817
32 170 818
32 64 793
32 64 794
32 64 802
32 64 805
32 2 807
32 140 814
32 140 815
172 182 326
172 127 1373
172 127 1378
172 127 1381
172 127 1382
172 127 1384
172 127 1385
172 127 1386
172 127 1387
172 127 1392
172 127 1393
172 127 1394
172 127 1395
172 127 1396
172 127 1397
172 127 1398
172 127 1399
172 127 1401
172 127 1404
172 127 1405
172 127 1406
172 127 1410
172 127 1413
172 127 1416
172 127 1419
172 127 1420
116 16 255
116 16 257
116 16 258
116 16 263
116 16 265
116 16 266
116 16 267
116 16 268
116 16 269
116 16 270
116 16 271
116 16 272
116 16 274
116 16 275
116 16 276
116 16 277
116 16 283
116 16 284
116 16 285
116 16 286
116 16 287
116 16 288
116 16 294
116 16 295
116 16 296
116 16 300
116 16 301
116 16 302
116 16 303
116 16 304
116 16 307
116 16 308
116 16 330
116 16 331
116 16 332
116 64 428
116 64 429
116 64 432
116 64 434
116 64 435
116 64 436
116 64 437
116 64 438
116 64 441
116 64 442
116 64 443
116 64 444
116 64 445
116 64 446
116 64 447
116 64 448
116 64 449
116 64 450
116 64 451
116 64 452
116 64 456
116 64 457
116 64 459
116 64 463
116 64 465
116 64 466
116 64 467
116 64 468
116 64 469
116 64 470
116 64 471
116 64 472
116 64 473
116 64 474
116 64 475
116 64 476
116 64 477
116 64 478
116 64 479
116 64 480
116 64 481
116 64 482
116 64 484
116 64 486
116 64 487
116 64 488
116 64 491
116 64 492
116 64 494
116 64 501
116 64 502
116 64 503
116 64 504
116 64 505
116 64 506
116 64 509
116 64 513
116 64 514
116 64 515
116 64 516
116 64 517
116 64 518
116 64 519
116 64 520
116 64 521
116 64 522
116 64 523
116 64 524
116 64 526
116 64 527
116 64 528
116 64 529
116 64 530
116 64 533
116 64 534
116 64 535
116 64 536
116 64 537
116 64 538
116 64 540
116 64 541
116 64 542
116 64 543
116 64 549
116 64 561
116 64 562
116 64 572
116 64 573
116 64 576
116 64 581
116 64 593
116 64 594
116 64 597
116 64 598
116 64 622
116 64 623
116 64 624
116 64 773
116 64 777
116 64 778
116 64 779
116 64 780
116 64 781
116 64 782
116 64 783
116 64 784
116 64 788
116 64 789
116 64 790
116 64 791
116 64 792
116 64 793
116 64 806
116 64 807
116 64 808
116 64 809
116 64 810
116 64 811
116 64 812
116 64 813
116 113 627
116 163 768
116 146 771
116 146 775
16 146 1287
70 31 273
70 31 277
70 166 1174
70 166 1177
70 166 1179
70 166 1184
70 83 1177
70 83 1181
70 83 1182
70 83 1183
70 83 1184
70 83 1220
70 83 1243
70 83 1245
70 83 1247
70 83 1248
70 83 1269
70 83 1270
70 83 1271
70 83 1272
70 83 1273
70 83 1274
70 83 1283
70 104 1185
70 19 1219
70 129 1257
70 99 1285
31 182 312
31 182 313
31 182 314
31 182 315
31 182 316
31 182 317
31 182 318
31 182 319
31 182 320
31 182 322
31 182 323
31 182 324
31 182 325
31 182 326
31 182 328
31 182 330
31 182 331
31 182 332
31 182 333
31 182 335
31 182 336
31 182 337
31 182 338
31 182 339
31 182 340
31 182 341
31 182 342
31 182 345
31 182 346
31 182 347
31 182 348
31 182 349
31 182 350
31 182 351
31 182 352
31 182 354
31 182 355
31 182 356
31 182 357
31 182 358
31 182 361
31 182 362
31 182 363
31 182 364
31 182 365
31 182 366
31 182 367
31 182 368
31 182 369
31 182 371
31 182 378
31 182 379
31 182 380
31 182 384
31 182 385
31 182 386
31 182 391
31 182 392
31 182 393
31 182 394
31 182 395
31 182 396
31 182 397
31 182 398
31 182 400
31 182 401
31 182 402
31 182 403
31 182 404
31 182 405
31 182 406
31 182 407
31 182 408
31 182 409
31 182 410
31 182 411
31 182 412
31 182 415
31 182 416
31 152 353
31 152 354
31 55 1203
31 55 1204
31 55 1205
31 55 1208
31 55 1209
31 55 1210
31 55 1211
31 55 1212
31 55 1213
112 148 303
112 148 304
112 148 314
112 148 315
112 148 316
112 148 317
112 148 318
112 148 319
112 148 320
112 148 322
112 148 324
112 148 325
112 148 330
112 148 331
112 148 332
112 148 334
112 148 335
112 148 338
112 148 346
112 148 347
112 148 348
112 148 350
112 148 358
112 148 359
112 148 360
112 148 361
112 148 362
112 148 363
112 148 364
112 148 365
112 148 366
112 148 367
112 148 368
112 148 369
112 148 370
112 148 371
112 148 372
112 148 386
112 148 396
112 148 397
112 148 399
112 148 400
112 148 402
112 148 403
112 148 404
112 148 408
112 148 409
112 148 410
112 148 411
112 148 413
112 148 414
112 148 415
112 148 416
112 148 418
112 148 422
112 148 424
112 148 425
112 148 427
112 148 428
112 148 429
112 148 430
112 148 433
112 148 435
112 148 438
112 148 444
112 148 445
112 148 447
112 148 452
112 148 455
112 148 456
112 148 460
112 148 486
112 148 505
112 148 519
112 148 520
112 148 522
112 148 524
112 148 535
112 148 542
112 148 546
112 148 553
112 148 554
112 148 559
112 34 442
112 83 444
112 158 594
112 158 599
112 158 600
112 158 602
112 158 709
112 103 595
112 103 600
112 103 601
112 103 607
112 103 610
112 103 617
112 103 618
112 103 621
112 103 622
112 103 623
112 103 624
112 103 625
112 103 637
112 103 638
112 103 642
112 103 643
112 103 645
112 103 648
112 103 653
112 103 654
112 103 656
112 103 659
112 103 663
112 103 665
112 103 670
112 103 674
112 103 682
112 103 689
112 103 697
112 103 700
112 103 705
112 103 716
112 103 721
112 103 722
112 103 723
112 103 727
112 122 598
112 122 599
112 122 600
112 122 601
112 122 602
112 122 607
112 122 609
112 122 610
112 122 709
112 87 631
112 71 696
112 47 717
148 182 394
148 85 443
148 20 989
148 20 992
148 20 995
148 20 997
148 20 998
148 20 1000
148 20 1005
148 20 1012
148 20 1013
148 20 1015
148 20 1020
148 20 1022
148 20 1029
148 20 1030
148 20 1034
148 20 1049
148 20 1053
148 20 1054
148 20 1057
148 20 1063
148 20 1064
148 90 995
148 90 998
148 90 1000
148 90 1003
148 90 1010
148 90 1015
148 90 1022
148 90 1023
148 90 1026
148 90 1029
148 90 1031
148 90 1033
148 90 1038
148 90 1049
148 90 1059
148 90 1063
148 90 1064
148 132 1017
148 3 1038
148 3 1043
148 3 1044
148 3 1045
148 3 1050
148 3 1051
148 3 1053
148 3 1054
148 117 1048
148 64 1048
148 109 1051
182 152 325
182 152 326
182 152 327
182 152 329
182 152 330
182 152 331
182 152 332
182 152 333
182 152 334
182 152 335
182 152 336
182 152 337
182 152 338
182 152 339
182 152 340
182 152 342
182 152 343
182 152 344
182 152 345
182 152 346
182 152 347
182 152 348
182 152 349
182 152 354
182 152 356
182 152 359
182 152 360
182 152 361
182 152 362
182 152 363
182 152 364
182 155 354
152 92 991
152 92 1004
152 92 1025
152 17 994
152 17 1004
152 17 1019
152 133 1022
152 3 1034
152 3 1035
152 3 1037
152 3 1041
152 3 1042
155 80 1219
155 80 1220
155 80 1223
155 80 1225
155 80 1229
155 80 1230
155 80 1231
155 80 1241
155 80 1242
155 80 1251
155 80 1253
155 80 1254
155 80 1255
155 80 1256
155 80 1257
155 80 1258
155 80 1259
155 80 1260
155 80 1261
155 80 1262
155 80 1263
155 80 1264
155 80 1266
155 80 1267
155 80 1269
155 80 1271
155 80 1272
155 80 1274
155 80 1275
155 80 1276
155 80 1277
155 80 1280
155 80 1281
155 80 1283
155 80 1285
155 80 1287
155 80 1289
155 80 1290
155 80 1299
155 80 1303
155 80 1305
155 80 1311
155 80 1317
155 80 1320
155 80 1322
155 80 1325
155 80 1326
155 80 1327
155 80 1332
155 80 1333
155 80 1335
155 80 1336
155 80 1351
155 80 1361
155 80 1363
155 55 1225
155 55 1227
155 55 1228
155 55 1229
155 55 1230
155 55 1255
155 55 1256
155 55 1257
155 55 1258
155 55 1259
155 55 1260
155 55 1264
155 55 1268
155 55 1270
155 55 1271
155 55 1272
155 55 1273
155 55 1275
155 55 1276
155 55 1278
155 55 1279
155 55 1280
155 55 1281
155 55 1282
155 55 1283
155 55 1284
155 55 1285
155 55 1286
155 55 1287
155 55 1288
155 55 1289
155 55 1290
155 55 1291
155 55 1292
155 55 1293
155 55 1294
155 55 1295
155 55 1296
155 55 1297
155 55 1299
155 55 1306
155 55 1307
155 55 1308
155 55 1309
155 55 1311
155 55 1315
155 55 1318
155 55 1319
155 55 1320
155 55 1322
155 55 1324
155 55 1327
155 55 1329
155 55 1330
155 55 1332
155 55 1334
155 55 1337
155 55 1338
155 55 1339
155 55 1340
155 55 1341
155 55 1342
155 55 1348
155 55 1350
155 55 1351
155 55 1352
155 55 1353
155 55 1355
155 55 1359
155 55 1360
155 55 1361
155 55 1363
155 55 1364
76 165 696
76 165 697
76 126 703
76 37 705
76 37 706
76 37 723
76 37 724
76 37 725
76 37 726
76 37 728
76 37 729
76 37 731
76 37 734
76 37 735
76 37 739
76 37 743
76 37 745
76 37 746
76 37 750
76 37 752
76 37 755
76 37 756
76 37 757
76 37 759
76 37 761
76 37 762
76 37 763
76 37 776
76 37 778
76 37 812
76 37 822
76 37 827
76 37 838
76 37 852
76 37 853
76 37 855
76 37 860
76 37 861
76 37 864
76 37 865
76 37 866
76 37 867
76 37 868
76 37 870
76 37 871
76 37 876
76 37 877
76 37 878
76 37 879
76 37 880
76 37 881
76 37 882
76 37 884
76 37 885
76 37 886
76 37 887
76 37 888
76 37 889
76 37 890
76 37 893
76 37 896
76 37 897
76 37 899
76 37 900
76 37 901
76 37 915
76 37 930
76 37 941
76 37 943
76 37 945
76 9 754
160 52 399
160 53 628
160 53 629
160 53 630
160 53 635
160 53 639
160 53 645
160 53 646
160 53 647
160 53 648
160 53 649
160 53 652
160 53 653
160 53 654
160 53 655
160 53 657
160 53 658
160 53 663
160 53 664
160 53 665
160 53 666
160 53 667
160 53 668
160 53 669
160 53 674
160 53 678
160 53 682
160 53 683
160 53 689
160 53 690
160 53 691
160 53 692
160 53 693
160 53 694
160 53 695
160 53 697
160 53 702
160 53 703
160 53 704
160 53 711
160 53 712
160 53 714
160 53 715
160 53 716
160 53 717
160 53 721
160 53 723
160 53 724
160 53 726
160 53 727
160 53 728
160 53 729
160 53 730
160 53 731
160 53 732
160 53 733
160 53 734
160 53 735
160 53 736
160 53 737
160 53 738
160 53 739
160 53 740
160 53 742
160 53 743
160 53 744
160 53 746
160 53 747
160 53 749
160 53 750
160 53 751
160 53 752
160 53 761
160 53 762
160 53 763
160 53 764
160 53 765
160 53 766
160 53 767
160 53 773
160 53 775
160 53 776
160 53 777
160 65 629
160 65 631
160 65 635
160 65 637
160 65 646
160 65 652
160 65 671
160 65 683
160 65 689
160 65 690
160 65 723
160 65 729
160 65 730
160 65 731
160 65 732
160 65 739
160 65 740
160 65 743
160 65 770
160 65 772
160 65 774
160 65 775
160 142 646
160 35 646
160 35 647
160 35 663
160 35 664
160 35 667
160 35 688
160 35 691
160 35 693
160 35 713
160 35 714
160 35 715
160 35 747
160 35 767
160 35 772
160 174 772
8 157 392
8 157 399
8 157 404
26 35 628
26 35 645
26 35 648
26 35 649
26 35 663
26 35 665
26 35 669
26 35 671
26 35 688
26 35 689
26 35 691
26 35 692
26 35 693
26 35 694
26 35 695
26 35 696
26 35 700
26 35 701
26 35 702
26 35 704
26 35 708
26 35 712
26 35 713
26 35 714
26 35 715
26 35 741
26 35 745
26 35 746
26 35 747
26 35 748
26 35 754
26 35 755
26 35 757
26 35 758
26 35 759
26 35 760
26 35 767
26 35 772
26 53 628
26 53 635
26 53 637
26 53 638
26 53 645
26 53 648
26 53 649
26 53 652
26 53 655
26 53 658
26 53 659
26 53 660
26 53 662
26 53 663
26 53 664
26 53 665
26 53 669
26 53 684
26 53 685
26 53 688
26 53 689
26 53 693
26 53 694
26 53 695
26 53 699
26 53 700
26 53 701
26 53 702
26 53 703
26 53 704
26 53 708
26 53 709
26 53 711
26 53 712
26 53 713
26 53 714
26 53 715
26 53 719
26 53 720
26 53 722
26 53 723
26 53 724
26 53 726
26 53 727
26 53 728
26 53 729
26 53 730
26 53 731
26 53 732
26 53 733
26 53 734
26 53 735
26 53 736
26 53 738
26 53 739
26 53 740
26 53 741
26 53 742
26 53 743
26 53 744
26 53 746
26 53 747
26 53 748
26 53 754
26 53 756
26 53 757
26 53 758
26 53 759
26 53 760
26 53 761
26 53 762
26 53 763
26 53 764
26 53 765
26 53 766
26 53 767
26 53 775
26 163 629
26 163 645
26 163 648
26 163 652
26 163 664
26 163 665
26 163 669
26 163 687
26 163 688
26 163 690
26 163 691
26 163 697
26 163 700
26 163 701
26 163 702
26 163 720
26 163 723
26 163 726
26 163 729
26 163 730
26 163 732
26 163 733
26 163 734
26 163 735
26 163 736
26 163 737
26 163 738
26 163 739
26 163 740
26 163 742
26 163 743
26 163 744
26 163 745
26 163 746
26 163 748
26 163 762
26 163 763
26 163 764
26 163 765
26 163 766
26 163 770
26 65 635
26 65 639
26 65 649
26 65 652
26 65 668
26 65 669
26 65 671
26 65 685
26 65 687
26 65 688
26 65 689
26 65 701
26 65 707
26 65 712
26 65 713
26 65 719
26 65 720
26 65 721
26 65 723
26 65 730
26 65 731
26 65 734
26 65 736
26 65 738
26 65 739
26 65 743
26 65 744
26 65 761
26 65 770
26 65 771
26 65 772
26 65 775
26 19 635
26 17 644
26 136 647
26 144 661
26 144 680
26 174 679
26 174 772
157 83 1178
157 83 1181
157 83 1182
157 83 1184
157 83 1185
157 83 1186
157 83 1187
157 83 1224
157 83 1225
157 83 1227
157 83 1228
157 83 1229
157 83 1232
157 83 1233
157 83 1234
157 83 1247
157 83 1252
157 83 1256
157 83 1282
157 83 1283
157 83 1284
157 83 1285
144 83 441
144 83 442
144 83 444
144 71 639
144 71 641
144 71 643
144 71 647
144 71 648
144 71 653
144 71 654
144 71 655
144 71 658
144 71 659
144 71 660
144 71 662
144 71 671
144 71 672
144 71 673
144 71 674
144 71 675
144 71 676
144 71 677
144 71 678
144 71 679
144 71 680
144 71 682
144 71 683
144 71 686
144 71 693
144 71 694
144 71 695
144 71 696
144 71 701
144 71 703
144 71 704
144 71 705
144 71 706
144 71 707
144 71 708
144 71 709
144 71 710
144 87 659
144 54 661
144 54 679
144 158 662
144 141 663
144 141 689
144 170 667
144 113 686
144 113 691
144 113 692
144 113 694
144 113 696
144 113 697
144 113 698
144 113 699
144 113 700
144 113 716
144 113 717
144 113 719
144 113 720
144 113 721
144 113 722
144 113 723
144 113 724
144 113 725
144 113 726
144 113 727
144 113 728
144 113 729
144 113 730
144 103 687
144 103 691
144 103 692
144 103 693
144 103 694
144 103 695
144 103 696
144 103 716
144 103 717
144 103 720
144 103 721
144 103 722
144 103 723
144 103 727
144 103 728
144 103 730
144 176 688
144 126 714
52 102 496
52 102 503
52 102 508
52 102 509
52 102 510
52 102 511
52 102 512
52 102 513
52 102 515
52 102 519
52 102 520
52 102 523
52 102 525
52 102 526
52 102 527
52 102 528
52 77 497
52 86 498
52 86 516
52 86 519
52 86 523
52 86 528
52 183 515
85 54 655
85 59 665
85 59 667
101 83 422
101 83 431
101 83 432
101 83 436
101 83 438
101 83 441
101 83 442
101 83 445
101 83 447
101 83 448
101 83 450
101 83 453
101 83 454
101 83 455
101 83 456
101 83 457
101 83 459
101 83 465
101 83 467
101 83 470
101 83 475
101 83 476
101 83 477
101 113 606
101 113 608
101 113 613
101 113 614
101 113 619
101 113 636
101 113 647
101 113 652
101 113 660
101 113 661
101 113 662
101 113 671
101 113 679
101 113 680
101 113 688
101 113 691
101 113 692
101 113 699
101 113 728
101 113 729
101 158 614
101 158 705
101 158 707
101 158 709
101 158 710
101 122 627
101 122 665
101 122 666
101 117 641
101 95 689
83 125 427
83 125 436
83 125 440
83 125 442
83 125 446
83 125 465
83 125 469
83 125 477
83 125 478
83 125 479
83 120 428
83 120 440
83 120 446
83 120 455
83 120 460
83 120 466
83 120 469
83 120 475
83 58 466
83 42 1179
83 42 1180
83 42 1181
83 42 1217
83 42 1223
83 42 1224
83 42 1225
83 42 1226
83 42 1227
83 42 1228
83 42 1229
83 42 1230
83 42 1231
83 42 1257
83 42 1258
83 42 1260
83 42 1261
83 42 1262
83 42 1263
83 42 1264
83 42 1265
83 42 1266
83 42 1267
83 42 1269
83 42 1271
83 42 1275
83 42 1280
83 42 1284
83 61 1184
83 61 1185
83 61 1186
83 61 1187
83 61 1189
83 61 1198
83 107 1189
120 34 439
120 183 502
120 183 503
120 183 504
120 183 505
120 183 506
120 183 508
120 183 509
120 183 510
120 183 511
120 183 512
120 183 513
120 183 520
120 183 521
120 183 522
120 183 524
120 183 525
120 183 530
120 183 531
125 99 445
125 99 460
125 99 467
125 99 477
125 165 657
125 165 658
125 41 666
125 41 667
125 47 709
125 47 710
125 47 711
125 47 715
125 47 716
125 47 731
125 47 732
125 47 734
125 47 735
125 47 739
125 47 744
125 47 754
125 47 790
125 47 801
125 47 802
125 47 803
125 47 806
125 47 810
125 88 725
125 88 734
125 88 745
125 88 746
125 88 755
125 88 756
125 88 758
125 88 792
125 88 810
64 2 756
64 19 758
64 19 1044
64 19 1101
64 19 1105
64 19 1107
64 19 1108
64 19 1109
64 19 1110
64 19 1122
64 19 1193
64 19 1194
64 19 1196
64 19 1198
64 19 1199
64 19 1202
64 19 1206
64 19 1207
64 19 1208
64 19 1209
64 166 773
64 53 773
64 65 773
64 174 794
64 174 795
64 174 796
64 174 797
64 174 798
64 174 799
64 174 800
64 174 801
64 174 802
64 174 804
64 174 805
64 27 1044
64 27 1045
64 27 1055
64 27 1095
64 27 1119
64 27 1120
64 48 1045
64 48 1047
64 48 1049
64 48 1051
64 48 1055
64 48 1057
64 48 1059
64 48 1060
64 48 1061
64 48 1062
64 48 1063
64 48 1064
64 48 1068
64 48 1070
64 48 1096
64 48 1098
64 48 1100
64 48 1101
64 48 1102
64 48 1104
64 48 1105
64 48 1111
64 48 1117
64 48 1118
64 48 1121
64 48 1122
64 48 1126
64 48 1127
64 48 1130
64 48 1131
64 48 1136
64 48 1138
64 48 1139
64 48 1143
64 48 1144
64 48 1147
64 48 1149
64 48 1151
64 48 1167
64 48 1173
64 48 1177
64 48 1189
64 48 1190
64 48 1191
64 48 1199
64 48 1200
64 48 1201
64 48 1203
64 48 1206
64 48 1208
64 48 1209
64 48 1211
64 48 1212
64 92 1048
64 92 1049
64 109 1051
64 173 1113
71 17 428
71 17 430
71 17 431
71 17 432
71 17 436
71 17 437
71 17 441
71 17 444
71 17 446
71 17 452
71 17 466
71 17 468
71 17 469
71 17 471
71 17 477
71 17 479
71 17 480
71 17 483
71 17 484
71 17 485
71 17 486
71 17 489
71 17 490
71 17 495
71 17 496
71 17 504
71 17 505
71 17 506
71 17 507
71 17 508
71 17 509
71 17 511
71 17 512
71 17 517
71 17 518
71 17 531
71 17 537
71 17 539
71 17 540
71 17 541
71 17 542
71 17 543
71 17 544
71 17 548
71 17 550
71 17 551
71 17 552
71 17 553
71 17 554
71 17 555
71 17 561
71 17 562
71 17 563
71 17 564
71 17 565
71 17 566
71 17 567
71 17 568
71 17 569
71 17 570
71 17 571
71 17 572
71 17 573
71 17 574
71 17 575
71 17 576
71 17 577
71 17 578
71 17 579
71 17 580
71 17 581
71 17 582
71 17 583
71 17 584
71 17 586
71 17 587
71 17 588
71 17 589
71 17 590
71 17 591
71 17 592
71 17 593
71 17 595
71 17 596
71 17 597
71 17 598
71 17 599
71 17 600
71 17 612
71 17 613
71 17 614
71 17 615
71 17 616
71 17 619
71 17 621
71 17 622
71 17 627
71 17 628
71 17 629
71 17 630
71 17 631
71 17 632
71 17 634
71 17 635
71 17 639
71 17 641
71 17 642
71 17 644
71 17 645
71 17 646
71 17 647
71 17 648
71 17 650
71 17 651
71 17 652
71 17 653
71 17 654
71 17 655
71 17 656
71 17 659
71 17 660
71 17 662
71 17 663
71 17 671
71 17 672
71 17 673
71 17 674
71 17 675
71 17 676
71 17 677
71 17 678
71 17 679
71 17 680
71 17 685
71 17 686
71 17 687
71 17 688
71 17 695
71 17 696
71 17 707
71 17 708
71 17 709
71 17 710
71 34 429
71 19 659
71 0 812
71 0 813
71 0 814
71 0 817
71 0 819
71 0 834
71 0 835
71 0 836
71 0 837
71 0 838
71 0 839
71 0 840
71 0 841
71 0 842
71 0 843
71 0 844
71 0 845
71 0 846
71 0 847
71 0 848
71 0 849
71 0 850
71 0 851
71 0 853
71 0 854
71 0 855
71 0 856
71 0 857
71 0 858
71 0 859
71 0 860
71 0 861
71 0 862
71 0 863
71 0 864
71 0 865
71 0 869
71 0 870
71 0 871
71 0 872
71 0 873
71 0 876
71 0 877
71 0 878
71 0 879
71 0 881
71 0 883
71 0 884
71 0 885
71 0 886
71 0 888
71 0 889
71 0 890
71 0 894
71 0 897
71 0 898
71 0 899
71 0 901
71 0 902
71 0 905
71 0 912
71 0 913
71 0 919
71 0 920
71 0 924
71 0 925
71 0 927
71 0 930
71 0 931
71 0 932
71 0 933
71 0 939
71 0 940
71 0 941
71 0 942
71 0 943
71 0 944
71 0 945
71 0 946
71 0 947
71 0 948
71 0 950
71 0 951
71 0 955
71 0 956
71 0 957
71 0 958
71 0 959
71 0 960
71 0 961
71 0 962
71 0 963
71 0 965
71 0 966
71 0 967
71 0 968
71 0 969
71 0 970
71 0 971
71 0 972
71 0 973
71 0 974
71 0 975
71 0 978
71 0 983
71 0 984
71 0 985
71 0 986
71 0 987
71 0 988
71 0 989
71 0 990
71 0 991
71 0 992
71 0 993
71 0 994
71 0 995
71 0 996
71 0 997
71 0 1000
71 0 1001
71 0 1005
71 0 1006
71 0 1010
71 0 1012
71 0 1015
71 0 1016
71 0 1019
71 0 1024
71 0 1025
71 0 1026
71 0 1027
71 0 1028
71 0 1031
71 0 1032
71 0 1042
71 0 1043
71 0 1045
71 0 1046
71 0 1047
71 0 1052
71 0 1053
71 0 1054
71 0 1055
71 0 1056
71 0 1058
71 0 1059
71 0 1060
71 0 1061
71 0 1062
71 0 1063
71 0 1066
71 0 1067
71 0 1068
71 0 1069
71 0 1071
71 0 1072
71 0 1073
71 0 1074
71 0 1075
71 0 1076
71 0 1077
71 0 1082
71 0 1083
71 0 1084
71 0 1085
71 0 1087
71 0 1088
71 0 1090
71 0 1091
71 0 1092
71 0 1093
71 0 1099
71 0 1100
71 0 1101
71 0 1102
71 0 1103
71 0 1104
71 0 1109
71 0 1114
71 0 1115
71 0 1120
71 0 1126
71 0 1127
71 0 1129
71 0 1131
71 0 1132
71 0 1133
71 0 1148
71 0 1149
71 106 818
71 67 990
71 67 1003
71 67 1004
71 67 1012
71 67 1015
71 67 1016
71 67 1028
71 67 1049
71 67 1072
71 186 1075
71 6 1086
71 6 1123
71 134 1090
71 10 1126
17 117 629
17 54 661
17 158 668
17 158 682
17 176 682
17 113 684
17 113 685
17 113 686
17 113 689
17 113 691
17 113 692
17 113 694
17 113 696
17 113 697
17 113 698
17 113 699
17 113 701
17 113 716
17 113 718
17 103 686
17 103 687
17 103 688
17 103 691
17 103 692
17 103 694
17 103 695
17 103 701
17 103 702
17 103 716
17 103 717
17 137 690
17 184 708
17 47 710
17 47 715
17 130 710
34 53 645
34 53 646
34 53 648
34 53 650
34 53 651
34 53 653
34 53 654
34 53 663
34 53 665
34 53 666
34 53 668
34 53 669
34 53 675
34 53 683
34 53 684
34 53 685
34 53 689
34 53 693
34 53 694
34 53 695
34 53 696
34 53 700
34 53 701
34 53 702
34 53 703
34 53 704
34 53 705
34 53 712
34 53 716
34 53 731
34 53 747
34 53 748
34 53 750
34 53 758
34 53 759
34 53 760
34 53 761
34 53 766
34 53 775
34 53 776
34 65 648
34 65 675
34 65 677
34 65 703
34 65 705
34 65 706
34 65 714
34 65 721
34 65 730
34 65 731
34 65 759
34 65 760
34 65 775
34 65 776
34 163 702
34 163 703
34 163 709
34 163 710
34 163 711
34 163 712
34 163 758
34 163 759
34 163 768
34 163 775
34 163 776
34 27 766
117 149 602
117 38 754
117 139 755
117 166 765
117 166 766
117 166 767
117 166 769
117 166 770
117 166 771
117 166 772
117 53 773
117 174 793
117 174 805
117 19 1045
117 19 1048
117 19 1050
117 19 1052
117 19 1092
117 19 1094
117 19 1098
117 19 1099
117 19 1102
117 19 1104
117 19 1107
117 19 1143
117 19 1144
117 19 1145
117 19 1147
117 19 1148
117 19 1157
117 19 1158
117 19 1159
117 19 1160
117 19 1161
117 19 1162
117 19 1163
117 19 1167
117 19 1170
117 19 1171
117 19 1185
117 19 1186
117 19 1187
117 19 1188
117 19 1190
117 19 1203
117 19 1204
117 19 1212
117 19 1213
117 19 1217
117 19 1218
117 19 1219
117 19 1222
117 19 1223
117 27 1045
117 27 1047
117 27 1048
117 27 1049
117 27 1050
117 27 1051
117 27 1052
117 27 1053
117 27 1091
117 27 1092
117 27 1094
117 27 1098
117 27 1100
117 27 1101
117 27 1102
117 27 1103
117 27 1104
117 27 1105
117 27 1107
117 27 1115
117 27 1122
117 27 1125
117 27 1131
117 27 1132
117 27 1133
117 27 1134
117 27 1135
117 27 1136
117 104 1214
58 87 615
58 87 618
58 87 619
58 87 630
58 87 631
58 87 632
58 87 635
58 87 637
58 87 660
58 87 668
99 146 1286
99 146 1290
99 146 1291
99 146 1301
99 146 1312
99 146 1320
99 78 1290
99 141 1310
53 46 659
53 66 766
53 66 767
53 66 776
121 74 499
121 74 500
121 74 504
121 74 505
121 74 506
121 74 507
121 74 514
121 74 530
121 74 536
121 41 501
121 41 503
121 41 506
121 41 514
121 41 515
121 161 506
121 161 516
121 161 531
121 161 532
121 161 536
121 173 507
121 173 508
121 173 515
121 173 517
121 173 518
121 173 519
121 173 520
121 173 530
121 173 531
121 173 532
121 173 536
121 103 602
121 103 603
121 103 604
121 103 608
121 103 609
121 103 610
121 113 608
121 113 615
121 158 613
121 158 614
121 158 615
121 158 616
121 158 629
121 158 630
121 158 631
121 158 632
121 158 633
121 158 634
121 158 639
121 158 640
121 158 641
121 158 657
121 158 658
121 158 659
121 158 660
121 158 661
121 158 663
121 158 664
121 158 666
121 158 667
121 158 669
121 158 682
121 158 683
121 158 685
121 158 688
121 158 689
121 158 690
121 158 692
121 158 695
121 158 698
121 158 699
121 158 700
121 158 709
121 158 714
121 158 717
121 158 718
121 158 719
121 158 720
121 158 729
121 158 730
121 158 733
121 158 734
77 173 507
77 173 512
77 173 536
77 161 508
77 161 512
77 161 514
77 161 515
77 161 516
77 161 518
77 161 519
77 161 530
77 161 536
77 149 1071
77 149 1072
77 149 1091
77 149 1110
77 149 1111
77 149 1116
77 149 1120
77 149 1121
77 149 1122
77 149 1123
77 149 1125
77 149 1132
77 149 1153
77 19 1112
77 19 1115
77 19 1116
77 27 1112
77 48 1121
86 47 810
183 41 499
183 41 517
183 41 536
183 74 505
183 74 508
183 74 530
183 161 506
183 161 508
183 161 517
183 161 523
183 161 525
183 161 529
183 161 530
183 161 531
183 161 534
183 161 536
183 173 515
183 173 525
183 173 528
183 173 529
183 173 532
41 173 500
41 173 504
41 173 505
41 173 509
41 173 514
41 173 515
41 173 532
41 74 505
41 74 512
41 74 517
41 74 518
41 161 511
41 161 512
41 161 518
41 161 519
41 161 520
41 161 526
41 161 532
41 161 534
74 193 1366
74 193 1367
74 193 1368
74 193 1369
74 193 1370
74 193 1375
74 193 1377
74 193 1378
74 193 1380
74 193 1392
74 193 1394
74 193 1395
74 193 1400
74 193 1401
74 193 1409
74 193 1411
74 193 1415
74 193 1417
173 150 962
173 150 964
173 150 966
173 150 967
173 150 968
173 150 970
173 150 977
173 150 978
173 150 981
173 150 984
173 150 987
173 150 989
173 150 991
173 150 992
173 150 993
173 150 994
173 150 995
173 150 999
173 150 1002
173 150 1003
173 150 1035
173 150 1040
173 150 1046
173 150 1054
173 150 1055
173 150 1056
173 150 1057
173 150 1058
173 150 1059
173 150 1060
173 150 1061
173 150 1062
173 150 1063
173 150 1064
173 150 1065
173 150 1068
173 150 1072
173 150 1075
173 150 1086
173 150 1087
173 150 1092
173 150 1093
173 150 1094
173 150 1096
173 150 1097
173 150 1098
173 150 1099
173 150 1103
173 150 1104
173 150 1105
173 150 1106
173 150 1107
173 150 1110
173 150 1111
173 150 1113
173 150 1114
173 150 1117
173 150 1123
173 150 1128
173 150 1131
173 150 1135
173 150 1141
173 150 1142
173 150 1143
173 150 1145
173 150 1146
173 150 1147
173 150 1148
173 150 1149
173 150 1152
173 150 1155
173 150 1156
173 150 1157
173 150 1158
173 150 1160
173 150 1161
173 150 1162
173 150 1163
173 150 1164
173 150 1166
173 150 1167
173 150 1168
173 150 1169
173 150 1170
173 109 995
161 169 509
161 169 510
161 169 512
161 169 513
161 169 524
161 169 527
161 169 536
161 108 849
161 108 850
161 108 852
161 108 853
161 108 854
161 108 856
161 108 857
161 108 858
161 108 860
161 108 865
161 108 868
161 108 871
161 108 876
161 108 877
161 108 880
161 108 881
161 108 882
161 108 883
161 108 884
161 108 885
161 108 887
161 108 888
161 108 890
161 108 891
161 108 892
161 108 893
161 108 894
161 108 895
161 108 896
161 108 897
161 108 898
161 108 900
169 54 669
169 137 683
169 95 685
78 9 582
78 9 593
78 9 594
78 9 595
78 9 596
78 9 597
78 9 598
78 9 599
78 9 600
78 9 603
78 9 604
78 9 605
78 9 606
78 9 608
78 9 611
78 9 617
78 9 619
78 9 622
78 9 623
78 9 624
78 9 625
78 9 626
78 9 672
78 9 674
9 19 749
9 38 754
122 162 594
122 162 595
122 162 597
122 162 598
122 162 599
122 162 600
122 162 602
122 162 603
122 162 604
122 162 605
122 162 606
122 162 607
122 162 610
122 162 611
122 162 612
122 162 617
122 162 618
122 162 619
122 162 620
122 162 621
122 162 622
122 162 623
122 162 624
122 162 625
122 162 626
122 46 602
122 174 681
122 129 701
122 142 709
122 136 717
162 113 597
162 113 603
162 113 604
162 113 617
162 113 618
162 103 598
162 103 599
162 103 600
162 103 602
162 103 603
162 103 605
162 103 626
162 46 610
162 46 611
162 46 621
162 184 621
162 88 1256
162 88 1258
162 88 1260
162 60 1259
162 60 1260
162 60 1261
162 60 1262
158 184 682
158 129 701
158 129 704
158 142 716
158 103 730
158 89 730
158 104 1430
103 96 672
103 96 678
103 96 679
103 96 680
103 96 684
103 96 717
103 96 718
103 96 719
103 96 720
103 96 721
103 96 729
103 96 736
103 96 741
103 96 755
103 96 756
103 96 757
103 96 760
103 96 761
103 96 763
103 91 674
103 91 677
103 91 678
103 91 679
103 91 680
103 91 682
103 91 683
103 91 684
103 91 687
103 91 688
103 91 689
103 91 690
103 91 691
103 91 692
103 91 694
103 91 695
103 91 696
103 91 698
103 91 700
103 91 708
103 91 713
103 91 714
103 91 716
103 91 719
103 91 720
103 91 721
103 91 726
103 91 729
103 91 730
103 91 731
103 91 732
103 91 733
103 91 735
103 91 736
103 91 737
103 91 738
103 91 739
103 91 740
103 91 741
103 91 742
103 91 743
103 91 744
103 91 745
103 91 755
103 91 757
103 91 758
103 91 759
103 91 760
103 91 761
103 91 763
103 185 678
103 185 680
103 185 681
103 185 682
103 185 683
103 185 684
103 185 688
103 185 689
103 185 690
103 185 691
103 185 692
103 185 694
103 185 695
103 185 698
103 185 699
103 185 700
103 185 707
103 185 708
103 185 709
103 185 713
103 185 714
103 185 715
103 185 716
103 185 717
103 185 718
103 185 719
103 185 726
103 185 729
103 185 730
103 185 736
103 185 737
103 185 738
103 185 740
103 185 741
103 185 743
103 185 744
103 185 745
103 185 746
103 185 747
103 185 748
103 185 749
103 185 750
103 185 751
103 185 752
103 185 753
103 185 754
103 185 755
103 185 759
103 185 760
103 185 762
103 185 763
103 129 705
103 142 731
113 19 652
113 19 1048
113 19 1049
113 19 1050
113 19 1054
113 19 1055
113 19 1056
113 19 1058
113 19 1059
113 19 1060
113 19 1061
113 19 1062
113 19 1072
113 19 1100
113 19 1101
113 19 1105
113 19 1106
113 19 1143
113 19 1144
113 19 1145
113 19 1146
113 19 1147
113 19 1148
113 19 1149
113 19 1150
113 19 1151
113 19 1152
113 19 1153
113 19 1154
113 19 1155
113 19 1156
113 19 1157
113 19 1164
113 19 1170
113 19 1171
113 19 1172
113 19 1175
113 19 1176
113 19 1177
113 19 1179
113 19 1185
113 19 1186
113 19 1187
113 19 1188
113 19 1189
113 19 1193
113 19 1204
113 19 1214
113 19 1216
113 19 1217
113 19 1218
113 19 1222
113 19 1223
113 19 1224
113 19 1225
113 136 692
113 38 715
113 27 1047
113 27 1048
113 27 1050
113 27 1051
113 27 1052
113 27 1055
113 27 1061
113 27 1080
113 27 1081
113 27 1089
113 27 1090
113 27 1091
113 27 1092
113 27 1098
113 27 1105
113 27 1107
113 27 1121
113 27 1122
113 27 1123
113 27 1124
113 27 1125
113 65 1072
113 65 1073
113 65 1099
113 65 1100
113 65 1101
113 65 1102
113 65 1104
113 65 1105
113 65 1107
113 48 1100
113 48 1102
113 48 1104
113 48 1106
113 48 1200
113 93 1185
149 133 1082
149 28 1110
149 47 1125
149 106 1125
149 164 1156
46 153 615
46 190 658
46 65 659
153 37 609
153 37 615
153 37 616
153 37 636
153 37 640
153 37 642
153 37 643
153 37 650
153 37 653
153 37 654
153 37 655
153 37 656
153 37 657
153 37 658
153 174 651
153 19 1115
37 89 712
36 164 1159
36 164 1160
36 164 1177
36 164 1179
36 164 1184
36 164 1187
36 164 1188
36 164 1242
87 127 1000
87 127 1009
87 127 1011
87 127 1018
87 127 1020
87 127 1026
87 127 1029
87 127 1049
87 127 1057
87 127 1059
87 127 1063
87 127 1072
87 127 1073
87 127 1078
87 127 1079
87 127 1081
87 127 1082
87 127 1083
87 127 1088
87 127 1089
87 127 1093
87 127 1095
87 127 1097
87 127 1099
87 127 1101
87 127 1103
87 127 1111
87 164 1027
87 3 1029
184 95 668
184 95 669
184 95 670
184 95 672
184 95 673
184 95 675
184 95 676
184 95 677
184 95 678
184 95 679
184 95 682
184 95 686
184 95 688
184 95 689
184 95 690
184 95 691
184 95 692
184 95 693
184 95 694
184 95 695
184 95 699
184 95 700
184 95 701
184 95 702
184 95 703
184 95 704
184 95 705
184 95 707
184 95 708
184 95 709
184 95 710
184 95 717
184 95 718
184 95 720
184 95 721
184 95 725
184 95 727
184 95 730
184 95 732
184 95 733
184 95 741
184 95 747
184 95 748
184 95 753
184 95 754
184 95 756
184 95 757
184 95 758
184 95 767
184 95 768
184 95 769
184 95 772
184 95 773
184 95 774
184 95 775
184 95 776
184 95 779
184 95 787
184 95 789
184 95 790
184 95 794
35 54 628
35 54 631
35 54 635
35 54 647
35 54 649
35 54 662
35 54 664
35 54 667
35 54 676
35 54 686
35 54 688
35 54 713
35 54 715
35 54 729
35 54 767
35 54 772
35 66 649
35 66 652
35 66 676
35 66 713
35 66 729
35 66 767
35 66 772
35 4 1092
35 106 1095
35 106 1100
54 65 629
54 65 636
54 65 637
54 65 639
54 65 645
54 65 646
54 65 651
54 65 652
54 65 654
54 65 655
54 65 656
54 65 659
54 65 670
54 65 672
54 65 673
54 65 674
54 65 675
54 65 676
54 65 677
54 65 681
54 65 684
54 65 686
54 65 689
54 65 690
54 65 691
54 65 692
54 65 694
54 65 695
54 65 696
54 65 697
54 65 698
54 65 699
54 65 700
54 65 701
54 65 702
54 65 703
54 65 704
54 65 705
54 65 706
54 65 707
54 65 708
54 65 710
54 65 711
54 65 712
54 65 713
54 65 714
54 65 715
54 65 719
54 65 720
54 65 721
54 65 722
54 65 723
54 65 724
54 65 725
54 65 726
54 65 727
54 65 728
54 65 729
54 65 730
54 65 731
54 65 732
54 65 733
54 65 734
54 65 736
54 65 740
54 65 742
54 65 743
54 65 746
54 65 747
54 65 748
54 65 758
54 65 759
54 65 760
54 65 761
54 65 762
54 65 770
54 65 771
54 65 772
54 65 773
54 65 775
54 142 648
54 142 649
54 174 658
54 19 666
54 97 884
54 97 887
54 97 889
54 97 890
54 97 892
54 97 893
54 97 897
54 97 899
54 97 907
54 97 911
54 97 912
54 97 914
54 97 917
54 97 924
54 97 926
163 66 766
163 66 768
163 66 776
163 65 773
65 95 680
65 3 1049
65 3 1064
65 47 1069
65 47 1153
65 106 1092
65 106 1093
65 106 1126
65 4 1113
65 150 1113
65 145 1130
65 11 1131
136 19 632
136 19 635
136 19 639
136 19 679
136 19 680
136 19 681
136 19 682
136 19 687
136 19 688
136 19 689
136 19 690
136 19 691
136 19 694
136 19 711
136 19 712
136 19 713
136 19 714
136 19 715
136 19 716
136 19 718
136 19 719
136 19 720
136 19 721
136 19 722
136 19 723
136 19 724
136 19 725
136 19 726
136 19 727
136 19 728
136 19 729
136 19 730
136 19 731
136 19 733
136 19 734
136 19 736
136 19 737
136 19 738
136 19 739
136 19 740
136 19 743
136 19 749
136 19 752
136 19 753
136 19 754
136 19 756
136 19 757
136 19 759
136 19 760
136 19 761
136 20 637
136 20 638
136 20 640
136 20 644
136 20 645
136 20 646
136 20 648
136 20 649
136 20 651
136 20 683
136 20 688
136 20 691
136 20 704
136 20 708
136 20 709
136 20 710
136 20 711
136 20 715
136 20 717
136 20 718
136 165 682
19 165 666
19 95 672
19 130 685
19 105 741
19 105 749
19 105 750
19 105 751
19 126 743
19 126 744
19 47 744
19 47 1079
19 47 1100
19 47 1106
19 47 1108
19 47 1121
19 47 1122
19 47 1198
19 47 1199
19 47 1205
19 47 1206
19 47 1207
19 47 1208
19 47 1209
19 42 746
19 91 750
19 185 750
19 28 1044
19 28 1045
19 28 1047
19 28 1049
19 28 1050
19 28 1052
19 28 1056
19 28 1057
19 28 1062
19 28 1065
19 28 1079
19 28 1083
19 28 1084
19 28 1086
19 28 1088
19 28 1094
19 28 1096
19 28 1097
19 28 1098
19 28 1099
19 28 1102
19 28 1103
19 28 1104
19 28 1105
19 28 1112
19 28 1113
19 28 1114
19 28 1115
19 28 1138
19 90 1048
19 106 1095
19 4 1118
19 96 1133
19 11 1141
19 145 1156
19 145 1157
20 142 639
20 142 640
20 142 641
20 142 644
20 142 645
20 142 649
20 142 651
20 142 679
20 142 684
20 142 685
20 142 689
20 142 691
20 142 692
20 142 693
20 142 694
20 142 695
20 142 697
20 142 699
20 142 701
20 142 702
20 142 703
20 142 708
20 142 710
20 142 711
20 142 715
20 142 717
20 92 989
20 92 994
20 92 995
20 92 997
20 92 998
20 92 1003
20 92 1006
20 92 1007
20 92 1008
20 92 1009
20 92 1011
20 92 1012
20 92 1014
20 92 1017
20 92 1020
20 92 1021
20 92 1028
20 92 1041
20 92 1042
20 92 1043
20 92 1054
20 92 1057
20 92 1058
20 92 1059
20 92 1060
20 92 1061
20 92 1064
20 133 1023
20 133 1037
20 133 1038
20 133 1040
20 133 1042
20 133 1044
20 133 1045
20 133 1057
20 133 1058
20 3 1033
20 3 1034
20 3 1036
20 3 1037
20 3 1038
20 3 1039
20 3 1049
20 3 1050
20 3 1053
20 3 1054
20 3 1058
20 3 1059
20 3 1060
20 3 1061
137 142 637
137 142 639
137 142 640
137 142 642
137 142 643
137 142 644
137 142 645
137 142 646
137 142 647
137 142 648
137 142 649
137 142 654
137 142 655
137 142 656
137 142 657
137 142 661
137 142 662
137 142 663
137 142 664
137 142 665
137 142 666
137 142 667
137 142 668
137 142 669
137 142 674
137 142 675
137 142 676
137 142 678
137 142 679
137 142 680
137 142 681
137 142 682
137 142 683
137 142 685
137 142 688
137 142 689
137 142 691
137 142 692
137 142 694
137 142 696
137 142 697
137 142 698
137 142 699
137 142 700
137 142 701
137 142 703
137 142 704
137 142 705
137 142 706
137 142 707
137 142 708
137 142 709
137 142 710
137 142 711
137 142 712
137 142 713
137 142 714
137 142 715
137 142 716
137 142 717
137 142 719
137 142 723
137 142 724
137 142 725
137 142 726
137 142 727
137 142 729
137 142 731
137 142 1123
137 21 1129
137 21 1135
137 21 1144
137 21 1145
137 21 1146
137 21 1166
137 21 1168
137 21 1183
137 27 1139
137 80 1144
137 10 1169
137 93 1178
142 170 670
142 176 676
142 165 683
142 11 1106
142 11 1111
142 11 1112
142 11 1121
142 11 1122
142 11 1124
142 11 1150
142 11 1159
142 11 1161
174 165 655
174 165 688
174 146 785
174 2 807
174 2 814
174 134 1237
174 134 1238
174 134 1239
174 134 1240
174 134 1242
174 134 1243
174 134 1244
174 134 1247
174 134 1248
174 134 1249
174 134 1251
174 134 1252
174 134 1253
174 134 1256
174 134 1257
174 134 1258
174 134 1259
174 134 1261
174 134 1262
174 134 1263
174 134 1264
174 134 1265
174 134 1266
174 134 1267
174 134 1268
174 134 1269
174 134 1270
174 134 1271
174 134 1273
174 134 1275
174 134 1276
174 134 1277
174 134 1278
174 134 1279
174 134 1281
174 134 1282
174 134 1283
174 134 1284
174 134 1285
174 134 1287
174 134 1311
174 134 1314
174 134 1316
174 134 1319
174 134 1331
174 134 1345
174 134 1347
174 134 1348
174 134 1357
174 134 1362
174 134 1363
174 134 1364
174 1 1310
174 1 1311
174 1 1313
174 1 1319
174 1 1320
174 1 1323
174 1 1329
174 1 1330
174 1 1339
174 1 1356
66 27 766
66 27 767
66 27 768
66 0 986
66 0 987
66 0 988
66 127 1080
66 127 1095
165 90 1257
165 90 1259
165 90 1261
165 90 1262
165 90 1264
165 90 1265
165 90 1266
165 90 1267
165 90 1272
165 90 1273
141 178 1289
141 178 1291
141 178 1292
141 178 1296
141 178 1336
141 178 1337
141 178 1343
141 5 1290
141 5 1292
141 5 1299
141 5 1300
141 5 1312
141 5 1314
141 5 1330
141 5 1331
141 5 1340
141 150 1295
141 150 1296
141 150 1297
141 150 1299
141 150 1308
141 150 1310
141 150 1312
141 150 1329
141 150 1330
141 90 1345
141 90 1347
170 12 690
170 139 815
95 55 885
95 55 886
95 55 891
95 55 894
95 55 896
95 55 901
95 55 902
95 55 904
95 55 908
95 55 909
95 55 915
95 55 916
95 55 925
95 55 928
95 55 934
91 94 672
91 94 678
91 94 679
91 94 680
91 94 686
91 94 716
91 94 717
91 94 719
91 94 720
91 94 729
91 94 738
91 94 758
91 94 759
91 94 763
91 191 673
91 191 681
91 191 682
91 191 683
91 191 684
91 191 686
91 191 687
91 191 688
91 191 689
91 191 690
91 191 691
91 191 692
91 191 693
91 191 694
91 191 695
91 191 696
91 191 697
91 191 698
91 191 706
91 191 708
91 191 711
91 191 712
91 191 719
91 191 720
91 191 722
91 191 726
91 191 727
91 191 728
91 191 730
91 191 731
91 191 736
91 191 739
91 191 743
91 191 744
91 191 746
91 191 747
91 191 757
91 191 759
91 191 760
91 191 763
91 191 764
91 10 698
91 79 740
91 38 758
91 12 1135
91 12 1138
91 12 1140
91 12 1143
91 12 1144
91 12 1146
91 12 1148
91 12 1151
91 12 1161
91 12 1164
91 12 1170
91 12 1171
91 12 1172
91 12 1173
91 12 1178
94 105 725
94 185 766
94 134 1267
94 134 1269
94 134 1270
94 134 1280
94 134 1281
94 134 1282
94 134 1283
94 134 1284
94 134 1285
94 134 1301
94 134 1309
94 134 1314
94 134 1321
94 134 1337
94 134 1344
94 134 1348
94 134 1349
94 134 1350
94 134 1351
94 134 1357
94 134 1359
94 134 1360
94 134 1362
94 48 1267
94 48 1268
94 48 1269
94 48 1276
94 48 1278
94 48 1279
94 48 1310
94 48 1311
94 48 1318
94 48 1325
94 48 1326
94 48 1327
94 48 1328
94 48 1329
94 48 1330
94 48 1331
94 48 1336
94 48 1348
94 48 1349
94 48 1350
94 48 1351
94 179 1268
94 179 1269
94 179 1270
94 179 1294
94 179 1297
94 179 1304
94 179 1305
94 179 1306
94 179 1307
94 179 1308
94 179 1310
94 179 1313
94 179 1321
94 179 1323
94 179 1332
94 179 1334
94 179 1337
94 179 1352
94 179 1353
94 179 1355
94 179 1361
94 179 1362
94 97 1276
94 1 1304
94 1 1305
94 1 1306
94 1 1307
94 1 1308
94 1 1309
94 1 1310
94 1 1311
94 1 1312
94 1 1314
94 1 1315
94 1 1316
94 1 1318
94 1 1319
94 1 1320
94 1 1321
94 1 1322
94 1 1323
94 1 1325
94 1 1329
94 1 1330
94 1 1331
94 1 1332
94 1 1333
94 1 1334
94 1 1339
94 1 1340
94 1 1341
94 1 1342
94 1 1344
94 1 1345
94 1 1346
94 1 1347
94 1 1349
94 1 1351
94 1 1359
94 1 1360
94 1 1361
94 1 1363
96 191 677
96 191 678
96 191 715
96 191 725
96 191 729
96 191 730
96 191 756
96 191 757
96 191 760
96 191 763
96 191 764
96 191 765
96 177 1089
96 177 1091
96 177 1093
96 177 1096
96 177 1097
96 177 1099
96 177 1101
96 177 1106
96 177 1118
96 177 1129
96 177 1130
96 177 1138
96 177 1148
105 191 673
105 191 697
105 191 701
105 191 703
105 191 722
105 191 724
105 191 725
105 191 727
105 191 728
105 89 673
105 89 693
105 89 701
105 89 712
105 89 722
105 89 724
105 89 725
105 89 727
105 89 728
105 10 698
105 79 740
105 164 1000
105 164 1003
105 164 1007
105 164 1008
105 164 1012
105 164 1013
105 164 1014
105 164 1015
105 164 1018
105 164 1033
105 164 1038
105 164 1040
105 164 1043
105 164 1044
105 164 1045
105 164 1046
105 164 1047
105 164 1048
105 164 1049
105 164 1050
105 164 1051
105 164 1052
105 164 1053
105 164 1054
105 164 1055
105 164 1056
105 164 1057
105 164 1058
105 164 1059
105 164 1060
105 164 1061
105 164 1062
105 164 1063
105 164 1064
105 164 1065
105 3 1003
105 92 1063
105 92 1064
89 42 747
89 126 942
89 126 943
89 126 945
89 126 948
89 126 949
89 126 950
89 126 957
89 126 958
89 126 959
89 126 960
89 126 961
89 126 962
89 126 963
89 126 964
89 126 965
89 126 966
89 126 967
89 126 968
89 126 969
89 126 979
89 126 980
89 126 981
89 126 1001
89 126 1007
89 126 1008
89 126 1010
89 126 1012
89 126 1027
89 126 1028
89 126 1030
89 126 1035
89 126 1040
89 126 1062
89 126 1064
89 126 1065
89 126 1066
89 126 1067
89 126 1068
89 126 1069
89 126 1070
89 126 1071
89 126 1074
89 126 1075
89 126 1076
89 126 1077
89 126 1080
89 126 1084
89 126 1085
89 126 1087
89 126 1090
89 126 1091
89 126 1092
89 126 1094
89 126 1096
89 126 1098
89 126 1100
89 126 1102
89 126 1104
89 126 1106
89 126 1108
89 126 1110
89 90 1019
11 129 675
11 129 678
11 129 687
11 129 688
11 129 692
11 129 698
11 129 701
11 129 709
11 129 710
11 127 1110
129 126 685
129 107 1239
129 21 1255
176 93 712
176 93 714
176 93 715
176 93 716
176 93 719
176 93 722
176 93 723
176 93 724
176 93 726
176 93 728
176 93 729
176 93 731
176 93 734
176 93 743
176 93 749
176 93 751
176 93 755
176 93 771
176 93 793
176 128 1383
176 128 1391
176 128 1400
176 128 1407
176 128 1409
176 128 1414
185 10 698
126 109 998
126 164 1019
126 164 1027
126 3 1029
130 12 686
130 12 691
130 12 695
130 12 699
130 12 700
130 12 702
130 12 703
130 12 706
130 12 707
130 12 711
130 38 1162
130 61 1221
42 10 694
42 10 696
42 10 702
42 10 703
42 10 704
42 10 705
42 10 707
42 10 723
42 10 738
42 10 739
42 10 740
42 10 748
42 10 749
42 10 752
42 10 753
10 145 1107
10 145 1109
10 145 1110
10 145 1113
10 145 1114
10 145 1115
10 145 1116
10 145 1117
10 145 1118
10 145 1119
10 145 1125
10 145 1128
10 145 1129
10 145 1130
10 145 1131
10 145 1132
10 145 1133
10 145 1134
10 145 1135
10 145 1136
10 145 1138
10 145 1140
10 145 1141
10 145 1142
10 145 1144
10 145 1145
10 145 1146
10 145 1147
10 145 1148
10 145 1149
10 145 1151
10 145 1152
10 145 1158
10 145 1160
10 145 1162
10 145 1168
10 145 1169
10 145 1170
10 145 1172
47 135 744
47 135 754
47 27 1045
38 79 732
38 79 733
38 79 738
38 79 740
38 79 741
38 79 742
38 79 754
38 79 758
38 79 764
38 79 765
38 79 773
38 79 779
38 79 780
38 79 781
38 79 782
38 79 784
38 79 785
38 79 786
38 79 824
38 79 833
38 79 841
38 79 944
38 79 946
38 79 947
38 79 949
38 79 950
38 79 952
38 79 955
38 79 956
38 140 753
88 135 756
135 138 1258
135 179 1312
135 179 1346
135 92 1358
2 139 750
2 139 752
2 139 753
2 139 754
2 139 757
2 139 758
2 139 759
2 139 769
2 139 771
2 139 777
2 139 778
2 139 783
2 139 784
2 139 785
2 139 788
2 139 789
2 139 814
2 139 815
2 139 816
2 139 820
2 139 821
2 139 823
2 139 824
2 139 825
2 139 828
2 139 829
2 139 830
2 139 831
2 139 832
2 139 833
2 139 836
2 139 841
2 139 842
2 132 841
2 132 842
2 177 841
2 177 842
139 132 816
139 80 1428
139 80 1435
140 177 841
140 177 842
140 6 973
140 6 974
140 6 975
140 6 980
140 6 982
140 6 983
140 6 984
140 6 986
140 6 987
140 6 988
140 6 989
140 6 990
140 6 996
140 6 997
140 6 998
140 6 999
140 6 1006
140 6 1007
140 6 1010
140 6 1011
140 6 1021
140 6 1025
140 6 1027
140 6 1039
140 6 1047
140 6 1048
140 6 1049
140 6 1052
140 6 1061
140 6 1062
140 6 1063
140 6 1064
140 6 1065
140 6 1066
140 6 1067
140 6 1068
140 6 1069
140 6 1070
140 6 1072
140 6 1073
140 6 1074
140 6 1076
140 6 1078
140 6 1079
140 6 1080
140 6 1084
140 6 1091
140 6 1100
140 6 1101
140 6 1103
140 6 1110
140 6 1111
140 6 1112
140 6 1113
140 6 1114
140 6 1115
140 6 1116
140 6 1119
140 6 1124
140 6 1125
140 6 1126
140 6 1130
140 6 1139
166 187 1183
166 188 1183
166 61 1184
27 0 1092
27 0 1093
27 106 1093
27 4 1112
27 4 1115
146 81 1278
146 81 1280
146 81 1281
146 81 1284
146 81 1285
146 81 1287
146 81 1288
146 81 1289
146 81 1290
146 81 1291
146 81 1293
146 81 1296
146 81 1298
146 81 1300
146 81 1301
146 81 1303
146 81 1304
146 81 1306
146 81 1308
146 81 1309
146 81 1310
146 81 1314
146 81 1316
146 81 1317
146 81 1318
146 81 1319
146 81 1320
146 81 1321
146 81 1322
146 81 1323
146 81 1324
146 81 1325
146 81 1328
146 81 1330
146 81 1332
146 81 1333
146 72 1284
132 177 787
132 177 788
132 177 789
132 177 790
132 177 793
132 177 808
132 177 809
132 177 810
132 177 814
132 177 816
132 177 817
132 177 818
132 177 819
132 177 821
132 177 829
132 177 834
132 177 837
132 177 838
132 177 841
132 177 842
132 164 1003
132 92 1013
132 92 1014
132 92 1017
132 92 1018
132 92 1031
132 92 1038
132 92 1048
132 92 1050
132 92 1051
132 92 1056
132 92 1057
132 92 1058
177 0 840
177 106 1100
177 106 1101
0 131 840
0 67 1015
0 67 1062
0 67 1084
18 81 1287
18 60 1297
104 107 1197
104 107 1203
104 107 1204
104 107 1205
104 107 1210
104 134 1253
104 55 1430
108 133 1109
108 4 1109
108 6 1109
97 150 1310
67 192 915
67 192 916
67 192 917
67 192 918
67 192 919
67 192 921
67 192 922
67 192 923
67 192 924
67 192 925
67 192 926
67 192 929
67 192 930
67 192 932
67 192 934
67 192 935
67 192 939
67 192 941
67 192 942
67 192 943
67 192 944
67 192 945
67 192 946
67 192 947
67 192 964
67 192 965
67 192 968
67 192 969
67 192 971
67 192 979
67 192 980
67 192 981
67 192 982
67 192 983
67 192 984
67 192 989
67 192 993
67 192 994
67 192 995
67 192 996
67 192 997
67 192 998
67 192 1000
67 192 1001
67 192 1002
67 192 1016
67 192 1017
67 192 1018
67 192 1030
67 192 1031
67 192 1038
67 192 1041
67 192 1042
67 192 1043
67 192 1045
67 192 1046
67 192 1054
67 192 1056
67 192 1057
67 192 1059
67 192 1068
67 192 1069
67 192 1071
67 192 1072
67 192 1073
67 192 1074
67 192 1076
67 192 1077
67 192 1078
67 192 1079
67 192 1080
67 192 1081
67 192 1082
67 192 1083
67 192 1086
67 192 1087
67 192 1088
67 192 1089
67 192 1090
67 192 1091
67 192 1092
67 192 1093
67 192 1094
67 192 1095
67 192 1096
67 192 1097
67 192 1102
67 60 1246
67 60 1267
67 60 1268
67 60 1269
67 60 1270
67 60 1271
67 60 1272
67 60 1273
67 60 1274
67 60 1275
67 60 1282
67 60 1285
67 60 1286
67 60 1289
67 60 1291
67 60 1292
67 60 1297
67 60 1298
67 60 1300
67 60 1301
67 60 1302
67 60 1303
67 60 1305
67 60 1308
67 60 1309
67 60 1310
67 60 1311
67 60 1313
67 60 1314
67 60 1315
67 60 1316
67 60 1317
67 60 1318
67 60 1319
67 60 1320
67 60 1323
67 60 1324
67 60 1325
67 60 1326
67 60 1327
67 60 1328
67 60 1329
67 60 1330
67 60 1331
67 60 1332
67 60 1333
67 60 1334
67 60 1335
67 60 1337
67 60 1338
67 60 1339
67 60 1343
67 60 1364
67 60 1440
67 60 1441
67 60 1442
67 90 1271
133 3 956
133 3 958
133 3 959
133 3 962
133 3 963
133 3 964
133 3 969
133 3 970
133 3 971
133 3 972
133 3 973
133 3 974
133 3 975
133 3 976
133 3 977
133 3 978
133 3 981
133 3 983
133 3 984
133 3 986
133 3 987
133 3 988
133 3 991
133 3 992
133 3 994
133 3 995
133 3 996
133 3 997
133 3 1000
133 3 1003
133 3 1029
133 3 1037
133 3 1046
133 3 1047
133 3 1048
133 3 1057
133 3 1058
133 3 1059
133 3 1063
133 3 1064
133 3 1065
133 90 996
133 90 998
133 90 1019
133 90 1022
133 90 1023
133 90 1024
133 90 1035
133 90 1036
133 90 1037
133 150 1050
3 178 964
3 150 965
3 109 966
3 109 1050
3 109 1051
3 6 983
3 90 996
3 90 997
3 90 998
3 90 999
3 90 1028
3 90 1034
3 90 1035
3 90 1036
3 90 1037
3 92 1045
3 92 1046
3 92 1048
3 92 1049
3 92 1050
3 92 1058
3 92 1059
3 92 1060
150 109 970
150 109 995
150 109 996
150 109 998
150 109 1000
150 109 1002
150 109 1003
150 109 1017
150 109 1018
150 109 1019
150 109 1020
150 109 1026
150 109 1035
150 109 1100
150 109 1101
150 109 1102
150 109 1103
150 109 1104
150 6 979
150 6 987
150 48 1113
150 48 1131
150 134 1114
150 4 1114
150 5 1290
150 5 1291
150 5 1292
150 5 1293
150 5 1294
150 5 1297
150 5 1299
150 5 1303
150 5 1305
150 5 1306
150 5 1307
150 5 1308
150 5 1313
150 5 1315
150 5 1316
150 5 1317
150 5 1318
150 5 1319
150 5 1324
150 5 1326
150 5 1327
150 5 1328
150 5 1329
150 5 1330
150 5 1331
150 5 1337
150 5 1338
150 5 1339
150 5 1344
150 186 1292
150 186 1293
150 186 1295
150 186 1296
150 186 1297
150 186 1324
150 186 1343
150 186 1344
150 186 1345
178 145 965
178 145 969
178 145 971
178 145 979
178 145 980
178 145 982
178 145 983
178 145 985
178 145 986
178 145 997
178 145 1067
178 145 1069
178 145 1150
178 145 1151
178 145 1153
178 145 1159
178 109 970
178 109 1002
178 109 1040
178 109 1044
178 6 981
178 6 982
178 6 986
178 6 987
178 6 988
178 5 1290
178 5 1291
178 5 1292
178 5 1298
178 5 1324
178 5 1325
178 5 1344
145 109 997
145 109 1004
145 109 1025
145 109 1027
145 138 1122
145 6 1125
109 164 972
109 6 978
109 6 979
109 6 980
109 6 981
109 107 999
6 134 1109
6 134 1110
92 28 1267
92 28 1268
92 28 1275
92 28 1276
92 28 1277
92 28 1278
92 28 1279
92 28 1297
92 28 1327
92 28 1330
92 28 1336
92 28 1348
92 28 1349
92 28 1350
92 28 1351
92 1 1366
92 1 1367
92 1 1369
92 1 1370
92 1 1371
92 1 1372
92 1 1373
92 1 1374
92 1 1375
92 1 1376
92 1 1377
107 90 995
107 61 1180
107 61 1181
107 61 1182
107 61 1183
107 61 1188
107 61 1193
107 61 1195
107 61 1197
107 61 1198
107 61 1199
107 61 1201
107 61 1202
107 61 1203
107 61 1204
107 61 1205
107 61 1210
107 61 1211
107 61 1212
107 61 1213
107 61 1214
107 61 1215
107 61 1216
107 61 1217
107 61 1218
107 61 1219
107 61 1220
107 61 1221
107 61 1224
107 61 1226
107 61 1227
107 61 1228
107 61 1229
107 61 1230
107 61 1237
107 61 1238
107 61 1239
107 61 1240
107 61 1241
107 61 1242
107 72 1221
90 60 1258
90 60 1259
90 60 1260
90 60 1265
90 60 1266
90 60 1269
90 60 1270
90 60 1271
90 186 1345
28 48 1266
28 48 1267
28 48 1268
28 48 1269
28 48 1270
28 48 1271
28 48 1272
28 48 1276
28 48 1277
28 48 1278
28 48 1279
28 48 1310
28 48 1312
28 48 1313
28 48 1314
28 48 1315
28 48 1317
28 48 1318
28 48 1320
28 48 1321
28 48 1322
28 48 1324
28 48 1326
28 48 1327
28 48 1328
28 48 1329
28 48 1330
28 48 1331
28 48 1333
28 48 1334
28 48 1335
28 48 1336
28 48 1337
28 48 1338
28 48 1339
28 48 1340
28 48 1341
28 48 1346
28 48 1347
28 48 1349
28 48 1350
28 48 1351
28 48 1352
28 48 1353
28 48 1355
28 48 1356
28 48 1359
28 48 1360
28 48 1363
28 48 1364
28 179 1267
28 179 1268
28 179 1270
28 179 1295
28 179 1296
28 179 1310
28 179 1329
28 179 1330
28 179 1334
28 179 1335
28 179 1338
28 179 1344
28 179 1358
28 179 1362
28 179 1363
28 179 1364
28 134 1267
28 134 1270
28 134 1286
28 134 1287
28 134 1315
28 134 1316
28 134 1321
28 134 1337
28 134 1350
28 134 1351
28 134 1362
28 134 1364
28 5 1324
28 1 1325
28 1 1329
28 1 1332
28 1 1338
28 1 1339
28 1 1340
28 1 1341
28 1 1342
28 1 1343
28 1 1344
28 1 1348
28 1 1349
28 1 1350
28 1 1351
48 4 1119
134 4 1075
134 4 1076
134 4 1077
134 4 1082
134 4 1087
134 4 1088
134 4 1089
134 4 1091
134 4 1092
134 4 1093
134 4 1094
134 4 1095
134 4 1097
134 4 1098
134 4 1099
134 4 1100
134 4 1101
134 4 1102
134 4 1103
134 4 1104
134 4 1105
134 4 1106
134 4 1107
134 4 1108
134 4 1109
134 4 1110
134 4 1111
134 4 1113
134 4 1114
134 4 1115
134 4 1116
134 4 1117
134 4 1118
134 4 1119
134 4 1120
134 4 1121
134 4 1122
134 4 1123
134 4 1124
134 1 1309
134 1 1338
134 1 1348
134 1 1349
134 1 1351
134 1 1359
134 1 1360
134 1 1361
138 22 1133
138 22 1241
138 22 1242
138 22 1248
138 22 1254
138 22 1256
138 22 1286
138 22 1288
138 22 1289
138 22 1317
138 22 1339
138 22 1340
138 22 1342
138 22 1343
138 22 1346
138 22 1366
138 22 1375
138 22 1387
138 22 1389
138 22 1392
138 22 1393
138 22 1398
138 22 1402
138 22 1412
138 22 1417
138 22 1429
138 22 1431
138 22 1432
138 22 1433
138 22 1434
138 60 1239
138 60 1240
138 1 1315
179 188 1179
179 188 1185
179 188 1186
179 188 1187
179 188 1205
179 188 1206
187 72 1340
187 72 1341
187 72 1342
187 72 1348
187 72 1363
187 72 1374
187 72 1379
187 72 1381
187 72 1388
187 72 1389
187 72 1393
187 72 1396
187 72 1399
187 72 1402
187 72 1408
187 72 1413
187 72 1414
187 72 1418
72 81 1216
72 81 1221
