3 78 0
3 78 1
3 78 3
3 78 6
3 78 7
3 78 8
3 78 10
3 78 13
3 78 16
3 78 18
3 78 19
3 78 20
3 78 21
3 78 23
3 78 25
3 78 26
3 78 27
3 78 28
3 78 29
3 78 35
3 78 36
3 78 37
3 78 38
3 78 40
3 78 45
3 78 46
3 78 47
3 78 56
3 78 57
3 78 73
3 78 74
3 78 75
3 78 194
3 42 36
3 82 78
3 82 81
3 82 83
3 82 84
3 82 86
3 82 87
3 82 88
3 82 89
3 82 92
3 82 93
3 82 94
3 82 98
3 82 100
3 82 101
3 82 102
3 82 103
3 82 104
3 82 105
3 82 106
3 82 107
3 82 108
3 82 109
3 82 114
3 82 115
3 82 116
3 82 118
3 82 121
3 82 123
3 82 124
3 82 125
3 82 134
3 82 135
3 82 136
3 82 137
3 82 140
3 82 141
3 82 160
3 82 161
3 82 162
3 82 165
3 82 166
3 82 168
3 82 169
3 82 170
3 82 171
3 82 172
3 82 173
3 82 184
3 82 187
3 82 188
3 82 195
3 118 134
3 17 177
3 8 179
3 84 194
78 42 36
78 72 101
78 118 188
78 88 194
78 63 591
78 63 592
78 63 593
78 63 594
78 63 595
78 63 597
78 63 600
78 63 605
78 63 608
78 63 609
78 63 610
78 63 611
78 63 612
78 63 614
78 63 615
78 63 616
78 63 620
78 63 626
78 63 628
78 63 668
78 63 676
78 63 677
78 63 678
78 63 683
78 63 688
78 63 694
78 63 695
78 63 696
78 63 697
78 63 704
78 63 705
78 63 711
78 63 712
78 63 720
78 63 721
78 63 723
78 63 724
78 63 725
78 63 726
42 125 9
42 125 14
42 125 22
42 125 31
42 125 40
42 125 82
42 125 83
42 68 9
42 68 11
42 68 12
42 68 13
42 68 14
42 68 17
42 68 18
42 68 25
42 68 29
42 68 72
42 68 77
42 68 97
42 68 112
42 68 119
42 68 130
42 68 131
42 68 132
42 68 145
42 68 237
42 68 244
42 68 246
42 68 249
42 68 252
42 68 253
42 68 254
42 68 255
42 68 257
42 73 11
42 73 12
42 73 13
42 73 17
42 73 30
42 73 62
42 73 63
42 73 68
42 73 69
42 52 14
42 52 50
42 52 51
42 52 53
42 52 56
42 52 69
42 102 27
42 102 70
42 102 80
42 102 82
42 102 83
42 102 84
42 102 90
42 82 31
42 82 37
42 82 38
42 82 39
42 82 40
42 82 41
42 82 42
42 82 43
42 82 44
42 82 49
42 82 51
42 82 55
42 0 47
42 0 48
42 0 89
42 62 62
42 62 228
42 62 229
42 72 79
42 72 80
42 72 98
42 72 100
42 72 117
42 72 241
42 72 242
42 72 243
42 72 245
42 72 247
42 72 248
42 72 250
42 72 251
42 72 256
42 72 267
42 72 273
42 72 274
42 124 110
42 124 142
42 124 145
42 124 198
42 124 228
42 124 259
42 124 262
42 124 263
42 124 265
42 124 294
42 17 112
42 77 115
42 77 117
42 77 138
42 77 139
42 77 140
42 77 141
42 77 142
42 77 145
42 77 233
42 77 242
42 77 243
42 77 244
42 77 245
42 77 246
42 77 248
42 77 249
42 77 250
42 77 252
42 77 259
42 77 268
42 77 269
42 77 271
42 53 130
42 53 132
42 53 133
42 53 137
42 53 141
42 53 229
42 53 230
42 53 243
42 53 246
42 53 247
42 53 248
42 53 249
42 53 253
42 53 255
42 53 256
42 53 258
42 53 259
42 33 176
42 115 179
42 84 181
42 84 182
42 84 184
42 84 185
42 84 186
42 27 197
42 27 198
42 27 299
42 27 300
42 6 197
42 6 198
42 6 299
42 106 218
42 25 221
42 20 294
42 35 299
125 72 11
125 72 14
125 72 24
125 72 38
125 72 40
125 72 64
125 72 87
125 72 96
125 72 147
125 72 247
125 72 248
125 72 284
125 72 292
125 77 11
125 77 42
125 77 64
125 77 69
125 77 107
125 77 108
125 77 121
125 77 128
125 77 152
125 77 155
125 77 157
125 77 158
125 77 159
125 77 162
125 77 163
125 77 168
125 77 169
125 77 174
125 77 176
125 77 177
125 77 181
125 77 182
125 77 183
125 77 186
125 77 204
125 77 205
125 77 207
125 77 219
125 77 220
125 77 258
125 77 260
125 77 285
125 77 287
125 77 288
125 53 14
125 53 34
125 53 69
125 53 100
125 53 107
125 53 150
125 53 157
125 53 166
125 53 168
125 53 173
125 53 184
125 53 185
125 53 186
125 53 191
125 53 194
125 53 195
125 53 197
125 53 205
125 53 216
125 53 220
125 53 221
125 53 223
125 53 224
125 53 225
125 53 226
125 53 228
125 53 229
125 53 238
125 53 259
125 53 287
125 103 73
125 103 77
125 104 143
125 41 149
125 108 240
125 20 294
125 120 561
125 120 607
125 120 611
125 120 636
125 120 644
125 120 686
125 120 692
125 120 694
125 120 696
125 120 785
125 120 839
125 100 637
125 89 723
125 89 735
125 89 737
125 89 739
125 89 752
125 89 754
125 89 755
125 89 757
125 89 764
125 89 765
125 89 770
125 89 771
125 89 772
125 89 779
125 89 780
125 89 782
125 89 784
125 89 785
125 89 786
125 89 787
125 89 788
125 89 789
125 89 790
125 89 791
125 89 793
125 89 794
125 94 732
125 94 733
125 7 732
125 7 733
125 16 739
125 45 780
68 53 105
68 53 106
68 53 125
68 53 129
68 53 130
68 53 131
68 53 132
68 53 170
68 53 178
68 53 189
68 53 190
68 53 200
68 53 214
68 53 216
68 53 217
68 53 218
68 53 237
68 53 238
68 53 244
68 53 246
68 53 249
68 53 252
68 53 253
68 53 254
68 53 255
68 53 256
68 53 257
68 53 258
68 53 259
68 53 260
68 53 261
68 53 278
68 53 282
68 53 285
68 108 105
68 124 108
68 124 113
68 124 205
68 124 237
68 124 238
68 124 258
68 77 110
68 77 130
68 77 131
68 77 170
68 77 173
68 77 174
68 77 176
68 77 179
68 77 196
68 77 202
68 77 203
68 77 204
68 77 205
68 77 206
68 77 207
68 77 210
68 77 211
68 77 213
68 77 237
68 77 240
68 77 246
68 77 263
68 17 112
68 118 116
68 118 118
68 118 119
68 28 121
68 28 128
68 104 149
68 5 856
68 5 878
68 5 879
68 5 886
68 5 887
68 9 863
68 9 894
68 75 867
68 11 871
68 61 872
68 61 890
68 61 893
68 61 894
68 48 891
68 48 892
68 48 893
68 26 914
68 30 933
73 72 11
73 72 12
73 72 13
73 72 17
73 72 18
73 72 19
73 72 24
73 72 28
73 72 31
73 72 39
73 72 64
73 72 92
73 72 147
73 72 154
73 72 178
73 72 183
73 72 186
73 72 187
73 72 188
73 72 208
73 72 212
73 72 248
73 72 250
73 72 268
73 72 285
73 72 286
73 72 287
73 72 288
73 72 289
73 72 290
73 72 293
73 72 294
73 53 11
73 53 13
73 53 14
73 53 16
73 53 19
73 53 20
73 53 24
73 53 26
73 53 30
73 53 31
73 53 32
73 53 33
73 53 35
73 53 36
73 53 38
73 53 39
73 53 40
73 53 43
73 53 46
73 53 47
73 53 50
73 53 51
73 53 57
73 53 69
73 53 71
73 53 72
73 53 73
73 53 74
73 53 78
73 53 79
73 53 82
73 53 84
73 53 86
73 53 98
73 53 107
73 53 108
73 53 109
73 53 112
73 53 114
73 53 119
73 53 124
73 53 130
73 53 139
73 53 141
73 53 146
73 53 150
73 53 151
73 53 152
73 53 153
73 53 154
73 53 156
73 53 157
73 53 161
73 53 168
73 53 170
73 53 171
73 53 172
73 53 173
73 53 184
73 53 185
73 53 186
73 53 197
73 53 205
73 53 207
73 53 208
73 53 211
73 53 212
73 53 214
73 53 215
73 53 217
73 53 219
73 53 220
73 53 221
73 53 231
73 53 232
73 53 233
73 53 235
73 53 237
73 53 249
73 53 250
73 53 251
73 53 252
73 53 253
73 53 260
73 53 261
73 53 265
73 53 266
73 53 281
73 53 285
73 53 286
73 53 287
73 53 288
73 53 289
73 53 291
73 53 594
73 124 12
73 124 62
73 124 63
73 124 68
73 124 71
73 124 165
73 124 184
73 124 185
73 124 214
73 124 215
73 124 237
73 103 31
73 103 33
73 103 36
73 103 54
73 103 567
73 103 568
73 103 579
73 103 580
73 103 581
73 103 586
73 103 587
73 103 588
73 103 589
73 103 592
73 103 602
73 103 603
73 103 609
73 103 610
73 103 611
73 103 612
73 103 614
73 103 615
73 103 616
73 103 618
73 103 624
73 103 625
73 103 626
73 103 627
73 103 628
73 103 631
73 103 632
73 103 633
73 103 644
73 103 654
73 103 655
73 103 656
73 103 658
73 103 659
73 103 665
73 103 671
73 103 675
73 103 676
73 103 677
73 103 679
73 103 680
73 103 681
73 103 696
73 65 35
73 65 62
73 65 63
73 65 64
73 65 74
73 47 47
73 118 117
73 56 190
73 20 228
73 20 229
73 24 264
73 35 294
73 36 564
73 36 566
73 36 567
73 36 570
73 36 576
73 36 577
73 36 583
73 36 594
73 36 595
73 36 596
73 36 597
73 36 598
73 36 599
73 36 600
73 36 601
73 36 602
73 36 603
73 36 604
73 36 605
73 36 606
73 36 607
73 36 608
73 36 611
73 36 612
73 36 613
73 36 614
73 36 615
73 36 616
73 36 617
73 36 618
73 36 619
73 36 620
73 36 624
73 36 625
73 36 626
73 36 627
73 36 628
73 36 629
73 36 633
73 36 655
73 36 656
73 36 675
73 36 680
73 36 683
73 36 685
73 36 689
73 36 694
73 36 696
73 83 581
73 83 594
73 100 584
73 100 585
73 100 623
73 29 585
73 29 685
73 23 588
73 74 600
73 74 604
73 74 605
73 74 606
73 74 607
73 74 613
73 76 608
73 63 633
73 7 666
73 70 666
73 70 671
73 70 672
73 38 678
72 52 12
72 52 13
72 52 14
72 52 19
72 52 21
72 52 31
72 52 32
72 52 37
72 52 38
72 52 39
72 52 53
72 52 135
72 52 215
72 52 241
72 52 243
72 52 245
72 52 268
72 52 272
72 52 274
72 52 275
72 52 276
72 52 277
72 52 286
72 52 288
72 52 289
72 52 294
72 82 15
72 82 17
72 82 21
72 82 36
72 82 53
72 82 69
72 102 15
72 102 24
72 102 33
72 102 36
72 102 37
72 102 41
72 102 50
72 102 57
72 102 69
72 102 79
72 102 80
72 102 88
72 102 89
72 102 95
72 102 97
72 102 106
72 102 114
72 102 116
72 102 117
72 102 118
72 102 125
72 102 127
72 102 132
72 102 145
72 102 147
72 102 148
72 102 149
72 102 150
72 62 32
72 62 36
72 62 40
72 62 56
72 62 69
72 62 94
72 62 134
72 62 190
72 62 287
72 62 288
72 62 290
72 62 294
72 119 117
72 99 124
72 6 187
72 6 197
72 27 187
72 43 194
72 34 892
53 102 16
53 102 34
53 102 37
53 102 51
53 102 55
53 102 58
53 102 62
53 102 108
53 102 109
53 102 135
53 102 136
53 102 138
53 102 195
53 82 20
53 82 38
53 82 56
53 82 57
53 82 73
53 82 78
53 82 79
53 82 80
53 82 83
53 82 84
53 82 97
53 62 88
53 62 102
53 62 143
53 62 149
53 62 163
53 62 195
53 62 286
53 62 288
53 62 289
53 62 290
53 62 291
53 62 1008
53 62 1009
53 62 1034
53 119 116
53 28 125
53 27 199
53 84 212
53 29 574
53 29 575
53 29 577
53 29 578
53 29 588
53 29 591
53 29 592
53 29 593
53 29 594
53 29 595
53 29 598
53 29 600
53 29 601
53 29 602
53 29 603
53 29 604
53 29 605
53 29 606
53 29 607
53 29 613
53 29 618
53 29 628
53 29 630
53 29 633
53 29 636
53 29 638
53 29 639
53 29 640
53 29 654
53 29 684
53 29 686
53 29 715
53 29 716
53 29 717
53 29 719
53 29 730
53 29 733
53 29 739
53 29 766
53 29 772
53 38 664
53 38 665
53 38 796
53 38 797
53 38 848
53 36 685
53 110 719
53 74 800
53 26 808
53 26 809
53 26 818
53 26 819
53 26 821
53 26 823
53 26 827
53 26 829
53 26 830
53 26 831
53 26 832
53 26 833
53 26 834
53 26 835
53 26 837
53 26 841
53 26 842
53 26 843
53 26 848
53 26 849
53 26 852
53 26 853
53 26 854
53 26 857
53 26 865
53 30 822
53 30 840
53 30 869
53 30 922
53 30 925
53 30 952
53 30 1000
53 30 1035
53 30 1047
53 18 879
53 18 880
53 18 881
53 18 883
53 32 928
53 34 1000
53 34 1001
53 114 1007
53 114 1008
53 114 1010
53 114 1034
77 99 21
77 99 117
77 99 124
77 82 38
77 82 73
77 82 78
77 82 80
77 82 89
77 82 104
77 62 88
77 62 89
77 62 101
77 62 148
77 62 184
77 62 220
77 62 290
77 8 100
77 102 109
77 102 117
77 102 121
77 102 141
77 102 142
77 102 144
77 102 145
77 102 201
77 102 220
77 6 187
77 6 198
77 35 228
77 35 229
77 43 231
77 21 782
77 21 783
77 21 787
77 21 791
77 21 792
77 21 793
77 21 794
77 21 797
77 21 798
77 21 799
77 21 800
77 21 801
77 21 802
77 21 804
77 21 805
77 21 806
77 110 793
77 87 802
77 87 805
124 52 15
124 52 65
124 52 97
124 52 214
124 52 215
124 82 16
124 82 17
124 82 18
124 82 63
124 82 98
124 82 114
124 102 19
124 102 26
124 102 51
124 102 52
124 102 63
124 102 65
124 102 68
124 102 74
124 102 78
124 102 82
124 102 87
124 102 105
124 102 144
124 102 146
124 102 158
124 62 28
124 62 57
124 62 93
124 62 102
124 62 103
124 62 155
124 62 163
124 62 184
124 62 271
124 62 276
124 22 924
124 22 959
124 22 960
124 22 961
124 22 962
124 22 969
124 22 970
124 22 971
124 22 973
124 22 974
124 22 975
124 22 976
124 22 977
124 22 978
124 22 980
124 22 981
124 22 982
124 22 983
124 22 985
124 22 986
124 22 987
124 22 988
124 22 989
124 22 990
124 22 992
124 22 993
124 22 994
124 22 995
124 22 996
124 22 997
124 22 998
124 22 999
124 22 1000
124 22 1001
124 30 958
124 30 960
124 30 967
124 30 969
124 30 970
124 30 976
124 30 978
124 15 958
124 32 977
124 32 978
124 32 980
124 58 978
124 34 980
52 65 24
52 65 46
52 65 64
52 65 72
52 65 73
52 65 74
52 95 997
52 95 998
65 119 12
65 119 13
65 119 18
65 82 12
65 82 24
65 82 25
65 82 45
65 82 46
65 82 57
65 82 63
65 82 72
65 82 73
65 82 74
65 82 95
65 102 12
65 102 18
65 102 20
65 102 23
65 102 24
65 102 25
65 102 28
65 102 31
65 102 50
65 102 51
65 102 55
65 102 72
65 102 103
65 102 158
65 102 159
65 102 160
65 102 161
65 102 164
65 102 165
65 102 166
65 102 173
65 102 174
65 102 175
65 102 176
65 102 177
65 102 182
65 102 183
65 102 184
65 102 185
65 102 186
65 102 187
65 102 188
65 102 191
65 102 194
65 102 199
65 102 200
65 102 201
65 102 206
65 102 207
65 102 208
65 102 213
65 102 214
65 102 215
65 102 220
65 18 860
65 54 871
65 54 892
65 64 921
65 64 931
65 34 924
65 30 932
119 103 12
119 103 13
119 28 23
119 28 30
119 28 31
119 28 33
119 28 34
119 28 35
119 28 43
119 28 45
119 28 50
119 28 52
119 28 53
119 28 54
119 28 55
119 28 56
119 28 57
119 28 58
119 28 59
119 28 61
119 28 62
119 28 65
119 28 66
119 28 67
119 28 68
119 28 69
119 28 70
119 28 71
119 28 73
119 28 74
119 28 75
119 28 76
119 28 77
119 28 78
119 28 124
119 28 125
119 28 127
119 28 129
119 28 132
119 28 133
119 28 134
119 28 135
119 28 139
119 28 140
119 28 143
119 28 144
119 28 145
119 28 146
119 28 151
119 28 153
119 28 154
119 28 155
119 28 156
119 28 157
119 28 158
119 28 159
119 28 160
119 28 164
119 28 165
119 28 190
119 28 191
119 28 194
119 28 195
119 28 196
119 28 197
119 28 198
119 28 199
119 28 200
119 28 210
119 28 211
119 28 212
119 28 213
119 28 215
119 28 217
119 28 218
119 28 219
119 28 220
119 28 221
119 28 222
119 28 223
119 28 224
119 28 225
119 28 226
119 28 227
119 28 228
119 28 236
119 28 238
119 28 239
119 28 240
119 28 255
119 28 256
119 28 257
119 28 258
119 28 263
119 28 265
119 28 267
119 28 268
119 28 269
119 28 277
119 28 279
119 28 286
119 28 290
119 28 293
119 28 294
119 28 296
119 28 298
119 28 301
119 28 302
119 101 97
119 126 572
119 126 574
119 126 575
119 126 578
119 126 580
119 126 610
119 126 628
119 126 629
119 126 630
119 126 631
119 126 635
119 126 637
119 126 643
119 126 645
119 126 667
119 126 677
119 126 684
119 126 687
119 126 688
119 126 695
119 126 697
119 126 698
119 126 701
119 126 707
119 126 731
119 126 732
119 126 733
119 126 737
119 126 741
119 126 791
119 126 798
119 126 810
119 126 819
119 126 823
119 89 731
119 89 732
119 94 733
119 5 826
82 103 12
82 103 13
82 103 14
82 103 17
82 103 31
82 103 36
82 103 63
82 103 68
82 103 69
82 118 12
82 118 13
102 86 16
102 86 18
102 86 21
102 86 23
102 86 25
102 86 46
102 86 64
102 86 66
102 86 67
102 86 72
102 86 94
102 17 101
102 98 151
102 103 579
103 36 565
103 36 566
103 36 567
103 36 573
103 36 574
103 36 575
103 36 586
103 36 587
103 36 601
103 36 602
103 36 603
103 36 604
103 36 612
103 36 615
103 36 616
103 36 619
103 36 620
103 36 621
103 36 622
103 36 623
103 36 624
103 36 625
103 36 627
103 36 628
103 36 631
103 36 633
103 36 634
103 36 635
103 36 637
103 36 638
103 36 639
103 36 644
103 36 655
103 36 656
103 36 662
103 36 664
103 36 665
103 36 666
103 36 667
103 36 668
103 36 669
103 36 670
103 36 671
103 36 672
103 36 673
103 36 675
103 36 681
103 36 682
103 36 683
103 36 684
103 36 685
103 36 693
103 36 694
103 36 696
103 29 585
103 29 680
103 29 685
103 87 589
103 107 614
103 21 657
103 74 671
103 91 692
118 99 15
118 99 19
118 99 22
118 99 23
118 99 29
118 99 32
118 99 33
118 99 34
118 99 35
118 99 36
118 99 39
118 99 51
118 99 52
118 99 53
118 99 54
118 99 55
118 99 56
118 99 57
118 99 58
118 99 59
118 99 61
118 99 63
118 99 64
118 99 65
118 99 66
118 99 68
118 99 69
118 99 70
118 99 71
118 99 72
118 99 73
118 99 74
118 99 75
118 99 76
118 99 77
118 99 78
118 99 80
118 99 81
118 99 82
118 99 83
118 99 84
118 99 85
118 99 86
118 99 89
118 99 90
118 99 91
118 99 92
118 99 93
118 99 94
118 99 95
118 99 96
118 99 98
118 99 99
118 99 100
118 99 101
118 99 102
118 99 103
118 99 104
118 99 105
118 99 106
118 99 107
118 99 108
118 99 109
118 99 113
118 99 114
118 99 117
118 99 124
118 99 127
118 99 128
118 99 129
118 99 131
118 99 132
118 99 133
118 99 134
118 99 135
118 99 136
118 99 137
118 99 138
118 99 139
118 99 140
118 99 141
118 99 142
118 99 143
118 99 145
118 99 148
118 99 149
118 99 150
118 99 155
118 99 156
118 99 157
118 99 158
118 99 159
118 99 160
118 99 161
118 99 162
118 99 164
118 99 165
118 99 181
118 99 183
118 99 184
118 99 185
118 99 186
118 99 187
118 99 188
118 99 190
118 99 194
118 99 195
118 99 204
118 99 213
118 99 214
118 99 230
118 99 231
118 99 233
118 99 234
118 99 236
118 99 237
118 99 238
118 99 240
118 99 257
118 99 263
118 99 282
118 99 283
118 99 284
118 99 286
118 99 290
118 99 295
118 99 296
118 99 298
118 99 300
118 99 301
118 99 302
118 108 252
118 35 266
118 84 266
28 99 15
28 99 16
28 99 21
28 99 23
28 99 24
28 99 25
28 99 26
28 99 27
28 99 28
28 99 32
28 99 34
28 99 35
28 99 39
28 99 43
28 99 44
28 99 49
28 99 50
28 99 51
28 99 52
28 99 54
28 99 55
28 99 56
28 99 57
28 99 58
28 99 59
28 99 61
28 99 62
28 99 63
28 99 64
28 99 65
28 99 66
28 99 67
28 99 69
28 99 70
28 99 75
28 99 76
28 99 77
28 99 80
28 99 81
28 99 84
28 99 85
28 99 110
28 99 114
28 99 117
28 99 128
28 99 130
28 99 131
28 99 132
28 99 133
28 99 134
28 99 135
28 99 137
28 99 138
28 99 139
28 99 140
28 99 142
28 99 143
28 99 144
28 99 145
28 99 147
28 99 148
28 99 149
28 99 150
28 99 151
28 99 152
28 99 157
28 99 158
28 99 159
28 99 160
28 99 163
28 99 164
28 99 165
28 99 170
28 99 172
28 99 173
28 99 174
28 99 175
28 99 176
28 99 177
28 99 178
28 99 179
28 99 180
28 99 181
28 99 182
28 99 183
28 99 184
28 99 185
28 99 186
28 99 191
28 99 194
28 99 204
28 99 205
28 99 206
28 99 207
28 99 208
28 99 211
28 99 213
28 99 218
28 99 219
28 99 220
28 99 221
28 99 222
28 99 224
28 99 227
28 99 228
28 99 236
28 99 237
28 99 238
28 99 241
28 99 252
28 99 253
28 99 254
28 99 255
28 99 256
28 99 257
28 99 263
28 99 264
28 99 286
28 99 293
28 99 295
28 99 296
28 99 298
28 99 300
28 99 301
28 99 302
28 60 169
28 49 170
28 49 251
28 49 252
28 41 170
28 25 178
28 25 179
28 56 250
28 108 252
28 62 276
99 39 168
99 39 169
99 63 169
99 41 170
99 49 174
99 120 178
99 8 179
99 6 187
99 57 318
99 57 322
99 57 323
99 57 333
99 57 335
99 57 339
99 57 341
99 57 344
99 57 350
99 57 351
99 57 352
99 57 354
99 57 355
99 57 356
99 57 357
99 57 358
99 57 361
99 57 363
99 57 366
99 57 372
99 57 375
99 57 376
99 57 378
99 57 382
99 57 384
99 57 385
99 64 352
99 64 354
99 64 355
99 0 435
99 129 445
99 129 458
99 54 465
86 62 89
86 62 113
86 0 105
86 51 669
86 51 670
86 51 671
86 51 672
86 51 673
86 51 674
86 51 675
86 51 676
86 51 681
86 51 682
86 51 683
86 51 684
86 51 685
86 51 686
86 51 688
86 51 689
86 51 691
86 51 693
86 51 694
86 51 695
86 51 696
86 51 697
86 51 698
86 51 700
86 51 706
86 51 707
86 51 712
86 51 713
86 51 714
86 51 715
86 51 716
86 51 718
86 51 721
86 51 725
86 51 730
86 51 732
86 51 733
86 110 681
86 110 682
86 36 681
86 36 682
86 29 687
86 107 701
86 107 706
47 0 24
47 0 25
47 0 26
47 0 27
47 0 28
47 0 29
47 0 30
47 0 34
47 0 35
47 0 39
47 0 40
47 0 41
47 0 42
47 0 43
47 0 44
47 0 45
47 0 46
47 0 47
47 0 48
47 0 49
47 0 50
47 0 52
47 0 53
47 0 54
47 0 55
47 0 56
47 0 57
47 0 58
47 0 72
47 0 74
47 0 75
47 0 78
47 0 79
47 0 85
47 0 87
47 0 88
47 0 89
47 0 90
47 0 91
47 0 92
47 0 93
47 0 97
47 0 98
47 0 99
47 0 102
47 0 104
47 0 106
47 0 107
47 0 108
47 0 109
47 0 110
47 0 111
47 0 112
47 0 113
47 0 114
47 0 118
47 0 120
47 0 121
47 0 122
47 0 123
47 0 124
47 0 126
47 0 128
47 0 132
47 0 133
47 0 134
47 0 136
47 0 137
47 0 139
47 0 158
47 0 159
47 0 160
47 0 165
47 0 188
47 0 189
47 0 190
47 0 201
47 0 202
47 0 204
47 0 205
47 0 225
47 0 235
47 0 236
47 0 237
47 0 238
47 0 248
47 0 251
47 0 253
47 0 262
47 0 263
47 0 264
47 0 265
47 0 266
47 0 267
47 0 268
47 0 269
47 0 270
47 0 271
47 0 272
47 0 273
47 0 274
47 0 275
47 0 276
47 0 278
47 0 280
47 0 290
47 0 291
47 0 292
47 0 294
47 0 299
47 0 301
47 0 303
47 0 304
47 0 305
47 0 306
47 0 307
47 0 308
47 0 309
47 0 310
47 0 311
47 0 312
47 0 314
47 0 315
47 0 316
47 0 318
47 0 319
47 0 320
47 0 321
47 0 322
47 0 323
47 0 331
47 0 332
47 0 333
47 0 335
47 0 339
47 0 342
47 0 343
47 0 355
47 0 356
47 0 357
47 0 358
47 0 359
47 0 360
47 0 361
47 0 372
47 0 396
47 0 397
47 0 416
47 0 417
47 0 420
47 0 421
47 0 425
47 0 539
47 0 540
47 0 542
47 0 544
47 0 545
47 0 546
47 0 547
47 0 548
47 0 549
47 0 550
47 0 551
47 35 130
47 35 131
47 127 186
47 112 301
47 112 396
47 112 397
47 50 419
47 50 420
47 50 425
47 50 426
47 50 450
47 50 452
47 50 454
47 50 455
47 50 456
47 50 457
47 50 458
47 50 465
47 50 496
47 50 499
47 50 500
47 50 501
47 50 502
47 50 504
47 50 507
47 50 508
47 50 509
47 50 517
47 50 518
47 50 519
47 50 520
47 50 521
47 93 420
47 93 421
47 93 425
47 93 426
47 93 427
47 93 432
47 93 433
47 93 434
47 93 435
47 93 436
47 93 437
47 93 445
47 93 446
47 93 447
47 93 449
47 93 450
47 93 451
47 93 452
47 93 453
47 93 454
47 93 455
47 93 456
47 93 457
47 93 458
47 93 460
47 93 461
47 93 468
47 93 470
47 93 476
47 93 481
47 93 482
47 93 483
47 93 484
47 93 485
47 93 486
47 93 487
47 93 488
47 93 489
47 93 490
47 93 491
47 93 492
47 93 493
47 93 494
47 93 497
47 93 498
47 93 503
47 93 506
47 93 507
47 93 509
47 93 510
47 93 513
47 93 514
47 93 517
47 93 524
47 93 529
47 93 531
47 93 532
47 93 537
47 93 538
47 93 539
47 89 430
47 89 431
47 89 436
47 89 437
47 89 438
47 89 443
47 89 453
47 89 454
47 89 455
47 89 456
47 89 457
47 89 458
47 89 479
47 89 481
47 89 483
47 89 484
47 89 485
47 89 486
47 89 487
47 89 488
47 89 493
47 89 495
47 89 499
47 89 500
47 89 502
47 89 504
47 89 505
47 89 508
47 89 510
47 89 511
47 89 513
47 89 518
47 89 519
47 89 520
47 75 435
47 75 436
47 75 437
47 75 439
47 71 438
47 92 453
47 92 455
47 92 457
47 92 458
47 92 459
47 92 477
47 92 478
47 92 486
47 92 491
47 92 492
47 92 493
47 92 494
47 92 496
47 92 497
47 92 498
47 92 499
47 92 518
47 107 495
47 107 496
47 133 504
47 44 549
0 17 116
0 17 117
0 108 117
0 60 117
0 60 432
0 60 447
0 60 448
0 60 449
0 60 451
0 60 452
0 60 466
0 41 139
0 127 186
0 10 232
0 49 262
0 112 397
0 50 419
0 50 420
0 128 432
0 128 448
0 128 449
0 128 450
0 128 451
0 128 452
0 128 453
0 128 456
0 128 457
0 128 458
0 128 463
0 128 464
0 128 465
0 128 467
0 95 442
0 95 444
0 95 446
0 95 447
0 75 447
0 75 475
0 75 478
0 75 507
0 129 454
0 129 466
0 57 464
0 57 477
0 71 466
0 93 485
0 113 503
0 44 503
0 44 549
62 88 264
62 34 921
62 34 954
62 34 955
62 34 961
62 34 962
62 34 970
62 34 971
62 34 998
62 34 1017
62 34 1018
62 34 1019
62 34 1041
62 34 1042
62 34 1045
62 32 962
62 32 963
62 32 973
62 32 997
62 32 1000
62 32 1002
62 32 1006
62 32 1007
62 32 1010
62 114 971
62 114 1000
62 114 1002
62 114 1005
62 114 1006
62 114 1008
62 114 1012
62 114 1016
62 114 1017
62 114 1018
62 114 1023
62 114 1024
62 114 1025
62 114 1030
62 114 1033
62 114 1035
62 114 1036
62 114 1037
62 114 1038
62 114 1039
62 114 1040
62 114 1045
62 55 974
62 55 1001
62 55 1007
62 55 1016
62 55 1018
62 55 1023
62 55 1024
62 55 1025
62 55 1031
62 55 1034
62 55 1035
62 55 1036
62 55 1037
62 55 1038
62 55 1039
62 55 1040
62 55 1043
62 55 1044
62 127 980
62 127 1000
62 127 1006
62 111 981
62 111 985
62 30 1005
62 30 1008
62 30 1023
62 30 1035
62 30 1036
62 30 1040
62 37 1024
55 14 65
55 14 66
55 14 67
55 14 68
55 14 69
55 14 70
55 14 71
55 14 72
55 14 73
55 14 74
55 14 75
55 14 76
55 14 77
55 14 78
55 14 79
55 14 80
55 14 81
55 14 82
55 14 83
55 14 88
55 14 89
55 14 91
55 14 92
55 14 93
55 14 94
55 14 95
55 14 97
55 14 102
55 14 103
55 14 104
55 14 107
55 14 110
55 14 112
55 14 113
55 14 114
55 14 115
55 14 116
55 14 117
55 14 118
55 14 119
55 14 121
55 14 123
55 10 117
55 70 871
55 70 872
55 114 871
55 114 872
55 114 873
55 114 875
55 114 877
55 114 879
55 114 880
55 114 893
55 114 898
55 114 902
55 114 904
55 114 907
55 114 911
55 114 914
55 114 915
55 114 916
55 114 917
55 114 918
55 114 919
55 114 922
55 114 924
55 114 925
55 114 931
55 114 932
55 114 942
55 114 943
55 114 944
55 114 947
55 114 948
55 114 957
55 114 958
55 114 964
55 114 966
55 114 968
55 114 969
55 114 970
55 114 971
55 114 980
55 114 982
55 114 983
55 114 986
55 114 990
55 114 991
55 114 993
55 114 996
55 114 997
55 114 1000
55 114 1003
55 114 1005
55 114 1006
55 114 1007
55 114 1010
55 114 1011
55 114 1012
55 114 1013
55 114 1014
55 114 1015
55 114 1016
55 114 1017
55 114 1018
55 114 1020
55 114 1021
55 114 1022
55 114 1023
55 114 1024
55 114 1027
55 114 1028
55 114 1029
55 114 1030
55 114 1031
55 114 1032
55 114 1033
55 114 1034
55 114 1035
55 114 1036
55 114 1037
55 114 1038
55 114 1039
55 114 1040
55 114 1041
55 114 1043
55 34 871
55 34 872
55 34 873
55 34 898
55 34 908
55 34 914
55 34 940
55 34 947
55 34 952
55 34 990
55 34 1014
55 34 1015
55 34 1032
55 34 1046
55 71 873
55 71 891
55 32 877
55 32 897
55 32 903
55 32 904
55 32 913
55 32 917
55 32 921
55 32 924
55 32 926
55 32 929
55 32 934
55 32 938
55 32 941
55 32 947
55 32 948
55 32 952
55 32 955
55 32 986
55 32 990
55 32 996
55 85 915
55 30 986
55 30 999
55 30 1022
55 30 1026
55 30 1030
55 30 1032
55 30 1034
55 37 1026
14 10 113
14 10 116
14 104 114
14 27 116
14 6 117
14 25 306
14 25 311
14 25 313
14 25 316
14 25 322
14 25 333
14 25 361
14 25 363
14 25 364
14 25 372
14 25 376
14 25 378
14 25 379
14 25 380
14 25 382
14 25 384
14 25 385
63 49 78
63 49 79
63 49 80
63 49 82
63 49 86
63 49 87
63 49 89
63 49 90
63 49 94
63 49 102
63 49 103
63 49 107
63 49 109
63 49 110
63 49 111
63 49 112
63 49 113
63 49 114
63 49 116
63 49 121
63 49 122
63 49 123
63 49 126
63 49 153
63 49 154
63 49 157
63 49 160
63 49 167
63 49 171
63 49 175
63 49 176
63 49 177
63 49 180
63 49 183
63 49 184
63 49 185
63 49 187
63 49 189
63 49 191
63 49 192
63 49 193
63 49 195
63 49 196
63 49 197
63 49 199
63 49 200
63 49 201
63 49 202
63 49 203
63 49 206
63 49 207
63 49 209
63 49 210
63 49 211
63 49 212
63 49 213
63 49 214
63 49 215
63 49 216
63 49 217
63 49 218
63 49 219
63 49 220
63 49 221
63 49 222
63 49 223
63 49 224
63 49 225
63 49 226
63 49 227
63 49 228
63 49 229
63 49 230
63 49 231
63 49 232
63 49 233
63 49 234
63 49 235
63 49 236
63 49 237
63 49 238
63 49 239
63 49 242
63 49 244
63 49 248
63 49 249
63 49 250
63 49 266
63 49 267
63 49 268
63 49 272
63 49 274
63 49 275
63 49 276
63 49 277
63 49 280
63 49 282
63 49 283
63 49 287
63 49 290
63 49 291
63 49 292
63 49 293
63 49 295
63 49 296
63 49 297
63 49 298
63 49 302
63 49 303
63 49 304
63 49 305
63 49 314
63 49 317
63 49 318
63 8 78
63 8 79
63 8 85
63 8 90
63 8 150
63 8 157
63 8 167
63 8 187
63 8 188
63 8 189
63 8 195
63 108 95
63 41 182
63 41 314
63 41 317
63 39 314
63 20 315
63 20 317
63 36 608
63 107 686
63 107 687
63 107 688
63 93 730
63 93 731
63 93 735
63 93 736
63 93 740
63 93 748
63 93 750
63 93 752
63 93 754
63 93 756
63 93 759
63 93 761
63 1 762
63 1 766
63 1 824
63 1 825
63 1 826
63 110 765
63 110 766
63 122 765
63 122 769
63 122 776
63 74 778
63 40 788
63 40 789
63 40 790
63 40 792
63 40 796
63 40 797
63 40 798
63 40 799
63 40 800
63 40 809
63 40 810
63 40 812
63 40 813
63 40 814
63 40 815
63 40 816
63 40 817
63 40 818
63 40 819
63 40 820
63 40 821
63 40 822
63 40 824
63 40 825
63 40 828
63 40 829
63 40 833
63 40 834
63 40 835
63 40 836
63 40 840
63 40 841
63 40 842
63 40 843
63 40 844
63 40 845
63 40 846
63 40 848
63 40 849
63 40 850
63 40 851
63 40 852
63 40 853
63 40 854
63 40 855
63 40 856
63 40 857
63 40 858
63 40 859
63 40 860
63 40 861
63 40 862
63 29 806
49 17 80
49 17 81
49 17 82
49 17 83
49 17 84
49 17 88
49 17 89
49 17 102
49 17 143
49 17 153
49 17 154
49 17 177
49 17 191
49 17 210
49 41 80
49 41 84
49 41 85
49 41 86
49 41 87
49 41 89
49 41 90
49 41 94
49 41 106
49 41 107
49 41 108
49 41 110
49 41 111
49 41 112
49 41 113
49 41 114
49 41 116
49 41 122
49 41 143
49 41 144
49 41 149
49 41 151
49 41 153
49 41 154
49 41 155
49 41 156
49 41 157
49 41 158
49 41 159
49 41 160
49 41 163
49 41 164
49 41 165
49 41 166
49 41 167
49 41 168
49 41 169
49 41 170
49 41 171
49 41 172
49 41 173
49 41 174
49 41 175
49 41 176
49 41 177
49 41 182
49 41 183
49 41 184
49 41 187
49 41 188
49 41 189
49 41 193
49 41 195
49 41 196
49 41 197
49 41 198
49 41 199
49 41 200
49 41 201
49 41 202
49 41 203
49 41 206
49 41 207
49 41 208
49 41 209
49 41 212
49 41 213
49 41 214
49 41 215
49 41 216
49 41 217
49 41 218
49 41 219
49 41 220
49 41 221
49 41 222
49 41 223
49 41 224
49 41 225
49 41 226
49 41 227
49 41 228
49 41 229
49 41 230
49 41 231
49 41 232
49 41 233
49 41 234
49 41 235
49 41 236
49 41 237
49 41 238
49 41 239
49 41 240
49 41 243
49 41 244
49 41 262
49 41 263
49 41 265
49 41 266
49 41 267
49 41 268
49 41 271
49 41 272
49 41 273
49 41 274
49 41 275
49 41 276
49 41 278
49 41 279
49 41 280
49 41 282
49 41 283
49 41 284
49 41 285
49 41 286
49 41 290
49 41 291
49 41 293
49 41 295
49 41 297
49 41 301
49 41 302
49 41 303
49 41 314
49 41 317
49 41 318
49 8 82
49 8 83
49 8 84
49 8 86
49 8 90
49 8 91
49 8 92
49 8 117
49 8 118
49 8 153
49 8 154
49 8 161
49 8 180
49 8 183
49 8 243
49 8 244
49 8 261
49 8 262
49 8 265
49 8 266
49 8 268
49 8 308
49 39 84
49 39 85
49 39 127
49 39 161
49 39 167
49 39 168
49 39 170
49 39 172
49 39 182
49 39 250
49 39 266
49 39 268
49 39 295
49 39 296
49 39 297
49 39 298
49 39 299
49 39 302
49 39 318
49 108 88
49 108 89
49 108 94
49 108 115
49 108 120
49 108 121
49 108 129
49 108 172
49 108 243
49 108 260
49 108 302
49 108 314
49 60 141
49 60 155
49 60 156
49 60 158
49 60 159
49 60 161
49 60 162
49 60 166
49 60 170
49 60 178
49 27 143
49 25 251
8 17 80
8 17 82
8 17 83
8 17 87
8 17 88
8 17 89
8 17 120
8 17 121
8 17 153
8 17 154
8 17 155
8 17 182
8 17 185
8 17 187
8 17 193
8 17 229
8 17 243
8 17 317
8 17 318
8 17 320
8 39 80
8 39 81
8 39 85
8 39 94
8 39 102
8 39 104
8 39 118
8 39 156
8 39 183
8 39 184
8 39 185
8 39 186
8 39 187
8 39 188
8 39 191
8 39 193
8 39 194
8 39 195
8 39 196
8 39 197
8 39 198
8 39 220
8 39 222
8 39 223
8 39 241
8 39 243
8 39 244
8 39 246
8 39 266
8 39 299
8 39 307
8 39 308
8 39 318
8 108 81
8 108 82
8 108 84
8 108 107
8 108 131
8 108 133
8 108 180
8 108 181
8 108 243
8 108 244
8 108 316
8 108 320
8 41 85
8 41 86
8 41 90
8 41 134
8 41 137
8 41 145
8 41 153
8 41 157
8 41 160
8 41 161
8 41 182
8 41 186
8 41 262
8 41 263
8 41 266
8 41 320
8 23 140
8 18 148
8 104 151
8 120 178
8 31 248
8 24 253
8 24 254
8 20 307
39 60 79
39 60 81
39 60 82
39 60 83
39 60 92
39 60 99
39 60 117
39 60 124
39 60 130
39 60 153
39 60 169
39 60 170
39 60 172
39 60 175
39 60 259
39 60 269
39 60 270
39 60 288
39 60 289
39 60 290
39 60 292
39 60 294
39 60 295
39 60 296
39 60 297
39 60 298
39 60 299
39 60 301
39 60 302
39 108 83
39 108 98
39 108 100
39 108 106
39 108 109
39 108 111
39 108 114
39 108 116
39 108 117
39 108 125
39 108 127
39 108 134
39 108 136
39 108 154
39 108 172
39 108 173
39 108 174
39 108 177
39 108 180
39 108 181
39 108 184
39 108 185
39 108 186
39 108 193
39 108 194
39 108 195
39 108 198
39 108 217
39 108 219
39 108 241
39 108 242
39 108 248
39 108 261
39 108 263
39 108 264
39 108 265
39 108 267
39 108 272
39 108 274
39 108 276
39 108 277
39 108 278
39 108 280
39 41 84
39 41 98
39 41 99
39 41 122
39 41 168
39 41 173
39 41 174
39 41 184
39 41 186
39 41 193
39 41 242
39 41 243
39 41 245
39 41 257
39 41 264
39 41 265
39 41 266
39 41 267
39 41 268
39 41 269
39 41 298
39 41 299
39 41 302
39 17 86
39 17 91
39 17 93
39 17 94
39 17 98
39 17 99
39 17 104
39 17 109
39 17 117
39 17 118
39 17 119
39 17 120
39 17 130
39 17 149
39 17 150
39 17 151
39 17 155
39 17 163
39 17 178
39 17 180
39 17 181
39 17 182
39 17 184
39 17 185
39 17 187
39 17 189
39 17 190
39 17 193
39 17 196
39 17 220
39 17 308
39 17 309
39 17 311
39 17 318
60 108 80
60 108 89
60 108 90
60 108 91
60 108 93
60 108 94
60 108 101
60 108 122
60 108 136
60 108 142
60 108 154
60 108 160
60 108 172
60 108 181
60 108 195
60 108 265
60 41 80
60 41 83
60 41 84
60 41 86
60 41 87
60 41 89
60 41 92
60 41 93
60 41 98
60 41 101
60 41 102
60 41 103
60 41 106
60 41 107
60 41 108
60 41 109
60 41 110
60 41 111
60 41 112
60 41 113
60 41 114
60 41 118
60 41 119
60 41 122
60 41 128
60 41 141
60 41 142
60 41 143
60 41 147
60 41 148
60 41 150
60 41 154
60 41 155
60 41 156
60 41 157
60 41 158
60 41 159
60 41 160
60 41 163
60 41 164
60 41 168
60 41 169
60 41 172
60 41 174
60 41 175
60 41 176
60 41 177
60 41 178
60 41 180
60 41 181
60 41 184
60 41 186
60 41 187
60 41 188
60 41 189
60 41 193
60 41 194
60 41 195
60 41 196
60 41 197
60 41 198
60 41 199
60 41 200
60 41 201
60 41 202
60 41 203
60 41 204
60 41 205
60 41 207
60 41 208
60 41 209
60 41 212
60 41 213
60 41 214
60 41 215
60 41 216
60 41 217
60 41 218
60 41 219
60 41 220
60 41 221
60 41 222
60 41 223
60 41 224
60 41 225
60 41 226
60 41 227
60 41 228
60 41 229
60 41 230
60 41 231
60 41 232
60 41 233
60 41 234
60 41 235
60 41 236
60 41 237
60 41 238
60 41 239
60 41 243
60 41 244
60 41 246
60 41 249
60 41 250
60 41 251
60 41 253
60 41 254
60 41 260
60 41 263
60 41 264
60 41 265
60 41 268
60 41 269
60 41 270
60 41 271
60 41 272
60 41 273
60 41 274
60 41 276
60 41 277
60 41 280
60 41 282
60 41 283
60 41 284
60 41 285
60 41 286
60 41 291
60 41 292
60 41 293
60 41 294
60 41 295
60 41 298
60 41 302
60 41 318
60 17 86
60 17 89
60 17 90
60 17 93
60 17 98
60 17 100
60 17 123
60 17 127
60 17 128
60 17 130
60 17 133
60 17 134
60 17 135
60 17 136
60 17 137
60 17 138
60 17 144
60 17 147
60 17 148
60 17 153
60 17 154
60 17 170
60 17 181
60 17 196
60 27 143
60 27 144
60 97 320
60 97 321
60 97 325
60 97 336
60 97 337
60 97 338
60 97 340
60 97 342
60 97 345
60 97 346
60 97 353
60 97 365
60 97 371
60 97 374
60 97 377
60 97 388
60 97 389
60 97 390
60 97 391
60 97 392
60 97 467
60 97 468
60 97 471
60 97 473
60 97 474
60 97 475
60 97 476
60 97 477
60 97 478
60 97 479
60 97 481
60 64 352
60 64 354
60 31 377
60 50 448
60 129 463
17 108 80
17 108 82
17 108 91
17 108 100
17 108 101
17 108 102
17 108 103
17 108 106
17 108 107
17 108 108
17 108 109
17 108 110
17 108 111
17 108 112
17 108 123
17 108 131
17 108 136
17 108 148
17 108 160
17 108 180
17 108 185
17 108 188
17 108 294
17 108 295
17 108 296
17 108 297
17 108 299
17 108 317
17 108 320
17 41 84
17 41 89
17 41 92
17 41 99
17 41 102
17 41 128
17 41 140
17 41 147
17 41 148
17 41 153
17 41 154
17 41 155
17 41 156
17 41 194
17 41 203
17 41 224
17 41 258
17 41 259
17 41 315
17 41 316
17 41 317
17 41 320
17 87 146
17 18 148
17 56 152
17 56 169
17 79 761
17 79 762
17 79 765
17 79 769
17 79 772
17 79 780
17 79 782
17 79 783
17 79 788
17 79 790
17 79 793
17 79 794
17 79 795
17 79 798
17 79 821
17 79 832
17 79 833
17 79 838
17 79 844
17 79 845
17 79 850
17 79 855
17 79 856
17 79 858
17 79 865
17 79 867
17 79 868
17 79 869
17 79 870
17 79 871
17 79 872
17 79 873
17 79 874
17 79 879
17 79 880
17 79 881
17 79 882
17 79 893
17 79 894
17 79 896
17 79 897
17 79 899
17 79 900
17 79 901
17 79 902
17 79 903
17 79 905
17 79 906
17 79 907
17 79 908
17 79 909
17 79 915
17 79 917
17 79 919
17 79 920
17 79 934
17 79 945
17 79 946
17 79 947
17 1 813
17 13 868
17 34 927
17 34 928
17 30 949
17 30 951
108 41 80
108 41 82
108 41 92
108 41 93
108 41 120
108 41 128
108 41 133
108 41 134
108 41 175
108 41 184
108 41 193
108 41 242
108 41 263
108 41 264
108 41 300
108 41 301
108 41 303
108 41 304
108 41 315
108 41 316
108 41 320
108 106 169
108 106 232
108 106 233
108 106 234
108 20 228
108 121 234
108 121 237
108 43 235
20 35 96
20 35 97
20 35 98
20 35 99
20 35 100
20 35 101
20 35 102
20 35 103
20 35 104
20 35 105
20 35 106
20 35 107
20 35 108
20 35 126
20 35 127
20 35 132
20 35 133
20 35 134
20 35 135
20 35 139
20 35 141
20 35 142
20 35 143
20 35 144
20 35 145
20 35 148
20 35 151
20 35 152
20 35 155
20 35 156
20 35 157
20 35 158
20 35 159
20 35 160
20 35 164
20 35 165
20 35 166
20 35 167
20 35 168
20 35 169
20 35 171
20 35 175
20 35 183
20 35 184
20 35 195
20 35 196
20 35 197
20 35 198
20 35 201
20 35 202
20 35 204
20 35 205
20 35 206
20 35 210
20 35 211
20 35 212
20 35 213
20 35 214
20 35 216
20 35 217
20 35 218
20 35 219
20 35 221
20 35 222
20 35 223
20 35 227
20 35 228
20 35 229
20 35 232
20 35 233
20 35 234
20 35 244
20 35 246
20 35 266
20 35 267
20 35 272
20 35 273
20 35 276
20 35 277
20 35 279
20 35 283
20 35 284
20 35 285
20 35 288
20 35 290
20 35 291
20 35 292
20 35 294
20 18 148
20 92 217
20 43 228
20 43 229
20 43 233
20 25 233
20 31 248
35 104 174
35 104 177
35 104 178
35 104 192
35 104 193
35 92 217
35 43 229
35 43 232
35 43 233
35 43 240
35 24 230
35 24 231
35 24 240
35 57 232
35 106 233
35 54 233
35 54 240
35 54 246
35 54 248
35 27 299
35 6 299
101 76 790
101 76 791
101 76 792
101 76 794
101 76 795
101 76 797
101 76 799
101 76 800
101 76 804
101 76 864
101 76 874
101 76 876
101 76 878
101 76 882
101 76 890
101 76 893
101 76 894
101 21 796
101 21 797
101 81 797
101 96 800
101 96 801
101 13 817
101 30 858
101 64 867
101 9 867
101 84 872
104 10 100
104 10 101
104 10 102
104 10 103
104 10 104
104 10 105
104 10 106
104 10 107
104 10 110
104 10 111
104 10 112
104 10 113
104 10 114
104 10 115
104 10 116
104 10 117
104 10 119
104 10 120
104 10 121
104 10 122
104 10 123
104 10 125
104 10 130
104 10 136
104 10 137
104 10 138
104 10 139
104 10 141
104 10 142
104 10 146
104 10 152
104 10 153
104 10 160
104 10 162
104 10 163
104 10 164
104 10 165
104 10 166
104 10 167
104 10 169
104 10 170
104 10 172
104 10 173
104 10 175
104 10 177
104 10 178
104 10 179
104 10 181
104 10 190
104 10 193
104 10 202
104 10 204
104 10 220
104 10 221
104 10 222
104 10 223
104 10 224
104 10 229
104 10 231
104 10 232
104 10 233
104 10 235
104 10 239
104 10 240
104 10 241
104 10 244
104 10 245
104 10 246
104 10 247
104 10 248
104 10 267
104 10 268
104 10 272
104 10 273
104 10 277
104 10 280
104 10 281
104 10 282
104 10 283
104 10 284
104 10 285
104 10 286
104 10 287
104 10 288
104 10 289
104 10 290
104 10 291
104 10 292
104 10 293
104 10 294
104 10 295
104 10 296
104 10 297
104 10 298
104 10 299
104 10 300
104 10 301
104 10 302
104 10 303
104 10 304
104 10 306
104 10 307
104 10 308
104 10 309
104 10 310
104 10 311
104 10 315
104 10 319
104 10 320
104 10 321
104 10 322
104 10 323
104 10 324
104 10 329
104 10 331
104 10 332
104 10 334
104 10 335
104 10 336
104 10 337
104 10 338
104 10 339
104 10 340
104 10 341
104 10 342
104 10 345
104 10 346
104 10 349
104 10 350
104 10 352
104 10 353
104 10 355
104 10 356
104 27 106
104 27 110
104 27 111
104 87 131
104 106 173
10 6 105
10 27 105
10 27 106
10 27 107
10 27 108
10 27 110
10 27 116
10 27 117
10 27 123
10 18 123
10 18 126
10 18 127
10 59 153
10 120 236
27 6 103
27 6 104
27 6 105
27 6 111
27 6 112
27 6 113
27 6 114
27 6 115
27 6 116
27 6 117
27 6 118
27 6 119
27 6 120
27 6 121
27 6 122
27 6 123
27 6 124
27 6 126
27 6 127
27 6 128
27 6 129
27 6 130
27 6 131
27 6 132
27 6 133
27 6 134
27 6 135
27 6 136
27 6 137
27 6 138
27 6 139
27 6 141
27 6 142
27 6 143
27 6 144
27 6 145
27 6 146
27 6 147
27 6 148
27 6 151
27 6 153
27 6 154
27 6 155
27 6 157
27 6 158
27 6 171
27 6 172
27 6 173
27 6 174
27 6 176
27 6 177
27 6 188
27 6 189
27 6 191
27 6 195
27 6 196
27 6 197
27 6 198
27 6 199
27 6 201
27 6 202
27 6 203
27 6 204
27 6 205
27 6 206
27 6 208
27 6 209
27 6 210
27 6 218
27 6 220
27 6 222
27 6 225
27 6 226
27 6 227
27 6 229
27 6 232
27 6 242
27 6 243
27 6 247
27 6 296
27 6 299
27 87 140
27 87 142
27 18 173
27 18 174
27 84 196
6 33 179
6 120 179
6 25 182
6 88 196
18 56 290
18 56 293
18 56 294
18 56 298
18 56 299
18 31 294
18 94 294
18 61 673
18 61 674
18 61 677
18 61 679
18 61 680
18 61 681
18 61 682
18 61 683
18 61 684
18 61 685
18 61 686
18 61 687
18 61 688
18 61 690
18 61 694
18 61 695
18 61 696
18 61 697
18 61 698
18 61 700
18 61 701
18 61 702
18 61 704
18 61 705
18 61 706
18 61 708
18 61 710
18 61 711
18 61 715
18 61 716
18 61 717
18 61 718
18 61 719
18 61 721
18 61 722
18 61 723
18 61 724
18 61 725
18 61 726
18 61 727
18 61 728
18 61 729
18 61 730
18 61 731
18 61 732
18 61 733
18 61 734
18 61 735
18 61 736
18 61 737
18 61 738
18 61 739
18 61 740
18 61 741
18 61 742
18 61 743
18 61 746
18 61 750
18 61 751
18 61 752
18 61 753
18 61 754
18 61 757
18 61 759
18 61 760
18 61 761
18 61 762
18 61 763
18 61 764
18 61 765
18 61 767
18 61 769
18 61 770
18 61 771
18 61 772
18 61 773
18 61 774
18 61 775
18 61 776
18 61 777
18 61 778
18 61 783
18 61 784
18 61 785
18 61 786
18 61 787
18 61 789
18 61 790
18 61 791
18 61 793
18 61 795
18 61 796
18 61 797
18 61 799
18 61 800
18 61 801
18 61 802
18 61 803
18 61 804
18 61 805
18 61 806
18 61 807
18 61 808
18 61 809
18 61 810
18 61 811
18 61 812
18 61 813
18 61 814
18 61 817
18 61 818
18 61 819
18 61 820
18 61 821
18 61 822
18 61 823
18 61 824
18 61 825
18 61 826
18 61 827
18 61 828
18 61 829
18 61 830
18 61 831
18 61 832
18 61 834
18 61 835
18 61 836
18 61 837
18 61 838
18 61 839
18 61 840
18 61 841
18 61 842
18 61 844
18 61 845
18 61 846
18 61 847
18 61 848
18 61 849
18 61 850
18 61 851
18 61 852
18 61 853
18 61 855
18 61 856
18 61 857
18 61 858
18 61 859
18 61 860
18 61 861
18 61 862
18 61 863
18 61 864
18 61 865
18 61 868
18 61 870
18 61 871
18 61 873
18 61 874
18 61 878
18 61 879
18 61 880
18 61 881
18 61 885
18 61 887
18 61 888
18 61 889
18 61 890
18 61 891
18 61 893
18 61 894
18 61 896
18 61 897
18 61 898
18 61 899
18 61 900
18 61 901
18 61 902
18 61 903
18 61 904
18 61 905
18 61 906
18 61 907
18 61 908
18 61 909
18 61 910
18 61 911
18 61 912
18 61 913
18 61 915
18 61 916
18 61 917
18 61 918
18 61 919
18 61 920
18 61 942
18 61 943
18 61 944
18 61 945
18 61 946
18 61 947
18 61 948
18 9 677
18 9 684
18 9 685
18 9 688
18 9 700
18 9 701
18 9 706
18 9 707
18 9 710
18 9 712
18 9 714
18 9 715
18 9 728
18 9 730
18 9 731
18 9 732
18 9 738
18 9 739
18 9 741
18 9 743
18 9 744
18 9 746
18 9 747
18 9 748
18 9 749
18 9 750
18 9 752
18 9 753
18 9 754
18 9 759
18 9 760
18 9 823
18 9 837
18 9 840
18 9 853
18 9 854
18 9 855
18 9 860
18 9 870
18 9 872
18 9 878
18 9 884
18 9 885
18 9 887
18 9 888
18 9 889
18 9 890
18 9 891
18 9 894
18 9 910
18 9 913
18 9 919
18 9 937
18 9 938
18 9 940
18 9 942
18 9 943
18 9 944
18 9 945
18 9 946
18 9 947
18 36 695
18 40 700
18 40 705
18 40 706
18 40 716
18 89 706
18 89 707
18 89 713
18 89 714
18 89 715
18 89 716
18 89 724
18 89 725
18 89 726
18 89 727
18 89 728
18 89 730
18 89 743
18 126 720
18 123 726
18 123 728
18 123 729
18 45 741
18 45 742
18 45 743
18 45 760
18 75 865
18 75 942
18 30 868
18 30 880
18 48 950
18 48 951
18 26 950
18 26 951
132 87 126
132 87 127
132 87 129
132 87 133
132 87 134
132 87 135
132 87 137
132 87 140
132 87 142
132 87 144
132 87 152
132 87 154
132 87 161
132 116 498
132 116 504
132 44 514
87 100 562
87 100 563
87 100 567
87 100 569
87 100 570
87 100 571
87 100 572
87 100 573
87 100 575
87 100 577
87 100 578
87 100 579
87 100 581
87 100 583
87 100 584
87 100 590
87 100 591
87 100 592
87 100 596
87 100 600
87 100 601
87 100 610
87 100 612
87 100 613
87 100 623
87 100 634
87 100 636
87 23 582
87 4 609
87 4 610
87 4 611
33 121 132
33 121 133
33 121 136
33 121 138
33 121 139
33 121 140
33 121 141
33 121 142
33 121 144
33 121 146
33 121 148
33 121 151
33 121 152
33 121 153
33 121 159
33 121 161
33 121 162
33 121 165
33 121 167
33 121 168
33 121 169
33 121 170
33 121 171
33 121 172
33 121 173
33 121 174
33 121 175
33 121 176
33 121 177
33 121 178
33 121 179
33 121 180
33 121 181
33 121 184
33 121 186
33 121 198
33 121 199
33 121 202
33 121 206
33 121 210
33 121 213
33 121 219
33 121 220
33 121 221
33 121 222
33 121 224
33 121 225
33 121 226
33 121 228
33 121 230
33 121 233
33 121 234
33 121 238
33 106 133
33 106 136
33 106 138
33 106 139
33 106 140
33 106 141
33 106 143
33 106 144
33 106 145
33 106 146
33 106 147
33 106 148
33 106 149
33 106 150
33 106 151
33 106 152
33 106 153
33 106 154
33 106 155
33 106 156
33 106 157
33 106 158
33 106 159
33 106 185
33 106 197
33 106 199
33 106 219
33 106 220
33 106 221
33 106 222
33 106 223
33 106 235
33 106 238
33 128 133
33 128 138
33 128 141
33 128 142
33 128 143
33 128 146
33 128 196
33 128 197
33 128 198
33 128 221
33 128 238
33 54 141
33 92 211
121 106 133
121 106 134
121 106 136
121 106 137
121 106 138
121 106 139
121 106 140
121 106 141
121 106 144
121 106 145
121 106 146
121 106 147
121 106 148
121 106 149
121 106 150
121 106 151
121 106 152
121 106 153
121 106 154
121 106 155
121 106 156
121 106 157
121 106 159
121 106 185
121 106 205
121 106 206
121 106 207
121 106 208
121 106 217
121 106 219
121 106 220
121 106 221
121 106 222
121 106 223
121 106 227
121 106 228
121 106 231
121 106 238
121 106 239
121 31 137
121 56 210
121 58 515
121 58 522
121 58 524
121 58 526
121 58 529
121 71 543
121 71 544
121 93 551
106 128 133
106 128 134
106 128 135
106 128 136
106 128 138
106 128 139
106 128 140
106 128 143
106 128 145
106 128 146
106 128 147
106 128 148
106 128 149
106 128 150
106 128 152
106 128 153
106 128 154
106 128 155
106 128 156
106 128 158
106 128 159
106 128 160
106 128 164
106 128 166
106 128 167
106 128 168
106 128 172
106 128 173
106 128 176
106 128 180
106 128 195
106 128 199
106 128 200
106 128 212
106 128 214
106 128 224
106 128 225
106 128 229
106 128 230
106 128 233
106 128 236
106 128 237
106 128 238
106 128 239
106 54 138
106 54 139
106 54 140
106 54 141
106 56 141
106 56 169
128 120 133
128 120 136
128 120 138
128 120 139
128 120 143
128 120 145
128 120 146
128 120 147
128 120 148
128 120 149
128 120 150
128 120 155
128 120 198
128 120 206
128 120 209
128 120 238
128 120 239
128 97 317
128 97 318
128 97 319
128 97 320
128 97 321
128 97 322
128 97 323
128 97 324
128 97 325
128 97 326
128 97 327
128 97 328
128 97 329
128 97 330
128 97 335
128 97 336
128 97 337
128 97 338
128 97 339
128 97 340
128 97 341
128 97 343
128 97 345
128 97 349
128 97 350
128 97 351
128 97 352
128 97 355
128 97 356
128 97 357
128 97 360
128 97 361
128 97 365
128 97 371
128 97 372
128 97 373
128 97 374
128 97 375
128 97 376
128 97 377
128 97 378
128 97 379
128 97 382
128 97 383
128 97 384
128 97 385
128 97 386
128 97 387
128 97 388
128 97 389
128 97 391
128 97 392
128 97 393
128 97 394
128 97 396
128 97 402
128 97 403
128 97 405
128 97 406
128 97 448
128 97 461
128 97 467
128 97 468
128 97 469
128 97 470
128 97 471
128 97 473
128 97 478
128 97 479
128 57 318
128 57 319
128 57 320
128 57 323
128 57 334
128 57 335
128 57 336
128 57 337
128 57 338
128 57 339
128 57 340
128 57 341
128 57 342
128 57 343
128 57 345
128 57 349
128 57 351
128 57 353
128 57 354
128 57 357
128 57 359
128 57 366
128 57 369
128 57 370
128 57 371
128 57 375
128 57 376
128 57 377
128 57 379
128 57 380
128 57 381
128 57 383
128 57 442
128 57 451
128 57 452
128 57 460
128 57 461
128 57 462
128 57 464
128 57 465
128 57 468
128 57 469
128 57 471
128 57 474
128 57 475
128 57 477
128 57 479
128 57 480
128 57 481
128 64 348
128 64 352
128 64 353
128 64 354
128 64 355
128 43 361
128 31 370
120 54 139
120 54 141
120 29 801
31 54 135
31 54 136
31 54 139
31 54 142
31 54 144
31 54 160
31 54 161
31 54 164
31 54 165
31 54 166
31 54 167
31 54 168
31 54 169
31 54 170
31 54 171
31 54 172
31 54 176
31 54 177
31 54 178
31 54 179
31 54 180
31 54 181
31 54 182
31 54 183
31 54 184
31 54 185
31 54 186
31 54 187
31 54 188
31 54 189
31 54 190
31 54 191
31 54 192
31 54 193
31 54 194
31 54 206
31 54 207
31 54 208
31 54 217
31 54 248
31 54 249
31 54 251
31 54 266
31 54 272
31 54 279
31 54 280
31 54 282
31 54 287
31 54 289
31 54 291
31 54 293
31 54 296
31 54 305
31 54 423
31 54 428
31 54 442
31 54 450
31 54 451
31 54 464
31 54 483
31 54 545
31 54 551
31 57 306
31 57 364
31 57 370
31 57 388
31 57 389
31 57 390
31 57 391
31 57 394
31 57 395
31 57 396
31 57 397
31 57 398
31 57 399
31 57 400
31 57 422
31 57 424
31 57 425
31 57 426
31 57 429
31 57 430
31 57 431
31 57 432
31 57 433
31 57 434
31 57 436
31 57 437
31 57 438
31 57 439
31 57 440
31 57 441
31 57 452
31 57 453
31 57 454
31 57 455
31 57 457
31 57 458
31 57 460
31 57 462
31 57 465
31 57 469
31 57 471
31 57 472
31 57 520
31 57 521
31 57 546
31 57 552
31 57 554
31 57 556
31 107 474
31 85 483
31 93 483
54 43 240
54 56 299
54 44 517
54 109 565
54 29 580
54 29 586
54 29 614
54 29 615
54 29 616
54 29 619
54 29 726
54 29 728
54 29 734
54 29 735
54 29 761
54 29 762
54 29 765
54 29 782
54 83 594
54 100 594
54 74 599
54 12 606
54 12 635
54 7 665
54 7 724
54 7 797
54 7 799
54 7 800
54 7 801
54 7 802
54 7 803
54 7 807
54 7 808
54 7 809
54 7 810
54 7 811
54 7 812
54 7 813
54 7 814
54 7 815
54 7 816
54 7 817
54 7 818
54 7 819
54 7 820
54 7 825
54 7 826
54 7 827
54 7 841
54 7 845
54 7 849
54 7 851
54 7 853
54 7 854
54 7 857
54 7 858
54 7 859
54 7 860
54 7 861
54 7 862
54 19 666
54 19 782
54 94 701
54 94 707
54 110 720
54 48 765
54 48 780
54 48 831
54 48 832
54 48 833
54 48 834
54 48 836
54 48 838
54 48 839
54 48 841
54 48 842
54 48 850
54 48 851
54 48 854
54 48 855
54 48 856
54 48 858
54 48 859
54 48 860
54 48 862
54 48 863
54 48 864
54 26 779
54 26 815
54 26 817
54 26 855
54 26 864
54 89 801
54 38 862
54 30 870
54 30 879
54 30 906
54 30 918
54 30 919
54 30 921
54 30 926
54 30 939
54 30 1005
54 30 1008
54 30 1010
54 30 1011
54 30 1039
54 30 1041
54 30 1042
54 61 879
54 61 880
54 61 883
54 9 880
54 9 881
54 9 884
54 9 908
54 127 1000
54 111 1000
54 111 1001
54 111 1007
54 32 1009
54 37 1028
54 34 1034
54 34 1042
54 34 1043
54 2 1044
54 2 1045
59 96 137
59 96 145
59 96 147
59 96 150
59 96 152
59 96 155
59 96 156
59 96 159
59 96 162
59 96 166
59 96 170
59 114 871
59 114 872
59 114 873
59 114 874
59 114 881
59 114 907
59 114 947
59 70 872
59 34 872
59 34 873
59 34 874
59 34 883
59 34 887
59 34 894
59 34 902
59 34 916
59 34 917
59 58 872
59 58 873
59 58 878
59 58 885
59 58 892
59 58 893
59 58 902
59 58 903
59 58 908
59 58 946
59 58 950
59 58 1002
59 71 873
59 71 874
59 71 878
59 71 893
59 71 894
59 71 902
59 71 954
59 71 956
59 71 957
59 71 967
59 71 968
59 71 969
59 71 971
59 71 972
59 71 980
59 71 981
59 71 1030
59 71 1045
59 32 879
59 32 892
59 32 893
59 32 894
59 32 905
59 32 916
59 32 923
96 12 652
96 7 690
96 7 691
96 7 696
96 16 712
96 13 746
96 13 750
96 91 766
96 1 795
96 5 810
98 56 138
98 56 146
98 56 149
98 56 153
98 56 154
98 56 157
98 56 160
98 56 163
98 56 164
98 56 167
98 56 168
98 56 171
98 67 488
98 67 696
98 67 697
98 105 492
98 105 493
98 105 505
98 105 509
98 105 510
98 105 512
98 105 517
98 105 518
98 105 520
98 105 530
98 105 532
98 105 533
98 105 539
98 105 542
98 105 584
98 105 621
98 105 634
98 105 666
98 105 672
98 105 674
98 105 687
98 105 689
98 105 692
98 105 693
98 105 694
98 105 695
98 105 696
98 105 739
98 105 741
98 105 742
98 105 743
98 105 744
98 105 747
98 105 748
98 105 749
98 105 750
98 105 757
98 105 759
98 105 760
98 105 761
98 105 762
98 105 763
98 105 764
98 105 766
98 105 768
98 105 769
98 105 770
98 105 771
98 105 772
98 105 781
98 105 799
98 105 808
98 105 818
98 105 819
98 105 820
98 105 824
98 105 825
98 105 826
98 105 834
98 105 840
98 105 841
98 105 886
98 105 890
98 105 895
98 11 492
98 11 493
98 11 494
98 11 505
98 11 507
98 11 509
98 11 510
98 11 511
98 11 512
98 11 513
98 11 515
98 11 517
98 11 518
98 11 519
98 11 520
98 11 522
98 11 524
98 11 525
98 11 527
98 11 529
98 11 530
98 11 532
98 11 533
98 11 536
98 11 539
98 11 542
98 11 548
98 11 558
98 11 561
98 11 562
98 11 563
98 11 564
98 11 565
98 11 566
98 11 567
98 11 568
98 11 569
98 11 570
98 11 571
98 11 572
98 11 574
98 11 575
98 11 576
98 11 577
98 11 584
98 11 585
98 11 591
98 11 594
98 11 597
98 11 600
98 11 601
98 11 609
98 11 619
98 11 621
98 11 625
98 11 650
98 11 653
98 11 654
98 11 660
98 11 661
98 11 666
98 11 667
98 11 669
98 11 672
98 11 673
98 11 674
98 11 678
98 11 679
98 11 680
98 11 681
98 11 689
98 11 694
98 11 695
98 11 696
98 11 743
98 11 744
98 11 745
98 11 746
98 11 747
98 11 748
98 11 749
98 11 750
98 11 761
98 11 766
98 11 768
98 11 769
98 11 773
98 11 774
98 11 775
98 11 778
98 11 779
98 11 780
98 11 781
98 11 782
98 11 784
98 11 785
98 11 794
98 11 800
98 11 818
98 11 819
98 11 820
98 11 821
98 11 822
98 11 841
98 11 853
98 11 854
98 11 857
98 11 858
98 11 860
98 11 876
98 11 877
98 11 880
98 11 882
98 11 905
98 11 909
98 5 887
98 64 896
56 127 141
56 92 187
56 92 188
56 92 192
56 92 193
56 92 195
56 92 198
56 92 200
56 92 201
56 92 205
56 92 208
56 92 209
56 92 212
56 92 215
56 92 217
56 92 218
56 92 219
56 92 224
56 92 225
56 92 232
56 92 233
56 92 236
56 92 237
56 92 238
56 92 239
56 92 240
56 92 241
56 92 243
56 92 248
56 92 257
56 92 258
56 92 261
56 92 264
56 92 269
56 92 270
56 92 273
56 92 275
56 92 276
56 92 277
56 92 278
56 92 279
56 92 280
56 92 282
56 92 283
56 92 284
56 92 285
56 92 287
56 92 288
56 92 289
56 92 290
56 92 292
56 92 293
56 92 294
56 92 295
56 92 296
56 92 297
56 92 298
56 92 301
56 92 302
56 92 303
56 92 304
56 92 305
56 92 306
56 92 307
56 92 308
56 92 309
23 105 690
127 111 934
127 111 943
127 111 944
127 111 946
127 111 948
127 111 949
127 111 951
127 114 964
127 114 999
127 114 1002
127 114 1003
127 114 1004
127 32 972
127 32 998
127 32 999
127 32 1000
127 32 1002
127 32 1006
127 32 1007
127 131 991
127 34 1000
127 34 1001
127 30 1001
127 30 1006
127 30 1007
88 115 177
88 92 465
88 92 466
88 89 468
88 83 469
88 83 474
88 83 475
88 83 476
88 83 477
88 83 479
88 83 491
88 83 492
88 83 493
88 83 494
88 83 495
88 83 496
88 83 497
88 83 498
88 83 499
88 83 500
88 83 501
88 83 502
88 83 503
88 83 504
88 83 514
88 83 515
88 83 520
88 83 521
88 83 529
88 83 530
88 83 532
88 83 553
88 83 563
88 83 564
88 83 565
88 83 566
88 83 567
88 83 568
88 83 569
88 83 570
88 83 572
88 83 573
88 83 574
88 83 575
88 83 576
88 83 577
88 83 578
88 83 579
88 83 580
88 83 581
88 83 584
88 83 585
88 83 586
88 83 600
88 83 603
88 83 604
88 83 610
88 83 611
88 83 612
88 83 613
88 83 614
88 107 497
88 133 497
88 44 547
88 44 548
88 44 551
88 44 552
88 113 550
88 113 552
88 113 553
88 80 614
115 84 180
115 84 186
115 84 216
115 84 217
115 84 220
115 84 221
115 84 222
115 84 227
115 84 232
115 84 233
115 84 239
115 84 240
115 84 254
115 84 257
115 84 263
115 84 267
115 84 270
115 84 271
115 84 273
25 43 313
25 43 316
25 43 348
25 43 350
25 43 351
25 43 354
25 43 355
25 43 361
25 43 363
25 43 369
25 43 378
25 43 380
25 43 382
25 43 385
84 83 791
84 83 792
84 131 842
84 19 842
92 112 301
92 93 452
92 93 453
92 93 455
92 93 456
92 93 457
92 93 463
92 93 465
92 93 466
92 93 467
92 93 468
92 93 469
92 93 482
92 93 483
92 93 484
92 93 485
92 93 486
92 93 491
92 93 492
92 93 493
92 93 494
92 93 497
92 93 498
92 93 502
92 93 503
92 93 510
92 93 511
92 93 513
92 50 457
92 50 460
92 50 461
92 50 463
92 85 469
92 85 485
92 85 493
92 85 494
92 85 508
24 43 193
24 43 194
24 43 196
24 43 197
24 43 198
24 43 199
24 43 200
24 43 201
24 43 202
24 43 203
24 43 204
24 43 205
24 43 208
24 43 209
24 43 213
24 43 214
24 43 216
24 43 217
24 43 219
24 43 220
24 43 221
24 43 222
24 43 223
24 43 226
24 43 227
24 43 228
24 43 229
24 43 230
24 43 232
24 43 233
24 43 234
24 43 235
24 43 236
24 43 240
24 43 246
24 43 262
24 43 274
24 43 275
24 43 276
24 43 277
24 43 278
24 43 279
24 43 280
24 43 281
24 43 282
24 43 283
24 43 284
24 43 285
24 43 286
24 43 287
24 43 288
24 43 289
24 43 290
24 43 299
24 43 300
24 43 301
24 43 302
24 43 303
24 43 309
24 43 317
24 43 321
24 43 337
24 43 349
24 43 353
24 43 359
24 43 360
24 43 362
24 43 370
24 43 371
24 43 377
24 43 383
24 43 386
24 43 387
24 15 265
24 15 266
24 15 271
24 15 280
24 15 287
24 15 298
24 15 299
24 15 300
24 15 301
24 15 302
24 15 303
24 15 307
24 15 309
24 15 310
24 15 312
24 15 314
24 15 315
24 15 317
24 15 318
24 15 320
24 15 345
24 15 360
24 15 365
24 15 377
24 15 383
24 15 386
24 15 387
24 30 953
24 30 955
24 30 956
24 30 957
24 30 961
24 114 979
24 114 980
43 15 269
43 15 270
43 15 275
43 15 277
43 15 281
43 15 282
43 15 283
43 15 284
43 15 299
43 15 300
43 15 301
43 15 302
43 15 308
43 15 311
43 15 316
43 15 361
43 15 362
43 15 363
43 15 364
43 15 365
43 15 368
43 15 369
43 15 370
43 15 371
43 15 373
43 15 374
43 15 378
43 15 379
43 15 380
43 15 381
43 15 382
43 15 385
43 15 386
43 112 378
43 112 380
57 97 396
15 75 921
15 75 922
15 75 924
15 75 937
15 75 955
15 75 956
15 75 957
15 75 961
15 75 962
69 112 284
69 112 287
69 112 296
69 112 299
69 112 307
69 112 318
69 112 331
69 112 339
69 112 344
69 112 356
69 112 357
69 112 359
69 112 379
69 112 380
69 112 407
69 112 414
69 112 415
69 112 416
69 112 417
69 80 583
69 107 614
69 107 615
69 21 624
94 122 643
94 122 644
94 122 645
94 122 646
94 122 647
94 122 648
94 122 649
94 122 650
94 122 651
94 122 652
94 122 653
94 122 654
94 122 655
94 122 656
94 122 657
94 122 658
94 122 659
94 122 660
94 122 661
94 122 671
94 122 673
94 122 674
94 122 675
94 122 677
94 122 678
94 122 679
94 122 680
94 122 681
94 122 683
94 122 684
94 122 685
94 122 686
94 122 687
94 122 688
94 122 689
94 122 690
94 122 691
94 122 694
94 122 696
94 122 697
94 122 698
94 122 708
94 122 709
94 122 710
94 122 711
94 122 712
94 122 722
94 122 723
94 122 724
94 122 725
94 122 726
94 122 728
94 122 729
94 122 730
94 122 732
94 122 733
94 122 734
94 122 735
94 122 737
94 122 738
94 122 739
94 122 740
94 122 741
94 122 742
94 122 743
94 122 748
94 122 749
94 122 750
94 122 751
94 122 752
94 122 753
94 122 754
94 122 756
94 122 757
94 122 758
94 122 759
94 122 760
94 122 761
94 122 762
94 122 763
94 122 764
94 122 765
94 122 766
94 122 767
94 122 768
94 122 769
94 122 774
94 122 775
94 122 776
94 122 777
94 122 785
94 122 786
94 122 791
94 122 792
94 122 793
94 122 794
94 122 795
94 122 796
94 122 798
94 122 799
94 122 801
94 122 802
94 122 803
94 122 804
94 122 805
94 122 806
94 122 807
94 122 808
94 122 810
94 122 811
94 122 812
94 122 819
94 122 820
94 122 821
94 122 822
94 122 824
94 122 825
94 122 826
94 122 827
94 122 829
94 122 830
94 122 831
94 122 833
94 122 834
94 122 835
94 122 836
94 74 651
94 74 723
94 74 746
94 74 750
94 38 651
94 38 689
94 38 732
94 38 733
94 38 754
94 85 696
94 85 697
94 29 708
94 110 728
94 110 747
94 110 795
94 110 796
94 9 730
94 16 745
97 2 864
97 2 865
97 2 866
97 2 878
97 2 879
97 2 882
97 2 893
97 2 905
97 2 909
97 2 912
97 2 920
97 2 925
97 2 928
97 2 931
97 2 939
97 2 958
97 2 959
97 2 962
97 2 981
97 2 984
97 2 985
97 2 988
97 2 990
97 2 991
97 2 997
97 2 998
97 2 1002
97 2 1008
97 2 1025
97 2 1026
97 2 1027
97 2 1050
97 2 1051
97 2 1052
97 2 1053
97 2 1054
97 2 1055
97 2 1069
97 2 1070
97 2 1071
97 9 926
64 19 379
64 19 381
64 19 382
64 19 383
64 19 384
64 19 385
64 19 386
64 19 394
64 19 395
64 19 396
64 19 397
64 19 399
64 19 400
64 19 402
64 19 404
64 19 408
64 19 409
64 19 410
64 19 413
64 19 415
64 19 423
64 19 425
64 19 436
64 19 493
64 19 525
64 19 531
64 19 533
64 19 554
64 19 566
64 19 567
64 19 585
64 19 587
64 19 588
64 19 601
64 107 603
64 107 604
64 107 622
64 9 673
64 9 674
64 9 675
64 9 676
64 9 677
64 9 678
64 9 680
64 9 681
64 9 682
64 9 683
64 9 684
64 9 685
64 9 691
64 9 692
64 9 693
64 9 700
64 9 702
64 9 706
64 9 710
64 9 715
64 9 716
64 9 719
64 9 720
64 9 721
64 9 722
64 9 724
64 9 727
64 9 728
64 9 729
64 9 730
64 9 734
64 9 738
64 9 739
64 9 747
64 9 748
64 9 749
64 9 750
64 9 751
64 9 752
64 9 753
64 9 754
64 9 761
64 9 764
64 9 767
64 9 771
64 9 779
64 9 812
64 9 821
64 9 831
64 9 832
64 9 837
64 9 838
64 9 839
64 9 852
64 9 853
64 9 854
64 9 855
64 9 859
64 9 860
64 9 864
64 9 866
64 9 873
64 9 876
64 9 877
64 9 884
64 9 885
64 9 886
64 9 887
64 9 888
64 9 889
64 9 890
64 9 891
64 9 892
64 9 893
64 9 895
64 9 896
64 9 897
64 9 910
64 9 911
64 9 912
64 9 913
64 9 936
64 9 937
64 9 938
64 9 940
64 9 941
64 9 942
64 9 943
64 9 944
64 9 945
64 9 946
64 9 947
64 105 697
64 105 698
64 89 706
64 89 711
64 89 712
64 89 713
64 89 715
64 89 716
64 89 723
64 89 724
64 89 729
64 89 730
64 89 740
64 89 745
64 89 746
64 89 747
64 13 865
64 11 871
64 48 896
64 48 949
64 48 950
64 48 951
64 21 937
64 21 938
64 21 939
64 21 940
64 21 941
64 21 950
64 21 951
64 26 950
64 26 951
64 117 951
19 74 598
19 74 602
19 74 603
19 74 624
19 74 634
19 74 635
19 74 636
19 74 637
19 74 654
19 74 655
19 74 656
19 74 659
19 74 668
19 74 671
19 74 672
19 74 674
19 74 676
19 74 684
19 74 739
19 74 740
19 74 741
19 74 742
19 74 779
19 74 780
19 74 784
19 74 795
19 74 796
19 74 800
19 74 803
19 74 804
19 74 805
19 74 808
19 74 809
19 74 810
19 74 812
19 74 813
19 74 832
19 74 837
19 74 838
19 74 839
19 74 840
19 74 841
19 74 842
19 74 843
19 74 868
19 74 885
19 74 886
19 74 887
19 74 907
19 74 908
19 74 909
19 74 914
19 74 915
19 74 916
19 74 917
19 74 920
19 38 601
19 38 632
19 38 640
19 38 652
19 38 654
19 38 656
19 38 662
19 38 663
19 38 664
19 38 668
19 38 676
19 38 685
19 38 686
19 38 741
19 38 742
19 38 743
19 38 744
19 38 745
19 38 746
19 38 747
19 38 748
19 38 782
19 38 784
19 38 786
19 38 790
19 38 792
19 38 793
19 38 799
19 38 804
19 38 805
19 38 811
19 38 812
19 38 819
19 38 820
19 38 828
19 38 832
19 38 837
19 38 894
19 38 897
19 38 898
19 38 899
19 38 900
19 38 902
19 38 903
19 38 905
19 38 906
19 38 908
19 38 913
19 38 914
19 38 920
19 7 601
19 7 609
19 7 622
19 7 628
19 7 629
19 7 630
19 7 631
19 7 632
19 7 634
19 7 651
19 7 652
19 7 653
19 7 655
19 7 656
19 7 658
19 7 663
19 7 664
19 7 665
19 7 668
19 7 686
19 7 748
19 7 786
19 7 787
19 7 788
19 7 789
19 7 790
19 7 791
19 7 792
19 7 793
19 7 797
19 7 799
19 7 832
19 7 837
19 7 838
19 7 878
19 7 879
19 7 884
19 7 893
19 7 895
19 7 913
19 7 914
19 7 920
19 85 603
19 85 622
19 85 630
19 85 631
19 85 632
19 85 633
19 85 637
19 85 638
19 85 639
19 85 645
19 85 648
19 85 649
19 85 766
19 85 767
19 85 787
19 85 788
19 85 794
19 85 808
19 85 809
19 85 832
19 85 836
19 85 837
19 85 838
19 85 842
19 85 843
19 85 892
19 85 893
19 85 895
19 85 896
19 85 903
19 85 916
19 85 917
19 85 920
19 12 603
19 12 634
19 12 635
19 12 636
19 12 637
19 12 654
19 12 655
19 91 630
19 91 631
19 91 632
19 1 660
19 29 662
19 29 663
19 29 664
19 29 665
19 29 690
19 29 699
19 29 782
19 29 783
19 29 794
19 29 802
19 36 671
19 107 693
19 110 709
19 45 713
19 13 739
19 13 740
19 13 743
19 13 797
19 13 798
19 13 803
19 13 806
19 13 807
19 13 813
19 13 842
19 13 893
19 13 895
19 13 907
19 13 909
19 13 910
133 116 395
116 107 495
116 48 709
89 50 415
89 50 416
89 50 417
89 50 422
89 50 430
89 50 452
89 50 454
89 50 456
89 50 465
89 50 466
89 50 467
89 93 415
89 93 416
89 93 417
89 93 419
89 93 420
89 93 421
89 93 422
89 93 423
89 93 424
89 93 425
89 93 428
89 93 430
89 93 431
89 93 432
89 93 436
89 93 441
89 93 443
89 93 444
89 93 445
89 93 446
89 93 447
89 93 452
89 93 453
89 93 454
89 93 455
89 93 456
89 93 457
89 93 468
89 93 481
89 93 482
89 93 484
89 93 493
89 93 495
89 93 511
89 93 512
89 93 513
89 93 514
89 71 415
89 71 416
89 71 417
89 71 420
89 71 436
89 71 437
89 71 447
89 90 457
89 90 458
89 90 467
89 90 486
89 90 492
89 90 499
89 90 523
89 90 524
89 45 628
89 45 629
89 45 633
89 45 634
89 45 638
89 45 639
89 45 640
89 45 641
89 45 658
89 45 659
89 45 660
89 45 661
89 45 662
89 45 664
89 45 673
89 45 674
89 45 677
89 45 678
89 45 679
89 45 687
89 45 695
89 45 700
89 45 706
89 45 726
89 45 727
89 45 732
89 45 733
89 45 734
89 45 741
89 45 743
89 45 744
89 45 745
89 45 746
89 45 747
89 45 749
89 45 751
89 45 752
89 45 753
89 45 754
89 45 755
89 45 756
89 45 757
89 45 758
89 45 759
89 45 761
89 45 764
89 45 765
89 45 766
89 45 768
89 45 769
89 45 770
89 45 772
89 45 773
89 45 774
89 45 775
89 45 776
89 45 777
89 45 778
89 45 779
89 45 780
89 45 781
89 45 784
89 45 785
89 45 788
89 45 789
89 45 790
89 45 794
89 45 795
89 45 796
89 45 797
89 45 799
89 45 800
89 45 807
89 45 808
89 45 809
89 45 810
89 45 811
89 45 826
89 45 827
89 45 866
89 45 868
89 45 891
89 45 897
89 45 901
89 45 902
89 45 903
89 45 904
89 45 905
89 45 911
89 45 912
89 45 913
89 7 630
89 7 631
89 7 632
89 38 632
89 38 732
89 38 800
89 38 801
89 122 654
89 74 659
89 74 726
89 110 686
89 110 703
89 36 690
89 1 703
89 1 704
89 1 705
89 40 707
89 40 715
89 40 716
89 40 717
89 40 718
89 129 717
89 129 719
89 16 800
89 85 825
89 76 837
89 30 888
89 117 910
89 105 913
50 75 415
50 75 416
50 75 417
50 93 415
50 93 416
50 93 417
50 93 431
50 93 432
50 93 439
50 93 443
50 93 450
50 93 451
50 93 455
50 93 456
50 93 462
50 93 463
50 93 471
50 93 474
50 93 475
50 93 476
50 93 481
50 93 482
50 93 483
50 93 498
50 93 506
50 93 507
50 93 509
50 93 510
50 93 511
50 93 512
50 93 514
50 93 516
50 95 452
50 95 453
50 95 454
50 90 455
50 90 456
50 90 458
50 90 462
50 90 464
50 90 467
50 90 476
50 90 477
50 90 495
50 90 507
50 90 509
50 90 510
50 90 511
50 90 512
50 90 513
50 90 517
50 90 521
50 90 522
50 90 523
50 90 524
50 85 468
50 85 470
50 85 499
50 85 500
50 85 502
50 85 503
50 85 506
50 85 507
50 85 511
50 85 514
50 85 515
50 85 516
50 85 517
50 85 518
50 85 519
50 85 520
50 85 521
50 85 522
50 85 523
93 75 415
93 75 416
93 75 417
93 75 418
93 75 419
93 75 420
93 75 421
93 75 422
93 75 423
93 75 425
93 75 430
93 75 431
93 75 432
93 75 435
93 75 436
93 75 546
93 75 548
93 75 549
93 75 550
93 75 552
93 75 555
93 75 556
93 75 561
93 75 562
93 75 563
93 75 566
93 75 569
93 75 570
93 75 573
93 75 574
93 90 469
93 90 593
93 44 540
93 80 586
71 95 443
71 95 540
71 95 541
71 95 545
71 95 547
71 95 553
71 95 554
71 95 588
71 95 589
71 61 548
71 61 549
71 61 550
71 61 551
71 34 873
71 34 874
71 34 877
71 34 881
71 34 925
71 34 926
71 34 927
71 34 945
71 34 946
71 34 947
71 34 958
71 34 1040
71 34 1043
71 34 1045
71 114 873
71 114 874
71 114 875
71 114 903
71 114 1034
71 114 1045
71 32 891
71 32 892
71 32 953
71 32 954
71 37 1028
71 30 1032
71 30 1035
71 30 1039
75 74 595
75 38 842
75 48 935
75 30 944
75 30 945
75 30 948
75 123 958
95 79 537
95 79 904
95 109 540
95 2 863
95 2 868
95 2 874
95 2 877
95 2 880
95 2 881
95 2 892
95 2 898
95 2 899
95 2 900
95 2 919
95 2 921
95 2 930
95 2 932
95 2 933
95 2 940
95 2 941
95 2 944
95 2 963
95 2 964
95 2 965
95 2 966
95 2 982
95 2 983
95 2 989
95 2 1001
95 2 1003
95 2 1007
95 2 1011
95 2 1012
95 2 1017
95 2 1018
95 2 1021
95 2 1034
95 2 1040
95 9 927
95 9 928
95 9 931
95 22 985
95 37 1033
95 30 1045
129 83 476
129 61 715
129 1 778
129 1 779
90 79 448
90 79 449
90 79 450
90 79 451
90 79 452
90 79 456
90 79 457
90 79 458
90 79 528
90 79 533
90 79 538
90 79 539
90 79 544
90 79 549
90 79 550
90 79 552
90 79 554
90 79 555
90 79 556
90 79 557
90 79 558
90 79 560
90 79 582
90 79 583
90 107 495
90 100 611
79 107 484
79 107 490
79 107 611
79 113 548
79 113 549
79 113 550
79 113 552
79 44 553
79 80 614
79 1 813
79 126 819
79 5 821
79 13 835
79 2 901
79 48 934
4 107 451
4 107 452
4 107 453
4 107 454
4 107 455
4 107 456
4 107 457
4 107 458
4 107 459
4 107 468
4 107 471
4 107 472
4 107 473
4 107 474
4 107 475
4 107 478
4 107 479
4 107 480
4 107 481
4 107 482
4 107 483
4 107 486
4 107 487
4 107 488
4 107 490
4 107 493
4 107 494
4 107 495
4 107 496
4 107 497
4 107 498
4 107 504
4 107 505
4 107 506
4 107 507
4 107 508
4 107 510
4 107 511
4 107 512
4 107 513
4 107 514
4 107 518
4 107 519
4 107 520
4 107 521
4 107 523
4 107 524
4 107 526
4 107 528
4 107 531
4 107 532
4 107 533
4 107 536
4 107 538
4 107 539
4 107 540
4 107 542
4 107 543
4 107 544
4 107 545
4 107 546
4 107 547
4 107 548
4 107 549
4 107 550
4 107 551
4 107 552
4 107 553
4 107 554
4 107 555
4 107 556
4 107 557
4 107 558
4 107 559
4 107 560
4 107 561
4 107 562
4 107 563
4 107 564
4 107 567
4 107 570
4 107 572
4 107 573
4 107 574
4 107 575
4 107 576
4 107 577
4 107 578
4 107 579
4 107 580
4 107 581
4 107 582
4 107 583
4 107 584
4 107 585
4 107 586
4 107 587
4 107 588
4 107 589
4 107 590
4 107 591
4 107 596
4 107 597
4 107 599
4 107 600
4 107 601
4 107 603
4 107 604
4 107 605
4 107 609
4 107 611
4 107 653
4 107 655
4 107 657
4 107 658
4 107 659
4 107 660
4 107 661
4 107 664
4 107 673
4 107 675
4 107 676
4 107 677
4 107 679
4 107 681
4 107 682
4 107 683
4 107 684
4 107 685
4 107 686
4 107 688
4 107 689
4 107 690
4 107 691
4 107 709
4 107 710
4 51 700
107 44 506
107 44 508
107 44 509
107 21 608
107 83 608
107 83 609
107 83 610
107 83 611
107 100 611
107 74 616
107 74 688
107 7 660
107 38 660
107 38 680
107 12 662
107 70 663
107 51 700
107 51 701
105 11 465
105 11 466
105 11 467
105 11 468
105 11 482
105 11 483
105 11 485
105 11 486
105 11 488
105 11 490
105 11 491
105 11 492
105 11 493
105 11 494
105 11 495
105 11 496
105 11 497
105 11 498
105 11 499
105 11 500
105 11 501
105 11 502
105 11 503
105 11 504
105 11 505
105 11 506
105 11 507
105 11 508
105 11 509
105 11 510
105 11 511
105 11 512
105 11 513
105 11 514
105 11 515
105 11 516
105 11 517
105 11 518
105 11 519
105 11 520
105 11 521
105 11 522
105 11 523
105 11 524
105 11 525
105 11 526
105 11 529
105 11 530
105 11 531
105 11 532
105 11 533
105 11 534
105 11 535
105 11 536
105 11 537
105 11 538
105 11 539
105 11 540
105 11 541
105 11 542
105 11 543
105 11 544
105 11 545
105 11 552
105 11 553
105 11 556
105 11 557
105 11 558
105 11 565
105 11 566
105 11 567
105 11 568
105 11 569
105 11 570
105 11 571
105 11 572
105 11 573
105 11 574
105 11 575
105 11 576
105 11 584
105 11 585
105 11 591
105 11 593
105 11 594
105 11 595
105 11 599
105 11 600
105 11 601
105 11 602
105 11 603
105 11 619
105 11 620
105 11 621
105 11 625
105 11 626
105 11 630
105 11 631
105 11 632
105 11 636
105 11 637
105 11 642
105 11 659
105 11 660
105 11 661
105 11 662
105 11 663
105 11 665
105 11 671
105 11 672
105 11 673
105 11 674
105 11 675
105 11 676
105 11 677
105 11 682
105 11 687
105 11 688
105 11 689
105 11 694
105 11 695
105 11 696
105 11 705
105 11 706
105 11 708
105 11 712
105 11 713
105 11 714
105 11 716
105 11 718
105 11 736
105 11 738
105 11 739
105 11 740
105 11 741
105 11 743
105 11 745
105 11 747
105 11 748
105 11 761
105 11 762
105 11 763
105 11 764
105 11 765
105 11 766
105 11 767
105 11 819
105 11 820
105 11 821
105 11 822
105 11 823
105 11 831
105 11 832
105 11 833
105 11 835
105 11 837
105 11 840
105 11 841
105 11 848
105 11 850
105 11 852
105 11 853
105 11 854
105 100 534
105 100 535
105 100 538
105 100 545
105 100 547
105 83 673
105 48 904
11 100 534
11 100 535
11 100 537
11 100 538
11 100 540
11 100 541
11 100 543
11 100 546
11 100 549
11 100 550
11 100 559
11 40 847
11 40 848
11 66 848
11 5 866
11 91 867
11 45 869
11 9 871
11 48 877
85 7 595
85 7 622
85 7 624
85 7 626
85 7 627
85 7 628
85 7 631
85 7 632
85 7 635
85 7 636
85 7 637
85 7 638
85 7 641
85 7 677
85 7 681
85 7 682
85 7 683
85 7 691
85 7 692
85 7 696
85 7 697
85 7 700
85 7 725
85 7 734
85 7 740
85 7 741
85 7 742
85 7 743
85 7 774
85 7 777
85 7 787
85 7 788
85 7 789
85 7 790
85 7 805
85 7 806
85 7 807
85 7 808
85 7 827
85 7 832
85 7 837
85 7 838
85 7 920
85 12 602
85 13 727
85 13 729
85 13 735
85 13 739
85 13 740
85 13 741
85 13 742
85 13 743
85 13 755
85 13 770
85 13 803
85 13 821
85 13 822
85 13 840
85 13 846
85 13 858
85 13 888
85 13 912
85 13 917
85 61 731
85 1 804
85 5 863
85 38 907
85 38 920
83 21 563
83 21 569
83 21 572
83 21 573
83 21 574
83 21 575
83 21 576
83 21 577
83 21 579
83 21 580
83 21 581
83 21 583
83 21 584
83 21 587
83 21 588
83 21 590
83 21 591
83 21 594
83 21 598
83 21 599
83 21 600
83 21 606
83 21 607
83 21 608
83 21 610
83 21 611
83 21 612
83 21 613
83 21 614
83 21 618
83 21 619
83 21 623
83 21 624
83 21 626
83 21 630
83 21 634
83 21 635
83 21 636
83 21 637
83 21 638
83 21 639
83 21 640
83 21 641
83 21 643
83 21 651
83 21 664
83 21 665
83 21 666
83 21 667
83 21 668
83 21 669
83 21 670
83 21 672
83 21 673
83 21 675
83 21 697
83 21 698
83 21 699
83 21 700
83 21 701
83 21 702
83 21 703
83 21 704
83 21 705
83 21 706
83 21 707
83 21 708
83 21 709
83 21 710
83 21 711
83 21 712
83 21 713
83 21 714
83 21 715
83 21 716
83 21 717
83 21 718
83 21 721
83 21 724
83 21 725
83 21 734
83 21 742
83 21 747
83 21 752
83 21 753
83 21 777
83 21 778
83 21 779
83 21 780
83 21 787
83 21 788
83 21 789
83 21 790
83 21 799
83 21 800
83 21 801
83 21 802
83 21 803
83 21 804
83 21 805
83 100 611
83 81 781
83 81 803
113 44 470
113 44 471
113 44 472
113 44 477
113 44 478
113 44 483
113 44 485
113 44 486
113 44 487
113 44 496
113 44 497
113 44 498
113 44 501
113 44 502
113 44 503
113 44 504
113 44 506
113 44 507
113 44 509
113 44 510
113 44 511
113 44 514
113 44 515
113 44 516
113 44 517
113 44 518
113 44 519
113 44 520
113 44 521
113 44 522
113 44 523
113 44 524
113 44 525
113 44 526
113 44 527
113 44 528
113 44 529
113 44 547
113 44 554
113 109 471
113 109 475
113 109 476
113 109 481
113 109 483
113 109 504
113 109 505
113 109 548
113 109 553
113 109 562
113 70 516
113 70 564
113 70 565
44 109 472
44 109 474
44 109 478
44 109 480
44 109 483
44 109 486
44 109 494
44 109 498
44 109 501
44 109 507
44 109 508
44 109 509
44 109 532
44 109 533
44 109 535
44 109 536
44 109 543
44 109 551
44 109 552
44 109 554
44 109 557
44 109 559
44 109 561
44 109 565
44 70 482
44 70 488
44 70 526
44 70 557
109 66 481
109 70 532
109 70 533
109 70 544
66 74 587
66 74 589
66 91 732
66 91 733
66 91 734
66 91 737
66 91 738
66 91 739
66 91 741
66 91 742
66 91 749
66 91 751
66 91 753
66 91 758
66 91 760
66 91 762
66 91 764
66 91 769
70 29 661
70 29 670
70 29 724
70 30 861
70 30 862
70 34 871
70 34 872
70 114 871
70 114 872
67 22 496
67 22 497
67 22 498
67 22 499
67 22 514
67 22 526
67 22 530
67 22 568
67 22 569
67 22 586
67 22 595
67 22 596
67 22 597
67 22 600
67 22 604
67 22 631
67 22 641
67 22 700
67 22 708
67 22 719
67 58 526
67 100 612
67 36 676
67 32 939
22 111 945
22 30 960
22 30 969
22 30 970
22 30 974
22 30 975
22 30 976
22 30 977
22 30 978
22 32 977
22 32 978
22 34 979
22 34 997
58 13 912
58 13 913
58 48 919
58 48 920
58 48 921
58 32 922
58 32 923
58 32 925
58 32 927
58 32 928
58 32 933
58 32 976
58 32 977
58 32 978
58 32 979
58 32 980
58 32 981
58 32 983
58 32 984
58 32 987
58 32 989
58 32 991
58 32 992
58 32 993
58 32 994
58 32 995
58 32 1000
58 32 1001
58 32 1004
58 32 1007
58 32 1009
58 34 939
58 34 966
58 34 971
58 34 972
58 34 988
58 34 1011
58 34 1019
58 34 1038
58 34 1039
58 34 1044
58 34 1045
58 114 967
58 114 972
58 114 984
58 114 987
58 114 988
58 114 992
58 114 995
58 114 998
58 114 1002
58 114 1004
58 114 1019
58 30 979
58 30 980
58 30 987
58 30 991
58 30 992
58 30 995
58 30 997
58 30 998
58 30 1007
58 30 1019
58 30 1020
58 30 1021
58 30 1023
58 30 1024
58 30 1025
58 30 1027
58 30 1028
58 30 1029
58 30 1033
58 30 1040
58 37 1027
58 37 1028
61 122 528
61 122 532
61 122 535
61 122 536
61 122 540
61 122 544
61 122 545
61 122 546
61 122 549
61 122 550
61 122 551
61 122 557
61 122 558
61 122 559
61 122 728
61 36 695
61 40 705
61 40 706
61 40 711
61 40 712
61 1 728
61 38 732
61 38 733
61 7 732
61 74 733
61 45 741
61 45 742
61 45 743
61 45 746
61 45 747
61 45 760
61 45 761
61 5 872
61 117 950
122 12 647
122 12 651
122 7 690
122 7 699
122 16 709
122 81 723
122 126 727
122 126 730
122 126 731
122 9 729
122 9 731
122 13 747
122 13 754
122 1 747
122 91 766
122 91 770
122 91 771
122 91 774
100 21 562
100 21 563
100 21 565
100 21 566
100 21 568
100 21 569
100 21 570
100 21 571
100 21 572
100 21 573
100 21 574
100 21 575
100 21 576
100 21 577
100 21 578
100 21 580
100 21 583
100 21 584
100 21 585
100 21 590
100 21 591
100 21 592
100 21 593
100 21 594
100 21 595
100 21 596
100 21 600
100 21 602
100 21 603
100 21 604
100 21 606
100 21 607
100 21 609
100 21 610
100 21 612
100 21 617
100 21 620
100 21 627
100 21 653
100 21 654
100 21 655
100 21 656
100 21 657
100 21 658
100 21 659
100 21 660
100 21 661
100 21 662
100 21 664
100 21 666
100 21 667
100 21 668
21 36 626
21 123 672
21 110 723
21 110 793
21 114 921
21 9 939
21 9 941
21 30 940
21 117 950
36 29 660
36 29 685
36 74 661
36 74 669
36 74 671
36 7 661
36 12 661
36 12 662
36 51 681
36 110 682
36 45 690
126 110 727
126 16 801
126 111 936
126 111 950
126 111 952
126 111 953
126 111 954
126 111 955
126 111 956
126 111 957
126 111 958
126 111 960
126 111 963
126 111 965
126 111 966
126 111 967
126 111 968
126 111 969
126 111 972
126 111 973
126 111 975
126 111 976
126 111 977
126 111 978
126 111 979
126 111 980
126 111 982
126 111 983
126 111 987
126 111 990
126 111 992
126 111 993
126 111 994
126 111 995
126 111 1010
126 111 1011
126 111 1013
126 111 1014
126 111 1015
126 111 1016
126 111 1018
126 111 1019
126 111 1020
126 30 997
126 114 997
126 32 1008
29 12 661
29 7 662
29 7 663
29 7 665
29 7 669
29 7 699
29 7 724
29 7 725
29 7 726
29 7 792
29 7 793
29 7 795
29 38 662
29 38 663
29 38 664
29 38 667
29 38 693
29 38 694
29 38 696
29 38 725
29 38 726
29 38 782
29 38 783
29 38 784
29 38 785
29 38 786
29 38 787
29 38 788
29 38 789
29 38 790
29 38 792
29 38 794
29 38 795
29 123 671
29 123 672
29 123 708
29 123 710
29 110 719
29 81 724
29 26 758
29 13 780
29 13 791
29 13 795
80 12 613
80 110 797
80 40 847
80 40 848
74 12 597
74 12 601
74 12 602
74 12 608
74 12 609
74 12 612
74 12 613
74 12 614
74 12 615
74 12 616
74 12 617
74 12 618
74 12 619
74 12 620
74 12 621
74 12 622
74 12 623
74 12 624
74 12 625
74 12 628
74 12 631
74 12 632
74 12 633
74 12 634
74 12 635
74 12 636
74 12 637
74 12 639
74 12 640
74 12 641
74 12 642
74 12 643
74 12 644
74 12 645
74 12 646
74 12 647
74 12 648
74 12 649
74 12 650
74 12 651
74 12 652
74 12 653
74 12 654
74 12 655
74 12 656
74 12 657
74 12 658
74 12 660
74 12 661
74 12 662
74 12 663
74 12 699
74 12 702
74 12 705
74 12 708
74 12 709
74 12 710
74 12 712
74 12 714
74 12 715
74 12 718
74 12 719
74 12 720
74 12 721
74 12 724
74 38 601
74 38 654
74 38 655
74 38 667
74 38 670
74 38 690
74 38 756
74 38 772
74 38 803
74 38 832
74 38 837
74 38 838
74 38 908
74 38 912
74 38 920
74 81 602
74 81 603
74 81 622
74 81 635
74 81 637
74 81 659
74 81 678
74 81 681
74 81 684
74 81 689
74 81 697
74 81 729
74 81 731
74 81 735
74 81 737
74 81 738
74 81 740
74 81 743
74 81 773
74 81 779
74 81 786
74 81 787
74 81 788
74 81 789
74 81 820
74 81 822
74 81 827
74 81 832
74 81 835
74 81 837
74 81 838
74 81 845
74 81 847
74 81 848
74 81 852
74 81 858
74 81 859
74 81 862
74 81 866
74 81 915
74 81 916
74 81 917
74 81 920
74 7 605
74 7 636
74 7 652
74 7 654
74 7 655
74 7 657
74 7 667
74 7 668
74 7 669
74 7 674
74 7 676
74 7 684
74 7 685
74 7 686
74 7 694
74 7 707
74 7 723
74 7 724
74 7 732
74 7 733
74 7 734
74 7 735
74 7 739
74 7 742
74 7 750
74 7 755
74 7 756
74 7 772
74 7 773
74 7 783
74 7 784
74 7 785
74 7 788
74 7 791
74 7 792
74 7 793
74 7 797
74 7 832
74 7 837
74 7 838
74 7 840
74 7 873
74 7 885
74 7 893
74 7 898
74 7 902
74 7 903
74 7 904
74 7 906
74 7 907
74 7 908
74 7 911
74 7 912
74 7 914
74 7 920
74 123 651
74 123 689
74 123 690
74 123 691
74 123 723
74 123 747
74 51 694
74 13 726
74 13 727
74 13 728
74 13 729
74 13 731
74 13 732
74 13 733
74 13 734
74 13 735
74 13 736
74 13 737
74 13 738
74 13 739
74 13 740
74 13 741
74 13 742
74 13 743
74 13 744
74 13 745
74 13 746
74 13 747
74 13 748
74 13 749
74 13 750
74 13 751
74 13 752
74 13 753
74 13 754
74 13 755
74 13 756
74 13 757
74 13 758
74 13 759
74 13 760
74 13 761
74 13 762
74 13 763
74 13 764
74 13 765
74 13 766
74 13 767
74 13 768
74 13 769
74 13 770
74 13 771
74 13 772
74 13 773
74 13 774
74 13 775
74 13 776
74 13 777
74 13 778
74 13 790
74 13 792
74 13 800
74 13 814
74 13 816
74 13 817
74 13 818
74 13 822
74 13 826
74 13 848
74 13 849
74 13 909
74 13 915
74 13 916
74 13 917
74 45 800
74 1 818
7 38 599
7 38 601
7 38 609
7 38 611
7 38 613
7 38 630
7 38 631
7 38 632
7 38 640
7 38 641
7 38 642
7 38 643
7 38 645
7 38 646
7 38 647
7 38 648
7 38 649
7 38 650
7 38 651
7 38 652
7 38 653
7 38 654
7 38 655
7 38 656
7 38 657
7 38 659
7 38 662
7 38 663
7 38 664
7 38 665
7 38 668
7 38 669
7 38 671
7 38 675
7 38 678
7 38 680
7 38 681
7 38 683
7 38 684
7 38 686
7 38 687
7 38 688
7 38 690
7 38 691
7 38 696
7 38 700
7 38 701
7 38 723
7 38 725
7 38 726
7 38 732
7 38 733
7 38 737
7 38 746
7 38 747
7 38 748
7 38 749
7 38 750
7 38 751
7 38 752
7 38 753
7 38 754
7 38 755
7 38 756
7 38 757
7 38 758
7 38 759
7 38 760
7 38 764
7 38 767
7 38 768
7 38 769
7 38 770
7 38 771
7 38 772
7 38 774
7 38 776
7 38 782
7 38 795
7 38 796
7 38 797
7 38 798
7 38 799
7 38 801
7 38 802
7 38 803
7 38 804
7 38 806
7 38 807
7 38 808
7 38 811
7 38 812
7 38 813
7 38 819
7 38 820
7 38 824
7 38 825
7 38 826
7 38 827
7 38 828
7 38 829
7 38 832
7 38 837
7 38 838
7 38 847
7 38 849
7 38 850
7 38 851
7 38 854
7 38 857
7 38 858
7 38 864
7 38 873
7 38 875
7 38 876
7 38 878
7 38 879
7 38 880
7 38 881
7 38 882
7 38 884
7 38 885
7 38 889
7 38 890
7 38 891
7 38 892
7 38 893
7 38 894
7 38 895
7 38 896
7 38 897
7 38 898
7 38 899
7 38 900
7 38 901
7 38 902
7 38 903
7 38 904
7 38 905
7 38 906
7 38 910
7 38 912
7 38 913
7 38 914
7 38 915
7 38 916
7 38 917
7 38 920
7 12 601
7 12 602
7 12 603
7 12 604
7 12 605
7 12 634
7 12 635
7 12 652
7 12 654
7 12 655
7 16 657
7 16 659
7 16 661
7 16 676
7 16 699
7 16 778
7 16 812
7 16 828
7 16 880
7 16 885
7 16 891
7 16 892
7 16 896
7 16 898
7 16 899
7 1 724
7 13 727
7 13 730
7 13 734
7 13 735
7 13 739
7 13 744
7 13 749
7 13 756
7 13 778
7 13 792
7 13 799
7 13 827
7 13 828
7 13 907
7 110 728
7 110 743
7 110 744
7 81 765
7 26 800
7 30 822
12 91 634
12 91 652
12 38 654
12 110 660
38 81 631
38 81 632
38 81 633
38 81 649
38 81 673
38 81 690
38 81 726
38 81 728
38 81 812
38 81 826
38 81 832
38 81 837
38 81 838
38 81 846
38 81 848
38 123 690
38 123 725
38 13 727
38 13 740
38 13 741
38 13 756
38 13 772
38 13 799
38 13 803
38 13 809
38 13 827
38 13 828
38 13 829
38 13 847
38 13 908
38 13 909
38 48 794
38 114 916
81 110 728
81 45 746
81 30 824
81 30 862
45 110 669
45 110 670
45 110 671
45 110 706
45 1 703
45 9 706
45 9 749
45 48 779
45 48 780
45 48 906
45 48 908
45 30 886
91 9 706
91 9 707
91 9 710
91 9 715
91 9 746
91 9 747
91 16 740
91 1 760
91 1 763
91 110 763
91 13 800
91 48 905
91 48 906
91 48 910
110 1 651
110 1 652
110 1 654
110 1 657
110 1 660
110 1 662
110 1 667
110 1 670
110 1 671
110 1 672
110 1 675
110 1 678
110 1 680
110 1 681
110 1 682
110 1 687
110 1 688
110 1 690
110 1 692
110 1 697
110 1 700
110 1 702
110 1 704
110 1 706
110 1 707
110 1 708
110 1 709
110 1 710
110 1 711
110 1 712
110 1 713
110 1 714
110 1 716
110 1 722
110 1 723
110 1 724
110 1 725
110 1 726
110 1 727
110 1 728
110 1 730
110 1 731
110 1 741
110 1 744
110 1 747
110 1 748
110 1 749
110 1 755
110 1 763
110 1 772
110 1 778
110 1 779
110 1 785
110 1 786
110 1 788
110 1 789
110 1 790
110 1 792
110 1 793
110 1 794
110 1 795
110 1 796
110 1 798
110 1 803
110 1 806
110 1 807
110 1 814
110 1 815
110 1 816
110 1 817
110 1 818
110 1 819
110 1 820
110 1 821
110 1 822
110 1 823
110 1 832
110 1 833
110 1 834
110 1 835
110 1 836
110 1 837
110 1 838
110 1 839
110 1 840
110 1 841
110 1 842
110 1 843
110 123 653
110 123 726
110 123 727
110 123 729
110 51 682
110 13 749
110 130 778
110 130 779
110 40 778
110 40 779
1 13 749
1 13 820
1 40 778
1 40 779
1 40 824
123 30 968
123 30 971
16 13 741
16 13 742
16 13 800
16 13 805
16 13 828
16 13 891
16 13 892
16 13 896
16 13 897
16 13 898
16 13 908
16 13 916
16 13 917
9 5 855
9 5 869
9 5 870
9 130 868
9 130 870
9 30 906
9 30 907
9 2 920
40 130 695
40 130 705
40 130 708
40 130 717
40 130 736
40 130 740
40 130 742
40 130 778
40 130 779
40 5 834
130 5 808
130 5 809
130 5 810
130 5 812
130 5 817
130 5 818
130 5 820
130 5 827
130 5 829
130 5 830
130 5 839
130 5 840
130 5 857
130 5 858
130 5 859
130 5 864
130 5 865
130 5 866
130 5 869
130 5 870
130 5 872
130 5 873
130 5 886
130 5 887
130 5 903
130 5 905
130 5 906
48 26 710
48 26 723
48 26 724
48 26 739
48 26 740
48 26 766
48 26 778
48 26 782
48 26 787
48 26 790
48 26 791
48 26 792
48 26 793
48 26 794
48 26 795
48 26 800
48 26 801
48 26 821
48 26 832
48 26 833
48 26 834
48 26 835
48 26 838
48 26 841
48 26 843
48 26 845
48 26 846
48 26 847
48 26 848
48 26 849
48 26 850
48 26 854
48 26 855
48 26 856
48 26 857
48 26 858
48 26 859
48 26 860
48 26 861
48 26 862
48 26 863
48 26 865
48 26 871
48 26 873
48 26 874
48 26 875
48 26 880
48 26 881
48 26 882
48 26 886
48 26 892
48 26 901
48 26 914
48 26 915
48 26 948
48 26 950
48 26 951
48 26 952
48 117 719
48 117 720
48 117 722
48 117 730
48 117 750
48 117 751
48 117 755
48 117 756
48 117 881
48 117 882
48 117 948
48 117 950
48 117 951
48 117 952
48 34 925
48 34 928
48 34 929
48 46 948
26 117 724
26 117 750
26 117 759
26 117 772
26 117 786
26 117 833
26 117 948
26 117 950
26 117 951
26 117 952
117 46 835
117 46 948
117 5 887
117 32 922
117 32 923
13 30 836
13 30 851
13 32 914
13 32 915
13 34 914
13 34 915
30 114 980
30 114 981
30 114 982
30 114 983
30 114 984
30 114 985
30 114 986
30 114 987
30 114 988
30 114 989
30 114 990
30 114 991
30 114 992
30 114 995
30 114 996
30 114 997
30 114 999
30 114 1005
30 114 1006
30 114 1007
30 114 1008
30 114 1017
30 114 1018
30 114 1019
30 114 1020
30 114 1022
30 114 1024
30 114 1025
30 114 1027
30 114 1028
30 114 1029
30 114 1030
30 114 1031
30 114 1032
30 114 1033
30 114 1034
30 114 1035
30 114 1037
30 114 1038
30 114 1039
30 114 1040
30 32 984
30 32 985
30 32 995
30 32 996
30 32 998
30 32 1005
30 32 1006
30 32 1008
30 32 1010
30 34 986
30 34 1019
30 111 1000
30 2 1043
30 2 1044
30 2 1045
2 37 1067
2 37 1068
2 37 1070
34 114 871
34 114 872
34 114 873
34 114 874
34 114 877
34 114 883
34 114 884
34 114 893
34 114 894
34 114 906
34 114 907
34 114 908
34 114 909
34 114 910
34 114 914
34 114 920
34 114 923
34 114 924
34 114 930
34 114 931
34 114 932
34 114 937
34 114 946
34 114 947
34 114 950
34 114 951
34 114 952
34 114 962
34 114 963
34 114 974
34 114 975
34 114 983
34 114 985
34 114 989
34 114 990
34 114 1010
34 114 1011
34 114 1012
34 114 1013
34 114 1014
34 114 1015
34 114 1016
34 114 1017
34 114 1036
34 114 1045
34 32 884
34 32 895
34 32 896
34 32 897
34 32 905
34 32 906
34 32 908
34 32 910
34 32 911
34 32 914
34 32 915
34 32 916
34 32 917
34 32 918
34 32 936
34 32 937
34 32 940
34 32 941
34 32 946
34 32 947
34 32 948
34 32 949
34 32 950
34 32 951
34 32 952
34 32 953
34 32 954
34 32 962
34 32 963
34 32 968
34 32 980
34 32 981
34 32 982
34 32 983
34 32 984
34 32 986
34 32 992
34 32 996
34 32 997
34 32 1001
34 32 1010
34 37 1030
114 32 877
114 32 893
114 32 897
114 32 905
114 32 908
114 32 910
114 32 911
114 32 914
114 32 922
114 32 925
114 32 932
114 32 941
114 32 942
114 32 946
114 32 947
114 32 948
114 32 950
114 32 959
114 32 963
114 32 965
114 32 966
114 32 967
114 32 968
114 32 980
114 32 981
114 32 982
114 32 983
114 32 984
114 32 985
114 32 986
114 32 992
114 32 993
114 32 994
114 32 995
114 32 996
114 32 997
114 32 998
114 32 999
114 32 1000
114 32 1002
114 32 1003
114 32 1004
114 32 1005
114 32 1006
114 32 1007
114 32 1008
114 32 1010
114 32 1011
114 111 975
114 37 1029
32 111 963
