99 6 0
99 6 1
99 6 2
99 6 3
99 6 90
99 6 91
99 6 94
99 6 99
99 6 100
99 6 101
99 6 102
99 6 103
99 6 104
99 6 105
99 6 106
99 6 107
99 6 108
99 6 109
99 6 113
99 6 114
99 6 116
99 6 125
99 6 129
99 6 131
99 6 136
99 6 138
99 6 139
99 6 143
99 6 156
99 6 167
99 6 170
99 6 171
99 6 172
99 6 173
99 6 174
99 6 182
99 6 183
99 6 189
99 6 193
99 6 196
99 6 197
99 6 198
99 64 1
99 64 2
99 64 3
99 64 6
99 64 11
99 64 15
99 64 17
99 64 18
99 64 24
99 64 27
99 64 52
99 64 62
99 64 64
99 64 99
99 64 100
99 64 101
99 64 102
99 64 103
99 64 105
99 64 106
99 64 107
99 64 108
99 64 112
99 64 115
99 64 116
99 64 122
99 64 123
99 64 124
99 64 125
99 64 128
99 64 129
99 64 130
99 64 131
99 64 132
99 64 133
99 64 139
99 64 140
99 64 144
99 64 145
99 64 147
99 64 154
99 64 155
99 64 156
99 64 157
99 64 161
99 64 164
99 64 165
99 64 166
99 64 169
99 64 171
99 64 172
99 64 173
99 64 174
99 64 175
99 64 180
99 64 181
99 64 183
99 64 191
99 64 193
99 64 197
99 0 123
99 0 124
99 0 126
99 0 127
99 0 145
99 0 154
99 0 155
99 0 156
99 0 185
99 0 187
99 0 197
99 11 143
99 9 144
99 87 160
99 74 161
99 52 190
99 93 212
99 93 219
6 65 0
6 65 1
6 65 2
6 65 3
6 65 4
6 65 5
6 65 12
6 65 13
6 65 20
6 65 28
6 65 29
6 65 30
6 65 31
6 65 32
6 65 33
6 65 34
6 65 35
6 65 39
6 65 49
6 65 50
6 65 51
6 65 53
6 65 54
6 65 69
6 65 99
6 65 100
6 65 101
6 65 102
6 65 103
6 65 104
6 65 105
6 65 107
6 65 108
6 65 124
6 65 126
6 65 128
6 65 130
6 65 131
6 65 133
6 65 135
6 65 139
6 65 150
6 65 151
6 65 156
6 65 159
6 65 160
6 65 167
6 65 168
6 65 169
6 65 170
6 65 171
6 65 173
6 65 174
6 65 182
6 65 183
6 65 187
6 65 189
6 65 193
6 65 194
6 0 1
6 0 2
6 0 30
6 0 33
6 0 37
6 0 38
6 0 39
6 0 40
6 0 49
6 0 50
6 0 51
6 0 52
6 0 58
6 0 103
6 0 105
6 0 145
6 0 149
6 0 150
6 0 156
6 0 183
6 0 197
6 96 6
6 96 7
6 96 8
6 96 18
6 96 25
6 96 26
6 96 27
6 96 28
6 96 33
6 96 34
6 96 35
6 96 36
6 96 37
6 96 38
6 96 39
6 96 58
6 96 59
6 96 60
6 96 61
6 96 62
6 96 65
6 96 67
6 96 68
6 96 69
6 96 71
6 96 73
6 96 74
6 96 75
6 96 76
6 96 77
6 96 78
6 96 79
6 96 80
6 96 81
6 96 82
6 96 83
6 96 84
6 96 86
6 96 87
6 96 88
6 96 89
6 64 6
6 64 9
6 64 10
6 64 14
6 64 15
6 64 16
6 64 19
6 64 21
6 64 22
6 64 23
6 64 26
6 64 27
6 64 52
6 21 11
6 52 15
6 87 160
65 96 12
65 96 33
65 96 34
65 96 36
65 96 37
65 96 38
65 96 39
65 96 40
65 96 41
65 96 42
65 96 44
65 96 45
65 96 46
65 96 47
65 96 48
65 96 56
65 96 59
65 96 63
65 96 65
65 96 67
65 96 69
65 96 71
65 0 90
65 0 91
65 0 100
65 0 101
65 0 103
65 0 105
65 0 106
65 0 107
65 0 108
65 0 113
65 0 114
65 0 119
65 0 120
65 0 121
65 0 133
65 0 154
65 0 156
65 0 183
65 0 184
65 0 197
65 79 347
0 96 1
0 96 2
0 96 17
0 96 18
0 96 22
0 96 38
0 96 39
0 96 40
0 96 41
0 96 54
0 64 1
0 64 2
0 64 8
0 64 11
0 64 14
0 64 15
0 64 17
0 64 18
0 64 21
0 64 40
0 64 41
0 64 42
0 64 54
0 64 55
0 64 56
0 64 59
0 64 73
0 64 75
0 64 76
0 64 77
0 64 79
0 64 81
0 64 82
0 64 83
0 64 84
0 64 85
0 64 86
0 64 87
0 64 88
0 64 89
0 35 16
0 11 114
0 9 144
96 94 144
96 91 947
96 91 948
96 91 966
96 91 969
96 91 973
96 91 974
96 91 975
96 91 976
96 91 992
96 91 1006
96 91 1008
96 91 1021
96 91 1027
96 91 1031
96 91 1035
96 91 1036
64 34 16
64 11 51
64 11 72
64 11 138
64 11 177
64 11 178
64 11 183
64 11 184
64 11 195
64 11 198
64 11 201
64 11 210
64 11 223
64 11 265
64 11 268
64 11 306
64 11 334
64 11 338
64 52 125
64 75 165
21 52 6
21 52 8
21 52 9
21 52 10
21 52 11
21 52 14
21 52 17
21 52 19
21 52 21
21 52 22
21 52 23
21 52 24
21 52 26
21 52 52
21 52 60
21 52 66
21 52 74
21 52 79
21 52 83
21 52 87
21 52 99
21 52 112
21 52 119
21 52 121
21 52 143
21 52 153
21 52 155
21 52 156
21 52 157
21 52 158
21 52 161
21 52 164
21 52 169
21 52 187
21 52 195
21 52 206
21 52 216
21 52 217
21 52 219
21 52 220
21 52 221
21 52 222
21 52 223
21 52 224
21 52 226
21 52 227
21 52 228
21 89 92
21 89 94
21 89 95
21 89 104
21 89 164
21 89 165
21 89 201
21 89 203
21 94 114
21 94 143
21 94 182
21 94 183
21 94 184
21 94 185
21 94 186
21 94 187
21 94 188
21 94 191
21 94 206
21 94 224
21 94 227
21 94 228
21 68 156
21 68 158
21 68 161
21 54 184
21 54 185
21 54 187
21 54 191
21 54 205
21 54 212
21 54 221
21 54 222
52 22 7
52 22 12
52 22 20
52 22 25
52 22 31
52 22 32
52 22 34
52 22 51
52 22 53
52 22 54
52 22 55
52 22 59
52 22 61
52 22 65
52 22 81
52 22 84
52 22 85
52 22 94
52 22 113
52 22 114
52 22 118
52 22 120
52 22 123
52 22 126
52 22 127
52 22 128
52 22 129
52 22 130
52 22 131
52 22 133
52 22 137
52 22 140
52 22 141
52 22 144
52 22 145
52 22 146
52 22 147
52 22 148
52 22 149
52 22 150
52 22 151
52 22 152
52 22 154
52 22 159
52 22 162
52 22 163
52 22 170
52 22 175
52 22 176
52 22 218
52 35 54
52 35 55
52 35 57
52 11 176
52 104 191
52 77 216
22 103 55
22 103 57
22 34 55
22 1 336
22 1 337
22 1 338
22 1 342
22 85 340
22 97 343
22 97 345
22 97 353
22 97 354
22 97 355
22 97 356
22 97 359
22 97 362
22 97 398
22 97 399
22 97 400
22 97 401
22 97 406
22 97 407
22 97 408
22 97 410
22 97 432
22 97 438
22 97 439
22 97 440
22 97 441
22 7 427
103 35 12
103 35 13
103 35 15
103 35 16
103 35 17
103 35 18
103 35 19
103 35 22
103 35 28
103 35 29
103 35 36
103 35 37
103 35 38
103 35 39
103 35 44
103 35 47
103 35 48
103 35 55
103 35 60
103 35 61
103 35 64
103 82 1177
103 82 1178
103 82 1183
103 82 1184
103 82 1188
103 82 1209
103 82 1213
103 82 1225
103 82 1227
103 82 1244
103 82 1258
103 82 1265
103 82 1281
103 82 1283
103 82 1290
103 82 1304
103 82 1317
103 82 1320
103 82 1346
103 82 1350
103 82 1352
103 82 1354
103 82 1355
103 39 1183
103 39 1189
103 39 1190
103 39 1228
103 39 1252
103 39 1284
103 39 1285
103 39 1307
103 39 1309
103 39 1317
103 39 1320
103 39 1326
103 39 1344
103 39 1350
103 39 1354
103 39 1355
103 85 1183
103 85 1184
103 85 1185
103 85 1189
103 85 1190
103 85 1213
103 85 1220
103 85 1222
103 85 1223
103 85 1228
103 85 1229
103 85 1251
103 85 1256
103 85 1260
103 85 1261
103 85 1262
103 85 1272
103 85 1285
103 85 1290
103 85 1292
103 85 1306
103 85 1308
103 85 1310
103 85 1315
103 85 1318
103 85 1348
103 85 1350
103 85 1353
103 85 1354
103 85 1355
35 2 173
35 87 243
35 87 244
35 87 245
34 98 1304
34 98 1305
34 98 1306
34 98 1307
34 98 1309
34 98 1310
34 98 1311
34 98 1312
34 98 1314
34 98 1320
34 98 1322
34 98 1324
34 98 1325
34 98 1326
34 98 1327
34 98 1328
34 98 1333
34 98 1336
34 98 1337
34 98 1339
34 98 1340
34 98 1341
34 98 1342
34 98 1343
34 98 1344
34 98 1345
34 98 1346
34 98 1383
34 98 1386
34 98 1392
34 98 1393
34 98 1396
34 98 1398
34 98 1399
34 98 1402
34 98 1404
34 98 1406
34 98 1407
34 98 1408
34 98 1430
34 98 1431
34 98 1432
34 98 1433
34 85 1404
34 85 1409
34 85 1422
34 85 1423
34 85 1425
34 85 1426
34 85 1430
34 85 1431
34 85 1432
34 85 1433
11 48 134
11 48 143
11 9 140
11 9 141
11 94 141
11 71 142
11 83 142
11 87 143
11 87 170
11 87 171
11 87 173
11 87 174
11 87 183
11 87 184
11 87 185
11 87 186
11 87 187
11 87 188
11 87 189
11 87 190
11 87 192
11 87 198
11 87 209
11 87 229
11 87 259
11 89 190
11 89 198
11 119 206
11 79 220
11 105 318
11 105 320
11 105 322
11 105 325
11 66 325
107 20 56
107 20 57
107 20 59
107 20 62
107 20 67
107 20 78
107 20 85
107 20 303
107 20 306
107 20 308
107 20 311
107 20 325
107 105 60
107 105 61
107 105 78
107 105 80
107 105 82
107 105 114
107 105 115
107 105 116
107 105 117
107 105 118
107 105 119
107 105 120
107 105 121
107 105 122
107 105 124
107 105 125
107 105 126
107 105 128
107 105 130
107 105 131
107 105 132
107 105 133
107 105 137
107 105 142
107 105 144
107 105 145
107 105 146
107 105 151
107 105 161
107 105 179
107 105 180
107 105 185
107 105 233
107 105 255
107 105 256
107 105 257
107 105 258
107 105 259
107 105 271
107 105 282
107 105 306
107 105 308
107 105 314
107 105 335
107 85 60
107 85 68
107 85 69
107 85 78
107 85 82
107 85 95
107 85 106
107 85 285
107 85 295
107 85 321
107 85 322
107 85 323
107 85 324
107 85 337
107 51 60
107 51 66
107 51 108
107 51 109
107 51 110
107 51 276
107 51 315
107 51 319
107 51 320
107 51 324
107 51 326
107 51 330
107 76 60
107 76 62
107 76 63
107 76 72
107 76 73
107 76 74
107 76 75
107 76 76
107 76 77
107 76 78
107 76 79
107 76 80
107 76 95
107 76 101
107 76 103
107 76 105
107 76 109
107 76 290
107 76 301
107 76 330
107 76 331
107 76 337
107 76 341
107 8 105
107 8 106
107 8 109
107 8 289
107 8 341
107 73 281
107 81 744
20 111 62
20 86 71
20 86 74
20 86 285
20 54 93
20 54 101
20 54 116
20 54 120
20 54 147
20 54 162
20 54 165
20 54 189
20 54 190
20 54 192
20 54 202
20 54 208
20 54 209
20 54 211
20 54 214
20 54 215
20 54 228
20 67 98
20 67 106
20 67 107
20 67 108
20 67 111
20 67 147
20 67 153
20 67 154
20 67 155
20 67 157
20 67 159
20 67 189
20 67 191
20 67 193
20 67 194
20 67 211
20 67 212
20 67 213
20 67 215
20 67 235
20 67 238
20 112 103
20 112 173
20 112 216
20 110 105
20 110 118
20 110 124
20 110 137
20 110 138
20 110 163
20 110 185
20 110 187
20 110 193
20 110 194
20 110 195
20 110 196
20 110 197
20 110 256
20 110 266
20 9 107
20 9 108
20 9 150
20 9 151
20 9 185
20 9 187
20 106 109
20 106 110
20 106 122
20 106 231
20 106 262
20 66 113
20 28 113
20 28 155
20 28 164
20 28 179
20 28 209
20 82 115
20 82 116
20 82 160
20 82 204
20 82 220
20 82 257
20 17 117
20 17 130
20 17 132
20 17 142
20 17 189
20 69 131
20 69 208
20 69 217
20 69 257
20 69 261
20 25 153
20 25 204
20 25 205
20 25 232
20 25 262
20 25 266
20 59 202
20 59 203
20 59 205
20 59 226
20 59 229
20 59 234
20 59 235
20 59 236
8 85 58
8 85 59
8 85 62
8 85 89
8 85 102
8 85 109
8 85 110
8 85 111
8 85 112
8 85 282
8 85 284
8 85 285
8 85 296
8 105 61
8 101 63
8 101 66
8 101 69
8 101 287
8 101 288
8 101 314
8 101 315
8 29 64
8 29 103
8 29 105
8 29 298
8 29 299
8 29 320
8 51 66
8 51 114
8 51 115
8 51 116
8 51 117
8 51 118
8 51 119
8 51 120
8 51 121
8 51 122
8 51 123
8 51 124
8 51 125
8 51 126
8 51 127
8 51 128
8 51 129
8 51 130
8 51 131
8 51 132
8 51 133
8 51 134
8 51 135
8 51 136
8 51 137
8 51 138
8 51 139
8 51 140
8 51 141
8 51 142
8 51 143
8 51 144
8 51 145
8 51 146
8 51 149
8 51 151
8 51 152
8 51 153
8 51 154
8 51 155
8 51 156
8 51 157
8 51 160
8 51 161
8 51 162
8 51 163
8 51 167
8 51 170
8 51 172
8 51 173
8 51 183
8 51 184
8 51 185
8 51 186
8 51 187
8 51 188
8 51 189
8 51 190
8 51 192
8 51 193
8 51 194
8 51 195
8 51 196
8 51 197
8 51 198
8 51 199
8 51 200
8 51 201
8 51 202
8 51 203
8 51 204
8 51 205
8 51 208
8 51 209
8 51 210
8 51 211
8 51 212
8 51 213
8 51 214
8 51 215
8 51 216
8 51 217
8 51 218
8 51 219
8 51 220
8 51 221
8 51 222
8 51 223
8 51 224
8 51 225
8 51 227
8 51 228
8 51 229
8 51 230
8 51 231
8 51 232
8 51 233
8 51 234
8 51 235
8 51 237
8 51 239
8 51 240
8 51 241
8 51 242
8 51 243
8 51 244
8 51 245
8 51 246
8 51 248
8 51 249
8 51 250
8 51 252
8 51 253
8 51 254
8 51 255
8 51 256
8 51 257
8 51 260
8 51 261
8 51 262
8 51 263
8 51 264
8 51 265
8 51 266
8 51 267
8 51 268
8 51 269
8 51 270
8 51 271
8 51 272
8 51 291
8 51 298
8 51 299
8 51 315
8 51 332
8 76 67
8 76 68
8 76 325
8 76 329
8 19 69
8 19 105
8 19 106
8 19 287
8 19 288
8 19 289
8 19 341
8 77 100
8 77 112
8 77 289
8 77 290
8 77 327
8 77 337
8 77 338
8 77 341
8 111 103
8 111 104
8 86 283
8 86 325
8 73 288
85 29 59
85 29 62
85 29 106
85 29 110
85 29 111
85 29 112
85 29 113
85 29 114
85 29 115
85 29 116
85 29 117
85 29 118
85 29 119
85 29 120
85 29 121
85 29 122
85 29 123
85 29 124
85 29 125
85 29 126
85 29 129
85 29 130
85 29 131
85 29 132
85 29 133
85 29 134
85 29 135
85 29 136
85 29 137
85 29 138
85 29 139
85 29 143
85 29 144
85 29 145
85 29 146
85 29 147
85 29 150
85 29 151
85 29 152
85 29 153
85 29 154
85 29 155
85 29 156
85 29 157
85 29 158
85 29 159
85 29 160
85 29 161
85 29 162
85 29 163
85 29 164
85 29 165
85 29 167
85 29 168
85 29 169
85 29 172
85 29 176
85 29 178
85 29 179
85 29 180
85 29 181
85 29 183
85 29 184
85 29 185
85 29 186
85 29 187
85 29 188
85 29 189
85 29 192
85 29 193
85 29 195
85 29 196
85 29 197
85 29 198
85 29 199
85 29 200
85 29 201
85 29 204
85 29 205
85 29 212
85 29 213
85 29 214
85 29 215
85 29 216
85 29 217
85 29 218
85 29 219
85 29 220
85 29 227
85 29 228
85 29 231
85 29 232
85 29 233
85 29 234
85 29 235
85 29 236
85 29 237
85 29 238
85 29 239
85 29 240
85 29 241
85 29 242
85 29 243
85 29 244
85 29 245
85 29 246
85 29 248
85 29 249
85 29 251
85 29 252
85 29 259
85 29 260
85 29 261
85 29 262
85 29 263
85 29 264
85 29 265
85 29 266
85 29 267
85 29 268
85 29 269
85 29 270
85 29 271
85 29 272
85 29 273
85 29 274
85 29 275
85 29 276
85 29 277
85 19 60
85 19 72
85 19 73
85 19 77
85 19 337
85 111 60
85 111 296
85 111 335
85 77 100
85 77 102
85 77 107
85 77 112
85 77 113
85 77 114
85 77 115
85 77 116
85 77 117
85 77 118
85 77 119
85 77 121
85 77 122
85 77 123
85 77 124
85 77 125
85 77 126
85 77 127
85 77 129
85 77 130
85 77 131
85 77 132
85 77 133
85 77 134
85 77 135
85 77 136
85 77 137
85 77 138
85 77 139
85 77 140
85 77 141
85 77 142
85 77 143
85 77 144
85 77 145
85 77 146
85 77 147
85 77 148
85 77 149
85 77 150
85 77 151
85 77 152
85 77 153
85 77 154
85 77 155
85 77 156
85 77 159
85 77 168
85 77 175
85 77 176
85 77 179
85 77 183
85 77 184
85 77 185
85 77 186
85 77 187
85 77 188
85 77 189
85 77 190
85 77 191
85 77 192
85 77 193
85 77 196
85 77 197
85 77 198
85 77 199
85 77 200
85 77 203
85 77 204
85 77 205
85 77 206
85 77 209
85 77 216
85 77 217
85 77 218
85 77 219
85 77 220
85 77 221
85 77 222
85 77 223
85 77 224
85 77 225
85 77 226
85 77 227
85 77 228
85 77 229
85 77 230
85 77 231
85 77 232
85 77 233
85 77 234
85 77 235
85 77 236
85 77 237
85 77 238
85 77 239
85 77 240
85 77 241
85 77 250
85 77 264
85 77 265
85 77 267
85 77 268
85 77 269
85 77 270
85 77 271
85 77 272
85 77 273
85 77 274
85 77 275
85 77 276
85 77 277
85 77 278
85 77 286
85 77 297
85 77 313
85 77 314
85 77 334
85 77 335
85 51 284
85 51 285
85 51 286
85 79 295
85 23 309
85 105 338
85 78 338
85 1 339
85 39 1179
85 39 1180
85 39 1182
85 39 1184
85 39 1188
85 39 1191
85 39 1192
85 39 1194
85 39 1195
85 39 1197
85 39 1200
85 39 1204
85 39 1208
85 39 1227
85 39 1229
85 39 1253
85 39 1264
85 39 1270
85 39 1281
85 39 1283
85 39 1296
85 39 1304
85 39 1305
85 39 1314
85 39 1318
85 100 1400
85 100 1432
85 100 1433
51 76 58
51 76 286
51 76 287
51 76 292
51 76 330
51 101 59
51 101 62
51 101 314
51 101 325
51 111 60
51 111 283
51 111 337
51 111 338
51 111 342
51 111 358
51 111 364
51 105 65
51 105 343
51 105 350
51 105 355
51 29 101
51 29 103
51 29 109
51 29 287
51 29 364
51 77 103
51 77 297
51 86 106
51 86 111
51 19 109
51 19 322
51 19 326
51 19 331
51 7 351
76 86 61
76 86 62
76 86 83
76 86 279
76 86 280
76 86 309
76 86 310
76 86 311
76 86 316
76 29 62
76 29 100
76 29 112
76 29 113
76 29 118
76 29 119
76 29 120
76 29 121
76 29 122
76 29 123
76 29 128
76 29 130
76 29 131
76 29 133
76 29 135
76 29 136
76 29 137
76 29 138
76 29 139
76 29 140
76 29 141
76 29 142
76 29 145
76 29 146
76 29 147
76 29 148
76 29 150
76 29 151
76 29 152
76 29 153
76 29 155
76 29 156
76 29 157
76 29 158
76 29 159
76 29 169
76 29 170
76 29 171
76 29 175
76 29 184
76 29 185
76 29 186
76 29 187
76 29 188
76 29 192
76 29 194
76 29 195
76 29 196
76 29 197
76 29 199
76 29 200
76 29 201
76 29 202
76 29 203
76 29 204
76 29 205
76 29 220
76 29 222
76 29 224
76 29 225
76 29 226
76 29 227
76 29 228
76 29 229
76 29 230
76 29 231
76 29 232
76 29 233
76 29 234
76 29 235
76 29 236
76 29 237
76 29 238
76 29 239
76 29 240
76 29 241
76 29 245
76 29 263
76 29 267
76 29 268
76 29 269
76 29 271
76 29 273
76 29 274
76 29 275
76 29 276
76 29 277
76 111 69
76 111 71
76 111 72
76 111 73
76 111 74
76 111 76
76 111 77
76 111 78
76 111 80
76 111 294
76 111 295
76 111 335
76 19 83
76 19 84
76 19 101
76 19 103
76 19 341
76 19 342
76 88 366
76 88 374
76 88 376
76 88 448
76 88 450
76 88 456
76 40 366
76 40 367
76 40 371
76 40 374
76 40 395
76 40 399
76 40 406
76 40 416
76 40 432
76 40 433
76 40 438
76 40 439
76 40 453
76 40 456
76 40 457
76 42 379
76 42 389
76 42 390
76 42 448
76 42 456
76 42 457
76 58 444
101 19 63
101 19 84
101 19 95
101 19 102
101 19 103
101 19 104
101 19 105
101 19 106
101 19 108
101 19 111
101 19 112
101 19 113
101 19 114
101 19 115
101 19 116
101 19 117
101 19 118
101 19 119
101 19 120
101 19 121
101 19 122
101 19 123
101 19 124
101 19 126
101 19 127
101 19 132
101 19 133
101 19 134
101 19 135
101 19 136
101 19 137
101 19 138
101 19 139
101 19 140
101 19 141
101 19 142
101 19 143
101 19 144
101 19 145
101 19 148
101 19 149
101 19 150
101 19 151
101 19 155
101 19 157
101 19 160
101 19 161
101 19 187
101 19 200
101 19 213
101 19 218
101 19 250
101 19 254
101 19 258
101 19 259
101 19 273
101 19 275
101 19 276
101 19 288
101 19 289
101 19 296
101 19 300
101 19 302
101 19 307
101 19 309
101 19 326
101 19 329
101 19 335
101 19 336
101 19 337
101 19 338
101 19 340
101 19 341
101 29 109
101 29 292
101 29 293
101 29 294
101 45 134
101 74 136
101 74 217
101 74 230
101 74 232
101 74 239
101 74 282
101 43 142
101 43 206
101 43 261
101 87 173
101 87 175
101 87 184
101 87 189
101 87 221
101 12 180
101 12 192
101 62 188
101 41 201
101 41 231
101 41 232
101 41 233
101 41 234
101 41 235
101 41 236
101 2 210
101 68 237
101 18 283
101 18 284
101 18 285
101 18 286
101 111 305
101 111 313
101 23 309
101 105 338
29 105 103
29 105 104
29 105 105
29 105 356
29 105 358
29 105 361
29 105 363
29 105 364
29 77 339
29 44 368
29 68 380
29 91 766
19 105 60
19 105 61
19 105 111
19 105 112
19 105 113
19 105 114
19 105 116
19 105 119
19 105 120
19 105 121
19 105 122
19 105 123
19 105 125
19 105 126
19 105 131
19 105 133
19 105 134
19 105 154
19 105 155
19 105 158
19 105 160
19 105 161
19 105 162
19 105 163
19 105 164
19 105 165
19 105 166
19 105 167
19 105 169
19 105 170
19 105 176
19 105 177
19 105 178
19 105 179
19 105 180
19 105 181
19 105 183
19 105 184
19 105 185
19 105 186
19 105 187
19 105 188
19 105 189
19 105 190
19 105 191
19 105 192
19 105 199
19 105 203
19 105 205
19 105 227
19 105 228
19 105 229
19 105 230
19 105 231
19 105 233
19 105 234
19 105 237
19 105 238
19 105 239
19 105 240
19 105 241
19 105 242
19 105 243
19 105 244
19 105 245
19 105 246
19 105 247
19 105 248
19 105 254
19 105 255
19 105 256
19 105 257
19 105 259
19 105 273
19 105 274
19 89 259
19 93 269
19 110 323
19 110 331
105 53 284
105 53 285
105 53 317
105 53 322
105 53 328
105 53 329
105 53 330
105 53 331
105 53 334
105 53 384
105 53 386
105 53 390
105 53 406
105 53 429
105 53 434
105 53 443
105 53 444
105 73 315
105 68 326
105 68 333
105 68 335
105 68 336
105 66 330
105 66 343
111 30 291
111 23 344
111 26 1121
111 26 1154
111 26 1157
111 97 1121
111 15 1121
111 15 1150
86 7 350
86 7 366
86 7 378
86 7 381
86 7 387
86 7 388
86 7 395
86 7 397
86 7 402
86 7 405
86 7 426
86 7 429
86 7 446
86 7 448
86 7 449
86 7 450
86 7 452
86 7 456
86 7 544
86 7 546
86 7 550
86 7 551
86 7 552
86 7 559
86 7 566
86 7 571
86 7 572
86 7 573
86 7 574
86 7 575
86 7 577
86 7 580
86 7 581
86 7 584
86 7 589
86 7 590
86 7 593
86 7 594
86 7 595
86 7 596
86 7 597
86 7 598
86 7 599
86 7 600
86 7 601
86 7 602
86 7 603
86 7 604
86 7 605
86 7 606
86 7 607
86 7 608
86 7 609
86 1 407
86 1 422
86 1 426
86 100 407
86 100 420
86 100 422
86 80 580
86 80 581
86 90 608
86 90 609
86 17 608
86 17 609
116 112 87
116 112 88
116 112 143
116 112 161
116 112 172
116 112 189
116 112 190
116 112 202
116 112 204
116 112 224
116 66 87
116 66 88
116 66 89
116 69 89
116 69 114
116 69 116
116 9 91
116 9 105
116 9 110
116 9 115
116 9 116
116 9 126
116 9 152
116 9 155
116 9 172
116 9 173
116 9 175
116 9 197
116 9 204
116 9 206
116 9 231
116 106 94
116 106 107
116 106 127
116 106 132
116 106 135
116 106 136
116 106 138
116 106 140
116 106 143
116 106 145
116 106 180
116 106 266
116 59 113
116 59 230
116 59 234
116 82 114
116 82 122
116 82 124
116 82 204
116 82 224
116 82 256
116 67 153
116 67 180
116 28 155
116 28 229
116 28 259
116 28 262
116 104 264
112 67 87
112 67 123
112 67 125
112 67 126
112 67 127
112 67 129
112 67 130
112 67 131
112 54 89
112 54 90
112 54 91
112 54 94
112 54 144
112 54 148
112 54 174
112 54 216
112 54 256
112 68 90
112 68 92
112 68 103
112 68 105
112 68 118
112 68 207
112 68 276
112 68 277
112 27 91
112 24 94
112 24 139
112 24 225
112 59 98
112 59 105
112 59 110
112 59 114
112 59 121
112 59 140
112 59 153
112 59 163
112 59 211
112 59 214
112 59 215
112 59 216
112 59 225
112 59 227
112 59 228
112 59 232
112 59 261
112 9 101
112 9 118
112 9 125
112 9 126
112 9 127
112 9 129
112 9 146
112 9 190
112 9 261
112 69 102
112 69 118
112 69 182
112 69 188
112 69 228
112 69 229
112 69 230
112 69 259
112 82 102
112 94 106
112 94 108
112 94 148
112 94 149
112 94 205
112 94 209
112 94 211
112 94 265
112 110 106
112 110 130
112 110 133
112 110 178
112 110 257
112 110 260
112 66 129
112 66 147
112 28 130
112 28 147
112 28 254
112 28 259
112 87 138
112 71 140
112 89 217
112 89 218
112 89 219
112 89 223
112 89 260
112 89 267
112 25 218
112 16 218
112 16 276
112 16 277
66 16 100
66 16 103
66 16 111
66 16 155
66 24 101
66 89 106
66 89 107
66 89 108
66 89 120
66 89 138
66 89 142
66 89 147
66 89 148
66 94 110
66 94 112
66 94 118
66 94 142
66 94 143
66 94 151
66 94 152
66 94 154
66 94 155
66 94 156
66 94 157
66 94 158
66 94 159
66 94 160
66 94 161
66 94 162
67 69 89
67 69 90
67 69 91
67 69 92
67 69 93
67 69 98
67 69 99
67 69 106
67 69 108
67 69 109
67 69 110
67 69 111
67 69 113
67 69 134
67 69 135
67 69 136
67 69 137
67 69 138
67 110 90
67 110 91
67 110 93
67 110 94
67 110 102
67 110 107
67 110 108
67 110 114
67 110 132
67 110 143
67 110 163
67 110 164
67 17 93
67 17 114
67 17 118
67 17 152
67 27 94
67 27 153
67 27 157
67 27 163
67 27 166
67 27 177
67 27 205
67 27 206
67 27 217
67 9 95
67 9 96
67 9 98
67 9 100
67 9 101
67 9 110
67 9 114
67 9 118
67 9 134
67 9 135
67 9 138
67 9 139
67 9 141
67 9 142
67 28 98
67 28 122
67 28 123
67 28 124
67 28 125
67 28 126
67 28 127
67 28 128
67 28 129
67 28 130
67 28 131
67 28 132
67 28 133
67 28 134
67 28 138
67 59 100
67 59 102
67 59 104
67 59 107
67 59 108
67 59 111
67 59 112
67 54 102
67 54 104
67 54 109
67 54 110
67 54 142
67 54 143
67 54 163
67 54 182
67 54 187
67 54 212
67 106 106
67 106 107
67 106 109
67 106 114
67 106 127
67 106 132
67 106 133
67 106 143
67 106 163
67 106 164
67 94 113
67 94 114
67 94 116
67 94 150
67 94 182
67 94 183
67 94 185
67 94 187
67 94 189
67 94 190
67 94 207
67 94 223
67 94 226
67 71 117
67 71 135
67 119 117
67 119 133
67 119 179
67 89 118
67 89 175
67 89 176
67 89 229
67 89 234
67 89 262
67 89 264
67 89 265
67 89 266
67 82 139
67 16 142
67 16 276
67 43 209
67 24 266
69 27 98
69 27 116
69 27 135
69 27 208
69 27 228
69 27 232
69 89 102
69 89 125
69 89 126
69 89 210
69 89 214
69 89 215
69 89 221
69 89 223
69 89 265
69 16 102
69 54 110
69 54 111
69 54 127
69 54 131
69 54 209
69 54 214
69 54 217
69 54 219
69 94 111
69 94 118
69 94 125
69 94 126
69 94 127
69 94 129
69 94 131
69 94 184
69 94 189
69 94 192
69 94 206
69 94 209
69 94 216
69 94 229
69 94 230
69 94 263
69 119 120
69 24 134
69 24 189
69 24 192
69 24 210
69 24 214
69 24 261
69 68 136
69 68 186
69 68 223
69 68 224
69 68 225
69 68 226
69 93 194
69 41 201
69 104 215
69 7 571
69 7 572
69 7 573
54 89 90
54 89 123
54 89 131
54 89 134
54 89 147
54 89 166
54 89 177
54 89 188
54 89 192
54 89 215
54 89 216
54 89 260
54 89 262
54 89 263
54 89 264
54 89 265
54 89 266
54 9 91
54 9 104
54 9 106
54 9 109
54 9 123
54 9 124
54 9 126
54 9 131
54 9 143
54 9 150
54 9 166
54 9 167
54 9 177
54 9 182
54 9 184
54 9 185
54 9 186
54 9 187
54 9 219
54 9 223
54 9 224
54 9 229
54 82 93
54 82 115
54 82 131
54 82 136
54 82 139
54 82 154
54 94 102
54 94 103
54 94 104
54 94 105
54 94 106
54 94 107
54 94 108
54 94 113
54 94 114
54 94 126
54 94 127
54 94 128
54 94 143
54 94 147
54 94 148
54 94 150
54 94 151
54 94 183
54 94 184
54 94 223
54 94 233
54 94 256
54 110 102
54 110 105
54 110 124
54 110 126
54 110 127
54 110 128
54 110 133
54 110 145
54 110 166
54 110 167
54 110 185
54 110 187
54 110 188
54 110 190
54 110 191
54 110 192
54 110 193
54 110 194
54 110 195
54 110 196
54 110 197
54 110 199
54 110 200
54 110 202
54 110 203
54 110 206
54 110 227
54 110 228
54 110 230
54 110 236
54 110 257
54 59 103
54 59 104
54 59 105
54 59 110
54 59 119
54 59 135
54 59 136
54 59 153
54 59 154
54 59 158
54 59 160
54 59 203
54 59 244
54 59 266
54 27 106
54 27 165
54 27 167
54 27 206
54 27 256
54 28 107
54 28 108
54 16 111
54 24 111
54 24 122
54 68 112
54 68 148
54 68 183
54 68 211
54 68 214
54 68 215
54 68 227
54 68 228
54 68 231
54 106 126
54 106 134
54 106 205
54 106 217
54 106 240
54 17 156
54 17 158
54 17 160
54 17 162
54 17 188
54 25 205
54 25 223
89 28 90
89 28 138
89 28 146
89 28 164
89 28 187
89 28 225
89 28 233
89 28 263
89 82 92
89 82 123
89 82 130
89 82 134
89 82 136
89 82 137
89 82 138
89 82 141
89 82 142
89 82 152
89 82 154
89 82 166
89 82 183
89 82 185
89 82 218
89 82 223
89 82 225
89 82 227
89 82 229
89 82 230
89 82 231
89 59 93
89 59 99
89 59 104
89 59 105
89 59 106
89 59 107
89 59 108
89 59 110
89 59 111
89 59 112
89 59 115
89 59 116
89 59 117
89 59 118
89 59 121
89 59 134
89 59 135
89 59 149
89 59 152
89 59 158
89 59 159
89 59 160
89 59 161
89 59 162
89 59 179
89 59 189
89 59 190
89 59 191
89 59 193
89 59 198
89 59 199
89 59 200
89 59 201
89 59 202
89 59 203
89 59 204
89 59 205
89 59 206
89 59 207
89 59 208
89 59 221
89 59 222
89 59 231
89 59 232
89 59 233
89 59 258
89 59 262
89 59 266
89 106 96
89 106 105
89 106 121
89 106 208
89 106 214
89 106 215
89 106 216
89 106 218
89 106 232
89 110 106
89 110 118
89 110 163
89 110 172
89 110 195
89 110 196
89 110 199
89 110 204
89 110 223
89 110 227
89 110 229
89 110 261
89 110 265
89 17 112
89 17 146
89 17 257
89 17 261
89 17 376
89 17 377
89 17 383
89 17 384
89 17 386
89 17 407
89 17 430
89 17 431
89 17 528
89 17 531
89 92 123
89 92 124
89 92 125
89 92 126
89 92 127
89 92 129
89 92 130
89 92 131
89 92 132
89 92 133
89 92 139
89 92 141
89 92 142
89 92 147
89 92 156
89 92 157
89 92 158
89 92 159
89 92 160
89 92 161
89 92 172
89 92 177
89 92 179
89 92 212
89 92 216
89 92 233
89 92 234
89 92 235
89 92 239
89 92 240
89 92 245
89 92 246
89 92 247
89 92 250
89 92 251
89 92 252
89 92 253
89 92 254
89 92 255
89 92 256
89 92 260
89 9 142
89 9 176
89 9 177
89 9 189
89 9 219
89 9 220
89 25 145
89 25 208
89 25 218
89 25 220
89 25 221
89 25 225
89 25 230
89 74 201
89 1 404
89 1 405
89 1 406
89 1 407
89 100 404
89 100 405
89 100 407
28 119 90
28 119 116
28 119 121
28 119 149
28 119 159
28 119 228
28 68 95
28 68 107
28 68 121
28 68 154
28 68 155
28 68 156
28 68 162
28 68 204
28 68 207
28 24 169
28 24 220
28 24 225
28 24 227
28 24 257
28 16 187
28 16 229
28 94 221
28 94 231
28 110 262
28 83 734
28 83 735
28 83 736
28 83 739
28 83 740
28 83 741
28 83 750
28 83 751
28 83 753
28 83 754
28 83 755
28 83 756
28 83 757
28 83 758
28 83 759
28 83 760
28 83 761
28 83 762
28 83 763
28 83 764
28 83 765
28 83 766
28 83 767
28 83 770
28 83 771
28 83 772
28 83 773
28 83 774
28 83 775
28 83 776
28 83 777
28 83 778
28 83 779
28 83 780
28 83 781
28 83 782
28 83 783
28 83 784
28 83 785
28 83 786
28 83 787
28 83 792
28 83 793
28 83 795
28 83 796
28 83 798
110 68 90
110 68 102
110 68 111
110 68 116
110 68 118
110 68 149
110 68 154
110 68 156
110 68 228
110 16 90
110 16 107
110 16 108
110 16 109
110 16 156
110 16 159
110 16 160
110 16 164
110 16 165
110 16 168
110 16 229
110 71 107
110 71 115
110 71 126
110 71 129
110 71 218
110 71 266
110 94 110
110 94 122
110 94 124
110 94 126
110 94 128
110 94 177
110 94 206
110 94 207
110 94 215
110 94 220
110 94 256
110 94 258
110 94 259
110 27 115
110 27 133
110 27 134
110 27 214
110 27 265
110 24 230
110 24 257
110 73 257
110 73 258
110 73 259
110 73 273
110 73 277
110 73 291
110 73 298
110 73 322
110 73 323
110 73 324
110 73 325
110 73 326
110 73 327
110 73 332
110 73 336
110 73 339
110 73 343
68 9 97
68 9 109
68 9 110
68 9 119
68 9 135
68 9 150
68 9 157
68 9 187
68 9 232
68 9 266
68 106 103
68 106 113
68 106 143
68 106 178
68 106 182
68 106 261
68 59 114
68 59 117
68 59 118
68 59 139
68 59 167
68 59 187
68 59 222
68 59 226
68 59 259
68 59 261
68 41 121
68 41 137
68 41 161
68 41 162
68 41 237
68 41 238
68 23 138
68 23 148
68 23 179
68 23 201
68 23 241
68 23 260
68 23 261
68 23 262
68 23 263
68 23 264
68 23 265
68 23 278
68 23 279
68 23 280
68 23 281
68 23 282
68 23 283
68 23 284
68 23 285
68 23 286
68 23 288
68 23 289
68 23 290
68 23 291
68 23 292
68 23 293
68 23 294
68 23 295
68 23 299
68 23 300
68 23 301
68 23 302
68 23 304
68 23 306
68 23 307
68 23 308
68 23 309
68 23 310
68 23 311
68 23 313
68 23 315
68 23 317
68 23 339
68 23 347
68 23 348
68 23 350
68 23 352
68 23 366
68 23 368
68 23 370
68 23 371
68 23 372
68 23 373
68 23 374
68 23 375
68 23 376
68 23 378
68 23 379
68 82 175
68 82 198
68 82 199
68 82 200
68 82 203
68 82 215
68 82 216
68 82 217
68 82 276
68 82 277
68 92 184
68 92 224
68 87 207
68 17 221
68 17 275
68 17 277
16 25 100
16 25 1120
16 92 111
16 92 155
16 92 192
16 9 112
16 9 115
16 9 141
16 9 167
16 9 185
16 82 114
16 82 200
16 82 231
16 82 276
16 82 277
16 26 1121
16 26 1123
16 26 1124
16 26 1125
16 26 1128
16 26 1129
16 26 1138
16 26 1141
16 26 1142
16 26 1143
16 26 1144
16 26 1145
16 26 1148
16 26 1150
16 26 1172
16 26 1176
16 26 1178
16 26 1179
16 26 1182
16 26 1200
16 26 1212
16 26 1213
16 26 1221
16 26 1223
16 26 1228
16 26 1232
16 26 1233
16 26 1244
16 26 1253
16 26 1397
16 26 1398
16 26 1399
16 97 1121
16 118 1122
16 118 1123
16 118 1124
16 118 1128
16 118 1129
16 118 1132
16 118 1144
16 118 1145
16 118 1146
16 118 1147
16 118 1151
16 118 1152
16 118 1168
16 118 1176
16 118 1179
16 118 1180
16 118 1193
16 118 1200
16 118 1212
16 118 1219
16 118 1221
16 118 1222
16 118 1232
16 118 1252
16 118 1353
16 118 1354
16 118 1355
16 32 1146
16 32 1147
16 32 1158
16 32 1171
16 32 1172
16 32 1215
119 9 108
119 9 109
119 9 112
119 9 117
119 9 118
119 9 119
119 9 123
119 9 125
119 9 126
119 9 128
119 9 150
119 9 151
119 9 152
119 9 159
119 9 160
119 9 176
119 9 179
119 9 180
119 9 207
119 9 208
119 9 209
119 9 210
119 9 211
119 9 213
119 9 214
119 9 216
119 9 217
119 9 224
119 9 231
119 106 119
119 106 127
119 106 177
119 106 226
119 59 140
119 59 151
119 59 165
119 59 231
119 82 201
119 82 256
119 82 276
119 82 277
119 82 278
27 106 104
27 106 105
27 106 106
27 106 131
27 106 208
27 106 209
27 106 217
27 106 255
27 106 260
27 9 124
27 9 134
27 9 135
27 9 182
27 9 183
27 9 198
27 9 223
27 9 229
27 9 231
27 59 124
27 59 131
27 59 177
27 59 190
27 59 208
27 59 233
27 59 263
27 82 137
27 82 166
27 82 185
27 82 224
27 82 225
27 82 231
27 17 189
27 118 1122
27 118 1123
27 118 1128
27 118 1129
27 118 1142
27 118 1144
27 118 1146
27 118 1147
27 118 1151
27 118 1152
27 118 1155
27 118 1176
27 118 1178
27 118 1183
27 118 1200
27 118 1217
27 118 1218
27 118 1219
27 118 1224
27 118 1225
27 118 1227
27 118 1228
27 118 1232
27 118 1233
27 118 1254
27 118 1262
27 118 1354
27 118 1355
27 15 1122
27 15 1151
27 15 1152
9 71 91
9 71 92
9 71 94
9 71 95
9 71 97
9 71 98
9 71 110
9 71 117
9 71 129
9 71 135
9 71 144
9 71 218
9 71 256
9 59 100
9 59 101
9 59 104
9 59 116
9 59 137
9 59 138
9 59 179
9 59 187
9 59 198
9 24 101
9 24 143
9 24 190
9 24 201
9 24 203
9 94 108
9 94 111
9 94 117
9 94 118
9 94 141
9 94 142
9 94 143
9 94 155
9 94 156
9 94 182
9 94 205
9 94 207
9 94 226
9 94 231
9 94 261
9 94 263
9 94 264
9 94 265
9 83 115
9 83 142
9 83 144
9 83 145
9 83 151
9 83 181
9 83 201
9 83 203
9 83 204
9 83 218
9 83 222
9 83 223
9 83 224
9 83 225
9 83 227
71 59 107
71 59 108
71 59 111
71 59 116
71 59 117
71 59 124
71 59 188
71 59 189
71 59 213
71 59 214
71 59 216
71 59 217
71 59 219
71 59 222
71 59 227
71 82 118
71 82 256
71 82 257
71 106 125
71 106 190
71 106 224
71 106 266
71 38 785
82 59 93
82 59 135
82 59 136
82 59 219
82 94 112
82 94 131
82 94 132
82 94 194
82 94 195
82 94 202
82 94 203
82 94 204
82 94 220
82 94 221
82 94 231
82 24 153
82 24 203
82 24 225
82 84 1176
82 84 1177
82 84 1180
82 84 1182
82 84 1183
82 84 1184
82 84 1185
82 84 1186
82 84 1187
82 84 1188
82 84 1209
82 84 1212
82 84 1213
82 84 1217
82 84 1229
82 84 1251
82 84 1254
82 84 1255
82 84 1259
82 84 1260
82 84 1262
82 84 1264
82 84 1265
82 84 1267
82 84 1273
82 84 1278
82 84 1283
82 84 1285
82 84 1286
82 84 1288
82 84 1294
82 84 1297
82 84 1298
82 84 1304
82 84 1308
82 84 1311
82 84 1314
82 84 1315
82 84 1318
82 84 1345
82 84 1351
82 84 1352
82 84 1354
82 84 1355
82 84 1356
82 39 1179
82 39 1182
82 39 1184
82 39 1188
82 39 1200
82 39 1204
82 39 1205
82 39 1208
82 39 1211
82 39 1214
82 39 1215
82 39 1217
82 39 1218
82 39 1219
82 39 1222
82 39 1223
82 39 1259
82 39 1264
82 39 1270
82 39 1281
82 39 1283
82 39 1294
82 39 1304
82 39 1311
82 39 1313
82 39 1316
59 24 101
59 24 124
59 24 128
59 24 129
59 24 132
59 24 140
59 24 148
59 24 185
59 24 209
59 24 214
59 24 216
59 94 149
59 94 156
59 94 157
59 94 158
59 94 159
59 94 160
59 94 161
59 94 179
59 94 187
59 94 188
59 94 216
59 94 217
59 94 220
59 94 225
59 94 226
59 94 233
59 94 261
59 23 259
17 24 94
17 24 122
17 24 204
17 94 150
17 94 151
17 94 152
17 94 154
17 7 608
17 7 609
24 106 101
24 106 102
24 106 103
24 106 123
24 106 206
24 106 207
24 106 213
24 106 221
24 106 222
24 106 233
24 106 234
24 106 242
24 106 251
24 106 252
24 70 367
24 70 369
24 70 377
106 94 116
106 94 117
106 94 153
106 94 162
106 94 188
106 94 222
106 94 230
106 94 262
106 62 189
106 87 191
106 93 207
106 41 219
25 94 136
25 94 203
25 94 220
25 94 258
25 80 708
25 80 709
25 80 717
25 80 727
25 80 728
25 80 729
25 80 732
25 80 733
25 80 735
25 80 736
25 80 739
25 80 745
25 80 748
25 80 752
25 80 753
25 80 758
25 80 778
25 80 779
25 80 785
25 80 787
25 80 788
25 80 789
25 80 811
25 80 820
25 80 822
25 80 831
25 80 832
25 80 836
25 80 841
25 80 842
25 80 844
25 80 859
25 93 708
25 93 709
25 93 730
25 93 731
25 93 732
25 93 733
25 93 734
25 93 735
25 93 736
25 93 737
25 93 741
25 93 742
25 93 743
25 93 745
25 93 746
25 93 779
25 93 781
25 93 792
25 93 797
25 93 804
25 93 805
25 93 806
25 93 809
25 93 810
25 93 819
25 93 820
25 93 821
25 93 822
25 93 823
25 93 832
25 93 833
25 93 834
25 93 835
25 93 837
25 93 838
25 93 859
25 90 708
25 90 715
25 90 806
25 90 819
25 90 820
25 90 830
25 55 709
25 55 710
25 55 720
25 55 758
25 55 776
25 55 779
25 55 781
25 55 792
25 55 805
25 55 811
25 55 820
25 55 821
25 55 831
25 55 837
25 55 852
25 55 859
25 108 803
25 102 804
25 95 1120
77 23 262
94 92 933
94 92 934
94 92 935
94 92 972
92 93 206
41 2 121
41 2 172
41 2 173
41 2 180
41 2 181
41 2 182
41 2 189
41 2 191
41 2 195
41 2 232
41 2 234
41 2 235
41 2 236
41 2 240
41 23 131
41 74 131
41 74 138
41 74 150
41 74 151
41 74 153
41 74 156
41 74 158
41 74 159
41 74 164
41 74 166
41 74 168
41 74 169
41 74 170
41 74 171
41 74 175
41 74 176
41 74 181
41 74 182
41 74 202
41 74 203
41 74 228
41 74 229
41 74 230
41 74 232
41 45 131
41 45 133
41 45 134
41 45 136
41 45 173
41 45 175
41 45 176
41 45 177
41 45 180
41 45 181
41 45 182
41 45 251
41 87 132
41 87 196
41 87 208
41 87 227
41 87 228
41 87 231
41 87 232
41 87 233
41 87 241
41 87 254
41 87 255
41 43 132
41 43 198
41 43 202
41 43 211
41 43 212
41 62 134
41 62 163
41 48 148
41 48 167
41 12 229
41 75 231
2 87 144
2 87 150
2 87 179
2 87 192
2 87 202
2 87 204
2 87 205
2 87 206
2 87 207
2 87 208
2 87 210
2 87 211
2 87 216
2 87 218
2 87 222
2 87 230
2 87 241
2 87 242
2 87 243
2 87 244
2 87 245
2 87 254
2 87 257
2 87 258
2 45 145
2 45 180
2 45 192
2 45 193
2 45 198
2 45 202
2 45 222
2 45 230
2 45 231
2 45 251
2 48 145
2 48 146
2 48 184
2 104 148
2 104 216
2 104 217
2 104 218
2 62 179
2 62 202
2 74 183
2 70 184
2 70 209
2 70 218
2 70 219
2 70 237
2 70 238
2 43 197
2 43 198
2 43 224
2 43 260
2 75 197
2 75 198
2 75 200
2 75 208
2 75 234
2 75 235
2 75 243
2 12 229
23 12 147
23 12 198
23 87 246
23 87 248
23 87 250
23 87 251
23 45 251
23 78 277
23 78 290
23 78 295
23 78 299
23 78 300
23 78 301
23 78 304
23 78 305
23 100 336
23 100 337
23 100 339
23 100 342
23 100 374
23 100 416
23 1 343
23 1 346
23 1 357
23 1 359
23 1 360
23 1 368
23 1 371
23 1 384
23 1 407
23 1 408
23 1 410
23 1 413
23 1 415
23 1 416
23 1 417
23 1 432
23 1 434
23 1 437
23 1 438
23 1 440
74 104 135
74 104 254
74 104 309
74 104 347
74 43 135
74 43 164
74 43 181
74 43 188
74 43 196
74 43 197
74 43 201
74 43 217
74 43 220
74 43 230
74 43 244
74 43 245
74 43 246
74 43 248
74 43 250
74 43 253
74 43 259
74 70 164
74 70 209
74 45 174
74 45 175
74 45 179
74 45 182
74 45 184
74 45 192
74 45 246
74 45 254
74 45 255
74 45 256
74 45 259
45 43 132
45 43 165
45 43 171
45 43 184
45 43 188
45 43 193
45 43 194
45 43 198
45 43 224
45 43 243
45 43 245
45 43 246
45 43 248
45 43 249
45 43 254
45 43 255
45 43 256
45 70 138
45 12 139
45 12 140
45 12 143
45 12 144
45 12 164
45 12 172
45 12 173
45 12 194
45 12 195
45 12 196
45 12 198
45 12 227
45 12 243
45 12 244
45 12 255
45 12 259
45 87 143
45 87 144
45 87 165
45 87 170
45 87 173
45 87 174
45 87 181
45 87 191
45 87 194
45 87 196
45 87 201
45 87 222
45 87 234
45 87 235
45 87 252
45 87 253
45 104 144
45 48 165
45 48 222
45 48 227
75 87 131
75 87 147
75 87 159
75 87 160
75 87 162
75 87 163
75 87 165
75 87 174
75 87 195
75 87 196
75 87 209
75 87 210
75 87 226
75 87 227
75 87 228
75 87 229
75 87 231
75 87 232
75 87 242
75 12 134
75 12 138
75 12 171
75 12 194
75 12 229
75 12 249
75 12 250
75 12 251
75 12 255
75 62 181
75 62 192
75 62 197
75 62 260
75 48 184
75 63 392
75 44 445
75 36 456
87 48 143
87 48 191
87 48 195
87 48 196
87 48 240
87 104 144
87 104 149
87 43 144
87 43 182
87 43 183
87 43 194
87 43 195
87 43 224
87 43 225
87 43 229
87 62 172
87 62 175
87 62 180
87 62 188
87 62 194
87 62 232
87 70 209
87 70 246
87 93 223
87 93 224
87 18 259
87 7 344
87 7 345
87 7 367
87 7 468
87 7 469
87 7 470
87 7 474
87 7 476
87 7 477
87 7 481
87 7 486
87 7 489
87 7 490
87 7 492
87 7 493
87 7 497
87 7 498
87 7 499
87 7 500
87 7 509
87 7 527
87 7 557
87 7 558
62 48 131
62 43 143
62 43 181
62 12 144
62 12 146
62 12 182
48 104 146
48 104 147
48 12 173
48 70 201
43 104 146
43 70 158
43 70 164
43 12 172
43 12 243
43 12 244
43 12 245
43 12 249
43 12 254
43 12 255
43 93 224
12 104 144
12 104 145
12 104 146
12 70 181
12 79 232
12 10 592
12 10 616
12 10 664
12 98 633
104 18 254
104 18 289
104 18 291
104 18 308
104 18 324
104 18 325
104 18 326
104 18 328
104 18 329
104 18 330
104 18 333
104 18 347
104 18 348
70 60 690
70 60 694
70 60 695
70 60 704
70 60 710
70 60 715
70 60 721
78 78 183
78 78 184
78 78 186
78 78 190
78 78 197
78 78 215
78 78 216
78 78 220
78 78 221
78 78 222
78 78 224
78 78 225
78 78 226
78 78 227
78 78 228
78 78 229
78 78 230
78 78 233
78 78 241
78 78 242
78 78 243
78 78 244
78 78 245
78 78 247
78 78 249
78 78 271
78 78 275
78 78 278
78 78 295
78 78 303
78 78 304
78 78 307
78 78 310
78 78 311
78 78 312
78 78 313
78 78 314
78 78 315
78 78 316
78 78 317
78 78 318
78 78 319
78 78 320
78 78 321
78 78 322
78 78 323
78 78 324
78 78 325
78 78 326
78 78 327
78 78 330
78 78 331
78 78 335
78 78 336
78 78 337
78 78 338
78 78 345
78 78 346
78 78 347
78 78 351
78 93 261
93 91 709
93 91 781
93 91 784
93 91 796
93 91 805
93 91 821
93 91 822
93 91 834
93 91 835
93 91 836
93 91 837
93 91 838
93 91 840
93 91 841
93 91 846
93 91 847
93 91 858
93 91 859
93 81 715
93 81 809
93 81 819
79 7 580
79 7 581
18 73 254
18 73 280
18 73 281
18 73 289
18 73 290
18 73 291
18 73 304
18 73 317
18 73 323
18 73 324
18 73 347
18 90 373
18 90 374
18 90 380
18 90 429
18 90 471
18 90 472
18 90 530
18 90 543
18 90 550
18 90 587
18 90 588
18 90 608
18 90 609
73 53 316
73 14 786
73 14 787
73 14 789
73 14 810
73 14 831
73 61 786
73 61 788
73 38 786
30 37 634
30 37 638
30 37 640
30 37 641
30 37 672
30 37 681
30 37 689
30 37 694
30 37 700
30 37 705
30 37 710
30 37 711
30 37 714
30 37 715
30 37 716
30 80 768
30 80 769
30 80 770
30 80 771
30 80 772
30 108 783
30 108 784
30 108 789
30 108 798
30 108 810
30 108 839
30 108 840
30 108 841
30 108 843
30 108 849
30 108 851
30 108 852
30 108 854
30 108 855
30 108 856
30 108 858
30 108 859
30 102 824
30 102 840
30 102 841
100 1 336
100 1 337
100 1 339
100 1 340
100 1 341
100 1 342
100 1 363
100 33 1304
100 33 1305
100 33 1311
100 33 1432
100 33 1433
100 98 1325
100 98 1387
100 98 1432
100 98 1433
1 97 346
1 97 348
1 97 354
1 97 355
1 97 357
1 97 358
1 97 359
1 97 360
1 97 361
1 97 362
1 97 368
1 97 385
1 97 400
1 97 405
1 97 406
1 97 407
1 97 408
1 97 409
1 97 410
1 97 411
1 97 418
1 97 419
1 97 420
1 97 421
1 97 422
1 97 426
1 97 427
1 97 432
1 97 433
1 97 434
1 97 436
1 97 437
1 97 438
1 97 439
1 97 440
1 7 426
97 90 406
97 7 420
97 7 421
97 120 421
97 120 422
97 33 1124
97 33 1125
97 33 1126
97 33 1132
97 33 1166
97 33 1169
97 33 1171
97 33 1184
97 33 1191
97 33 1194
97 33 1209
97 33 1223
97 33 1228
97 33 1234
97 57 1233
97 57 1234
97 72 1234
7 90 564
7 90 608
7 90 609
58 42 366
58 42 371
58 42 372
58 42 374
58 42 375
58 42 378
58 42 380
58 42 381
58 42 390
58 42 398
58 42 404
58 42 405
58 42 406
58 42 408
58 42 415
58 42 416
58 42 417
58 42 418
58 42 423
58 42 424
58 42 428
58 42 429
58 42 440
58 42 444
58 49 366
58 44 366
58 44 367
58 44 374
58 44 406
58 44 440
58 44 446
58 44 453
58 44 456
58 63 366
58 63 367
58 63 371
58 63 373
58 63 374
58 63 375
58 63 424
58 63 445
58 63 446
58 63 453
58 63 454
58 63 455
58 63 456
58 63 457
58 63 458
58 63 459
58 63 460
58 36 372
58 36 390
58 36 391
58 36 396
58 36 432
58 36 434
58 36 438
58 36 445
58 88 396
58 88 400
58 88 401
58 88 403
58 88 406
58 88 434
58 88 439
58 88 444
58 40 406
58 40 432
58 40 453
58 50 416
58 50 417
58 50 418
58 50 424
58 50 446
58 50 456
58 50 459
58 113 432
58 47 456
58 47 457
58 47 459
58 47 460
42 63 366
42 63 367
42 63 368
42 63 369
42 63 370
42 63 371
42 63 372
42 63 373
42 63 374
42 63 375
42 63 376
42 63 397
42 63 398
42 63 399
42 63 400
42 63 401
42 63 410
42 63 418
42 63 428
42 63 430
42 63 431
42 63 434
42 63 445
42 49 366
42 49 392
42 88 366
42 88 367
42 88 369
42 88 379
42 88 391
42 88 394
42 88 396
42 88 397
42 88 398
42 88 400
42 88 413
42 88 424
42 88 425
42 88 427
42 88 428
42 88 429
42 88 431
42 88 440
42 88 446
42 88 447
42 88 448
42 88 449
42 88 450
42 88 455
42 88 456
42 88 457
42 44 367
42 44 368
42 44 369
42 44 372
42 44 374
42 44 375
42 44 376
42 44 403
42 44 415
42 44 416
42 44 422
42 44 430
42 44 431
42 44 432
42 44 433
42 44 440
42 44 442
42 44 443
42 44 444
42 44 445
42 44 447
42 44 448
42 44 449
42 44 450
42 44 451
42 44 452
42 36 367
42 36 372
42 36 389
42 36 391
42 36 402
42 36 404
42 36 408
42 36 411
42 36 425
42 36 456
42 36 457
42 40 393
42 40 403
42 40 408
42 40 410
42 40 456
42 40 457
42 50 400
42 50 401
42 50 403
42 50 414
42 50 415
42 50 419
42 50 422
42 50 423
42 50 424
42 50 425
42 50 427
42 50 428
42 50 440
42 50 442
42 50 443
42 50 444
42 50 445
42 50 446
42 50 447
42 50 448
42 50 449
42 50 450
42 50 451
42 50 452
42 120 433
49 44 366
49 36 366
49 88 392
44 63 367
44 63 371
44 63 372
44 63 373
44 63 392
44 63 393
44 63 397
44 63 405
44 63 434
44 63 456
44 36 368
44 36 372
44 36 373
44 40 379
44 88 383
44 88 384
44 88 386
44 88 387
44 88 393
44 88 431
44 88 439
44 88 440
44 88 441
44 88 443
44 88 446
44 88 447
44 88 450
44 88 453
44 50 403
44 50 404
44 50 405
44 50 413
44 50 415
44 50 416
44 50 417
44 50 418
44 50 419
44 50 420
44 50 421
44 50 422
44 50 424
44 50 429
44 50 435
44 50 436
44 50 438
44 50 440
44 50 442
44 50 443
44 50 444
44 50 447
44 50 448
44 50 449
44 50 450
44 50 451
44 50 452
44 50 453
44 50 454
44 50 455
44 47 429
44 47 449
44 47 450
44 113 433
44 113 434
63 88 367
63 88 379
63 88 380
63 88 381
63 88 382
63 88 383
63 88 384
63 88 385
63 88 386
63 88 387
63 88 388
63 88 390
63 88 391
63 88 392
63 88 393
63 88 394
63 88 395
63 88 397
63 88 398
63 88 399
63 88 413
63 88 421
63 88 428
63 88 430
63 88 455
63 36 369
63 36 372
63 36 373
63 36 424
63 40 371
63 40 395
63 40 424
63 40 440
63 40 446
63 50 394
63 50 395
63 50 400
63 50 402
63 50 403
63 50 416
63 50 456
63 50 457
63 50 458
63 50 459
63 47 456
63 47 457
63 47 458
63 47 459
63 47 460
63 113 457
63 113 458
63 113 459
36 40 402
36 40 445
36 40 455
36 88 406
36 88 411
36 88 425
36 88 434
36 88 456
36 88 457
36 50 417
36 50 418
36 50 428
88 40 366
88 40 374
88 40 375
88 40 376
88 40 379
88 40 382
88 40 383
88 40 390
88 40 391
88 50 428
88 50 430
88 50 431
88 50 439
88 50 440
88 50 445
88 50 446
88 50 447
88 50 448
88 50 449
88 50 450
88 120 432
90 95 708
90 95 797
90 95 806
90 95 820
90 95 833
90 81 708
90 81 715
90 81 806
90 81 807
90 81 820
90 55 720
90 55 812
47 50 393
47 50 394
47 50 395
47 50 396
47 50 397
47 50 398
47 50 399
47 50 400
47 50 401
47 50 402
47 50 403
47 50 404
47 50 405
47 50 406
47 50 407
47 50 408
47 50 409
47 50 410
47 50 411
47 50 412
47 50 413
47 50 414
47 50 415
47 50 416
47 50 417
47 50 418
47 50 419
47 50 420
47 50 421
47 50 422
47 50 423
47 50 424
47 50 425
47 50 426
47 50 427
47 50 428
47 50 429
47 50 430
47 50 431
47 50 434
47 50 435
47 50 436
47 50 437
47 50 438
47 50 440
47 50 441
47 50 442
47 50 443
47 50 444
47 50 445
47 50 446
47 50 447
47 50 449
47 50 450
47 50 451
47 50 452
47 50 453
47 50 454
47 50 455
47 50 456
47 50 457
47 50 458
47 50 459
47 113 459
50 120 459
113 80 729
113 102 731
46 98 571
46 98 572
46 98 573
46 98 574
46 98 575
46 98 576
46 98 577
46 98 578
46 98 579
46 98 580
46 98 581
46 98 582
46 98 585
46 98 586
46 98 587
46 98 588
46 98 589
46 98 590
46 98 591
46 98 594
46 98 597
46 98 598
46 98 599
46 98 601
46 98 602
46 98 603
46 98 604
46 98 605
46 98 606
46 98 607
46 98 608
46 98 609
46 98 611
46 98 613
46 98 614
46 98 617
46 98 620
46 98 622
46 98 624
46 98 629
46 98 630
46 98 633
46 98 634
46 98 635
46 98 636
46 98 649
46 98 650
46 98 651
46 98 652
46 102 612
46 102 616
46 102 618
46 102 619
46 102 623
46 102 625
46 102 626
46 10 633
46 37 650
98 84 1374
98 84 1376
98 84 1383
98 84 1397
98 84 1398
98 84 1404
98 84 1407
98 84 1408
98 84 1409
98 84 1414
98 84 1429
98 84 1431
98 84 1432
98 84 1433
80 95 707
80 95 708
80 95 709
80 95 710
80 95 711
80 95 712
80 95 713
80 95 714
80 95 717
80 95 718
80 95 722
80 95 723
80 95 725
80 95 726
80 95 727
80 95 728
80 95 729
80 95 731
80 95 732
80 95 733
80 95 740
80 95 752
80 95 753
80 95 754
80 95 755
80 95 756
80 95 757
80 95 762
80 95 764
80 95 765
80 95 766
80 95 767
80 95 776
80 95 777
80 95 778
80 95 781
80 95 784
80 95 787
80 95 788
80 95 806
80 95 812
80 95 813
80 95 817
80 95 818
80 95 820
80 95 821
80 95 822
80 95 825
80 95 826
80 95 831
80 95 832
80 95 833
80 95 834
80 95 835
80 95 836
80 95 838
80 95 839
80 95 840
80 95 841
80 95 846
80 95 847
80 95 848
80 95 849
80 95 850
80 95 851
80 95 852
80 95 857
80 95 858
80 95 859
80 95 860
80 91 709
80 91 761
80 91 768
80 91 770
80 91 771
80 91 781
80 91 783
80 91 784
80 91 785
80 91 821
80 91 831
80 91 834
80 91 835
80 91 836
80 91 842
80 91 846
80 91 847
80 91 858
80 91 859
80 91 860
80 55 722
80 55 779
80 55 780
80 55 781
80 55 812
80 55 813
80 55 821
80 55 835
80 55 836
80 55 838
80 55 839
80 55 840
80 55 841
80 55 849
80 55 859
80 37 776
10 13 593
10 13 596
10 13 597
10 13 599
10 13 600
10 13 601
10 13 606
10 13 613
10 13 614
10 13 615
10 13 632
10 13 633
10 13 634
10 13 636
10 13 637
10 13 638
10 13 641
10 13 644
10 13 651
10 13 652
10 13 653
10 13 655
10 13 656
10 13 668
10 13 669
10 13 670
10 13 671
10 13 677
10 13 678
10 13 681
13 61 787
13 61 796
13 61 814
13 108 816
102 81 729
102 81 730
102 84 765
102 95 802
102 114 826
37 3 671
37 81 754
117 3 658
117 60 710
60 72 720
95 55 722
95 55 723
95 55 763
95 55 776
95 55 779
95 55 792
95 55 805
95 55 821
95 55 822
95 55 823
95 55 825
95 55 833
95 55 834
95 55 835
95 55 836
95 55 837
95 55 838
95 55 839
95 55 840
95 55 841
95 55 847
95 55 859
95 31 804
95 15 1120
95 15 1122
95 26 1121
95 26 1122
95 26 1141
95 118 1122
95 5 1233
95 5 1234
81 55 758
81 55 763
81 55 776
81 55 785
81 39 1175
81 39 1177
81 39 1181
81 39 1183
81 39 1186
81 39 1187
81 39 1196
81 39 1209
81 39 1210
81 39 1213
81 39 1216
81 39 1220
81 39 1221
81 39 1224
81 39 1243
81 39 1244
81 39 1246
81 39 1247
81 39 1248
81 39 1249
81 39 1250
81 39 1252
81 39 1254
81 39 1255
81 39 1262
81 39 1265
81 39 1267
81 39 1268
81 39 1269
81 39 1271
81 39 1273
81 39 1274
81 39 1280
81 39 1286
81 39 1288
81 39 1291
81 39 1292
81 39 1295
81 39 1306
81 39 1307
81 39 1309
81 39 1310
81 39 1317
81 39 1320
81 39 1347
81 39 1348
81 39 1349
81 39 1350
81 39 1351
81 39 1352
81 39 1354
81 39 1355
91 26 709
91 26 714
91 26 779
91 26 785
91 26 796
91 26 805
91 26 809
91 26 821
91 26 822
91 26 827
91 26 828
91 26 836
91 26 837
91 26 838
91 26 840
91 26 841
91 26 842
91 26 855
91 26 859
91 55 716
91 55 717
91 55 718
91 55 719
91 55 722
91 55 724
91 55 726
91 55 727
91 55 728
91 55 729
91 55 730
91 55 732
91 55 734
91 55 736
91 55 738
91 55 739
91 55 741
91 55 781
91 55 803
91 55 805
91 55 825
91 55 839
91 55 840
91 55 845
91 55 847
91 55 859
26 33 1133
26 33 1172
72 5 1233
72 5 1240
72 5 1244
72 5 1245
72 5 1259
72 5 1260
72 5 1263
72 5 1306
72 5 1307
72 5 1310
72 5 1311
72 5 1312
72 5 1313
72 5 1316
72 5 1319
72 5 1320
72 5 1321
72 5 1322
72 5 1323
72 5 1324
72 5 1331
72 5 1332
72 57 1239
72 57 1244
72 57 1245
72 57 1247
72 57 1256
72 57 1269
72 57 1299
72 57 1305
72 57 1307
72 57 1314
72 57 1317
72 57 1318
72 57 1322
72 57 1323
72 57 1324
84 39 1177
84 39 1178
84 39 1181
84 39 1183
84 39 1185
84 39 1186
84 39 1189
84 39 1190
84 39 1193
84 39 1196
84 39 1209
84 39 1213
84 39 1226
84 39 1228
84 39 1250
84 39 1252
84 39 1254
84 39 1255
84 39 1258
84 39 1262
84 39 1263
84 39 1265
84 39 1272
84 39 1284
84 39 1285
84 39 1288
84 39 1289
84 39 1290
84 39 1295
84 39 1303
84 39 1306
84 39 1308
84 39 1320
84 39 1343
84 39 1346
84 39 1348
84 39 1349
84 39 1350
84 39 1351
84 39 1352
84 39 1354
84 39 1355
84 33 1382
84 33 1389
84 33 1390
84 33 1391
84 33 1396
84 33 1397
84 33 1398
84 33 1399
108 61 812
114 31 785
114 31 788
114 31 794
114 31 805
114 31 861
114 31 862
114 31 868
114 31 877
114 31 880
114 31 882
114 31 885
114 31 887
114 31 888
114 31 890
114 14 813
114 14 814
114 14 815
114 61 813
114 61 814
114 61 815
31 15 952
31 15 954
31 15 955
31 15 956
31 15 957
31 15 959
31 15 960
31 15 961
31 15 962
31 15 964
31 15 971
31 15 973
31 15 976
31 15 978
31 15 980
31 15 981
31 15 989
31 15 992
31 15 994
38 61 786
38 61 787
38 61 788
38 61 792
38 61 796
38 61 798
38 61 820
38 61 832
38 61 833
38 61 834
38 14 786
38 14 787
38 14 796
38 14 807
38 14 832
38 14 833
14 61 786
14 61 806
14 61 810
14 61 811
14 61 833
14 32 972
14 32 975
14 32 977
14 32 979
14 32 982
14 32 984
14 32 986
14 32 987
14 32 988
14 32 990
14 32 991
14 32 995
14 32 997
14 32 998
115 4 924
115 56 924
4 56 925
4 56 926
4 56 960
4 56 961
4 56 962
4 56 963
4 109 936
4 109 937
4 109 938
4 109 941
4 109 947
4 109 951
4 109 952
4 109 960
4 109 961
4 109 962
4 109 963
56 109 938
56 109 945
56 109 961
56 109 963
109 39 1182
109 39 1184
109 39 1229
109 39 1259
118 33 1124
118 33 1129
118 33 1143
118 33 1166
118 33 1167
118 33 1169
118 33 1170
118 33 1171
118 33 1215
118 5 1186
5 57 1168
5 57 1170
5 57 1172
5 57 1173
5 57 1186
5 57 1187
5 57 1188
5 57 1190
5 57 1194
5 57 1203
5 57 1204
5 57 1205
5 57 1207
5 57 1208
5 57 1209
5 57 1210
5 57 1214
5 57 1221
5 57 1222
5 57 1223
5 57 1224
5 57 1225
5 57 1226
5 57 1227
5 57 1228
5 57 1232
5 57 1239
5 57 1255
5 57 1261
5 57 1265
5 57 1295
5 57 1296
5 57 1297
5 57 1298
5 57 1299
5 57 1302
5 57 1304
5 57 1305
5 57 1318
5 57 1322
5 57 1323
5 57 1324
57 39 1252
