1 86 0
1 86 1
1 86 2
1 86 5
1 86 9
1 86 10
1 86 11
1 86 15
1 86 17
1 86 18
1 86 19
1 86 20
1 86 21
1 86 25
1 86 34
1 86 35
1 86 38
1 86 41
1 86 141
1 86 147
1 86 148
1 86 152
1 86 153
1 86 154
1 86 155
1 86 167
1 86 168
1 86 170
1 86 173
1 77 1
1 77 2
1 82 1
1 82 2
1 89 90
1 89 103
1 89 105
1 89 108
1 89 119
1 89 142
1 89 171
1 89 172
86 81 1
86 87 2
86 87 3
86 87 4
86 65 104
86 65 1151
86 65 1153
86 65 1164
86 65 1177
86 65 1178
86 65 1180
86 65 1181
86 65 1183
86 65 1185
86 65 1186
86 65 1187
86 65 1188
86 65 1199
86 65 1217
86 65 1221
86 65 1228
86 65 1231
86 65 1245
86 65 1250
86 65 1252
86 65 1253
86 65 1287
86 65 1288
86 65 1294
86 65 1306
86 65 1313
86 65 1314
86 65 1316
86 65 1317
86 65 1319
86 65 1326
86 65 1328
86 65 1329
86 40 1173
86 40 1175
86 29 1173
86 76 1199
86 61 1317
86 101 1323
77 87 2
77 87 103
77 87 135
77 87 140
77 87 142
77 87 157
77 87 158
77 87 159
77 87 161
77 87 162
77 87 168
77 87 169
77 87 170
77 87 173
77 87 175
77 87 176
77 87 184
77 87 195
77 87 199
77 87 200
77 87 203
77 87 204
77 87 205
77 87 209
77 87 210
77 87 211
77 87 213
77 87 214
77 87 216
77 87 219
77 87 222
77 87 225
77 87 226
77 87 228
77 87 229
77 89 2
77 89 4
77 96 41
77 96 540
77 96 541
77 96 542
77 96 547
77 96 549
77 96 556
77 96 614
77 96 707
77 15 70
77 65 143
77 65 159
77 26 269
77 97 422
77 18 572
82 81 1
82 81 6
82 81 11
82 81 12
82 81 13
82 81 16
82 81 17
82 81 18
82 81 19
82 81 20
82 81 24
82 81 25
82 81 26
82 81 29
82 81 30
82 81 31
82 81 32
82 81 36
82 81 40
82 81 41
82 81 48
82 81 68
82 81 69
82 81 70
82 81 141
82 81 160
82 81 247
82 81 275
82 81 276
82 81 277
82 0 18
82 0 19
82 0 20
82 0 21
82 0 23
82 0 27
82 0 28
82 0 30
82 0 31
82 0 32
82 0 40
82 0 41
82 0 66
82 0 70
82 0 71
82 0 72
82 0 73
82 0 74
82 0 75
82 0 141
82 0 275
82 0 276
82 0 277
82 8 41
82 96 41
82 26 124
82 65 237
82 65 238
82 28 238
82 66 268
82 27 425
82 27 466
82 27 525
82 27 551
82 27 552
82 27 553
82 27 612
82 13 426
82 13 465
82 13 466
82 13 467
82 13 469
82 13 470
82 13 485
82 13 487
82 13 492
82 13 493
82 13 619
82 13 622
82 13 628
82 13 629
82 13 630
82 13 632
82 18 426
82 18 435
82 18 440
82 18 442
82 18 443
82 18 445
82 18 446
82 18 447
82 18 448
82 18 449
82 18 453
82 18 457
82 18 460
82 18 467
82 18 469
82 18 515
82 18 519
82 18 567
82 18 612
82 18 616
82 18 617
82 18 619
82 32 426
82 32 434
82 32 435
82 32 440
82 32 442
82 32 443
82 32 445
82 32 446
82 32 447
82 32 449
82 32 464
82 32 465
82 32 469
82 32 485
82 32 487
82 32 515
82 32 527
82 32 569
82 32 585
82 32 586
82 32 593
82 32 595
82 32 609
82 32 613
82 94 431
82 94 434
82 94 442
82 94 443
82 94 445
82 94 446
82 94 447
82 94 463
82 94 467
82 94 470
82 94 475
82 94 478
82 94 485
82 94 496
82 94 497
82 94 513
82 94 525
82 94 567
82 94 568
82 94 585
82 94 593
82 94 595
82 94 605
82 94 630
82 94 631
82 59 440
82 59 442
82 59 443
82 59 445
82 59 446
82 59 447
82 59 448
82 59 449
82 59 450
82 59 454
82 59 457
82 59 470
82 59 485
82 59 488
82 59 500
82 59 507
82 59 513
82 59 514
82 59 515
82 59 523
82 59 526
82 59 547
82 59 548
82 59 560
82 59 564
82 59 567
82 59 568
82 59 569
82 59 578
82 59 585
82 59 617
82 59 619
82 59 627
82 59 628
82 59 629
82 59 630
82 59 631
82 59 635
82 59 636
82 52 466
82 52 467
82 52 513
82 52 515
82 52 527
82 52 528
82 52 547
82 52 548
82 52 552
82 52 553
82 52 627
82 52 628
82 52 629
82 52 630
82 52 631
82 52 636
82 63 473
82 63 496
82 63 511
82 63 612
82 89 550
82 92 553
82 71 621
81 0 16
81 0 19
81 0 22
81 0 30
81 0 40
81 0 41
81 0 70
81 0 269
81 0 273
81 0 277
81 69 1163
81 69 1182
81 69 1184
81 69 1195
81 69 1202
81 69 1222
81 69 1233
81 69 1241
81 69 1244
81 69 1246
81 69 1247
81 69 1251
81 69 1263
81 69 1266
81 69 1272
81 69 1284
81 69 1289
81 69 1318
81 69 1330
81 69 1331
87 0 92
87 0 94
87 0 99
87 0 142
87 0 143
87 0 203
87 0 240
87 28 96
87 17 135
87 2 140
87 26 194
87 12 194
87 62 235
87 38 241
87 38 256
87 38 415
87 38 417
87 38 418
87 38 420
87 38 421
87 93 262
87 8 295
89 70 102
89 95 104
89 5 116
89 66 422
89 53 422
89 33 527
89 67 543
65 28 6
65 28 7
65 28 15
65 28 19
65 28 25
65 28 48
65 28 96
65 28 97
65 28 116
65 28 184
65 28 186
65 28 193
65 28 194
65 28 196
65 28 198
65 28 199
65 28 200
65 28 201
65 28 209
65 28 219
65 28 221
65 28 225
65 28 228
65 28 229
65 28 236
65 14 6
65 14 247
65 14 248
65 14 251
65 14 252
65 14 253
65 14 256
65 14 257
65 14 258
65 14 260
65 14 261
65 5 50
65 5 52
65 74 99
65 43 193
65 43 194
65 43 215
65 90 193
65 90 194
65 90 215
65 97 197
65 97 213
65 35 197
65 35 1217
65 35 1333
65 7 245
65 7 246
65 7 247
65 7 250
65 7 251
65 69 245
65 69 246
65 69 247
65 69 250
65 69 251
65 4 248
65 51 263
65 40 1175
65 40 1177
65 101 1180
65 101 1181
28 15 6
28 15 193
28 15 194
28 15 196
28 15 212
14 2 250
14 18 432
14 18 467
14 18 634
14 78 433
14 78 468
14 78 514
14 78 623
14 59 435
14 59 519
14 59 526
14 59 623
14 59 625
14 59 628
14 59 629
14 59 630
14 59 634
15 62 194
15 62 202
15 62 262
15 90 283
15 8 299
0 74 100
0 6 141
0 66 273
8 93 31
8 93 32
8 93 33
8 93 35
8 93 37
8 93 38
8 93 39
8 93 41
8 93 42
8 93 43
8 93 45
8 93 50
8 93 59
8 93 66
8 93 67
8 93 68
8 93 73
8 93 74
8 93 75
8 93 76
8 93 77
8 93 79
8 93 80
8 93 88
8 93 89
8 93 141
8 93 148
8 93 160
8 93 173
8 93 174
8 93 241
8 93 248
8 93 250
8 93 252
8 93 253
8 93 285
8 93 287
8 93 289
8 93 308
8 93 309
8 88 31
8 88 41
8 88 42
8 88 45
8 88 56
8 88 147
8 88 285
8 88 295
8 7 224
8 50 1065
8 50 1069
8 50 1072
8 50 1073
8 50 1077
8 50 1079
8 85 1079
8 85 1080
8 85 1081
8 85 1087
8 85 1091
93 91 31
93 91 142
93 91 178
93 91 287
93 91 290
93 91 291
93 91 300
93 2 149
93 2 151
93 2 223
93 6 150
93 43 170
93 43 171
93 43 172
93 43 173
93 43 176
93 43 177
93 43 183
93 43 189
93 43 190
93 43 192
93 43 197
93 43 198
93 43 199
93 43 200
93 43 203
93 43 205
93 43 206
93 43 213
93 43 219
93 43 220
93 43 221
93 43 224
93 43 225
93 43 226
93 43 227
93 43 231
93 43 233
93 43 234
93 43 235
93 50 172
93 50 190
93 50 192
93 50 193
93 50 195
93 50 203
93 50 211
93 50 212
93 50 213
93 50 224
93 50 225
93 50 234
93 50 235
93 73 223
93 73 241
88 46 1416
88 46 1426
88 46 1456
88 25 1427
91 5 91
91 5 104
91 5 105
91 5 106
91 5 111
91 5 177
91 5 191
91 17 261
91 17 272
91 17 273
91 17 277
91 17 291
91 17 295
91 17 297
91 17 298
91 17 300
91 17 312
91 17 322
91 17 324
91 17 348
91 17 350
91 17 354
91 17 355
91 17 359
91 17 360
91 17 361
91 17 362
91 17 363
91 17 365
91 17 366
91 17 367
91 17 369
91 17 371
91 17 372
91 17 373
91 17 375
91 17 376
91 17 383
91 17 386
91 17 392
91 17 403
91 17 409
91 46 410
91 46 411
26 12 35
26 12 37
26 12 38
26 12 40
26 12 43
26 12 48
26 12 56
26 12 58
26 12 65
26 12 66
26 12 68
26 12 69
26 12 70
26 12 71
26 12 72
26 12 73
26 12 74
26 12 75
26 12 76
26 12 77
26 12 78
26 12 81
26 12 82
26 12 84
26 12 85
26 12 86
26 12 92
26 12 93
26 12 94
26 12 95
26 12 96
26 12 98
26 12 100
26 12 101
26 12 107
26 12 123
26 12 124
26 12 130
26 12 132
26 12 137
26 12 140
26 12 143
26 12 149
26 12 150
26 12 153
26 12 185
26 12 187
26 12 188
26 12 189
26 12 190
26 12 191
26 12 192
26 12 193
26 12 194
26 12 196
26 12 198
26 12 199
26 12 200
26 12 201
26 12 202
26 12 204
26 12 205
26 12 206
26 12 207
26 12 208
26 12 209
26 12 210
26 12 211
26 12 212
26 12 213
26 12 214
26 12 215
26 12 216
26 12 217
26 12 218
26 12 219
26 12 220
26 12 221
26 12 222
26 12 223
26 12 224
26 12 225
26 12 226
26 12 227
26 12 228
26 12 229
26 12 230
26 12 242
26 12 248
26 12 249
26 12 255
26 12 256
26 12 258
26 12 259
26 12 262
26 12 263
26 12 264
26 12 269
26 12 270
26 12 271
26 12 272
26 12 273
26 12 274
26 12 275
26 12 276
26 12 277
26 12 278
26 12 279
26 12 280
26 12 283
26 12 284
26 12 285
26 12 286
26 12 287
26 12 300
26 12 305
26 12 330
26 12 331
26 12 332
26 12 333
26 12 334
26 12 335
26 12 336
26 12 337
26 12 338
26 12 339
26 12 340
26 12 341
26 12 342
26 12 343
26 12 344
26 12 345
26 12 348
26 17 141
12 98 94
12 98 96
12 60 143
12 9 143
12 90 332
12 25 1424
12 85 1430
96 5 87
96 5 90
96 5 101
96 5 107
96 5 109
96 5 111
96 5 126
96 5 157
96 5 158
96 5 159
96 5 162
96 5 177
96 5 186
96 5 187
96 5 190
96 5 206
96 5 207
96 5 209
96 5 210
96 5 212
96 5 213
96 5 214
96 5 215
96 5 217
96 5 218
96 5 219
96 5 220
96 5 222
96 5 228
96 5 231
96 5 232
96 5 235
96 5 236
96 5 249
96 5 251
96 5 288
96 5 301
96 5 304
96 2 189
96 2 224
5 13 95
5 13 96
5 2 181
5 2 189
5 2 240
5 2 242
5 73 241
5 73 242
5 56 1312
5 56 1323
5 56 1324
5 56 1325
5 56 1331
5 56 1347
5 56 1348
5 56 1355
5 56 1356
5 56 1381
5 56 1388
5 56 1400
5 56 1409
5 56 1413
5 56 1414
5 68 1317
5 68 1323
5 68 1324
5 68 1329
5 68 1348
5 68 1382
5 68 1406
5 68 1410
5 68 1412
5 10 1323
5 10 1324
5 85 1397
5 11 1413
76 37 87
76 70 87
76 57 92
76 74 93
76 69 1199
76 30 1200
37 74 87
37 74 92
37 59 89
37 47 89
37 57 90
37 57 110
37 98 111
37 84 118
37 95 118
70 59 89
70 84 97
70 84 100
70 84 122
70 98 100
70 98 106
70 98 657
70 98 659
70 98 660
70 98 662
70 98 663
70 98 672
70 98 678
70 98 692
70 98 694
70 98 695
70 98 701
70 98 703
70 98 704
70 98 706
70 98 707
70 98 710
70 98 711
70 98 712
70 98 714
70 98 715
70 98 719
70 98 720
70 98 729
70 98 730
70 98 735
70 98 736
70 98 737
70 98 738
70 98 746
70 98 747
70 98 750
70 98 751
70 98 753
70 98 774
70 98 819
70 98 820
70 98 821
70 98 824
70 98 826
70 98 827
70 98 828
70 98 829
70 98 831
70 98 832
70 98 837
70 98 838
70 98 839
70 98 840
70 98 843
74 84 90
74 84 95
74 84 96
74 84 122
74 84 123
74 98 90
74 98 95
74 98 97
74 98 107
74 98 109
74 73 90
74 73 95
74 73 108
74 73 116
74 57 91
74 57 122
74 7 117
74 47 122
74 59 122
74 49 122
59 47 92
59 47 93
59 47 106
59 54 435
59 54 438
59 54 439
59 54 446
59 54 447
59 54 454
59 54 457
59 54 458
59 54 513
59 54 514
59 54 515
59 54 518
59 54 598
59 54 602
59 54 622
59 54 623
59 54 624
59 54 626
59 54 627
59 54 628
59 54 629
59 54 633
59 54 636
59 33 436
59 33 455
59 33 456
59 33 457
59 33 460
59 33 479
59 33 488
59 33 489
59 33 522
59 33 524
59 33 525
59 33 527
59 33 535
59 33 559
59 33 560
59 33 562
59 33 564
59 33 565
59 33 568
59 33 569
59 33 570
59 33 571
59 33 572
59 33 573
59 33 574
59 33 575
59 33 576
59 33 577
59 33 585
59 33 587
59 33 588
59 33 589
59 33 609
59 33 610
59 20 438
59 20 439
59 20 441
59 20 444
59 20 452
59 20 459
59 20 529
59 20 566
59 20 598
59 20 620
59 20 621
59 20 633
59 20 634
59 97 438
59 97 442
59 97 443
59 97 444
59 97 445
59 97 446
59 97 447
59 97 460
59 97 481
59 97 519
59 97 525
59 97 569
59 97 570
59 97 571
59 97 572
59 97 573
59 97 588
59 97 589
59 97 609
59 97 622
59 97 630
59 27 458
59 27 471
59 27 518
59 27 523
59 27 562
59 27 609
59 27 611
59 27 612
59 67 471
59 67 590
59 67 591
59 67 598
59 67 608
59 67 609
59 67 612
59 67 613
59 67 622
59 92 512
59 92 521
59 95 533
84 47 89
84 47 122
84 95 95
84 95 96
84 95 112
84 95 118
84 73 116
84 57 122
84 100 923
84 100 924
84 100 926
84 100 930
84 100 931
84 100 935
84 100 936
84 100 942
84 100 943
84 100 946
84 100 947
84 100 948
84 100 950
84 100 952
84 100 953
84 100 954
84 100 955
84 100 956
84 100 957
84 100 960
84 100 961
84 100 968
84 100 969
84 100 970
84 100 971
84 100 972
84 100 973
84 100 974
84 100 975
84 100 976
84 100 977
84 100 980
84 100 983
84 100 984
84 71 929
84 71 930
84 71 931
84 71 932
84 71 936
84 71 939
84 71 954
84 71 983
84 71 984
84 79 931
84 21 934
84 68 957
47 98 92
47 98 114
47 98 115
47 98 116
47 83 703
98 57 111
98 7 699
73 78 92
73 2 100
73 2 101
73 2 102
73 2 105
73 2 106
73 2 107
73 2 109
73 2 113
73 2 114
73 2 115
73 2 122
73 2 124
73 2 128
73 2 140
73 2 142
73 2 147
73 2 156
73 2 157
73 2 158
73 2 159
73 2 160
73 2 162
73 2 169
73 2 170
73 2 180
73 2 183
73 2 184
73 2 185
73 2 186
73 2 187
73 2 188
73 2 189
73 2 195
73 2 196
73 2 197
73 2 198
73 2 199
73 2 200
73 2 201
73 2 202
73 2 204
73 2 205
73 2 206
73 2 211
73 2 212
73 2 213
73 2 216
73 2 218
73 2 219
73 2 220
73 2 222
73 2 224
73 2 225
73 2 229
73 2 230
73 2 231
73 2 232
73 2 233
73 2 260
73 2 261
73 2 262
73 4 100
73 4 101
73 4 102
73 4 103
73 4 105
73 4 110
73 4 111
73 4 112
73 4 115
73 4 119
73 4 124
73 4 137
73 4 141
73 4 149
73 4 151
73 4 155
73 4 156
73 4 157
73 4 160
73 4 161
73 4 162
73 4 163
73 4 166
73 4 170
73 4 179
73 4 180
73 4 181
73 4 182
73 4 183
73 4 184
73 4 186
73 4 187
73 4 188
73 4 189
73 4 192
73 4 194
73 4 195
73 4 196
73 4 197
73 4 198
73 4 199
73 4 200
73 4 201
73 4 202
73 4 203
73 4 204
73 4 205
73 4 210
73 4 211
73 4 212
73 4 213
73 4 219
73 4 223
73 4 224
73 4 225
73 4 226
73 4 230
73 4 231
73 4 232
73 4 233
73 4 236
73 4 237
73 4 238
73 4 239
73 4 240
73 4 245
73 4 246
73 4 247
73 4 248
73 4 251
73 4 252
73 4 258
73 4 261
73 4 262
73 17 123
73 17 124
73 17 125
73 17 126
73 17 127
73 17 136
73 17 137
73 17 141
73 17 150
73 17 151
73 17 156
73 17 160
73 17 163
73 17 164
73 17 165
73 17 166
73 17 167
73 17 174
73 17 179
73 17 181
73 17 237
73 17 240
73 17 241
73 17 250
73 17 252
73 17 254
73 7 138
73 7 139
73 7 141
73 7 151
73 7 168
73 7 170
73 7 178
73 7 181
73 7 183
73 7 186
73 7 187
73 7 189
73 7 193
73 7 194
73 7 195
73 7 196
73 7 197
73 7 199
73 7 200
73 7 201
73 7 202
73 7 203
73 7 205
73 7 206
73 7 215
73 7 216
73 7 217
73 7 218
73 7 220
73 7 222
73 7 237
73 7 239
73 7 240
73 7 244
73 7 246
73 7 247
73 7 248
73 7 250
73 7 252
73 7 256
73 7 257
73 7 259
73 7 260
73 7 261
57 78 90
57 78 92
57 40 1201
57 9 1201
57 9 1202
78 33 433
78 33 436
78 33 437
78 33 438
78 33 441
78 33 444
78 33 455
78 33 456
78 33 458
78 33 468
78 33 524
78 33 526
78 33 529
78 33 583
78 33 591
78 33 592
78 33 594
78 33 596
78 33 602
78 33 610
78 33 614
78 33 618
78 33 621
78 97 436
78 97 437
78 97 438
78 97 455
78 97 459
78 97 474
78 97 481
78 97 495
78 97 512
78 97 526
78 97 581
78 97 592
78 97 594
78 97 596
78 97 597
78 97 606
78 97 614
78 97 635
78 20 438
78 20 439
78 20 441
78 20 444
78 20 450
78 20 451
78 20 452
78 20 454
78 20 455
78 20 468
78 20 518
78 20 618
78 61 438
78 61 439
78 61 441
78 61 444
78 61 452
78 61 459
78 61 479
78 61 481
78 61 484
78 61 508
78 61 521
78 61 522
78 61 524
78 61 561
78 61 562
78 61 582
78 61 583
78 61 584
78 61 602
78 61 614
78 61 618
78 61 621
78 61 632
78 54 452
78 54 499
78 54 509
78 54 514
78 54 546
78 54 554
78 54 555
78 54 623
78 54 632
78 54 635
78 67 458
78 67 474
78 67 477
78 67 546
78 67 557
78 67 559
78 67 598
78 67 604
78 67 610
78 27 471
78 27 474
78 27 520
78 27 554
78 27 610
78 27 623
78 95 563
13 38 307
13 32 423
13 97 423
13 97 430
13 97 472
13 97 519
13 97 629
13 97 633
13 97 634
13 97 636
13 54 425
13 54 426
13 54 429
13 54 430
13 54 431
13 54 433
13 54 436
13 54 459
13 54 460
13 54 466
13 54 470
13 54 471
13 54 520
13 54 521
13 54 522
13 54 526
13 54 527
13 54 528
13 54 547
13 54 548
13 54 566
13 54 567
13 54 570
13 54 571
13 54 573
13 54 574
13 54 575
13 54 577
13 54 611
13 54 612
13 54 614
13 54 619
13 54 620
13 54 625
13 54 626
13 54 627
13 54 628
13 54 629
13 54 630
13 54 636
13 20 429
13 20 439
13 20 466
13 20 468
13 20 545
13 33 429
13 33 431
13 33 467
13 33 469
13 33 483
13 33 487
13 33 519
13 33 520
13 33 521
13 33 544
13 33 545
13 33 611
13 33 612
13 33 613
13 61 439
13 61 495
13 61 501
13 61 503
13 61 521
13 61 525
13 61 622
13 61 626
13 61 627
13 61 632
13 61 636
13 67 468
13 67 526
13 67 566
13 27 471
13 27 619
19 2 100
19 2 101
19 2 102
19 2 105
19 2 106
19 2 107
19 2 108
19 2 109
19 2 110
19 2 111
19 2 113
19 2 117
19 2 118
19 2 122
19 2 158
19 2 176
19 2 177
19 2 183
19 2 184
19 2 185
19 2 186
19 2 188
19 2 193
19 2 196
19 2 198
19 2 199
19 2 202
19 2 203
19 2 204
19 2 205
19 2 206
19 2 207
19 2 211
19 2 212
19 2 214
19 2 215
19 2 224
19 2 225
19 2 229
19 2 230
19 2 231
19 2 232
19 2 233
19 2 234
19 2 235
19 2 262
19 69 100
19 69 101
19 69 102
19 69 103
19 69 109
19 69 110
19 69 111
19 69 117
19 69 121
19 69 122
19 69 158
19 69 162
19 69 175
19 69 176
19 69 177
19 69 178
19 69 180
19 69 182
19 69 183
19 69 184
19 69 185
19 69 186
19 69 188
19 69 189
19 69 192
19 69 193
19 69 195
19 69 196
19 69 197
19 69 198
19 69 199
19 69 201
19 69 202
19 69 203
19 69 204
19 69 205
19 69 206
19 69 208
19 69 209
19 69 210
19 69 211
19 69 212
19 69 213
19 69 216
19 69 217
19 69 218
19 69 219
19 69 229
19 69 230
19 69 231
19 69 232
19 69 233
19 69 234
19 69 236
19 69 260
19 69 262
19 4 100
19 4 101
19 4 102
19 4 110
19 4 111
19 4 112
19 4 113
19 4 116
19 4 157
19 4 158
19 4 159
19 4 162
19 4 175
19 4 176
19 4 177
19 4 180
19 4 182
19 4 183
19 4 184
19 4 185
19 4 186
19 4 188
19 4 189
19 4 190
19 4 191
19 4 192
19 4 193
19 4 194
19 4 195
19 4 196
19 4 197
19 4 198
19 4 199
19 4 200
19 4 201
19 4 202
19 4 203
19 4 210
19 4 211
19 4 213
19 4 214
19 4 215
19 4 216
19 4 217
19 4 218
19 4 219
19 4 220
19 4 224
19 4 225
19 4 226
19 4 227
19 4 229
19 4 230
19 4 231
19 4 232
19 4 233
19 4 234
19 4 235
19 4 236
19 4 258
19 7 117
19 7 132
19 7 177
19 7 180
19 7 183
19 7 184
19 7 188
19 7 192
19 7 193
19 7 195
19 7 196
19 7 197
19 7 199
19 7 200
19 7 201
19 7 202
19 7 203
19 7 210
19 7 211
19 7 212
19 7 213
19 7 214
19 7 215
19 7 216
19 7 224
19 7 235
19 7 236
19 7 237
19 7 239
19 7 242
19 7 254
19 7 262
19 68 893
19 68 894
19 68 895
19 68 896
19 68 897
19 68 900
19 68 904
19 68 907
19 68 908
19 68 909
19 68 915
19 68 916
19 68 917
19 68 918
19 68 919
19 68 920
19 68 922
19 68 923
19 68 924
19 68 927
19 68 928
19 68 930
19 68 931
19 68 932
19 68 933
19 68 935
19 68 941
19 68 979
19 68 980
19 68 981
19 68 982
19 34 895
19 34 897
19 34 924
19 34 925
19 34 926
19 34 927
19 34 932
19 34 934
19 34 951
19 34 952
19 34 953
19 34 954
19 34 955
19 34 959
19 34 989
19 55 901
19 55 902
19 55 903
19 55 904
19 55 905
19 55 906
19 55 907
19 55 908
19 55 909
19 55 910
19 55 911
19 55 912
19 55 913
19 55 914
19 55 915
19 55 916
19 55 917
19 55 918
19 55 919
19 55 920
19 55 921
19 55 923
19 55 924
19 55 926
19 55 927
19 55 934
19 55 937
19 55 940
19 55 941
19 79 902
19 79 903
19 79 915
19 79 916
19 79 920
19 79 921
19 79 922
19 79 924
19 79 925
19 79 940
19 79 959
19 79 967
19 79 968
19 79 969
19 79 970
19 39 929
19 39 930
19 39 943
19 39 950
19 71 934
19 3 942
19 3 945
19 3 948
19 3 965
19 3 968
19 3 969
19 3 970
19 3 975
19 3 976
19 43 964
19 43 965
19 43 971
19 43 972
19 43 977
19 43 978
19 18 965
19 18 966
19 18 969
19 18 970
19 18 971
19 18 980
19 18 981
19 18 982
2 4 100
2 4 101
2 4 102
2 4 105
2 4 107
2 4 108
2 4 110
2 4 114
2 4 115
2 4 123
2 4 130
2 4 131
2 4 135
2 4 140
2 4 141
2 4 150
2 4 151
2 4 154
2 4 155
2 4 158
2 4 163
2 4 164
2 4 165
2 4 166
2 4 167
2 4 168
2 4 179
2 4 180
2 4 181
2 4 182
2 4 183
2 4 185
2 4 186
2 4 187
2 4 188
2 4 200
2 4 201
2 4 202
2 4 203
2 4 206
2 4 210
2 4 211
2 4 212
2 4 214
2 4 217
2 4 224
2 4 225
2 4 229
2 4 230
2 4 231
2 4 232
2 4 233
2 4 234
2 4 238
2 4 239
2 4 240
2 4 245
2 4 246
2 4 251
2 4 253
2 4 254
2 4 255
2 4 258
2 4 260
2 4 261
2 4 262
2 7 111
2 7 117
2 7 147
2 7 150
2 7 151
2 7 162
2 7 163
2 7 164
2 7 166
2 7 167
2 7 168
2 7 169
2 7 178
2 7 179
2 7 180
2 7 181
2 7 183
2 7 184
2 7 185
2 7 186
2 7 187
2 7 188
2 7 197
2 7 199
2 7 205
2 7 206
2 7 207
2 7 208
2 7 211
2 7 212
2 7 214
2 7 216
2 7 220
2 7 221
2 7 222
2 7 223
2 7 228
2 7 231
2 7 232
2 7 233
2 7 234
2 7 235
2 7 237
2 7 238
2 7 239
2 7 242
2 7 243
2 7 244
2 7 245
2 7 246
2 7 250
2 7 251
2 7 255
2 7 261
2 7 262
2 7 266
2 7 267
2 17 123
2 17 124
2 17 130
2 17 132
2 17 136
2 17 144
2 17 149
2 17 150
2 17 152
2 17 155
2 17 163
2 17 164
2 17 165
2 17 166
2 17 167
2 17 179
2 17 238
2 17 244
2 17 253
2 17 255
2 69 123
2 69 125
2 69 127
2 69 133
2 69 136
2 69 137
2 69 141
2 69 148
2 69 151
2 69 152
2 69 154
2 69 155
2 69 163
2 69 164
2 69 166
2 69 167
2 69 223
2 69 238
2 69 239
2 69 242
2 69 243
2 69 244
2 69 246
2 69 250
2 69 251
2 69 255
2 69 256
2 69 257
2 69 259
2 6 124
2 6 153
2 6 169
69 49 1169
69 49 1244
69 49 1314
69 9 1172
69 29 1172
69 40 1196
69 22 1199
69 30 1313
69 61 1317
69 34 1317
69 34 1332
69 85 1323
4 55 1205
4 55 1206
4 55 1213
4 55 1214
4 55 1217
4 55 1219
4 55 1233
4 55 1235
4 55 1236
4 55 1242
4 55 1245
4 55 1246
4 55 1247
4 55 1248
4 55 1250
4 55 1251
4 55 1252
4 55 1257
4 55 1258
4 55 1265
4 55 1272
4 55 1273
4 55 1274
4 55 1277
4 55 1278
4 55 1297
4 41 1297
7 6 115
7 6 131
7 6 135
7 6 151
7 6 163
7 6 166
7 6 167
7 6 169
7 6 170
7 6 176
7 6 179
7 6 180
7 6 185
7 6 186
7 6 192
7 6 193
7 6 194
7 6 195
7 6 197
7 6 199
7 6 202
7 6 203
7 6 204
7 6 205
7 6 210
7 6 211
7 6 212
7 6 213
7 6 214
7 6 215
7 6 224
7 6 226
7 6 231
7 6 232
7 6 233
7 6 234
7 6 236
7 6 237
7 6 238
7 6 239
7 6 242
7 6 245
7 6 246
7 6 247
7 6 248
7 6 256
7 6 257
7 6 259
7 6 261
6 17 124
6 17 136
6 17 147
6 17 148
6 17 149
6 17 150
6 17 151
6 17 154
6 17 155
6 17 156
6 17 160
6 17 161
6 17 163
6 17 165
6 17 166
6 17 167
6 17 168
6 17 169
6 17 179
6 17 181
6 17 223
6 17 237
6 17 238
6 17 239
6 17 240
6 60 136
6 60 137
6 60 138
6 60 139
6 60 140
6 60 141
6 60 142
6 60 143
6 60 144
6 60 146
6 60 147
6 60 148
6 60 149
6 60 151
6 60 152
6 60 153
6 60 154
6 60 155
6 60 156
6 60 157
6 60 158
6 60 159
6 60 160
6 60 161
6 60 162
6 60 163
6 60 164
6 60 165
6 60 173
6 60 174
6 60 175
6 60 178
49 30 1183
49 40 1191
49 40 1192
17 10 126
17 10 130
17 10 131
17 10 170
17 10 179
17 10 181
17 10 240
17 10 241
17 10 250
17 64 252
10 72 1323
10 72 1324
10 72 1330
10 72 1337
10 72 1338
10 58 1323
10 58 1324
10 58 1329
10 58 1330
10 41 1355
60 18 835
60 18 836
60 18 837
60 18 838
60 18 839
60 18 840
60 18 843
60 18 846
60 18 847
60 18 851
60 18 852
60 18 854
60 18 855
60 18 856
60 18 858
60 18 859
60 18 860
60 18 861
60 18 867
60 18 869
60 18 870
60 18 871
60 18 873
60 18 874
60 18 875
60 18 876
60 18 877
60 18 880
60 18 881
60 18 883
60 18 884
60 18 886
60 18 887
60 18 888
60 18 898
60 18 904
60 18 905
60 18 906
60 18 907
60 18 910
60 18 911
60 18 912
60 18 914
60 18 917
60 18 919
60 18 921
60 18 922
60 18 923
60 18 924
60 18 928
60 18 932
60 18 939
60 18 951
60 18 952
60 18 953
60 18 955
60 18 956
60 18 957
60 18 959
60 18 960
60 18 973
60 18 974
60 18 975
60 18 998
60 18 999
60 18 1001
60 18 1003
60 3 835
60 3 836
60 3 837
60 3 840
60 3 842
60 3 845
60 3 847
60 3 848
60 3 849
60 3 850
60 3 852
60 3 860
60 3 867
60 3 871
60 3 872
60 3 873
60 3 875
60 3 876
60 3 878
60 3 879
60 3 884
60 3 885
60 3 886
60 3 894
60 3 904
60 3 910
60 3 911
60 3 912
60 3 941
60 3 947
60 3 952
60 3 953
60 3 957
60 3 967
60 3 973
60 3 975
60 3 998
60 3 1001
60 3 1003
60 3 1004
60 43 838
60 43 839
60 43 840
60 43 841
60 43 845
60 43 847
60 43 848
60 43 853
60 43 854
60 43 856
60 43 859
60 43 860
60 43 861
60 43 862
60 43 863
60 43 864
60 43 866
60 43 867
60 43 870
60 43 871
60 43 872
60 43 873
60 43 874
60 43 875
60 43 876
60 43 877
60 43 878
60 43 880
60 43 881
60 43 882
60 43 886
60 43 887
60 43 888
60 43 893
60 43 894
60 43 895
60 43 896
60 43 897
60 43 898
60 43 899
60 43 900
60 43 901
60 43 902
60 43 903
60 43 904
60 43 905
60 43 906
60 43 909
60 43 910
60 43 911
60 43 915
60 43 917
60 43 918
60 43 919
60 43 920
60 43 942
60 43 943
60 43 944
60 43 953
60 43 954
60 43 960
60 43 963
60 43 965
60 43 968
60 43 969
60 43 970
60 43 984
60 43 986
60 43 987
60 43 991
60 43 992
60 43 993
60 43 996
60 43 997
60 43 998
60 43 1000
60 43 1001
60 43 1003
60 83 839
60 83 841
60 83 842
60 83 843
60 83 847
60 83 853
60 83 857
60 83 864
60 83 865
60 83 867
60 83 868
60 83 870
60 83 871
60 83 872
60 83 873
60 83 875
60 83 876
60 83 877
60 83 878
60 83 879
60 83 880
60 83 882
60 83 884
60 83 886
60 83 898
60 83 919
60 83 920
60 83 923
60 83 934
60 83 951
60 83 957
60 83 958
60 83 961
60 83 1003
60 83 1004
60 55 942
60 34 945
60 79 968
60 68 993
60 68 994
60 68 995
9 30 1134
9 30 1136
9 30 1139
9 30 1140
9 30 1170
9 30 1179
9 30 1189
9 40 1139
9 40 1140
9 40 1170
9 40 1173
9 40 1174
9 40 1175
9 40 1176
9 40 1179
9 40 1189
9 40 1190
9 40 1193
9 40 1194
42 90 169
42 90 174
42 90 179
42 90 181
42 90 223
42 50 171
42 50 172
42 50 174
42 50 179
42 50 180
42 50 183
42 50 185
42 50 199
42 50 200
42 50 201
42 50 203
42 50 204
42 50 208
42 50 211
42 50 213
42 50 216
42 50 217
42 50 219
42 50 221
42 50 228
42 50 234
42 50 235
42 97 199
42 45 1319
42 45 1320
42 45 1321
42 45 1322
42 45 1323
42 45 1324
42 45 1325
42 45 1330
42 45 1331
42 45 1332
42 45 1333
42 45 1334
42 45 1335
42 45 1337
42 45 1338
42 45 1339
42 45 1341
42 45 1342
42 45 1343
42 45 1344
42 45 1346
42 45 1352
42 45 1353
42 45 1361
42 45 1362
42 45 1365
42 45 1367
42 45 1369
42 45 1377
42 45 1378
42 45 1386
42 45 1388
42 45 1389
42 45 1400
42 45 1401
42 45 1404
42 45 1405
42 45 1406
42 45 1408
42 45 1409
42 45 1410
42 45 1411
42 45 1415
42 45 1417
42 45 1419
42 45 1420
42 45 1441
42 45 1443
42 45 1457
42 102 1320
42 102 1322
42 102 1331
42 102 1332
42 102 1333
42 102 1334
42 102 1345
42 102 1346
42 102 1351
42 102 1352
42 102 1353
42 102 1356
42 102 1357
42 102 1358
42 102 1359
42 102 1361
42 102 1367
42 102 1377
42 102 1378
42 102 1385
42 102 1386
42 102 1387
42 102 1388
42 102 1394
42 102 1395
42 102 1397
42 102 1406
42 102 1408
42 102 1412
42 102 1414
42 102 1416
42 102 1455
42 102 1456
42 102 1457
90 52 173
90 52 174
90 52 181
90 52 223
90 16 206
90 38 224
90 38 225
90 38 226
90 38 228
90 38 229
90 38 232
90 38 233
90 38 234
90 38 235
90 38 236
90 38 240
90 38 245
90 38 254
90 38 255
90 38 258
90 38 260
90 38 269
90 38 270
90 38 285
90 38 287
90 38 288
90 38 289
90 38 295
90 38 296
90 38 297
90 38 298
90 38 299
90 38 305
90 38 306
90 38 308
90 38 309
90 38 310
90 38 311
90 38 312
90 38 314
90 38 320
90 38 326
90 38 327
90 38 328
90 38 329
90 38 330
90 38 331
90 38 332
90 38 333
90 38 335
90 38 336
90 38 337
90 38 338
90 38 340
90 38 341
90 38 342
90 38 343
90 38 344
90 38 346
90 38 347
90 38 348
90 38 349
90 38 350
90 38 354
90 38 355
90 38 356
90 38 357
90 38 358
90 38 359
90 38 362
90 38 363
90 38 364
90 38 365
90 38 366
90 38 367
90 38 369
90 38 370
90 38 373
90 38 374
90 38 375
90 38 376
90 38 377
90 38 381
90 38 382
90 38 383
90 38 384
90 38 385
90 38 387
90 38 388
90 38 389
90 38 390
90 38 391
90 38 392
90 38 397
90 38 398
90 38 399
90 38 400
90 38 401
90 38 402
90 38 403
90 38 406
90 38 407
90 38 408
90 38 409
90 38 410
90 38 411
90 38 422
90 38 423
90 38 424
90 38 425
90 38 426
90 38 427
90 38 428
90 38 429
90 38 430
90 38 431
90 38 432
90 38 433
90 38 437
90 38 438
90 38 439
90 38 440
90 38 444
90 38 445
90 38 448
90 38 449
90 38 450
90 38 451
90 38 452
90 38 453
90 38 454
90 38 457
90 43 231
43 52 173
43 36 199
43 16 206
43 16 833
43 16 834
43 16 835
43 16 836
43 16 837
43 16 838
43 16 839
43 16 840
43 16 841
43 16 843
43 16 844
43 16 848
43 16 849
43 16 854
43 16 856
43 16 858
43 16 859
43 16 861
43 16 862
43 16 866
43 16 868
43 16 871
43 16 873
43 16 874
43 16 875
43 16 877
43 16 878
43 16 880
43 16 885
43 16 893
43 16 894
43 16 895
43 16 896
43 16 897
43 16 898
43 16 899
43 16 900
43 16 902
43 16 905
43 16 906
43 16 907
43 16 909
43 16 910
43 16 916
43 16 917
43 16 918
43 16 919
43 16 920
43 16 922
43 16 947
43 16 948
43 16 949
43 16 950
43 16 954
43 16 956
43 16 957
43 16 959
43 16 964
43 16 965
43 16 966
43 16 986
43 16 998
43 16 1000
43 16 1003
43 38 231
43 3 833
43 3 837
43 3 839
43 3 841
43 3 842
43 3 843
43 3 846
43 3 857
43 3 858
43 3 860
43 3 861
43 3 869
43 3 870
43 3 871
43 3 873
43 3 874
43 3 875
43 3 876
43 3 878
43 3 879
43 3 881
43 3 882
43 3 885
43 3 934
43 3 940
43 3 952
43 3 955
43 3 1003
43 79 954
43 79 970
43 79 1004
43 64 963
43 64 964
43 64 993
43 39 964
43 75 969
43 99 982
50 80 1072
50 80 1073
50 80 1085
50 80 1099
50 80 1107
50 54 1095
50 21 1097
50 21 1098
50 21 1101
52 67 426
52 67 456
52 67 458
52 33 429
52 33 457
52 33 467
52 33 468
52 33 483
52 33 486
52 33 519
52 33 520
52 33 521
52 33 528
52 33 529
52 33 611
52 33 612
52 33 613
52 33 614
52 20 438
52 20 452
52 20 454
52 27 528
52 27 552
52 27 565
52 27 598
52 27 603
36 97 180
36 97 181
36 97 182
36 97 183
36 97 184
36 97 185
36 97 207
36 97 216
36 97 217
36 97 218
36 97 228
36 20 459
36 33 520
36 54 520
97 16 182
97 16 183
97 16 184
97 16 185
97 16 186
97 16 192
97 16 194
97 16 195
97 16 209
97 16 214
97 16 228
97 16 229
97 18 460
97 18 634
16 35 182
16 35 183
16 35 184
16 35 185
16 35 189
16 35 193
16 35 217
16 35 218
16 35 228
16 62 197
16 83 821
16 83 822
16 83 835
16 83 837
16 83 839
16 83 841
16 83 847
16 83 858
16 83 860
16 83 861
16 83 867
16 83 869
16 83 870
16 83 871
16 83 872
16 83 873
16 83 877
16 83 879
16 83 921
16 83 931
16 83 932
16 83 935
16 83 957
16 83 984
16 83 1003
16 3 827
16 3 828
16 3 829
16 3 830
16 3 836
16 3 838
16 3 840
16 3 849
16 3 911
16 3 930
16 3 936
16 3 937
16 3 939
16 3 944
16 3 950
16 3 956
16 3 963
16 3 969
16 3 970
16 3 971
16 3 987
16 3 988
16 3 989
16 3 990
16 3 992
16 3 996
16 3 997
16 3 999
16 3 1000
16 3 1004
16 68 964
16 68 975
16 68 979
16 68 981
16 79 968
35 100 1212
35 30 1315
35 30 1316
35 30 1323
35 61 1315
35 61 1323
35 61 1326
35 61 1330
35 85 1330
62 75 952
64 79 973
64 3 974
64 3 997
64 18 980
64 18 982
64 18 995
64 85 982
64 34 984
64 39 986
64 55 986
64 55 1022
64 55 1023
66 31 261
66 31 262
66 31 263
66 31 267
66 31 268
66 31 270
66 31 271
66 31 272
66 31 276
66 31 281
66 31 318
66 31 319
66 31 320
66 31 330
66 31 331
66 31 332
66 31 333
66 31 334
66 31 335
66 31 336
66 31 337
66 31 338
66 31 339
66 31 340
66 31 345
66 31 346
66 31 352
66 31 354
66 31 355
66 31 356
66 31 357
66 94 422
66 99 687
66 99 688
66 99 697
66 99 698
66 99 702
66 99 713
66 99 721
66 99 723
66 99 724
66 99 726
66 99 727
66 99 728
66 99 756
66 99 776
66 99 779
66 99 781
66 99 783
66 99 784
66 99 790
66 99 796
66 99 798
66 99 799
66 99 801
66 99 802
66 99 807
66 99 808
66 99 809
66 99 810
66 99 811
66 99 812
66 99 813
66 99 814
66 99 815
66 99 816
66 99 817
66 99 818
31 61 1268
31 61 1272
31 61 1273
31 61 1275
31 61 1276
31 61 1277
31 61 1278
31 61 1279
31 61 1280
31 61 1281
31 61 1284
31 61 1285
31 61 1286
31 61 1287
31 61 1288
31 61 1294
31 61 1295
31 61 1296
31 61 1297
31 61 1299
31 61 1300
31 61 1302
31 61 1303
31 61 1304
31 61 1307
31 61 1311
31 61 1314
31 61 1315
31 61 1333
31 61 1334
31 61 1335
31 61 1349
31 61 1350
31 61 1352
31 61 1353
31 61 1354
31 61 1355
31 61 1357
31 61 1361
31 61 1365
31 61 1389
31 101 1373
31 101 1378
51 101 1436
51 101 1437
46 58 410
46 58 411
46 41 1412
46 41 1413
46 41 1414
46 41 1416
46 41 1444
46 41 1445
46 41 1456
46 102 1414
46 102 1418
46 102 1456
58 94 410
58 94 411
94 92 422
94 92 423
94 33 427
94 33 436
94 33 437
94 33 438
94 33 439
94 33 440
94 33 441
94 33 442
94 33 443
94 33 444
94 33 445
94 33 446
94 33 447
94 33 451
94 33 453
94 33 454
94 33 455
94 33 457
94 33 458
94 33 464
94 33 465
94 33 467
94 33 468
94 33 469
94 33 470
94 33 480
94 33 523
94 33 525
94 33 569
94 33 570
94 33 571
94 33 581
94 33 582
94 33 586
94 33 588
94 33 590
94 33 591
94 33 592
94 33 593
94 33 594
94 33 595
94 33 596
94 33 599
94 33 600
94 33 601
94 33 602
94 33 614
94 33 633
94 33 634
94 67 430
94 67 439
94 67 445
94 67 446
94 67 452
94 67 453
94 67 454
94 67 455
94 67 473
94 67 474
94 67 475
94 67 476
94 67 477
94 67 478
94 67 518
94 67 640
94 54 430
94 54 431
94 54 458
94 54 513
94 54 515
94 54 631
94 20 437
94 20 458
94 27 459
94 27 460
94 27 461
94 27 462
94 27 475
94 27 477
94 27 478
94 27 487
94 27 609
53 68 903
53 68 904
53 68 905
53 68 908
53 68 912
53 68 913
53 68 914
53 68 915
53 68 916
53 68 917
53 68 918
53 68 920
53 68 921
53 68 922
53 68 924
53 68 925
53 68 927
53 68 929
53 68 935
53 68 940
53 68 941
53 68 978
53 68 985
53 68 1011
53 68 1012
53 68 1017
53 68 1018
53 68 1019
53 68 1020
53 68 1024
53 68 1026
53 68 1027
53 34 926
53 34 927
53 34 1028
53 71 934
53 3 942
92 20 535
92 27 553
92 27 561
32 67 426
32 67 456
32 67 475
32 67 476
32 67 477
32 67 495
32 67 497
32 67 521
32 67 522
32 67 526
32 67 610
32 67 613
32 67 618
32 67 622
32 67 628
32 67 629
32 67 631
32 67 632
32 67 636
32 67 640
32 67 641
32 20 427
32 20 529
32 20 532
32 20 543
32 20 571
32 27 427
32 27 432
32 27 433
32 27 511
32 27 529
32 27 543
32 27 545
32 27 609
32 27 626
32 27 627
32 27 628
32 27 635
27 63 437
27 63 438
27 63 450
27 63 468
27 63 469
27 63 471
27 63 473
27 63 475
27 63 476
27 63 477
27 63 478
27 63 479
27 63 484
27 63 489
27 63 547
27 63 570
27 63 598
27 63 609
27 63 628
27 63 630
27 20 458
27 20 520
27 20 543
27 18 519
27 18 636
54 18 446
54 18 466
54 71 622
54 22 1116
54 22 1120
54 22 1123
54 22 1124
54 22 1126
54 22 1127
18 61 440
18 61 442
18 61 443
18 61 445
18 61 466
18 61 470
18 61 511
18 61 527
18 61 567
18 61 568
18 61 617
18 67 457
18 33 463
18 33 467
18 33 515
18 33 527
18 33 528
18 33 640
18 3 833
18 3 835
18 3 837
18 3 839
18 3 841
18 3 843
18 3 844
18 3 848
18 3 853
18 3 854
18 3 860
18 3 865
18 3 866
18 3 867
18 3 869
18 3 872
18 3 873
18 3 874
18 3 875
18 3 876
18 3 878
18 3 879
18 3 882
18 3 884
18 3 885
18 3 886
18 3 910
18 3 923
18 3 929
18 3 931
18 3 934
18 3 935
18 3 940
18 3 949
18 3 952
18 3 953
18 3 1001
18 3 1003
18 79 838
18 79 914
18 79 919
18 79 928
18 79 954
18 79 956
18 75 950
18 75 951
18 75 952
18 75 953
18 75 954
18 75 965
18 75 969
18 75 970
18 75 971
18 75 996
18 75 997
18 75 998
18 39 951
18 39 960
18 39 961
18 39 964
67 23 622
67 23 623
67 71 622
67 71 623
67 68 957
20 63 591
20 63 621
20 34 990
20 34 1020
20 34 1031
20 55 999
20 55 1015
20 55 1019
20 55 1026
20 55 1027
20 68 1010
20 68 1011
20 68 1012
20 68 1015
20 68 1019
20 68 1022
20 68 1023
20 68 1026
20 68 1028
20 79 1023
20 79 1025
20 79 1026
20 39 1031
33 68 895
33 68 896
33 68 903
33 68 904
33 68 905
33 68 924
33 68 927
33 68 931
33 68 938
33 68 978
33 68 985
33 68 989
33 68 1008
33 68 1011
33 68 1031
63 85 1324
63 22 1335
61 45 1326
61 45 1327
61 45 1330
61 45 1331
61 45 1379
61 45 1380
61 41 1327
61 41 1330
61 102 1330
23 71 606
23 71 607
23 71 608
23 71 609
23 71 613
23 71 614
23 71 615
23 71 616
23 71 617
23 71 618
23 71 619
23 71 620
23 71 622
23 71 623
23 71 624
23 71 627
23 71 632
23 71 634
23 71 635
23 71 637
23 71 638
23 71 641
23 71 642
23 71 644
23 71 645
23 71 654
23 71 655
23 71 656
23 71 657
23 71 659
23 71 663
23 71 665
23 71 666
23 71 668
23 71 669
23 71 670
23 71 673
23 71 674
23 71 675
23 71 677
23 71 678
23 71 679
23 71 680
23 75 647
23 75 653
71 99 928
71 99 930
71 99 954
71 99 958
71 99 961
71 99 981
71 99 982
71 99 983
71 99 984
71 75 931
75 68 893
75 68 895
75 68 900
75 68 910
75 68 915
75 68 916
75 68 920
75 68 921
75 68 922
75 68 923
75 68 924
75 68 925
75 68 932
75 68 935
75 68 938
75 68 941
75 68 1018
75 68 1019
75 68 1020
75 68 1022
75 68 1023
75 68 1024
75 34 896
75 34 926
75 34 955
75 34 956
75 34 957
75 34 958
75 34 1028
75 55 903
75 55 911
75 55 915
75 55 916
75 55 917
75 55 920
75 55 921
75 55 922
75 55 923
75 55 924
75 55 926
75 55 931
75 55 935
75 55 936
75 55 1019
75 55 1023
75 55 1024
75 55 1025
75 55 1026
75 39 912
75 39 917
75 39 922
75 39 964
75 21 912
75 21 923
75 21 965
75 100 931
75 3 953
75 3 965
75 3 966
75 3 969
75 3 970
75 3 971
75 3 980
75 3 981
75 3 985
75 3 988
75 3 989
75 3 991
75 3 992
75 3 993
75 3 995
75 3 996
75 3 997
99 55 932
99 3 982
83 48 774
83 3 833
83 3 837
83 3 841
83 3 843
83 3 844
83 3 845
83 3 848
83 3 872
83 3 873
83 3 874
83 3 876
83 3 879
83 3 886
83 3 927
83 3 931
83 3 932
83 3 935
83 3 953
83 3 1003
83 44 839
83 44 841
83 44 842
83 44 864
83 44 865
83 44 866
83 44 871
83 44 873
83 44 874
83 44 876
83 44 877
83 44 953
83 44 959
83 44 1003
29 72 730
29 72 735
29 72 736
29 72 752
29 11 1150
29 11 1152
29 11 1154
29 11 1155
29 11 1165
29 11 1167
29 11 1172
29 11 1173
29 11 1180
29 11 1181
29 11 1183
29 11 1184
29 11 1186
29 11 1187
29 11 1190
29 11 1191
29 11 1192
29 11 1193
29 11 1201
29 11 1202
29 40 1150
29 40 1151
29 40 1152
29 40 1161
29 40 1162
29 40 1165
29 40 1170
29 40 1172
29 40 1173
29 40 1176
29 40 1177
29 40 1180
29 40 1181
29 40 1185
29 40 1186
29 40 1188
29 40 1189
29 40 1194
29 40 1198
72 56 1313
72 56 1314
72 56 1316
72 56 1317
72 56 1318
72 56 1319
72 56 1320
72 56 1321
72 56 1323
72 56 1325
72 56 1329
72 56 1330
72 56 1331
72 56 1346
72 56 1347
72 56 1348
72 56 1381
72 56 1391
72 56 1397
72 56 1400
72 56 1405
72 56 1406
72 56 1410
72 56 1413
72 56 1414
48 85 962
48 85 986
48 85 998
48 85 999
48 85 1005
48 85 1029
48 85 1030
48 85 1031
48 85 1032
48 85 1074
48 85 1078
48 85 1096
48 85 1098
48 85 1102
48 85 1105
48 85 1106
48 85 1112
48 56 1096
3 44 834
3 44 838
3 44 849
3 44 904
3 44 912
3 44 922
3 44 950
3 44 967
3 44 968
3 44 971
3 44 974
3 44 977
3 44 997
3 44 1002
3 44 1004
3 44 1005
3 79 849
3 79 852
3 79 930
3 79 947
3 79 968
3 79 973
3 79 1002
3 79 1004
3 34 945
3 34 949
3 39 975
44 68 977
44 100 1102
44 100 1103
44 100 1105
44 100 1107
44 100 1109
44 100 1110
44 100 1111
44 100 1112
44 100 1129
44 100 1130
44 100 1137
44 100 1139
44 100 1140
44 100 1141
44 100 1142
44 100 1145
44 100 1150
44 100 1151
44 100 1152
44 100 1153
44 100 1157
44 100 1158
44 100 1161
44 100 1162
44 100 1163
44 100 1164
44 100 1170
44 100 1171
44 100 1174
44 100 1185
44 100 1190
44 100 1193
44 100 1198
44 100 1212
44 100 1213
44 100 1214
68 39 897
68 39 898
68 39 911
68 39 913
68 39 918
68 39 928
68 39 962
68 39 985
68 39 987
68 39 989
68 39 990
68 39 1009
68 39 1020
68 39 1021
68 39 1031
68 80 981
34 39 898
34 39 927
34 39 928
34 39 929
34 39 937
34 39 949
34 39 987
34 39 990
34 39 1031
34 45 1302
39 55 918
39 55 920
39 55 926
39 55 1023
39 55 1024
21 56 1061
21 56 1062
21 56 1063
21 56 1064
21 56 1066
21 56 1067
21 56 1068
21 56 1071
21 56 1073
21 56 1074
21 56 1075
21 56 1078
21 56 1082
21 56 1083
21 56 1084
21 56 1085
21 56 1093
21 56 1094
21 56 1095
21 56 1096
21 56 1099
21 56 1100
21 56 1101
21 56 1107
21 56 1111
21 56 1130
21 56 1131
21 56 1133
21 56 1137
21 56 1138
21 56 1143
21 56 1150
21 56 1169
21 56 1170
21 85 1093
21 85 1100
85 102 1287
85 102 1289
85 102 1291
85 102 1292
85 102 1293
85 102 1300
85 102 1301
85 102 1302
85 102 1303
85 102 1304
85 102 1305
85 102 1306
85 102 1313
85 102 1314
85 102 1315
85 102 1320
85 102 1321
85 102 1322
85 102 1323
85 102 1324
85 102 1327
85 102 1330
85 102 1333
85 102 1334
85 102 1337
85 102 1361
85 102 1384
85 102 1385
85 102 1386
85 102 1390
85 102 1391
85 102 1393
85 102 1395
85 102 1399
85 102 1406
85 102 1413
85 102 1419
85 102 1420
85 102 1427
85 102 1428
85 102 1453
85 102 1454
85 102 1456
85 102 1457
85 45 1306
85 45 1315
85 45 1320
85 45 1321
85 45 1322
85 45 1327
85 45 1330
85 45 1331
85 45 1332
85 45 1333
85 45 1334
85 45 1335
85 45 1336
85 45 1337
85 45 1346
85 45 1354
85 45 1361
85 45 1385
85 45 1386
85 45 1387
85 45 1388
85 45 1394
85 45 1395
85 45 1401
85 45 1406
85 45 1408
85 45 1415
85 45 1417
85 45 1427
85 45 1454
85 45 1457
85 41 1320
85 41 1321
85 41 1327
85 41 1331
85 41 1332
85 41 1333
85 41 1334
85 41 1337
85 41 1338
85 41 1343
85 41 1346
85 41 1352
85 41 1353
85 41 1370
85 41 1385
85 41 1386
85 41 1391
85 41 1406
85 41 1407
85 41 1415
85 41 1416
85 41 1417
85 41 1418
85 41 1424
85 41 1425
85 41 1457
80 22 1198
80 22 1199
80 22 1200
80 22 1201
80 22 1217
80 22 1218
80 22 1223
80 22 1224
80 22 1225
80 22 1229
80 22 1230
80 22 1231
80 22 1232
80 22 1236
80 22 1237
80 22 1239
80 22 1245
80 22 1254
80 22 1255
80 22 1257
80 22 1260
80 22 1262
80 22 1263
80 22 1276
80 22 1278
80 22 1279
101 45 1115
101 45 1116
101 45 1117
101 45 1118
101 45 1119
101 45 1120
101 45 1121
101 45 1122
101 45 1123
101 45 1125
101 45 1126
101 45 1127
101 45 1128
101 45 1308
101 45 1309
101 45 1313
101 45 1314
101 45 1316
101 45 1320
101 45 1321
101 45 1322
101 45 1334
101 45 1335
101 45 1337
101 45 1345
101 45 1352
101 45 1353
101 45 1361
101 45 1370
101 45 1371
101 45 1372
101 45 1373
101 45 1374
101 45 1377
101 45 1378
101 45 1386
101 45 1388
101 45 1394
101 45 1395
101 45 1406
101 45 1408
101 45 1409
101 45 1417
101 45 1427
101 45 1446
101 45 1457
101 41 1458
45 41 1271
45 30 1374
45 30 1381
45 30 1382
45 25 1451
22 30 1199
22 102 1293
22 102 1294
30 40 1130
30 40 1131
30 40 1132
30 40 1133
30 40 1134
30 40 1135
30 40 1136
30 40 1138
30 40 1139
30 40 1140
30 40 1141
30 40 1142
30 40 1143
30 40 1145
30 40 1147
30 40 1148
30 40 1201
30 40 1202
40 11 1131
40 11 1132
40 11 1136
40 11 1143
40 11 1150
40 11 1153
40 11 1165
40 11 1167
40 11 1191
40 11 1192
40 11 1201
40 11 1202
11 102 1430
41 102 1291
41 25 1458
25 24 1413
25 24 1417
25 24 1418
25 24 1421
25 24 1424
25 24 1441
25 24 1443
25 24 1444
25 24 1445
25 24 1446
25 24 1448
25 24 1450
25 24 1451
25 24 1456
25 24 1457
25 24 1458
25 24 1459
