144 101 0
144 77 0
144 77 1
144 77 7
144 77 8
144 77 9
144 77 10
144 77 11
144 77 12
144 77 13
144 77 14
144 77 15
144 77 18
144 77 19
144 77 20
144 77 21
144 77 23
144 77 24
144 77 25
144 77 26
144 77 29
144 77 30
144 77 31
144 77 32
144 77 33
144 77 43
144 77 44
144 77 45
144 77 46
144 77 47
144 77 48
144 77 49
144 77 54
144 77 55
144 77 58
144 77 59
144 197 41
144 197 59
144 226 44
144 203 339
144 203 341
144 203 367
144 203 368
144 221 339
144 221 353
144 221 355
144 221 356
144 221 357
144 86 341
144 86 354
144 225 342
144 225 353
144 79 348
144 79 353
144 217 350
144 113 392
144 46 435
144 46 436
144 46 437
144 46 438
144 154 437
144 154 438
101 205 42
101 232 61
101 40 77
101 192 99
101 192 124
101 192 240
101 192 241
101 192 242
101 192 243
101 192 251
101 96 99
101 96 116
101 50 100
101 50 104
101 194 103
101 194 111
101 194 120
101 194 209
101 194 210
101 185 124
101 156 181
101 27 186
101 221 203
101 199 240
101 212 243
101 70 244
101 155 248
101 155 251
101 65 248
101 238 251
77 109 0
77 109 8
77 239 17
77 239 71
77 239 78
77 239 83
77 239 114
77 205 43
77 205 45
77 205 46
77 205 47
77 205 49
77 205 53
77 40 43
77 232 59
77 232 61
77 166 62
77 166 63
77 166 110
77 118 71
77 118 72
77 118 73
77 118 74
77 118 75
77 118 76
77 118 77
77 118 78
77 118 82
77 118 83
77 118 93
77 118 94
77 118 98
77 118 100
77 118 101
77 118 102
77 118 107
77 118 110
77 118 113
77 118 114
77 93 1089
77 93 1091
77 93 1092
77 93 1094
77 93 1095
77 93 1097
77 93 1098
77 93 1101
77 93 1103
77 93 1105
77 93 1110
77 93 1111
77 93 1112
77 93 1114
77 93 1115
77 93 1116
77 93 1117
77 93 1118
77 93 1119
77 93 1140
77 93 1145
77 93 1153
77 93 1168
77 93 1169
77 93 1170
77 93 1171
77 93 1173
77 93 1174
77 93 1176
77 93 1192
77 93 1193
77 93 1194
77 93 1195
77 93 1196
77 93 1199
77 93 1200
77 93 1201
77 93 1204
77 25 1101
77 216 1101
77 216 1102
77 107 1112
77 94 1227
77 49 1483
109 136 2
109 136 4
109 136 5
109 136 6
109 136 7
109 136 8
109 136 16
109 136 17
109 136 29
109 136 42
109 136 62
109 136 63
109 136 64
109 136 66
109 136 67
109 136 68
109 136 71
109 136 72
109 136 73
109 136 74
109 136 75
109 136 76
109 136 79
109 136 80
109 136 81
109 136 82
109 136 87
109 136 88
109 136 89
109 136 90
109 136 91
109 136 92
109 136 93
109 136 95
109 136 96
109 136 97
109 136 98
109 136 99
109 136 104
109 136 105
109 136 106
109 136 107
109 136 108
109 136 111
109 136 112
109 136 113
109 136 114
109 136 115
109 136 119
109 136 120
109 136 121
109 136 122
109 136 123
109 136 124
109 136 125
109 136 135
109 136 136
109 136 138
109 136 139
109 136 142
109 136 143
109 136 144
109 136 145
109 136 146
109 136 147
109 136 157
109 136 158
109 136 161
109 136 162
109 136 163
109 136 164
109 136 166
109 136 167
109 136 168
109 136 169
109 136 172
109 136 173
109 136 174
109 136 175
109 136 176
109 136 177
109 136 179
109 136 180
109 136 181
109 136 182
109 136 183
109 136 184
109 136 185
109 136 186
109 239 61
109 239 65
109 239 66
109 239 70
109 239 72
109 239 73
109 239 76
109 239 83
109 239 96
109 239 98
109 239 114
109 232 62
109 232 66
109 166 66
109 57 112
109 148 182
109 29 185
136 85 28
136 85 50
136 85 53
136 85 56
136 85 57
136 85 60
136 40 41
136 40 42
136 40 43
136 40 60
136 40 109
136 205 42
136 205 43
136 205 44
136 205 58
136 205 117
136 205 119
136 61 63
136 118 91
136 156 181
136 156 182
136 139 183
136 27 185
136 27 186
136 190 861
85 226 2
85 226 4
85 226 6
85 226 11
85 226 24
85 226 42
85 197 50
85 35 60
85 177 62
85 177 63
85 91 65
85 91 66
85 163 802
85 102 805
85 252 806
85 230 879
85 230 880
85 230 881
85 230 882
85 168 894
85 168 895
85 168 898
85 168 901
85 168 902
85 168 904
85 168 905
226 118 37
226 1 462
226 1 463
226 1 465
226 1 468
226 1 473
226 1 479
226 1 491
226 1 492
226 1 496
226 1 497
226 1 498
226 1 499
226 1 554
226 1 557
226 1 560
226 1 562
226 1 565
226 1 571
226 1 572
226 1 573
226 1 577
226 1 589
226 1 590
226 1 591
226 1 595
226 1 596
226 1 602
226 1 603
226 1 606
226 1 609
226 1 613
226 1 614
226 1 623
226 1 638
226 1 640
226 1 661
226 1 662
226 1 665
226 164 463
226 164 465
226 164 469
226 164 471
226 164 473
226 164 479
226 164 480
226 164 481
226 164 482
226 164 488
226 164 490
226 164 491
226 164 492
226 164 496
226 164 497
226 164 563
226 164 564
226 164 566
226 164 575
226 164 589
226 164 595
226 164 596
226 164 609
226 164 614
226 164 662
226 164 664
226 164 665
226 72 463
226 72 479
226 72 488
226 72 490
226 72 491
226 72 498
226 72 499
226 72 551
226 72 552
226 72 566
226 72 569
226 72 577
226 72 589
226 72 605
226 72 606
226 72 611
226 72 612
226 72 613
226 72 614
226 72 615
226 72 616
226 72 618
226 72 619
226 72 651
226 72 652
226 112 584
226 112 585
226 232 637
228 206 9
228 206 10
228 206 11
228 206 13
228 206 14
228 206 15
228 206 16
228 206 17
228 206 18
228 206 19
228 206 20
228 206 21
228 206 22
228 206 25
228 206 26
228 206 27
228 206 28
228 206 30
228 206 31
228 206 38
228 206 39
228 206 40
228 206 41
228 206 50
228 206 52
228 206 53
228 105 375
228 105 376
228 105 377
228 105 378
228 105 379
228 105 380
228 105 381
228 105 382
228 105 383
228 167 375
228 167 376
228 167 377
228 167 378
228 167 379
228 167 380
228 167 381
228 167 382
228 167 383
228 41 440
206 35 147
206 202 161
206 202 214
206 202 215
206 202 216
206 98 214
206 98 215
206 98 216
206 31 268
206 218 268
206 218 271
206 218 273
206 218 279
206 218 297
206 218 331
206 218 380
206 218 386
206 218 387
206 218 388
206 218 393
206 218 397
206 218 407
206 218 408
206 218 409
206 218 410
206 218 424
206 218 425
206 218 426
206 218 427
206 218 432
206 218 435
206 218 498
206 218 502
206 218 514
206 218 516
206 218 550
206 218 575
206 218 587
206 39 460
206 46 549
206 208 587
239 163 771
239 163 793
239 163 842
239 102 786
239 102 787
239 102 788
239 102 808
239 102 809
239 102 813
239 102 814
239 102 815
239 102 817
239 102 858
239 102 859
239 102 861
239 74 816
239 91 825
239 91 829
216 217 29
216 217 42
216 217 45
216 217 51
216 217 62
216 217 63
216 217 65
216 217 66
216 217 73
216 217 75
216 217 76
216 217 79
216 217 86
216 217 89
216 217 111
216 217 125
216 217 147
216 217 148
216 217 152
216 217 154
216 217 155
216 217 157
216 217 158
216 217 160
216 217 161
216 217 170
216 217 185
216 217 186
216 217 187
216 217 189
216 217 190
216 217 191
216 217 202
216 217 203
216 217 204
216 217 206
216 217 207
216 217 208
216 217 209
216 217 210
216 217 211
216 217 212
216 217 213
216 217 214
216 217 215
216 177 131
216 177 132
216 177 133
216 177 135
216 177 136
216 177 137
216 177 138
216 177 140
216 177 141
216 177 142
216 177 143
216 177 144
216 177 145
216 177 146
216 177 147
216 177 159
216 238 161
216 7 185
216 185 201
216 151 201
216 137 208
216 70 210
216 212 210
216 23 1077
216 23 1078
216 23 1079
216 23 1326
217 202 214
217 202 215
217 98 214
217 98 215
217 116 338
217 116 340
217 116 341
217 188 339
217 188 340
217 188 341
217 78 349
217 78 369
217 78 370
217 213 357
217 213 358
217 213 401
217 213 402
217 213 403
217 210 358
217 210 401
217 210 402
217 181 360
217 181 361
217 181 362
217 54 366
217 54 367
217 11 366
217 11 367
217 132 366
217 132 367
217 148 388
217 71 402
205 35 31
205 35 36
205 35 57
205 35 61
205 35 62
205 35 63
205 35 64
205 35 65
205 35 66
205 35 67
205 35 68
205 35 70
205 35 76
205 35 77
205 35 78
205 35 79
205 35 81
205 35 82
205 35 83
205 35 84
205 35 85
205 35 88
205 35 94
205 35 96
205 35 107
205 35 109
205 35 116
205 35 118
205 35 130
205 35 131
205 35 132
205 35 133
205 35 135
205 35 138
205 35 146
205 35 151
205 35 152
205 35 154
205 35 155
205 35 156
205 35 163
205 35 166
205 145 116
205 177 135
205 177 136
205 177 137
205 177 138
205 177 139
205 177 140
205 177 141
205 177 142
205 177 146
205 177 147
205 177 148
205 177 149
205 177 150
205 177 151
205 177 152
205 26 839
205 26 842
205 26 844
205 26 854
205 26 877
205 26 880
205 26 881
205 26 889
205 26 890
205 26 891
205 26 892
205 199 864
205 186 889
205 230 890
205 230 891
205 9 890
205 9 891
35 64 111
35 81 115
35 81 131
35 81 132
35 81 137
35 81 145
35 81 146
35 81 147
35 81 148
35 81 149
35 81 150
35 81 152
35 81 153
35 202 116
35 187 129
35 115 129
35 140 149
40 197 32
40 197 34
40 197 35
40 197 56
40 91 116
40 177 140
40 177 148
40 177 149
40 177 151
40 54 146
40 211 525
40 68 672
40 68 676
197 202 64
197 202 116
197 47 333
197 16 351
197 207 360
118 140 112
118 84 114
118 94 1115
118 32 1125
118 32 1165
118 32 1176
118 32 1177
118 32 1178
118 32 1188
118 32 1189
118 32 1196
118 32 1197
118 32 1200
118 32 1429
118 32 1444
118 32 1464
118 32 1465
118 62 1130
118 235 1134
118 169 1138
118 24 1188
118 24 1190
118 56 1444
166 177 46
166 177 47
166 177 52
166 177 53
166 177 54
166 177 55
166 177 57
166 177 58
166 177 59
166 177 60
166 177 62
166 177 63
166 177 67
166 177 69
166 177 85
166 177 86
166 177 92
166 177 93
166 177 94
166 177 107
166 177 108
166 177 109
166 177 110
166 177 111
166 177 112
166 177 113
166 177 114
166 177 115
166 177 116
166 177 117
166 177 118
166 177 119
166 177 120
166 177 121
166 177 122
166 177 123
166 177 124
166 177 125
166 177 126
166 177 158
166 177 159
166 177 162
166 177 163
166 177 177
166 177 178
166 177 204
166 177 207
166 177 220
166 177 221
166 177 226
166 177 229
166 177 230
166 177 233
166 177 241
166 177 243
166 177 246
166 177 247
166 177 248
166 177 250
166 177 253
166 177 267
166 177 269
166 177 271
166 177 274
166 177 278
166 54 97
166 185 158
166 185 159
166 24 165
166 24 277
166 91 177
166 119 178
166 20 220
166 240 222
166 70 232
166 70 233
166 11 277
166 123 822
166 123 826
166 123 827
166 123 829
166 123 844
166 123 846
166 123 851
166 123 862
166 123 865
166 123 866
166 123 890
166 123 891
166 123 894
166 123 895
166 123 896
166 123 897
166 123 899
166 123 900
166 123 901
166 123 902
166 123 913
166 123 917
166 123 918
166 123 921
166 123 922
166 123 923
166 123 925
166 123 926
166 96 825
166 96 828
166 93 826
166 230 833
166 207 899
177 232 62
177 232 63
177 232 71
177 232 72
177 232 73
177 232 80
177 202 66
177 202 67
177 202 73
177 202 82
177 202 83
177 202 177
177 243 73
177 243 76
177 243 78
177 243 80
177 156 84
177 61 87
177 61 96
177 153 90
177 104 156
177 104 166
177 104 246
177 2 158
177 208 165
177 114 206
177 114 207
177 233 207
177 73 228
177 73 229
177 73 242
177 75 231
177 78 245
177 57 246
177 33 278
177 23 1140
177 25 1446
137 11 52
137 11 53
137 11 54
137 11 57
137 11 59
137 11 210
137 11 213
137 11 215
137 11 218
137 11 277
137 11 278
137 11 282
137 91 70
137 91 90
137 91 123
137 91 133
137 91 134
137 54 79
137 54 85
137 54 91
137 54 100
137 54 131
137 54 133
137 54 134
137 54 205
137 54 206
137 54 207
137 54 210
137 54 213
137 54 311
137 110 197
137 110 198
137 110 199
137 110 200
137 110 229
137 110 230
137 110 231
137 110 242
137 110 243
137 110 244
137 110 245
137 110 246
137 110 273
137 110 285
137 110 297
137 110 311
137 110 313
137 110 315
137 110 316
137 110 338
137 110 366
137 110 374
137 139 200
137 3 247
137 3 248
137 3 249
137 3 273
137 3 274
137 3 275
137 3 282
137 3 283
137 3 284
137 3 311
137 3 312
137 3 315
137 3 338
137 3 370
137 208 248
137 57 252
137 57 261
137 57 267
137 196 253
137 196 256
137 61 256
137 61 274
137 61 275
137 61 276
137 61 277
137 61 278
137 61 279
137 61 282
137 61 295
137 61 310
137 213 270
137 213 271
137 213 293
137 24 294
137 248 313
137 16 332
137 16 335
137 146 337
137 63 338
137 63 342
137 63 355
137 63 356
137 63 358
137 63 359
137 63 360
137 106 361
137 225 365
11 61 53
11 61 54
11 61 80
11 61 84
11 61 87
11 61 88
11 61 89
11 61 99
11 61 115
11 61 142
11 61 143
11 61 146
11 61 147
11 61 149
11 61 153
11 61 154
11 61 156
11 61 203
11 61 204
11 61 208
11 61 209
11 61 210
11 61 211
11 61 222
11 61 272
11 61 273
11 61 277
11 61 278
11 61 279
11 61 280
11 61 282
11 61 285
11 61 286
11 61 287
11 61 289
11 61 291
11 61 295
11 61 296
11 61 297
11 61 302
11 61 306
11 61 308
11 61 309
11 61 340
11 61 352
11 61 353
11 61 354
11 61 356
11 61 362
11 61 373
11 61 378
11 61 379
11 61 380
11 61 385
11 61 386
11 61 393
11 61 395
11 61 398
11 61 399
11 61 401
11 61 402
11 61 404
11 61 406
11 61 414
11 61 416
11 61 420
11 61 422
11 61 424
11 61 425
11 61 427
11 61 430
11 61 435
11 42 55
11 232 70
11 164 71
11 164 318
11 184 73
11 184 88
11 184 89
11 184 90
11 129 77
11 129 87
11 129 88
11 129 92
11 129 95
11 129 110
11 129 119
11 129 120
11 129 129
11 129 145
11 129 148
11 129 149
11 129 150
11 129 151
11 129 152
11 129 153
11 129 154
11 129 159
11 129 165
11 129 166
11 129 167
11 129 168
11 129 169
11 129 170
11 129 172
11 129 173
11 129 174
11 129 175
11 129 176
11 129 177
11 129 178
11 129 180
11 129 181
11 129 182
11 129 183
11 129 184
11 129 187
11 129 188
11 129 189
11 129 190
11 129 191
11 129 192
11 129 193
11 129 194
11 129 195
11 129 203
11 129 206
11 129 207
11 129 208
11 129 209
11 129 214
11 129 272
11 129 292
11 129 296
11 129 297
11 129 298
11 129 304
11 129 317
11 129 325
11 129 333
11 129 334
11 54 78
11 54 79
11 54 81
11 54 85
11 54 90
11 54 91
11 54 106
11 54 107
11 54 109
11 54 112
11 54 113
11 54 114
11 54 148
11 54 155
11 54 165
11 54 206
11 54 207
11 54 332
11 54 355
11 54 357
11 54 358
11 54 360
11 54 363
11 54 366
11 54 368
11 54 369
11 54 374
11 54 376
11 54 377
11 54 381
11 54 383
11 54 384
11 54 392
11 54 396
11 54 397
11 54 400
11 54 403
11 54 405
11 54 408
11 54 410
11 54 413
11 54 415
11 54 417
11 54 418
11 54 419
11 54 423
11 54 429
11 145 88
11 202 90
11 202 91
11 153 124
11 104 156
11 91 184
11 91 189
11 91 193
11 200 225
11 200 378
11 140 231
11 187 232
11 187 233
11 187 234
11 170 234
11 170 235
11 170 236
11 170 237
11 110 235
11 89 236
11 89 237
11 43 237
11 24 273
11 24 276
11 24 279
11 24 282
11 24 284
11 24 285
11 24 286
11 24 287
11 24 288
11 213 285
11 213 286
11 213 287
11 213 289
11 3 285
11 106 327
11 106 487
11 98 328
11 63 331
11 63 496
11 63 497
11 63 501
11 16 333
11 16 342
11 16 350
11 78 335
11 78 373
11 78 398
11 78 399
11 171 342
11 171 344
11 26 347
11 26 349
11 130 352
11 130 359
11 130 363
11 130 364
11 130 374
11 130 381
11 130 383
11 130 384
11 130 396
11 130 397
11 130 398
11 130 399
11 130 400
11 130 402
11 130 406
11 156 378
11 156 379
11 86 397
11 86 401
11 86 406
11 138 407
11 138 413
11 92 408
11 120 417
11 44 453
11 44 454
11 44 455
11 44 456
11 44 457
11 44 458
11 44 459
11 44 460
11 44 461
11 44 462
11 44 463
11 44 464
11 44 465
11 44 466
11 44 467
11 44 468
11 44 469
11 44 474
11 44 475
11 44 476
11 44 481
11 44 484
11 44 485
11 44 486
11 44 487
11 44 490
11 44 491
11 44 492
11 44 493
11 44 495
11 141 459
11 178 464
11 178 466
11 84 464
11 242 485
11 14 490
11 14 491
11 185 494
61 129 65
61 129 68
61 129 72
61 129 77
61 129 80
61 129 84
61 129 86
61 129 88
61 129 93
61 129 115
61 129 127
61 129 132
61 129 151
61 129 154
61 129 160
61 129 208
61 129 209
61 129 211
61 129 212
61 129 230
61 129 231
61 129 244
61 129 253
61 129 257
61 129 258
61 129 283
61 129 305
61 159 66
61 91 88
61 91 123
61 148 169
61 131 169
61 131 179
61 75 170
61 75 173
61 75 179
61 240 190
61 24 261
61 24 263
61 24 264
61 24 266
61 24 267
61 24 268
61 24 269
61 24 270
61 24 271
61 24 272
61 24 273
61 24 274
61 24 275
61 24 276
61 24 277
61 24 278
61 24 279
61 24 281
61 24 282
61 24 285
61 24 286
61 24 287
61 24 288
61 24 294
61 24 297
61 3 271
61 3 318
61 157 293
61 157 444
61 102 312
61 56 325
61 26 328
61 26 329
61 26 330
61 78 334
61 78 395
61 78 407
61 229 335
61 229 559
61 130 354
61 130 359
61 130 398
61 130 399
61 130 404
61 47 491
61 47 497
61 47 498
61 47 559
61 47 560
61 47 567
61 47 574
61 47 575
61 47 587
61 47 588
61 47 612
61 47 643
61 47 644
61 47 645
61 47 646
61 47 664
61 47 677
61 106 497
42 91 60
42 91 61
42 230 62
42 51 1130
42 51 1131
232 230 73
232 230 75
232 230 76
232 230 80
232 91 75
232 91 77
232 91 80
232 111 634
232 111 635
232 111 638
232 111 642
232 111 645
232 111 646
232 111 647
232 111 663
232 111 664
232 111 665
91 202 61
91 202 62
91 202 64
91 202 65
91 202 67
91 202 69
91 202 70
91 202 71
91 202 72
91 202 73
91 202 75
91 202 76
91 202 77
91 202 78
91 202 79
91 202 80
91 202 81
91 202 82
91 202 83
91 202 84
91 202 85
91 202 87
91 202 88
91 202 90
91 202 91
91 202 93
91 202 99
91 202 109
91 202 110
91 202 111
91 202 112
91 202 113
91 202 114
91 202 115
91 202 116
91 202 117
91 202 118
91 202 119
91 202 120
91 202 122
91 202 123
91 202 124
91 202 125
91 202 126
91 202 127
91 202 128
91 202 129
91 202 130
91 202 131
91 202 132
91 202 133
91 202 134
91 202 135
91 202 136
91 202 137
91 202 139
91 202 140
91 202 141
91 202 142
91 202 144
91 202 149
91 202 150
91 202 157
91 202 158
91 202 159
91 202 176
91 202 179
91 202 180
91 202 182
91 202 183
91 202 184
91 202 190
91 202 191
91 202 192
91 202 194
91 202 197
91 202 198
91 202 199
91 202 212
91 202 213
91 202 214
91 202 215
91 202 216
91 243 79
91 243 80
91 243 81
91 243 109
91 184 88
91 153 90
91 153 92
91 153 94
91 153 103
91 15 92
91 45 99
91 95 179
91 114 189
91 27 193
91 27 195
91 17 193
91 130 194
91 200 199
91 170 205
91 170 206
91 43 206
91 21 770
91 156 801
91 156 802
91 156 803
91 156 804
91 156 806
91 156 810
91 156 811
91 156 812
91 156 813
91 156 822
202 54 65
202 54 87
202 54 91
202 159 66
202 159 177
202 129 70
202 129 90
202 129 91
202 230 74
202 230 106
202 230 107
202 230 109
202 145 89
202 145 96
202 145 97
202 145 98
202 145 99
202 145 103
202 145 114
202 131 104
202 131 105
202 131 109
202 187 155
202 187 172
202 224 165
202 89 172
202 17 184
202 105 192
202 105 203
202 105 206
202 122 195
202 221 216
202 106 495
202 106 496
202 254 671
202 254 674
202 254 687
202 254 690
202 254 696
202 254 701
202 254 702
202 254 711
202 254 758
202 254 760
202 254 761
202 254 762
230 45 63
230 45 64
230 45 65
230 45 66
230 45 67
230 45 69
230 45 70
230 45 71
230 45 78
230 45 79
230 45 85
230 45 86
230 45 87
230 45 88
230 45 93
230 45 106
230 45 109
230 45 116
230 45 124
230 45 134
230 45 135
230 45 137
230 45 138
230 45 139
230 45 140
230 45 146
230 45 149
230 45 155
230 45 159
230 153 100
230 27 107
230 27 113
230 27 116
230 27 125
230 27 154
230 57 144
230 241 709
230 241 717
230 4 716
230 9 724
230 9 758
230 9 774
230 9 780
230 9 781
230 9 782
230 9 784
230 9 795
230 9 835
230 9 837
230 9 851
230 9 861
230 9 890
230 134 767
230 114 834
230 114 838
230 114 839
230 114 840
230 128 858
230 190 864
230 5 874
230 242 882
230 74 884
230 179 890
230 179 891
45 122 112
45 122 113
45 122 115
45 119 116
45 33 335
45 33 336
45 33 337
54 153 91
54 98 122
54 98 285
54 243 138
54 191 139
54 124 140
54 164 168
54 164 355
54 164 357
54 164 388
54 164 438
54 164 440
54 164 445
54 27 179
54 27 180
54 83 184
54 139 184
54 130 199
54 208 255
54 196 256
54 196 257
54 104 256
54 104 267
54 104 272
54 52 263
54 57 263
54 57 264
54 57 265
54 57 266
54 57 267
54 57 268
54 57 271
54 57 332
54 56 271
54 56 272
54 56 273
54 56 274
54 56 275
54 56 279
54 56 281
54 56 282
54 56 283
54 56 285
54 56 291
54 56 292
54 213 284
54 213 290
54 145 315
54 84 317
54 3 319
54 3 379
54 3 380
54 63 320
54 63 323
54 105 323
54 105 324
54 242 329
54 242 330
54 235 341
54 138 355
54 138 390
54 138 396
54 138 397
54 138 400
54 138 403
54 138 405
54 138 408
54 138 409
54 138 412
54 225 357
54 79 357
54 86 368
54 86 369
54 86 394
54 187 368
54 102 379
54 200 381
54 200 385
54 203 408
129 184 89
129 98 122
129 98 124
129 98 131
129 182 143
129 104 156
129 104 157
129 13 191
129 114 224
129 3 305
129 3 306
129 240 339
129 119 339
129 128 339
129 92 511
129 189 529
159 57 163
159 184 180
159 237 203
159 132 359
159 132 369
159 132 374
159 132 393
159 132 394
164 15 128
164 70 226
164 130 388
164 130 418
164 198 462
164 198 463
164 198 465
164 198 469
164 198 479
164 198 480
164 198 481
164 198 482
164 198 483
164 198 484
164 198 487
164 198 556
164 198 557
164 198 558
164 198 583
164 198 603
164 198 604
164 198 609
164 198 651
164 198 661
164 198 662
164 198 663
164 198 664
164 198 665
164 1 481
164 1 485
164 1 625
164 1 628
164 1 630
164 1 631
164 1 639
164 1 648
164 1 649
164 1 650
164 1 651
164 1 654
164 1 658
164 1 662
164 1 663
164 1 665
164 238 505
164 211 506
164 211 509
164 211 526
164 211 531
164 211 532
164 211 533
164 211 534
164 211 535
164 211 536
164 211 547
164 68 509
164 68 648
164 234 511
164 58 511
164 185 597
164 80 623
164 80 649
164 80 650
164 80 651
164 80 652
164 80 653
164 80 662
164 80 665
243 15 96
243 15 101
243 131 97
243 131 111
243 131 116
243 131 117
243 131 119
243 131 123
243 131 132
243 2 116
243 140 118
243 87 129
243 87 130
243 147 1127
243 10 1149
243 10 1158
243 10 1159
243 10 1211
243 10 1549
243 10 1550
243 179 1163
243 179 1164
243 179 1166
243 179 1167
243 179 1170
243 179 1176
243 220 1208
243 220 1212
243 180 1213
243 180 1217
243 12 1439
243 231 1460
184 145 89
184 187 131
184 13 179
184 108 1107
184 116 1112
200 145 78
200 145 81
200 148 78
200 148 79
200 148 80
200 148 81
200 148 84
200 148 85
200 148 86
200 148 87
200 148 88
200 148 89
200 148 93
200 148 98
200 148 99
200 148 100
200 148 112
200 148 113
200 148 114
200 148 115
200 148 121
200 148 122
200 148 123
200 148 124
200 148 125
200 148 127
200 148 128
200 148 129
200 148 130
200 148 132
200 148 133
200 148 134
200 148 136
200 148 137
200 148 138
200 148 140
200 148 142
200 148 152
200 148 153
200 148 154
200 148 155
200 148 157
200 148 158
200 148 160
200 148 161
200 148 162
200 148 163
200 148 164
200 148 165
200 148 169
200 148 170
200 148 173
200 148 174
200 148 179
200 148 180
200 148 181
200 148 183
200 148 185
200 148 192
200 148 193
200 148 194
200 148 195
200 148 196
200 148 197
200 148 198
200 148 205
200 148 207
200 148 208
200 148 209
200 148 210
200 148 211
200 148 216
200 148 217
200 148 218
200 148 219
200 148 220
200 148 224
200 148 225
200 148 227
200 148 228
200 148 229
200 148 230
200 148 231
200 148 232
200 148 233
200 148 234
200 148 235
200 148 239
200 148 240
200 148 241
200 148 242
200 148 243
200 148 245
200 148 246
200 148 247
200 148 248
200 148 249
200 148 256
200 148 263
200 148 270
200 148 271
200 148 272
200 148 273
200 148 275
200 148 276
200 148 277
200 148 278
200 148 285
200 148 287
200 148 288
200 148 290
200 148 291
200 148 298
200 148 299
200 148 301
200 148 302
200 148 303
200 148 308
200 148 309
200 148 311
200 148 312
200 148 313
200 148 315
200 148 316
200 148 317
200 148 318
200 148 319
200 148 320
200 148 321
200 148 322
200 148 324
200 148 325
200 148 326
200 148 327
200 148 328
200 148 329
200 148 330
200 148 331
200 148 332
200 148 333
200 148 334
200 148 335
200 148 336
200 148 337
200 148 338
200 148 340
200 148 341
200 148 343
200 148 344
200 148 345
200 148 346
200 148 347
200 148 348
200 148 349
200 148 350
200 148 351
200 148 352
200 148 353
200 148 354
200 148 355
200 148 356
200 148 357
200 148 358
200 148 359
200 148 360
200 148 361
200 148 362
200 148 363
200 148 364
200 148 365
200 148 366
200 148 367
200 148 368
200 148 369
200 148 370
200 148 371
200 148 372
200 148 373
200 148 374
200 148 375
200 148 377
200 148 379
200 148 380
200 148 381
200 148 387
200 148 388
200 148 390
200 148 391
200 148 392
200 148 393
200 148 394
200 148 395
200 64 127
200 115 143
200 115 144
200 187 145
200 37 148
200 37 157
200 37 158
200 163 153
200 163 154
200 13 157
200 13 158
200 13 159
200 13 166
200 110 163
200 110 166
200 119 163
200 119 166
200 131 166
200 29 193
200 196 198
200 17 211
200 17 232
200 17 236
200 17 247
200 17 248
200 105 232
200 105 236
200 105 245
200 56 370
200 130 377
200 207 382
200 207 385
200 207 388
200 203 499
200 203 500
145 15 80
145 15 84
145 15 99
145 15 104
145 15 110
145 15 115
145 15 125
145 15 127
145 15 137
145 15 143
145 15 146
145 15 147
145 27 135
145 208 138
145 233 146
145 124 147
145 24 274
145 24 275
145 24 276
145 24 277
145 24 278
145 24 279
145 24 282
145 102 288
145 102 295
145 102 329
145 102 337
145 102 375
145 3 322
145 3 374
145 3 375
145 56 361
148 153 78
148 43 148
148 43 158
148 27 192
148 27 193
148 17 228
148 26 464
153 15 78
153 15 79
153 15 81
153 15 82
153 15 83
153 15 85
153 15 92
153 15 98
153 15 100
153 15 101
153 15 102
153 15 103
153 15 105
153 15 106
153 15 107
153 15 108
153 15 109
153 15 111
153 15 112
153 15 113
153 15 114
153 15 117
153 15 120
153 15 122
153 15 123
153 15 124
153 15 126
153 15 138
153 15 144
153 15 145
153 131 134
153 131 135
153 122 134
153 125 134
153 2 135
153 187 135
153 24 140
153 59 145
153 218 600
153 218 601
153 218 726
153 218 727
153 207 693
153 207 698
153 207 699
153 207 725
15 156 78
156 163 99
156 163 149
156 163 153
156 163 154
156 119 100
156 119 160
156 119 161
156 64 124
156 13 157
156 13 158
156 13 160
156 13 161
156 110 166
156 20 182
156 24 219
156 17 242
156 17 243
156 102 768
156 102 792
156 102 793
156 102 795
156 102 796
156 102 801
156 102 802
156 102 803
156 102 804
156 102 805
156 102 837
156 102 846
156 102 862
156 102 863
156 48 794
2 122 90
2 122 91
2 122 107
2 122 108
2 122 110
2 122 112
2 122 122
2 122 128
2 122 129
2 122 139
2 122 141
2 122 148
2 122 156
2 122 166
2 122 167
2 122 168
2 122 171
2 122 180
2 122 181
2 122 183
2 122 191
2 122 192
2 122 193
2 122 195
2 122 196
2 122 223
2 131 90
2 131 107
2 131 111
2 131 123
2 131 138
2 131 139
2 131 142
2 131 148
2 131 151
2 131 152
2 131 153
2 131 187
2 131 210
2 131 213
2 131 216
2 131 220
2 131 223
2 131 224
2 170 91
2 170 92
2 27 96
2 27 107
2 27 128
2 27 133
2 27 135
2 27 140
2 27 144
2 27 146
2 27 151
2 27 195
2 27 219
2 27 223
2 13 120
2 119 122
2 97 124
2 187 124
2 187 137
2 140 125
2 140 126
2 140 128
2 140 213
2 140 214
2 83 144
2 83 212
2 83 223
2 75 220
122 170 91
122 170 95
122 27 95
122 27 107
122 27 109
122 27 120
122 27 122
122 27 135
122 27 195
122 27 197
122 27 198
122 27 219
122 27 220
122 27 223
122 128 96
122 128 113
122 128 114
122 128 115
122 128 175
122 13 124
122 13 128
122 13 175
122 13 176
122 98 197
122 83 209
122 83 210
122 83 211
122 83 217
122 83 219
122 83 220
122 83 223
122 241 727
122 241 728
122 241 768
122 73 731
122 73 734
122 73 760
122 73 761
122 73 762
122 41 732
122 41 733
122 41 734
122 41 735
122 41 736
122 41 740
122 41 742
122 41 744
122 41 761
122 165 742
122 165 743
122 165 744
122 165 745
122 165 746
122 165 747
122 165 758
122 165 760
122 165 761
122 165 762
122 14 752
122 14 757
122 14 768
122 14 772
131 130 90
131 130 91
131 130 93
131 130 101
131 130 120
131 130 122
131 130 138
131 130 139
131 130 152
131 130 153
131 130 199
131 130 201
131 130 207
131 130 218
131 130 223
131 27 91
131 27 108
131 27 116
131 27 122
131 27 123
131 27 133
131 27 135
131 27 146
131 27 148
131 27 150
131 27 151
131 27 179
131 27 217
131 27 218
131 27 219
131 27 220
131 27 222
131 27 223
131 133 92
131 133 140
131 240 127
131 124 127
131 191 131
131 72 137
131 83 142
131 83 144
131 83 163
131 83 173
131 83 174
131 83 184
131 83 185
131 83 196
131 83 215
131 83 219
131 83 220
131 83 223
131 119 166
131 233 192
131 97 197
131 110 200
131 43 215
131 170 215
131 16 445
130 140 123
130 140 164
130 125 128
130 187 137
130 187 164
130 187 196
130 24 204
130 24 209
130 24 210
130 225 358
130 79 358
130 86 371
130 86 408
130 107 375
27 13 121
27 125 122
27 125 134
27 187 164
27 187 197
27 110 168
27 75 173
27 75 210
27 75 217
27 75 218
27 75 219
27 195 192
27 89 196
27 175 201
27 196 212
27 140 215
27 140 216
27 12 1147
27 12 1150
27 12 1151
27 12 1153
27 12 1154
27 12 1155
27 12 1156
27 12 1157
27 12 1158
27 12 1159
27 12 1163
27 12 1164
27 12 1165
27 12 1171
27 12 1179
27 12 1183
27 12 1187
27 12 1188
27 12 1189
27 12 1190
27 12 1191
27 12 1192
27 12 1193
27 12 1194
27 12 1195
27 12 1196
27 12 1197
27 12 1198
27 12 1200
27 12 1446
27 12 1447
27 12 1467
27 12 1472
27 12 1473
27 12 1476
27 201 1149
27 201 1152
27 201 1153
27 201 1154
27 201 1155
27 201 1156
27 201 1157
27 201 1161
27 201 1162
27 201 1164
27 201 1165
27 201 1166
27 201 1171
27 201 1180
27 201 1188
27 201 1189
27 201 1190
27 201 1191
27 201 1192
27 201 1196
27 201 1197
27 201 1198
27 201 1201
27 201 1202
27 201 1204
27 201 1217
27 201 1218
27 201 1238
27 201 1329
27 201 1380
27 201 1381
27 201 1382
27 201 1383
27 201 1384
27 201 1457
27 201 1465
27 201 1472
27 201 1473
27 201 1476
27 201 1477
27 201 1478
27 132 1149
27 132 1153
27 132 1447
27 132 1454
27 132 1456
27 132 1461
27 132 1465
27 132 1469
27 132 1470
27 132 1471
27 132 1472
27 132 1473
27 132 1476
27 132 1477
27 132 1478
27 62 1458
27 180 1477
27 165 1477
170 13 139
170 13 157
170 13 158
170 13 159
170 13 198
170 119 157
170 119 159
170 140 164
170 140 215
170 140 217
170 140 218
170 140 219
170 140 220
170 140 221
170 140 222
170 24 181
170 89 187
170 89 217
170 89 218
170 89 219
170 89 223
170 187 220
170 187 222
170 187 233
170 187 234
170 180 254
170 180 255
170 103 1129
170 49 1141
170 231 1143
170 231 1444
170 155 1143
170 51 1441
170 51 1442
170 51 1444
170 51 1445
170 149 1442
170 149 1443
170 236 1444
170 236 1445
170 236 1446
170 236 1447
170 23 1445
170 223 1446
170 193 1446
128 13 92
128 13 93
128 13 101
128 13 102
128 13 103
128 13 105
128 13 109
128 13 111
128 13 112
128 13 115
128 13 116
128 13 117
128 13 118
128 13 120
128 13 121
128 13 122
128 13 123
128 13 125
128 13 127
128 13 128
128 13 130
128 13 139
128 13 140
128 13 141
128 13 142
128 13 146
128 13 147
128 13 148
128 13 149
128 13 155
128 13 156
128 13 157
128 13 158
128 13 159
128 13 160
128 13 161
128 13 164
128 13 165
128 13 166
128 13 168
128 13 171
128 13 175
128 13 178
128 13 179
128 13 180
128 13 183
128 13 184
128 13 200
128 13 204
128 13 205
128 13 206
128 13 207
128 13 208
128 13 212
128 13 214
128 13 215
128 13 217
128 13 218
128 13 220
128 13 221
128 13 222
128 13 230
128 13 231
128 13 233
128 13 236
128 13 237
128 13 245
128 13 246
128 13 247
128 13 248
128 13 250
128 13 253
128 13 255
128 13 269
128 13 270
128 13 277
128 13 282
128 13 283
128 13 284
128 13 287
128 13 292
128 13 293
128 13 294
128 13 295
128 13 299
128 13 301
128 13 302
128 13 303
128 13 304
128 13 317
128 13 323
128 13 325
128 13 326
128 13 327
128 13 328
128 13 329
128 13 330
128 13 331
128 13 338
128 13 340
128 140 117
128 140 128
128 140 130
128 140 131
128 140 132
128 140 134
128 140 135
128 140 138
128 89 125
128 89 126
128 89 127
128 89 128
128 89 129
128 89 138
128 187 125
128 187 127
128 187 129
128 110 323
128 59 850
128 246 850
128 246 862
128 246 863
128 5 860
128 5 863
128 5 865
128 207 907
13 240 95
13 240 101
13 240 102
13 240 104
13 240 105
13 240 141
13 240 143
13 240 149
13 240 151
13 240 167
13 240 170
13 240 172
13 240 196
13 240 199
13 240 217
13 240 218
13 240 220
13 240 222
13 240 231
13 240 236
13 240 254
13 240 282
13 240 284
13 240 293
13 240 294
13 240 295
13 240 304
13 240 317
13 240 324
13 240 326
13 240 327
13 240 328
13 240 331
13 240 333
13 240 334
13 240 338
13 240 340
13 140 117
13 140 123
13 140 124
13 140 125
13 140 130
13 140 131
13 140 135
13 140 136
13 140 138
13 125 120
13 89 128
13 89 135
13 89 136
13 97 130
13 97 131
13 97 176
13 97 204
13 24 140
13 119 142
13 119 144
13 119 145
13 119 146
13 119 147
13 119 148
13 119 149
13 119 156
13 119 163
13 119 166
13 119 169
13 119 172
13 119 180
13 119 181
13 119 183
13 119 187
13 119 198
13 119 209
13 119 214
13 119 216
13 119 218
13 119 220
13 119 221
13 119 223
13 119 224
13 119 228
13 119 229
13 119 230
13 119 231
13 119 232
13 119 233
13 119 234
13 119 237
13 119 239
13 119 245
13 119 246
13 119 247
13 119 248
13 119 249
13 119 250
13 119 253
13 119 254
13 119 258
13 119 266
13 119 267
13 119 270
13 119 271
13 119 274
13 119 277
13 119 282
13 119 283
13 119 284
13 119 291
13 119 292
13 119 295
13 119 297
13 119 298
13 119 299
13 119 301
13 119 303
13 119 307
13 119 308
13 119 309
13 119 310
13 119 316
13 119 317
13 119 318
13 119 320
13 119 321
13 119 322
13 119 324
13 119 325
13 119 326
13 119 327
13 119 329
13 119 330
13 119 331
13 119 333
13 119 335
13 119 336
13 119 338
13 119 340
13 20 188
13 124 198
13 110 323
13 242 335
13 16 335
133 218 569
133 218 570
133 218 571
133 218 572
133 218 573
133 218 574
133 218 575
133 218 576
133 218 577
133 218 578
133 218 579
133 218 581
133 218 582
133 218 583
133 218 584
133 218 586
133 218 587
133 218 588
133 218 589
133 218 590
133 218 591
133 218 592
133 218 593
133 218 594
133 218 595
133 218 600
133 218 601
133 218 602
133 218 603
133 218 604
133 218 605
133 218 606
133 218 607
133 218 608
133 218 609
133 218 610
133 218 613
133 218 614
133 218 615
133 218 616
133 218 618
133 218 619
133 218 620
133 218 621
133 218 622
133 218 623
133 218 624
133 218 625
133 218 627
133 218 628
133 218 630
133 218 631
133 218 632
133 218 633
133 218 634
133 218 635
133 218 636
133 218 637
133 218 638
133 218 648
133 218 650
133 218 655
133 218 656
133 218 659
133 218 660
133 218 663
133 218 666
133 218 671
133 218 672
133 218 693
133 218 699
133 218 716
133 218 723
133 218 726
133 218 727
133 171 599
133 14 601
133 4 658
133 4 692
133 4 693
133 4 726
133 4 727
133 4 728
133 160 726
133 160 727
43 163 95
43 163 97
43 163 99
43 163 119
43 163 124
43 163 134
43 163 137
43 163 138
43 163 148
43 163 197
43 163 215
43 163 225
43 163 226
43 163 239
43 163 240
43 163 241
43 163 242
43 163 243
43 163 245
43 163 246
43 163 247
43 163 249
43 163 250
43 163 255
43 163 264
43 163 266
43 163 270
43 163 271
43 50 174
43 175 174
43 70 212
43 140 215
43 140 220
43 151 220
43 180 253
43 212 838
43 212 839
43 31 843
43 31 847
43 31 848
43 31 849
43 31 850
43 31 875
43 31 877
43 31 878
43 31 883
43 31 884
163 83 774
163 83 786
163 83 795
163 83 797
163 83 800
163 83 848
163 83 863
163 83 864
240 119 95
240 119 99
240 119 100
240 119 103
240 119 105
240 119 222
240 119 223
240 119 224
240 119 231
240 119 232
240 119 233
240 119 234
240 119 235
240 119 236
240 119 237
240 119 238
240 119 239
240 119 240
240 119 241
240 119 242
240 119 243
240 119 244
240 119 245
240 119 246
240 119 247
240 119 248
240 119 249
240 119 250
240 119 251
240 119 252
240 119 253
240 119 254
240 119 255
240 119 256
240 119 257
240 119 258
240 119 259
240 119 260
240 119 261
240 119 262
240 119 263
240 119 264
240 119 265
240 119 266
240 119 267
240 119 268
240 119 269
240 119 270
240 119 271
240 119 272
240 119 273
240 119 274
240 119 275
240 119 276
240 119 277
240 119 278
240 119 279
240 119 280
240 119 281
240 119 282
240 119 283
240 119 284
240 119 285
240 119 286
240 119 287
240 119 288
240 119 289
240 119 290
240 119 291
240 119 292
240 119 293
240 119 294
240 119 295
240 119 296
240 119 297
240 119 298
240 119 299
240 119 300
240 119 301
240 119 302
240 119 303
240 119 304
240 119 305
240 119 306
240 119 307
240 119 308
240 119 309
240 119 310
240 119 311
240 119 312
240 119 313
240 119 314
240 119 315
240 119 316
240 119 317
240 119 318
240 119 319
240 119 320
240 119 321
240 119 322
240 119 323
240 119 324
240 119 325
240 119 326
240 119 327
240 119 328
240 119 329
240 119 330
240 119 331
240 119 332
240 119 333
240 119 334
240 119 338
240 119 339
240 119 340
240 115 127
240 115 151
240 140 130
240 140 131
240 89 131
240 110 143
240 110 146
240 110 151
240 110 152
240 110 160
240 110 169
240 110 187
240 110 189
240 110 192
240 110 217
240 110 218
240 110 219
240 110 220
240 110 223
240 110 224
240 110 225
240 110 236
240 110 238
240 110 249
240 110 254
240 110 255
240 110 256
240 110 257
240 110 258
240 110 259
240 110 260
240 110 261
240 110 262
240 110 263
240 110 264
240 110 265
240 110 266
240 110 267
240 110 268
240 110 269
240 110 270
240 110 271
240 110 272
240 110 273
240 110 274
240 110 275
240 110 276
240 110 277
240 110 278
240 110 279
240 110 280
240 110 281
240 110 282
240 110 283
240 110 284
240 110 285
240 110 286
240 110 287
240 110 288
240 110 289
240 110 290
240 110 291
240 110 292
240 110 293
240 110 294
240 110 295
240 110 296
240 110 297
240 110 298
240 110 299
240 110 300
240 110 301
240 110 302
240 110 303
240 110 304
240 110 305
240 110 306
240 110 307
240 110 308
240 110 309
240 110 310
240 110 311
240 110 312
240 110 313
240 110 314
240 110 315
240 110 316
240 110 317
240 110 318
240 110 319
240 110 320
240 110 321
240 110 322
240 110 323
240 110 324
240 110 325
240 110 326
240 110 327
240 110 328
240 110 329
240 110 330
240 110 331
240 110 332
240 110 333
240 110 335
240 110 338
240 110 339
240 110 340
240 75 167
240 75 206
240 98 195
240 71 338
119 115 150
119 115 196
119 124 150
119 124 194
119 84 174
119 187 195
119 97 206
119 78 215
119 78 332
119 92 337
119 71 338
57 185 98
57 185 100
57 155 99
57 155 150
57 155 229
57 155 230
57 155 239
57 89 117
57 89 124
57 187 118
57 187 119
57 64 119
57 84 121
57 84 138
57 84 144
57 84 202
57 84 238
57 192 122
57 81 122
57 238 143
57 238 202
57 238 203
57 238 204
57 140 165
57 110 195
57 167 215
57 67 226
57 67 227
57 213 234
57 213 235
57 213 244
57 213 245
57 213 246
57 213 250
57 213 264
57 213 271
57 213 272
57 213 282
57 213 293
57 213 294
57 213 295
57 213 296
57 213 305
57 213 306
57 213 307
57 213 310
57 213 314
57 213 315
57 213 316
57 213 317
57 213 318
57 213 319
57 213 320
57 213 321
57 213 322
57 213 323
57 213 324
57 213 325
57 213 326
57 213 328
57 213 329
57 213 330
57 213 333
57 213 339
57 213 340
57 213 355
57 213 356
57 213 357
57 213 358
57 213 359
57 213 360
57 213 363
57 213 364
57 213 365
57 213 366
57 213 367
57 213 368
57 213 369
57 213 370
57 213 371
57 213 372
57 213 373
57 213 374
57 213 375
57 213 376
57 213 377
57 213 378
57 213 379
57 213 380
57 213 381
57 213 382
57 213 383
57 213 384
57 213 385
57 213 386
57 213 387
57 213 388
57 213 393
57 213 394
57 213 395
57 213 396
57 213 397
57 213 398
57 213 400
57 213 401
57 213 402
57 213 403
57 213 406
57 213 407
57 213 416
57 213 417
57 213 418
57 70 234
57 70 242
57 70 259
57 24 264
57 24 266
57 24 267
57 24 268
57 24 269
57 24 271
57 24 272
57 154 418
57 154 419
185 196 99
185 196 115
185 196 152
185 104 106
185 104 119
185 104 120
185 104 146
185 104 166
185 104 167
185 104 172
185 208 111
185 208 172
185 158 116
185 158 211
185 158 212
185 158 213
185 251 163
185 92 212
185 162 215
185 14 483
185 149 508
185 79 508
185 112 560
192 104 100
192 104 233
192 208 101
192 208 108
192 89 122
192 196 125
192 196 163
192 196 185
192 196 186
192 196 207
192 92 149
192 92 245
192 92 246
192 7 178
192 190 235
192 162 251
192 233 843
192 233 876
192 233 885
192 233 886
192 174 852
192 234 896
192 234 899
192 234 900
192 234 902
192 234 903
192 234 906
192 234 908
192 234 909
192 234 910
192 234 911
192 234 912
192 234 913
96 208 100
96 208 114
96 208 131
96 208 132
96 208 133
96 208 152
96 208 153
96 208 172
96 208 208
96 208 210
96 208 222
96 208 238
96 208 239
96 208 240
96 208 272
96 208 273
96 208 274
96 208 275
96 196 247
96 196 251
96 196 253
96 196 255
96 196 267
96 196 272
96 196 274
96 193 773
96 193 774
96 193 777
96 193 778
96 193 782
96 193 796
96 193 799
96 193 800
96 193 801
96 193 803
96 193 804
96 193 805
96 193 807
96 193 815
96 193 816
96 193 817
96 193 818
96 193 819
96 193 820
96 193 821
96 193 824
96 193 825
96 193 827
96 193 831
96 193 832
96 193 833
96 193 835
96 193 841
96 193 843
96 193 848
96 66 832
96 190 847
196 50 101
196 50 104
196 50 105
196 50 107
196 50 108
196 50 126
196 50 127
196 50 244
196 50 245
196 50 247
196 50 253
196 50 260
196 50 274
196 155 109
196 155 165
196 155 240
196 238 145
196 238 241
196 199 161
196 199 244
196 199 249
196 199 259
196 199 273
196 199 274
196 84 165
196 84 239
196 84 240
196 84 241
196 89 234
196 65 238
196 65 239
196 65 240
196 65 241
196 70 243
104 155 99
104 155 114
104 155 126
104 155 149
104 155 235
104 155 236
104 155 239
104 50 99
104 50 110
104 50 132
104 50 133
104 50 134
104 50 142
104 50 143
104 50 152
104 50 153
104 50 164
104 50 213
104 50 214
104 50 215
104 50 216
104 50 217
104 50 235
104 50 236
104 50 237
104 50 238
104 50 239
104 50 240
104 50 241
104 50 242
104 50 251
104 50 274
104 32 121
104 84 131
104 84 132
104 84 238
104 154 358
104 225 362
104 44 466
104 44 467
155 208 101
155 208 114
155 208 115
155 208 239
155 194 156
155 169 1139
155 169 1140
155 169 1141
155 169 1142
155 169 1144
155 169 1147
155 169 1148
155 169 1149
155 169 1150
155 169 1151
155 169 1153
155 169 1154
155 169 1155
155 169 1156
155 169 1179
155 169 1181
155 169 1184
155 169 1185
155 169 1187
155 169 1188
155 169 1189
155 169 1190
155 169 1191
155 169 1192
155 169 1193
155 169 1194
155 169 1195
155 169 1196
155 169 1197
155 169 1198
155 169 1199
155 169 1202
155 169 1203
155 169 1443
155 169 1445
155 169 1446
155 169 1447
155 169 1448
155 169 1450
155 169 1451
155 169 1452
155 169 1455
155 169 1458
155 169 1459
155 169 1462
155 169 1464
155 169 1466
155 169 1467
155 169 1472
155 169 1473
155 169 1474
155 169 1478
155 169 1481
155 169 1482
155 169 1484
155 169 1485
155 169 1487
155 169 1488
155 169 1490
155 169 1492
155 169 1496
155 169 1497
155 169 1498
155 169 1499
155 169 1501
155 169 1502
155 169 1508
155 169 1509
155 169 1510
155 169 1515
155 169 1522
155 169 1523
155 169 1524
155 169 1529
155 169 1530
155 169 1564
155 169 1565
155 169 1566
155 169 1567
155 169 1568
155 169 1570
155 169 1572
155 169 1573
155 169 1574
155 169 1575
155 169 1581
155 169 1583
155 169 1585
155 169 1586
155 169 1587
155 169 1588
155 169 1589
155 169 1590
155 169 1591
155 169 1592
155 220 1139
155 220 1150
155 220 1291
155 220 1404
155 220 1450
155 220 1474
155 220 1487
155 220 1490
155 220 1495
155 220 1496
155 220 1499
155 220 1501
155 220 1502
155 220 1508
155 220 1522
155 220 1523
155 220 1529
155 220 1570
155 220 1573
155 220 1586
155 220 1594
50 208 100
50 208 125
50 208 126
50 208 142
50 208 143
50 208 145
50 208 146
50 208 153
50 208 156
50 208 158
50 208 225
50 208 239
50 208 240
50 208 241
50 208 242
50 208 243
50 208 244
50 208 245
50 208 248
50 208 254
50 208 255
50 208 259
50 208 274
50 92 132
50 92 201
50 233 203
50 233 851
50 224 259
50 52 269
50 5 838
50 5 839
50 5 840
50 5 841
50 5 842
50 5 843
50 5 844
50 5 845
50 5 846
50 5 847
50 5 848
50 5 851
50 5 852
50 5 853
50 5 855
50 5 857
50 5 858
50 5 860
50 5 861
50 5 867
50 5 868
50 5 869
50 5 870
50 5 871
50 5 872
50 5 874
50 5 875
50 5 877
50 5 878
50 5 882
50 5 883
50 5 884
50 190 851
50 190 852
50 219 866
50 219 874
50 174 881
208 175 102
208 89 116
208 89 165
208 32 116
208 115 116
208 84 117
208 84 131
208 84 166
208 84 176
208 84 218
208 84 219
208 84 220
208 84 235
208 238 119
208 238 121
208 238 145
208 238 235
208 81 121
208 167 200
208 70 238
208 70 241
208 212 246
208 3 268
208 24 272
208 203 601
208 140 689
208 140 694
208 140 696
208 140 714
208 140 715
98 38 100
98 17 190
98 17 192
98 105 191
98 105 192
98 187 196
98 187 197
98 63 294
98 63 297
98 63 307
98 63 322
98 63 335
98 63 337
98 63 340
98 63 349
98 110 355
98 209 421
98 209 424
98 203 429
98 203 435
38 58 671
38 21 694
38 21 719
38 21 727
38 21 728
162 175 100
162 175 101
162 65 146
162 65 154
162 65 155
162 84 156
162 84 237
162 84 239
162 84 240
162 84 241
162 238 237
162 238 251
162 21 1141
162 21 1144
162 21 1145
162 21 1146
162 21 1147
162 21 1148
162 21 1151
162 21 1155
162 21 1156
162 21 1157
162 250 1145
162 250 1154
162 250 1155
162 250 1156
162 250 1175
162 250 1182
162 250 1186
162 250 1188
162 250 1189
162 250 1191
162 250 1197
162 250 1198
162 250 1199
162 250 1200
162 250 1201
162 250 1202
162 250 1203
162 250 1204
162 250 1205
162 250 1206
162 250 1207
162 250 1209
162 250 1210
162 250 1212
162 250 1218
162 250 1219
162 250 1220
162 250 1227
162 250 1318
162 250 1319
162 250 1440
162 94 1150
162 19 1165
162 24 1178
162 149 1209
175 95 117
175 95 173
175 95 178
175 95 179
175 95 182
175 95 192
175 95 193
175 95 198
175 95 200
175 111 411
175 16 416
175 76 427
182 87 102
182 87 109
182 87 110
182 87 120
182 87 130
182 87 131
182 87 147
182 87 149
182 87 157
182 87 158
182 87 159
182 87 165
182 87 174
182 87 176
182 87 194
182 87 201
182 87 202
182 87 203
182 111 614
182 111 644
182 111 654
182 111 657
182 111 663
182 111 664
182 111 665
182 111 668
182 245 615
182 245 616
182 245 617
182 245 620
182 245 628
182 245 629
182 245 630
182 245 632
182 245 635
182 245 638
182 245 639
182 245 643
182 245 646
182 245 649
182 245 650
182 245 651
182 245 654
182 245 655
182 245 664
182 245 665
87 237 188
87 18 476
87 18 479
87 18 491
87 18 497
87 18 498
87 18 499
87 18 502
87 18 503
87 18 506
87 18 507
87 171 490
87 126 494
87 90 510
194 84 121
191 89 107
191 89 109
191 89 110
191 89 118
191 89 121
191 89 122
191 89 147
191 89 151
191 89 153
191 89 154
191 89 169
191 89 171
191 89 172
191 89 174
191 89 175
191 89 200
191 89 205
191 89 216
191 89 218
191 89 221
191 89 224
191 89 225
191 89 226
191 89 230
191 140 107
191 140 108
191 140 109
191 140 115
191 140 121
191 140 127
191 140 145
191 140 147
191 140 148
191 140 150
191 140 154
191 140 161
191 140 168
191 140 169
191 140 176
191 140 203
191 140 206
191 140 218
191 140 219
191 140 221
191 140 223
191 140 224
191 140 225
191 140 226
191 140 227
191 140 228
191 140 229
191 140 230
191 140 231
191 140 232
191 140 236
191 140 237
191 140 238
191 24 108
191 24 172
191 24 1181
191 115 114
191 115 200
191 88 1144
191 88 1147
191 223 1145
191 223 1147
191 223 1446
191 12 1186
191 132 1186
191 231 1204
191 231 1446
191 176 1204
191 127 1441
191 236 1445
191 23 1445
89 22 114
89 158 117
89 158 139
89 158 175
89 158 180
89 158 182
89 158 201
89 158 212
89 158 215
89 158 216
89 158 220
89 124 122
89 124 154
89 124 199
89 124 237
89 124 238
89 75 238
89 75 239
140 97 107
140 97 108
140 97 112
140 97 114
140 97 120
140 97 121
140 97 122
140 97 125
140 97 126
140 97 128
140 97 129
140 97 130
140 97 131
140 97 132
140 97 133
140 97 134
140 97 135
140 97 136
140 97 137
140 97 138
140 97 139
140 97 146
140 97 147
140 97 148
140 97 149
140 97 150
140 97 160
140 97 161
140 97 163
140 97 171
140 97 172
140 97 175
140 97 191
140 97 207
140 97 217
140 97 218
140 97 219
140 97 220
140 97 221
140 97 223
140 97 224
140 97 225
140 97 226
140 97 227
140 97 228
140 97 229
140 97 230
140 97 233
140 97 234
140 97 235
140 97 236
140 158 112
140 158 139
140 158 175
140 158 220
140 158 226
140 158 230
140 158 237
140 139 118
140 139 164
140 139 212
140 124 122
140 124 123
140 124 126
140 124 129
140 124 143
140 124 154
140 124 155
140 124 207
140 22 142
140 22 175
140 22 176
140 22 212
140 138 654
140 4 694
97 187 108
97 187 113
97 187 116
97 187 119
97 187 120
97 187 156
97 187 161
97 187 201
97 187 210
97 187 211
97 187 215
97 187 223
97 187 227
97 187 228
97 187 229
97 187 235
97 115 113
97 115 156
97 115 201
97 115 202
97 115 239
97 24 116
97 24 119
97 24 146
97 24 172
97 75 197
97 20 239
97 82 239
97 203 429
187 22 109
187 22 117
187 22 174
187 158 113
187 158 114
187 158 116
187 158 117
187 158 147
187 158 173
187 158 174
187 158 178
187 158 182
187 158 198
187 158 199
187 158 212
187 158 216
187 158 217
187 158 221
187 158 223
187 158 225
187 158 226
187 158 236
187 158 237
187 158 238
187 124 121
187 124 122
187 124 131
187 124 132
187 124 136
187 124 140
187 124 155
187 124 201
187 124 204
187 124 205
187 124 206
187 124 207
187 124 236
187 139 137
187 92 336
187 132 365
187 132 366
187 188 409
124 24 108
124 24 1146
124 24 1147
124 24 1148
124 24 1151
124 24 1152
124 24 1155
124 24 1156
124 24 1157
124 24 1164
124 24 1171
124 24 1172
124 24 1177
124 24 1179
124 24 1183
124 24 1187
124 24 1188
124 24 1189
124 24 1190
124 24 1192
124 24 1193
124 24 1194
124 24 1195
124 24 1196
124 24 1197
124 24 1201
124 24 1444
124 81 111
124 81 129
124 20 238
124 20 239
124 82 239
124 82 240
124 51 1133
124 231 1133
124 201 1148
124 201 1149
124 201 1151
124 201 1152
124 201 1153
124 201 1154
124 201 1155
124 201 1156
124 201 1157
124 201 1164
124 201 1166
124 201 1167
124 201 1172
124 201 1174
124 201 1175
124 201 1176
124 201 1178
124 201 1180
124 201 1181
124 201 1183
124 201 1184
124 201 1185
124 201 1186
124 201 1187
124 201 1190
124 201 1191
124 201 1192
124 201 1193
124 201 1197
124 201 1198
124 201 1199
124 201 1200
124 201 1444
124 201 1446
124 201 1447
124 201 1454
124 201 1455
124 201 1472
124 201 1473
124 201 1476
124 201 1477
124 201 1478
124 201 1479
124 12 1148
124 12 1149
124 12 1151
124 12 1152
124 12 1153
124 12 1154
124 12 1155
124 12 1156
124 12 1157
124 12 1158
124 12 1164
124 12 1165
124 12 1166
124 12 1167
124 12 1170
124 12 1171
124 12 1175
124 12 1176
124 12 1177
124 12 1178
124 12 1181
124 12 1183
124 12 1186
124 12 1187
124 12 1188
124 12 1189
124 12 1190
124 12 1191
124 12 1192
124 12 1193
124 12 1194
124 12 1195
124 12 1196
124 12 1197
124 12 1198
124 12 1199
124 12 1200
124 12 1201
124 12 1203
124 12 1210
124 12 1211
124 12 1234
124 12 1235
124 12 1237
124 12 1238
124 12 1317
124 12 1318
124 12 1359
124 12 1361
124 12 1441
124 12 1442
124 12 1444
124 12 1448
124 12 1450
124 12 1453
124 12 1465
124 12 1476
124 127 1194
124 220 1444
124 223 1445
124 56 1446
124 180 1477
124 165 1477
124 165 1478
24 72 110
24 233 211
24 52 268
24 213 270
24 213 284
24 213 293
24 3 270
24 3 278
24 3 279
24 3 282
24 3 283
24 3 284
24 3 285
24 63 289
24 63 290
24 106 290
24 64 293
24 110 297
24 150 305
24 150 306
24 53 1147
24 94 1459
22 115 109
22 115 117
22 81 110
22 81 125
22 181 833
22 181 887
115 158 114
115 158 116
115 158 143
115 158 144
115 158 205
115 158 235
115 233 200
115 75 239
115 76 475
115 76 476
115 76 481
115 76 484
115 76 489
115 76 495
115 76 496
115 76 498
115 76 499
115 76 500
115 76 501
115 76 503
115 76 504
115 76 506
115 76 507
115 76 508
115 76 509
115 76 512
115 76 522
115 76 533
115 76 561
115 76 571
115 79 475
115 79 476
115 79 477
115 79 478
115 79 481
115 79 489
115 79 490
115 79 491
115 79 493
115 79 494
115 79 495
115 79 496
115 79 498
115 79 503
115 79 504
115 79 505
115 79 506
115 79 507
115 79 508
115 79 510
115 79 513
115 79 514
115 79 515
115 79 524
115 79 525
115 79 527
115 79 530
115 79 534
115 79 551
115 18 476
115 18 491
115 18 496
115 18 499
115 18 500
115 18 501
115 18 503
115 18 504
115 18 505
115 18 513
115 18 534
115 18 571
72 110 147
72 198 463
72 198 464
72 198 465
72 198 466
72 198 512
72 198 522
72 198 524
72 198 525
72 198 551
72 198 566
72 198 584
72 198 586
72 198 589
72 198 609
72 198 610
72 198 612
72 198 613
72 198 619
72 198 646
72 198 652
72 198 656
72 198 657
72 198 658
72 198 659
72 198 660
72 198 661
72 198 665
72 171 463
72 171 464
72 171 465
72 171 467
72 171 469
72 171 472
72 171 478
72 171 505
72 171 526
72 171 528
72 171 552
72 171 562
72 171 566
72 171 570
72 171 574
72 171 589
72 171 590
72 171 599
72 171 602
72 167 578
81 92 148
81 113 726
81 113 753
81 113 754
81 113 756
81 113 757
81 113 759
81 113 769
81 113 772
81 41 734
81 41 736
81 41 739
81 41 747
81 165 736
81 165 738
81 165 739
81 165 745
81 165 746
81 165 750
64 158 146
158 84 211
158 84 212
158 84 213
158 67 234
158 256 1216
158 236 1440
158 180 1473
158 180 1477
158 201 1477
84 73 205
84 73 208
84 73 222
84 73 225
84 73 239
84 73 240
84 73 241
84 251 230
84 251 231
84 251 232
84 251 233
84 251 241
84 78 238
84 47 349
84 56 362
84 56 373
84 56 387
84 56 388
84 92 435
84 92 500
84 16 461
84 79 474
84 79 475
84 79 476
84 79 477
84 79 483
84 79 492
84 79 493
84 79 494
84 79 495
84 79 496
84 79 497
84 79 498
84 79 499
84 79 500
84 79 501
84 79 502
84 79 503
84 79 504
84 79 507
84 79 508
84 79 509
84 79 511
84 79 512
84 79 514
84 79 516
84 79 519
84 79 525
84 79 531
84 79 532
84 79 535
84 79 536
84 79 537
84 79 539
84 79 542
84 79 549
84 79 551
84 18 476
84 18 479
84 18 480
84 18 484
84 18 485
84 18 491
84 18 493
84 18 495
84 18 496
84 18 497
84 18 498
84 18 499
84 18 500
84 18 501
84 18 504
84 18 506
84 18 507
84 18 513
84 18 528
84 18 529
84 18 530
84 18 545
84 18 546
84 18 551
84 18 571
84 18 572
84 126 494
66 224 116
66 224 118
66 224 120
66 224 121
66 224 122
66 224 123
66 224 128
66 224 129
66 224 130
66 224 145
66 224 147
66 224 148
66 224 149
66 224 150
66 224 151
66 224 153
66 224 154
66 224 203
66 224 204
66 224 205
66 224 215
66 224 216
66 224 239
66 224 240
66 224 241
66 224 242
66 224 243
66 224 244
66 224 272
66 224 277
66 224 301
66 224 340
66 224 341
66 224 342
66 224 344
66 224 347
66 224 348
66 224 351
66 224 352
66 229 340
66 16 340
66 183 801
66 183 803
66 183 807
66 183 810
66 183 812
66 183 813
66 183 821
66 183 822
66 195 806
66 102 816
66 102 817
224 70 207
224 70 208
224 70 209
224 70 210
224 70 211
224 70 212
224 70 221
224 70 223
224 70 224
224 70 225
224 70 226
224 70 227
224 70 229
224 70 230
224 70 232
224 70 233
224 70 234
224 70 235
224 70 236
224 70 237
224 70 238
224 70 240
224 70 241
224 70 242
224 70 243
224 70 244
224 70 252
224 70 254
224 70 255
224 70 259
224 70 263
224 70 264
224 70 265
224 70 266
224 70 270
224 70 272
224 70 278
224 70 279
224 70 280
224 70 282
224 70 283
224 70 286
224 70 292
224 70 293
224 70 294
95 189 1114
95 108 1120
95 19 1141
95 19 1142
95 19 1143
95 19 1146
95 19 1161
95 19 1172
95 19 1173
95 19 1174
95 19 1175
95 19 1176
95 19 1177
95 19 1178
95 19 1189
95 19 1190
95 19 1192
95 19 1193
95 19 1194
95 19 1195
95 19 1196
95 19 1197
95 19 1198
95 19 1199
95 19 1200
95 19 1201
95 19 1204
95 19 1207
95 19 1208
95 19 1209
95 19 1210
95 19 1211
95 19 1214
95 19 1215
95 19 1216
95 19 1217
95 19 1218
95 19 1219
95 19 1220
95 19 1221
95 19 1222
95 19 1224
95 19 1225
95 19 1226
95 19 1279
95 19 1356
95 19 1372
95 19 1373
95 19 1376
95 19 1378
95 19 1384
95 19 1440
95 19 1441
95 19 1443
95 19 1444
95 100 1441
139 112 1110
139 112 1111
139 236 1112
139 116 1113
139 116 1121
139 116 1122
139 116 1146
139 116 1151
139 116 1155
139 116 1157
139 116 1161
139 117 1163
139 117 1170
139 117 1171
139 117 1172
139 117 1173
139 117 1174
139 117 1175
139 117 1176
139 117 1177
139 117 1178
139 117 1179
139 117 1181
139 117 1183
139 117 1184
139 117 1200
139 117 1203
139 117 1211
139 117 1212
139 117 1213
139 117 1214
139 117 1217
139 117 1218
139 117 1224
139 117 1225
139 117 1226
139 117 1227
139 117 1230
139 117 1231
139 117 1233
139 117 1327
139 117 1439
139 117 1441
139 117 1443
139 117 1453
139 117 1481
139 117 1494
139 117 1495
139 117 1496
139 19 1443
139 180 1446
238 36 201
238 92 229
238 120 472
238 120 473
238 120 474
238 120 477
238 120 478
238 120 480
238 120 481
238 120 482
238 120 486
238 120 489
238 120 490
238 120 492
238 120 510
238 120 519
238 120 520
238 120 521
238 120 524
238 120 526
238 120 530
238 171 475
238 126 496
238 14 500
238 14 508
238 1 504
238 1 505
92 65 120
92 65 126
92 65 223
92 65 224
92 65 226
92 203 332
92 203 333
92 203 334
92 203 335
92 203 336
92 203 337
92 203 338
92 203 339
92 203 340
92 203 341
92 203 342
92 203 343
92 203 344
92 203 345
92 203 346
92 203 347
92 203 348
92 203 349
92 203 350
92 203 351
92 203 353
92 203 354
92 203 356
92 203 357
92 203 358
92 203 359
92 203 360
92 203 361
92 203 368
92 203 371
92 203 372
92 203 373
92 203 374
92 203 375
92 203 384
92 203 385
92 203 386
92 203 387
92 203 390
92 203 391
92 203 392
92 203 394
92 203 395
92 203 396
92 203 397
92 203 398
92 203 399
92 203 400
92 203 401
92 203 408
92 203 410
92 203 411
92 203 412
92 203 413
92 203 414
92 203 415
92 203 416
92 203 417
92 203 420
92 203 421
92 203 422
92 203 423
92 203 424
92 203 426
92 203 427
92 203 429
92 203 430
92 203 431
92 203 432
92 203 433
92 203 436
92 203 439
92 203 440
92 203 442
92 203 443
92 203 444
92 203 445
92 203 446
92 203 447
92 203 448
92 203 449
92 203 450
92 203 451
92 203 452
92 203 465
92 203 469
92 203 470
92 203 471
92 203 472
92 203 474
92 203 478
92 203 479
92 203 482
92 203 483
92 203 485
92 203 486
92 203 487
92 203 488
92 203 489
92 203 491
92 203 492
92 203 493
92 203 498
92 203 501
92 203 502
92 203 503
92 203 506
92 203 507
92 203 508
92 203 509
92 203 510
92 203 511
92 8 334
92 8 335
92 8 336
92 8 337
92 8 338
92 8 339
92 8 340
92 8 341
92 8 344
92 8 345
92 8 348
92 8 349
92 8 352
92 8 355
92 8 358
92 8 368
92 8 373
92 8 374
92 8 375
92 8 376
92 8 390
92 8 391
92 8 395
92 8 411
92 8 416
92 8 427
92 8 431
92 8 437
92 8 438
92 8 439
92 8 440
92 8 443
92 8 444
92 8 451
92 8 461
92 8 462
92 8 463
92 8 464
92 8 465
92 8 483
92 8 486
92 8 487
92 8 496
92 8 497
92 8 498
92 8 499
92 8 500
92 8 507
92 8 508
92 8 509
92 8 512
92 152 339
92 152 341
92 152 343
92 225 341
92 225 356
92 237 344
92 86 344
92 86 345
92 86 346
92 86 355
92 86 356
92 86 408
92 86 441
92 209 411
92 209 419
92 209 482
92 209 497
92 209 499
92 241 416
92 16 416
92 106 417
92 63 423
92 63 436
92 63 437
92 63 446
92 63 447
92 120 430
92 120 483
92 105 437
92 105 440
92 105 464
92 105 512
92 154 446
92 234 508
92 234 509
92 167 512
65 117 654
65 117 666
65 117 667
65 117 690
65 117 691
65 117 693
65 21 684
65 9 693
125 83 221
125 207 339
125 188 339
125 188 340
125 188 341
125 188 342
125 188 343
125 188 344
125 188 345
125 188 346
125 188 347
125 188 348
125 188 349
125 188 350
125 188 351
125 188 352
125 188 355
125 188 356
125 188 357
125 188 379
125 188 394
125 188 409
125 33 339
125 36 339
125 16 402
125 181 410
125 181 411
83 102 767
83 102 770
83 102 775
83 102 777
83 102 780
83 102 781
83 102 784
83 102 786
83 102 787
83 102 788
83 102 790
83 102 791
83 102 793
83 102 794
83 102 795
83 102 796
83 102 797
83 102 800
83 102 801
83 102 805
83 102 806
83 102 818
83 102 820
83 102 821
83 102 824
83 102 834
83 102 835
83 102 842
83 102 843
83 102 844
83 102 846
83 102 849
83 102 852
83 102 853
83 102 854
83 102 856
83 102 861
83 102 863
83 252 767
83 252 768
83 252 787
83 252 788
83 252 831
83 252 833
83 252 855
83 252 858
83 53 776
83 53 777
83 14 780
83 14 781
83 173 851
110 75 189
110 17 191
110 233 199
110 3 249
110 3 322
110 3 338
110 3 346
110 3 347
110 3 374
110 3 377
110 3 379
110 60 378
59 233 205
59 237 349
233 7 151
233 7 162
233 7 186
233 7 196
233 7 213
233 7 216
233 204 843
233 71 855
233 39 857
233 5 864
37 36 339
37 36 340
37 36 341
37 36 342
37 36 343
37 36 344
37 36 345
37 36 346
37 36 347
37 36 348
37 36 349
37 36 350
37 36 351
37 36 352
37 36 353
37 36 354
37 36 410
37 188 339
37 188 340
37 188 341
37 188 342
37 188 343
37 188 344
37 188 345
37 188 346
37 188 347
37 188 348
37 188 349
37 188 350
37 188 351
37 188 352
37 188 353
37 188 409
37 207 339
37 207 340
37 207 341
37 116 340
37 116 341
37 116 342
37 116 343
37 116 344
37 116 345
37 116 346
37 116 347
37 116 348
37 116 349
37 116 350
37 116 351
37 116 352
37 116 357
37 116 361
37 116 405
37 116 409
37 116 410
37 116 411
37 78 349
37 235 365
37 181 410
37 181 411
199 34 855
199 34 856
199 34 861
199 34 863
199 34 864
199 34 881
199 34 884
199 34 911
199 34 912
199 28 864
199 179 864
199 198 898
199 198 899
199 198 900
199 198 901
199 190 912
199 190 913
199 234 913
199 234 914
36 167 167
36 167 172
36 167 180
36 167 203
36 167 208
36 167 215
36 167 233
36 167 240
167 168 426
167 79 488
167 8 512
167 241 518
167 112 572
167 1 578
174 67 167
174 212 835
174 212 843
174 212 844
174 212 845
174 212 846
174 212 847
174 212 848
174 212 864
174 212 865
174 212 866
174 212 867
174 212 868
174 168 907
67 20 170
67 78 232
67 52 238
67 76 475
67 106 475
75 82 170
75 82 171
75 82 173
75 82 174
75 82 176
75 82 178
75 82 179
75 82 182
75 82 184
75 82 188
75 82 189
75 82 190
75 82 191
75 82 195
75 82 196
75 82 202
75 82 203
75 82 204
75 82 207
75 82 208
75 82 213
75 82 214
75 82 216
75 82 220
75 82 223
75 82 224
75 82 225
75 82 228
75 82 230
75 82 231
75 82 233
75 82 235
75 82 239
75 20 171
75 20 173
75 20 174
75 20 175
75 20 178
75 20 180
75 20 182
75 20 183
75 20 184
75 20 185
75 20 186
75 20 189
75 20 190
75 20 191
75 20 192
75 20 193
75 20 194
75 20 195
75 20 196
75 20 197
75 20 198
75 20 199
75 20 201
75 20 202
75 20 207
75 20 208
75 20 213
75 20 214
75 20 216
75 20 217
75 20 218
75 20 220
75 20 221
75 20 222
75 20 223
75 20 224
75 20 225
75 20 228
75 20 229
75 20 230
75 20 231
75 20 232
75 20 233
75 20 235
75 20 238
75 20 239
20 82 170
20 82 174
20 82 176
20 82 188
20 82 189
20 82 195
20 82 203
20 90 173
20 90 178
20 90 190
20 90 196
20 90 207
20 90 208
20 90 216
20 90 224
20 90 227
20 90 230
20 90 235
20 90 239
20 52 238
82 253 175
82 183 856
82 190 856
82 186 864
82 9 885
82 161 906
82 161 907
90 28 422
90 28 423
90 28 424
90 28 425
90 28 427
90 28 428
90 28 429
90 28 430
90 28 431
90 28 432
90 28 433
90 28 434
90 28 435
90 28 436
90 28 437
90 28 438
90 28 439
90 28 440
90 28 441
90 28 442
90 28 443
90 28 444
90 28 445
90 28 446
90 28 447
90 28 448
90 28 449
90 28 450
90 28 451
90 28 452
90 28 453
90 28 454
90 28 455
90 28 456
90 28 457
90 28 458
90 28 459
90 28 460
90 28 461
90 28 462
90 28 463
90 28 464
90 28 465
90 28 466
90 28 467
90 28 468
90 28 469
90 28 470
90 28 471
90 28 472
90 28 473
90 28 474
90 28 475
90 28 476
90 28 477
90 28 478
90 28 479
90 28 480
90 28 481
90 28 482
90 28 483
90 28 484
90 28 485
90 28 486
90 28 487
90 28 488
90 28 489
90 28 490
90 28 491
90 28 492
90 28 493
90 28 494
90 28 495
90 28 496
90 28 497
90 28 498
90 28 499
90 28 500
90 28 501
90 28 502
90 28 503
90 28 504
90 28 505
90 28 506
90 28 507
90 28 508
90 28 510
90 28 511
90 28 515
90 28 517
90 114 424
90 234 515
90 157 517
90 121 517
17 105 175
17 105 178
17 105 180
17 105 190
17 105 191
17 105 193
17 105 197
17 105 199
17 105 204
17 105 205
17 105 206
17 105 207
17 105 208
17 105 211
17 105 220
17 105 225
17 105 228
17 105 230
17 105 231
17 105 232
17 105 233
17 105 234
17 105 235
17 105 237
17 105 247
17 105 249
17 105 250
17 114 184
17 114 189
17 114 192
17 114 198
17 114 200
17 114 201
17 114 203
17 114 212
17 114 213
17 114 214
17 114 216
17 114 221
17 114 224
17 114 229
17 114 236
17 114 243
17 114 244
17 114 245
17 114 246
17 114 251
17 114 252
17 114 254
17 114 255
17 114 256
17 114 257
17 114 258
17 114 259
17 114 260
17 114 261
17 114 262
17 114 263
17 114 264
17 114 265
17 114 267
17 114 268
17 114 269
17 114 270
17 114 271
17 114 272
17 114 273
17 114 274
17 114 275
17 114 276
17 114 277
17 114 278
17 114 279
17 114 281
17 114 282
17 114 283
17 114 284
17 114 285
17 114 286
17 114 287
17 114 288
17 114 289
17 114 290
17 114 291
17 114 292
17 114 293
17 114 294
17 114 295
17 114 296
17 114 297
17 114 299
17 114 300
17 114 301
17 114 318
17 114 319
17 114 320
17 114 321
17 114 322
17 114 323
17 114 324
17 114 325
17 114 326
17 114 327
17 114 328
17 114 329
17 114 330
17 114 331
17 114 341
17 114 342
17 114 343
17 114 344
17 114 345
17 114 346
17 114 347
17 114 348
17 114 349
17 114 353
17 114 354
17 114 372
17 114 379
17 114 380
17 114 382
17 114 383
17 114 384
17 114 403
17 114 409
17 114 410
17 114 411
17 114 412
17 114 414
17 114 417
17 114 418
17 114 428
17 114 432
17 114 435
17 114 436
17 114 437
17 114 439
17 114 440
17 114 442
17 114 443
17 114 444
17 114 445
17 114 448
17 114 449
17 114 451
17 114 452
17 114 454
17 114 455
17 114 457
17 114 458
17 114 459
17 114 462
17 114 463
17 33 311
17 33 312
17 0 327
17 152 384
17 76 441
17 141 442
17 157 444
17 234 445
105 160 374
105 160 375
105 160 376
105 160 377
105 160 378
105 160 379
105 160 380
105 160 381
105 160 382
105 160 383
105 160 384
105 160 385
105 160 386
105 160 387
105 160 388
105 160 389
105 160 390
105 160 391
105 160 394
105 160 401
105 160 411
105 160 414
105 160 419
105 160 420
105 160 422
105 160 423
105 160 424
105 160 426
105 160 427
105 160 433
105 160 434
105 160 436
105 160 438
105 160 456
105 160 457
105 160 458
105 160 460
105 160 464
105 160 465
105 160 475
105 160 477
105 160 479
105 160 480
105 160 481
105 160 482
105 160 483
105 160 484
105 160 489
105 160 491
105 160 492
105 160 493
105 160 503
105 160 504
105 160 505
105 160 506
105 160 511
105 160 512
105 160 515
105 160 523
105 160 524
105 160 526
105 160 527
105 160 531
105 160 534
105 160 535
105 160 546
105 160 553
105 160 567
105 160 570
105 160 571
105 160 574
105 160 575
105 160 578
105 160 579
105 160 580
105 152 383
105 152 386
105 152 387
105 111 406
105 241 412
105 168 426
105 154 434
105 76 441
105 76 442
105 79 488
105 189 567
114 235 355
114 146 435
114 173 814
114 173 815
114 173 816
114 173 832
114 173 834
114 173 835
114 173 837
114 173 838
114 173 839
114 173 840
114 173 841
114 173 843
114 173 845
114 173 847
114 173 848
114 173 849
114 173 850
114 173 852
114 173 903
114 173 924
114 93 826
114 39 899
29 181 327
29 181 328
29 181 329
29 181 333
29 181 334
29 181 335
29 181 382
29 181 383
29 181 388
29 181 395
29 181 398
29 181 405
29 181 408
29 71 381
237 229 337
237 16 340
237 169 1117
237 169 1131
237 169 1133
237 169 1134
237 169 1135
237 169 1137
237 169 1311
237 169 1448
237 169 1449
237 169 1450
237 169 1451
237 169 1452
237 169 1453
237 169 1455
237 169 1456
237 169 1457
237 169 1459
237 169 1460
237 169 1461
237 169 1462
237 169 1463
237 169 1464
237 169 1465
237 169 1466
237 169 1467
237 169 1468
237 169 1469
237 169 1470
237 169 1471
237 169 1472
237 169 1473
237 169 1474
237 169 1475
237 169 1476
237 169 1477
237 169 1478
237 21 1132
237 235 1225
195 88 802
195 88 806
195 88 826
195 88 828
195 88 829
195 88 830
151 69 1486
151 69 1487
221 229 325
221 30 326
221 181 327
221 181 328
221 181 329
221 213 333
221 213 338
221 213 339
221 213 340
221 213 345
221 213 348
221 213 350
221 213 351
221 213 352
221 213 353
221 213 355
221 213 373
221 213 380
221 213 381
221 213 382
221 213 383
221 213 390
221 213 391
221 213 396
221 213 401
221 213 402
221 71 335
221 71 338
221 71 339
221 71 340
221 71 344
221 71 345
221 71 347
221 71 348
221 71 350
221 71 352
221 71 353
221 71 355
221 71 356
221 71 357
221 71 358
221 71 364
221 71 367
221 71 369
221 71 376
221 71 379
221 71 382
221 71 383
221 71 384
221 71 389
221 71 390
221 71 391
221 71 392
221 71 393
221 71 394
221 71 396
221 71 397
221 71 398
221 0 336
221 78 355
221 99 363
221 116 383
221 16 395
221 146 397
73 48 722
73 48 723
73 48 725
73 48 726
73 48 737
73 48 740
73 48 741
73 48 748
73 48 749
73 48 751
73 48 753
73 48 754
73 48 757
73 48 765
73 48 772
73 48 775
73 48 784
73 48 786
73 48 796
73 48 797
73 48 798
73 172 724
73 172 725
73 172 727
73 172 740
73 172 741
73 172 742
73 172 744
73 172 749
73 172 751
73 172 752
73 172 753
73 172 754
73 172 757
73 172 759
73 172 760
73 172 761
73 172 762
73 172 764
73 172 766
73 172 767
73 172 768
73 172 769
73 172 779
73 172 782
73 172 787
73 172 788
73 172 792
73 172 796
73 172 797
73 172 798
73 172 799
73 53 754
73 53 755
73 53 772
70 183 787
212 242 829
212 242 830
212 242 831
212 242 833
212 242 834
212 242 835
212 242 836
212 242 837
212 242 838
212 242 839
212 242 840
212 242 841
212 242 842
212 242 843
212 242 844
212 242 845
212 242 862
212 242 867
212 242 869
212 242 871
212 242 873
212 242 874
212 242 880
212 242 881
212 242 882
212 242 883
212 242 884
212 242 888
212 242 893
212 242 894
212 242 897
212 242 899
212 242 900
212 242 901
212 211 832
212 211 835
212 211 840
212 211 841
212 211 842
212 211 843
212 211 845
212 211 847
212 211 848
212 211 866
212 211 900
212 211 901
212 5 837
212 5 838
212 5 839
212 5 840
212 5 842
212 5 843
212 74 883
212 190 886
212 161 896
78 3 259
78 244 337
78 203 345
78 203 358
78 203 360
78 203 361
78 203 365
78 203 366
78 203 367
78 203 408
78 203 409
78 41 349
78 225 352
78 248 367
78 154 411
78 120 411
78 241 421
78 178 451
213 146 418
52 0 234
52 0 235
52 0 236
52 0 237
52 0 239
52 0 240
52 0 242
52 0 243
52 0 244
52 0 245
52 0 246
52 0 247
52 0 248
52 0 251
52 0 252
52 0 253
52 0 254
52 0 255
52 0 257
52 0 258
52 0 262
52 0 263
52 0 264
52 0 265
52 0 267
52 0 268
52 0 269
52 0 270
52 0 277
52 0 278
52 0 279
52 0 284
52 0 291
52 0 293
52 0 294
52 0 295
52 0 297
52 0 299
52 0 300
52 0 302
52 0 303
52 0 304
52 0 305
52 0 307
52 0 308
52 0 311
52 0 313
52 0 330
52 0 332
52 0 333
52 0 334
52 0 335
52 0 336
52 0 337
52 71 335
52 71 337
52 204 842
52 204 843
52 204 845
52 204 847
52 204 849
52 204 867
52 204 875
52 204 885
52 204 886
0 63 333
0 181 335
0 33 336
0 33 337
190 246 847
190 246 849
190 246 850
190 246 851
190 246 856
190 246 869
190 246 870
190 246 871
190 246 872
190 246 873
190 246 874
190 246 875
190 246 877
190 246 879
190 246 881
190 246 887
190 188 856
190 39 857
190 5 868
190 123 873
190 181 888
190 181 889
190 247 897
190 247 901
3 102 283
3 102 284
3 102 285
3 102 295
3 102 296
3 102 321
3 102 329
3 102 375
3 248 312
3 178 373
180 55 1447
31 5 836
31 5 842
31 5 845
31 5 846
31 5 854
31 5 858
31 5 861
31 5 877
31 5 878
31 5 882
31 5 883
218 106 322
218 4 726
218 4 727
218 4 728
106 56 271
106 56 272
106 56 273
106 56 274
106 56 275
106 56 285
106 56 290
106 56 295
106 56 296
106 56 308
106 56 309
106 56 310
106 56 311
106 56 312
106 56 319
106 56 347
106 56 348
106 56 350
106 56 351
106 56 356
106 56 358
106 56 361
106 56 379
106 56 382
106 56 418
106 56 419
106 56 420
106 56 421
106 56 423
106 56 424
106 56 425
106 56 426
106 56 427
106 56 428
106 56 429
106 56 431
106 56 432
106 56 433
106 56 435
106 56 449
106 56 466
106 56 468
106 56 470
106 56 477
106 56 478
106 56 479
106 56 480
106 56 481
106 56 482
106 56 483
106 56 484
106 56 485
106 56 490
106 56 491
106 56 495
106 56 496
106 47 271
106 47 272
106 47 273
106 47 274
106 47 275
106 47 283
106 47 284
106 47 290
106 16 331
106 16 332
106 76 381
106 76 389
106 76 401
106 76 416
106 76 417
106 76 418
106 76 420
106 76 421
106 76 435
106 168 425
106 46 476
106 171 477
106 18 484
106 18 485
106 241 495
106 241 496
106 241 497
106 234 508
106 157 508
56 107 322
56 154 330
56 209 428
56 209 431
56 203 440
56 46 471
56 234 471
56 157 471
56 157 472
56 135 1281
56 135 1282
56 169 1445
56 12 1446
56 69 1473
47 63 276
47 63 286
47 63 287
47 26 491
47 171 491
47 1 507
47 1 644
47 241 525
47 241 526
63 229 304
63 229 327
63 229 329
63 229 330
63 229 333
63 26 327
63 26 329
63 26 330
63 26 331
63 227 334
63 235 335
63 116 370
63 76 372
63 76 375
63 76 392
63 76 395
63 76 396
63 76 397
63 76 398
63 76 399
63 76 400
63 76 406
63 76 407
63 76 408
63 76 409
63 76 410
63 76 412
63 76 413
63 76 416
63 76 421
63 76 484
63 76 485
63 68 477
63 68 496
63 178 493
63 241 496
63 102 844
102 186 767
102 113 772
102 176 816
102 88 819
157 209 410
157 171 455
157 68 463
157 111 476
157 111 487
157 241 512
157 241 513
157 112 516
242 26 295
242 26 296
242 26 304
242 26 305
242 26 315
242 26 318
242 26 319
242 26 322
242 26 329
242 26 330
242 26 332
242 26 338
242 26 341
242 26 351
242 26 352
242 26 353
242 26 354
242 26 355
242 26 361
242 26 362
242 26 363
242 26 364
242 26 367
242 26 390
242 26 391
242 26 392
242 26 393
242 26 394
242 26 395
242 26 396
242 26 397
242 26 400
242 26 402
242 26 410
242 26 412
242 26 415
242 26 417
242 26 418
242 26 419
242 26 420
242 26 422
242 26 424
242 26 425
242 26 428
242 26 429
242 26 432
242 26 435
242 26 444
242 26 454
242 26 455
242 26 456
242 26 469
242 26 478
242 26 479
242 26 480
242 26 490
242 26 491
242 26 493
242 16 296
242 16 306
242 16 307
242 16 308
242 16 309
242 16 310
242 16 312
242 16 313
242 16 314
242 16 315
242 16 316
242 16 317
242 16 318
242 16 319
242 16 323
242 16 324
242 16 325
242 16 329
242 16 333
242 16 337
242 16 338
242 16 339
242 16 341
242 16 350
242 16 351
242 16 352
242 16 353
242 16 356
242 16 357
242 16 358
242 16 359
242 16 361
242 16 362
242 16 368
242 16 376
242 16 385
242 16 386
242 16 388
242 16 389
242 16 390
242 16 404
242 16 405
242 16 406
242 16 407
242 16 409
242 16 410
242 16 411
242 16 412
242 16 413
242 16 415
242 16 417
242 16 436
242 16 437
242 16 439
242 16 442
242 16 444
242 16 456
242 16 462
242 16 480
242 16 481
242 16 482
242 16 483
242 16 485
242 16 487
242 16 492
242 16 493
242 16 495
242 171 298
242 171 301
242 171 304
242 171 309
242 171 313
242 171 315
242 171 320
242 171 342
242 171 364
242 171 422
242 171 429
242 171 434
242 171 440
242 171 441
242 171 443
242 171 484
242 171 492
242 171 493
242 171 495
242 146 337
242 146 495
242 231 394
242 68 444
242 68 446
242 68 469
242 141 458
242 126 461
242 126 462
242 39 844
242 181 844
242 222 845
26 113 296
26 113 303
26 113 311
26 113 317
26 113 319
26 113 320
26 113 322
26 113 323
26 113 342
26 113 345
26 113 353
26 113 356
26 113 357
26 113 361
26 113 366
26 113 367
26 113 434
26 113 435
26 113 478
26 113 484
26 113 493
26 178 296
26 178 297
26 178 301
26 178 302
26 178 305
26 178 307
26 178 310
26 178 321
26 178 357
26 178 364
26 178 386
26 178 426
26 178 429
26 178 435
26 178 443
26 178 444
26 178 447
26 178 478
26 178 493
26 16 296
26 16 302
26 16 308
26 16 309
26 16 310
26 16 317
26 16 318
26 16 319
26 16 320
26 16 322
26 16 323
26 16 324
26 16 328
26 16 332
26 16 335
26 16 336
26 16 337
26 16 338
26 16 339
26 16 350
26 16 351
26 16 352
26 16 353
26 16 357
26 16 362
26 16 363
26 16 364
26 16 372
26 16 374
26 16 376
26 16 381
26 16 386
26 16 390
26 16 391
26 16 392
26 16 393
26 16 394
26 16 395
26 16 398
26 16 403
26 16 407
26 16 409
26 16 410
26 16 411
26 16 415
26 16 421
26 16 426
26 16 427
26 16 434
26 16 435
26 16 436
26 16 437
26 16 438
26 16 440
26 16 441
26 16 443
26 16 444
26 16 445
26 16 446
26 16 450
26 16 451
26 16 452
26 16 453
26 16 454
26 16 455
26 16 456
26 16 461
26 16 462
26 16 463
26 16 464
26 16 465
26 16 467
26 16 468
26 16 482
26 16 483
26 16 485
26 16 486
26 16 493
26 154 356
26 241 416
26 46 438
26 134 446
26 134 449
26 134 450
26 134 451
26 134 452
26 134 453
26 134 458
26 134 459
26 179 840
26 179 848
26 179 849
26 179 852
26 179 853
26 179 854
26 179 857
26 179 878
26 179 879
26 179 880
26 179 882
26 179 889
26 179 890
26 179 891
26 179 892
26 186 859
26 9 890
26 219 890
26 219 891
113 171 296
113 171 299
113 171 300
113 171 301
113 171 303
113 171 304
113 171 305
113 171 306
113 171 309
113 171 310
113 171 311
113 171 313
113 171 315
113 171 320
113 171 321
113 171 322
113 171 323
113 171 328
113 171 338
113 171 339
113 171 340
113 171 345
113 171 346
113 171 347
113 171 348
113 171 349
113 171 350
113 171 351
113 171 353
113 171 358
113 171 359
113 171 360
113 171 361
113 171 366
113 171 368
113 171 369
113 171 372
113 171 374
113 171 375
113 171 380
113 171 383
113 171 384
113 171 390
113 171 394
113 171 395
113 171 402
113 171 403
113 171 409
113 171 421
113 171 422
113 171 428
113 171 433
113 171 434
113 171 435
113 171 436
113 171 438
113 171 440
113 171 441
113 171 442
113 171 444
113 171 445
113 171 454
113 171 455
113 171 456
113 171 459
113 171 461
113 171 462
113 171 463
113 171 465
113 171 468
113 171 469
113 171 470
113 171 471
113 171 477
113 171 478
113 171 484
113 171 492
113 171 493
113 171 495
113 16 297
113 16 305
113 16 306
113 16 307
113 16 309
113 16 312
113 16 314
113 16 315
113 16 318
113 16 320
113 16 321
113 16 322
113 16 323
113 16 342
113 16 345
113 16 353
113 16 355
113 16 356
113 16 357
113 16 358
113 16 361
113 16 368
113 16 429
113 16 430
113 16 431
113 16 432
113 16 433
113 16 434
113 16 435
113 16 436
113 16 442
113 16 445
113 16 446
113 16 473
113 16 484
113 16 486
113 16 487
113 16 488
113 16 492
113 16 493
113 16 495
113 229 300
113 229 301
113 229 307
113 229 314
113 229 316
113 229 317
113 229 321
113 229 322
113 229 323
113 229 342
113 229 360
113 229 366
113 229 367
113 229 421
113 229 436
113 229 437
113 229 442
113 229 443
113 229 444
113 229 478
113 229 480
113 229 486
113 229 487
113 229 492
113 229 493
113 229 495
113 222 455
113 222 456
113 149 456
113 146 495
113 172 717
113 172 718
113 172 720
113 172 724
113 172 727
113 172 728
113 172 741
113 172 751
113 172 752
113 172 753
113 172 754
113 172 755
113 172 756
113 172 757
113 172 759
113 172 763
113 172 769
113 172 771
113 172 772
113 172 773
113 172 779
113 172 781
113 172 782
113 160 718
113 48 719
113 48 726
113 48 728
113 48 748
113 48 751
113 48 752
113 48 753
113 48 754
113 48 763
113 48 769
113 48 771
113 48 774
113 48 778
113 48 784
113 207 721
113 207 728
113 53 753
113 53 757
113 53 758
113 53 759
113 53 769
113 53 771
113 211 767
113 211 768
171 244 327
171 154 355
171 154 358
171 154 382
171 154 384
171 152 391
171 152 392
171 152 393
171 1 462
171 1 463
171 1 466
171 1 468
171 1 469
171 1 470
171 1 471
171 1 472
171 1 473
171 1 475
171 1 477
171 1 478
171 1 479
171 1 480
171 1 482
171 1 483
171 1 484
171 1 486
171 1 488
171 1 490
171 1 503
171 1 505
171 1 507
171 1 508
171 1 560
171 1 561
171 1 562
171 1 563
171 1 565
171 1 570
171 1 574
171 1 575
171 1 580
171 1 584
171 1 585
171 1 586
171 1 587
171 1 589
171 1 591
171 1 594
171 1 595
171 1 597
171 1 598
171 1 602
171 1 603
171 1 604
171 1 608
171 1 612
171 1 614
171 1 629
171 1 632
171 1 659
171 1 664
171 44 464
171 16 492
171 16 493
171 189 505
171 189 526
171 241 511
171 241 534
171 241 535
171 241 547
171 241 554
16 178 296
16 178 301
16 178 303
16 178 305
16 178 307
16 178 308
16 178 309
16 178 310
16 178 311
16 178 312
16 178 313
16 178 314
16 178 315
16 178 316
16 178 317
16 178 318
16 178 320
16 178 321
16 178 331
16 178 332
16 178 333
16 178 355
16 178 357
16 178 358
16 178 360
16 178 361
16 178 364
16 178 365
16 178 368
16 178 386
16 178 421
16 178 432
16 178 433
16 178 434
16 178 435
16 178 436
16 178 442
16 178 443
16 178 444
16 178 445
16 178 449
16 178 450
16 178 451
16 178 452
16 178 453
16 178 472
16 178 475
16 178 480
16 178 491
16 178 495
16 107 328
16 86 339
16 154 355
16 188 386
16 79 391
16 79 395
16 152 412
16 152 413
16 152 414
16 46 438
16 46 475
16 229 440
16 138 444
16 134 446
16 134 449
16 134 450
16 134 451
16 134 452
16 134 453
16 134 455
16 134 461
16 134 462
16 134 463
16 134 464
16 134 466
16 76 449
16 76 451
16 76 464
16 76 469
16 141 454
16 141 456
16 234 461
16 234 463
16 44 463
16 68 491
16 146 495
178 152 383
178 152 384
178 126 444
178 126 445
178 126 446
178 126 449
178 126 450
178 126 451
178 126 453
178 68 451
178 141 453
178 76 464
178 53 483
178 53 484
178 254 493
178 209 507
178 58 555
178 58 570
178 58 574
178 203 574
178 203 578
178 203 579
229 225 385
229 76 441
229 44 459
229 44 463
229 234 461
229 222 480
150 235 1090
248 188 364
248 116 364
248 132 367
154 231 315
154 231 316
154 231 317
154 231 319
154 231 321
154 231 322
154 231 329
154 231 330
154 231 396
154 231 397
154 231 400
154 231 408
154 231 409
154 231 413
154 231 417
154 231 418
154 71 397
154 141 433
154 68 433
154 126 433
154 126 497
154 160 478
154 219 741
231 53 1131
231 53 1132
231 169 1139
231 169 1141
231 169 1142
231 169 1144
231 169 1153
231 169 1155
231 169 1156
231 169 1157
231 169 1164
231 169 1165
231 169 1170
231 169 1171
231 169 1172
231 169 1179
231 169 1180
231 169 1181
231 169 1184
231 169 1185
231 169 1186
231 169 1187
231 169 1188
231 169 1189
231 169 1191
231 169 1192
231 169 1193
231 169 1195
231 169 1196
231 169 1197
231 169 1198
231 169 1199
231 169 1200
231 169 1201
231 169 1202
231 169 1203
231 169 1209
231 169 1319
231 169 1392
231 169 1403
231 169 1406
231 169 1428
231 169 1435
231 169 1463
231 169 1464
231 169 1466
231 169 1467
231 169 1468
231 169 1470
231 169 1472
231 169 1477
231 169 1478
231 169 1479
231 169 1481
231 169 1486
231 169 1489
231 169 1490
231 169 1492
231 169 1493
231 169 1497
231 169 1498
231 169 1499
231 169 1506
231 169 1507
231 169 1521
231 169 1525
231 169 1528
231 169 1533
231 169 1571
231 169 1572
231 169 1581
231 169 1584
231 169 1587
231 169 1591
231 169 1592
231 23 1143
231 147 1148
231 147 1149
231 147 1151
231 147 1152
231 147 1153
231 147 1156
231 147 1157
231 147 1181
231 147 1182
231 147 1183
231 147 1184
231 147 1185
231 147 1186
231 147 1187
231 147 1188
231 147 1189
231 147 1190
231 147 1191
231 147 1192
231 147 1193
231 147 1194
231 147 1199
231 147 1201
231 147 1202
231 147 1203
231 147 1205
231 147 1211
231 147 1212
231 147 1237
231 147 1238
231 147 1240
231 147 1292
231 147 1293
231 147 1294
231 147 1295
231 147 1316
231 147 1390
231 147 1439
231 147 1463
231 147 1465
231 147 1475
231 147 1476
231 147 1486
231 147 1489
231 147 1492
231 147 1493
231 147 1497
231 147 1498
231 147 1500
231 147 1524
231 147 1525
231 147 1526
231 147 1532
231 147 1533
231 147 1534
231 147 1537
231 147 1572
231 147 1576
231 147 1581
231 147 1587
231 147 1592
231 147 1593
231 12 1183
231 12 1187
231 12 1443
231 94 1441
231 44 1444
231 223 1446
231 19 1451
107 235 351
107 236 1112
107 147 1114
107 147 1126
107 147 1127
107 147 1150
30 51 526
30 51 530
30 51 545
30 51 583
30 189 542
30 189 572
30 189 582
30 189 583
181 203 345
181 203 347
181 225 355
181 225 356
181 79 400
181 120 407
181 41 410
181 161 903
181 161 908
181 74 908
244 146 334
244 146 364
244 146 367
244 146 380
244 146 398
244 146 401
244 146 402
244 146 407
244 235 350
203 8 334
203 8 337
203 8 338
203 8 342
203 8 351
203 8 354
203 8 368
203 8 379
203 8 417
203 8 437
203 8 442
203 8 444
203 8 448
203 8 449
203 8 480
203 8 483
203 8 486
203 8 492
203 8 493
203 8 495
203 8 501
203 8 502
203 8 503
203 8 508
203 8 510
203 8 523
203 8 524
203 8 525
203 8 526
203 8 527
203 8 528
203 8 529
203 8 578
203 8 582
203 8 623
203 71 354
203 188 362
203 111 410
203 111 430
203 111 431
203 111 432
203 111 504
203 225 478
203 146 479
203 112 517
203 201 517
203 214 536
203 51 555
203 51 570
203 51 574
203 198 619
203 198 620
203 39 845
203 207 891
203 207 892
203 207 894
8 99 492
8 99 493
8 120 529
227 223 1078
227 223 1079
227 25 1084
227 25 1086
227 25 1087
227 25 1088
227 25 1092
227 25 1096
227 25 1097
227 25 1098
227 25 1099
227 25 1121
227 25 1129
227 25 1206
227 25 1439
227 25 1444
227 142 1090
227 93 1102
227 19 1439
146 41 419
146 134 432
146 46 455
146 236 592
146 236 594
146 236 601
146 236 605
146 236 606
146 236 607
146 236 608
146 236 609
146 236 631
146 236 644
146 236 687
146 236 704
146 236 706
146 236 707
146 127 592
146 127 594
146 127 595
146 127 614
146 127 625
146 127 628
146 127 644
146 127 666
146 127 667
146 127 670
146 127 707
146 127 727
146 127 728
146 112 610
71 225 338
71 225 339
71 225 340
71 225 344
71 225 345
71 225 346
71 225 347
71 225 348
71 225 351
71 225 352
71 225 353
71 225 357
71 225 358
71 225 362
71 225 363
71 225 364
71 225 366
71 225 367
71 225 392
71 225 397
71 225 402
71 86 352
71 86 353
71 152 355
71 183 846
71 183 847
71 193 846
71 88 846
235 79 362
235 55 1106
235 55 1107
235 55 1108
235 55 1110
235 55 1111
235 55 1116
235 55 1119
235 55 1120
235 55 1121
235 55 1126
235 55 1129
235 55 1130
235 55 1136
235 55 1149
235 55 1150
235 55 1151
235 55 1152
235 55 1153
235 55 1154
235 55 1155
235 55 1156
235 55 1157
235 55 1158
235 55 1159
235 55 1160
235 55 1161
235 55 1162
235 55 1163
235 55 1164
235 55 1167
235 55 1168
235 55 1175
235 55 1176
235 55 1177
235 55 1178
235 55 1179
235 55 1180
235 55 1182
235 55 1183
235 55 1184
235 55 1187
235 55 1188
235 55 1189
235 55 1190
235 55 1191
235 55 1192
235 55 1194
235 55 1195
235 55 1196
235 55 1197
235 55 1198
235 55 1199
235 55 1200
235 55 1201
235 55 1202
235 55 1203
235 55 1204
235 55 1209
235 55 1211
235 55 1213
235 55 1215
235 55 1216
235 55 1219
235 55 1222
235 55 1223
235 55 1227
235 55 1228
235 55 1440
235 55 1445
235 55 1452
235 55 1455
235 55 1524
235 55 1525
235 55 1526
235 55 1529
235 55 1533
235 55 1536
235 86 1129
116 41 340
116 41 341
116 41 342
116 41 343
116 41 344
116 41 345
116 41 346
116 41 347
116 41 348
116 41 349
116 41 350
116 41 351
116 41 352
116 41 365
116 41 395
116 41 396
116 41 399
116 41 410
116 79 385
116 225 394
116 209 408
116 48 1126
116 23 1129
225 188 389
225 53 510
207 41 339
207 41 340
207 41 341
207 41 729
207 127 692
207 4 725
207 134 748
207 34 899
207 34 900
188 41 339
188 41 340
188 41 341
188 41 342
188 41 343
188 41 344
188 41 345
188 41 346
188 41 347
188 41 348
188 41 349
188 41 350
188 41 351
188 41 352
188 41 353
188 41 355
188 41 363
188 41 365
188 41 391
188 41 406
188 79 393
188 241 694
188 241 695
188 62 701
188 62 731
188 62 736
188 62 742
188 88 847
41 168 436
41 172 735
41 172 736
41 172 737
41 172 738
41 172 739
41 172 743
41 172 744
41 172 745
41 172 747
41 172 761
41 172 762
152 126 439
152 126 440
152 123 446
86 127 1114
86 127 1153
86 6 1121
86 6 1123
86 6 1125
86 6 1129
86 6 1131
86 6 1136
86 6 1143
86 6 1165
86 6 1174
86 6 1178
86 6 1215
86 6 1452
79 28 510
138 135 591
138 135 593
138 135 596
138 135 600
138 135 617
138 135 619
138 135 621
138 135 630
138 135 663
138 135 664
138 135 665
138 135 668
138 135 669
138 135 671
138 135 672
138 135 673
138 135 674
138 135 675
138 135 676
138 135 677
138 135 678
138 135 679
138 135 680
138 135 681
138 135 682
138 135 683
138 135 684
138 135 685
138 135 686
138 135 687
138 135 688
138 135 695
138 135 708
138 135 712
138 135 729
138 135 731
138 135 733
138 135 736
138 135 807
138 135 809
138 135 810
138 135 811
138 135 820
138 249 593
138 249 596
138 249 600
138 249 642
138 249 643
138 249 691
138 249 705
138 249 731
138 249 796
138 249 818
138 48 786
138 173 818
210 112 515
210 112 516
210 112 517
210 112 518
210 112 522
210 112 524
210 112 525
210 112 527
210 112 528
210 112 532
210 112 533
210 112 536
210 112 538
210 112 555
210 112 556
210 112 557
210 112 558
210 112 560
210 112 564
210 112 570
210 112 571
210 112 573
210 112 576
210 112 577
210 112 581
210 112 582
210 112 583
210 112 584
210 112 586
210 112 589
210 112 597
210 112 610
210 112 612
210 112 614
210 149 516
210 149 517
210 1 556
210 214 556
132 12 1236
132 12 1360
76 141 417
76 141 418
76 141 419
76 141 420
76 141 421
76 141 423
76 141 424
76 141 425
76 141 426
76 141 428
76 141 429
76 141 430
76 141 431
76 141 432
76 141 433
76 141 434
76 141 436
76 141 438
76 141 449
76 141 450
76 141 451
76 141 452
76 141 459
76 141 494
76 141 495
76 141 497
76 126 417
76 126 418
76 126 419
76 126 421
76 126 422
76 126 423
76 126 424
76 126 425
76 126 426
76 126 427
76 126 439
76 126 442
76 126 461
76 126 488
76 126 491
76 126 494
76 126 495
76 126 497
76 241 428
160 53 490
160 14 602
160 14 698
160 4 724
160 4 725
160 4 726
160 4 727
60 223 1137
209 111 400
209 111 401
209 111 402
209 111 403
209 111 405
209 111 406
209 111 407
209 111 409
209 111 411
209 111 412
209 111 413
209 111 414
209 111 415
209 111 416
209 111 417
209 111 418
209 111 422
209 111 455
209 111 475
209 111 476
209 111 477
209 111 478
209 111 480
209 111 481
209 111 482
209 111 483
209 111 484
209 111 485
209 111 488
209 111 490
209 111 491
209 111 492
209 111 493
209 111 496
209 111 497
209 111 498
209 111 499
209 111 501
209 111 502
209 111 503
209 111 504
209 111 505
209 111 506
209 111 507
209 111 508
209 168 411
209 149 476
209 149 490
209 149 495
209 68 490
209 222 495
209 161 742
209 161 743
209 161 744
209 161 747
209 141 743
209 141 744
209 141 745
209 141 747
209 141 750
209 141 758
209 141 760
209 141 761
209 141 762
120 34 472
120 18 507
120 53 519
168 74 849
168 74 850
168 74 851
168 74 853
168 74 863
168 74 864
168 74 870
168 74 871
168 74 872
168 74 873
168 74 890
168 74 904
168 74 908
241 211 486
241 211 487
241 211 488
241 211 489
241 211 490
241 211 491
241 211 492
241 211 496
241 211 497
241 211 498
241 211 499
241 211 505
241 211 506
241 211 525
241 211 526
241 211 534
241 211 539
241 211 540
241 211 558
241 211 562
241 211 563
241 211 564
241 211 565
241 211 566
241 211 568
241 211 572
241 211 582
241 211 586
241 211 587
241 211 588
241 211 589
241 211 590
241 211 595
241 211 596
241 211 599
241 211 602
241 211 614
241 211 615
241 211 616
241 211 617
241 211 618
241 211 630
241 211 631
241 211 632
241 211 633
241 211 637
241 211 642
241 211 643
241 211 646
241 211 647
241 211 649
241 211 650
241 211 651
241 211 652
241 211 653
241 211 654
241 211 655
241 211 656
241 211 657
241 211 659
241 211 660
241 211 661
241 211 676
241 211 678
241 211 679
241 211 688
241 211 689
241 211 691
241 211 692
241 211 693
241 211 694
241 211 695
241 211 697
241 211 698
241 211 699
241 211 700
241 211 705
241 211 710
241 211 714
241 211 715
241 211 716
241 211 717
241 211 718
241 211 719
241 211 720
241 211 721
241 211 724
241 211 725
241 211 728
241 211 738
241 211 748
241 211 749
241 211 750
241 211 751
241 211 752
241 211 753
241 211 754
241 211 755
241 211 756
241 211 757
241 211 759
241 211 763
241 211 764
241 211 765
241 211 766
241 211 767
241 211 768
241 211 769
241 80 512
241 80 513
241 80 524
241 80 532
241 1 635
241 172 727
134 141 416
134 141 417
134 141 418
134 141 419
134 141 420
134 141 421
134 141 422
134 141 423
134 141 424
134 141 425
134 141 426
134 141 427
134 141 428
134 141 429
134 141 430
134 141 431
134 141 432
134 141 433
134 141 434
134 141 435
134 141 436
134 141 437
134 141 439
134 141 441
134 141 442
134 141 443
134 141 446
134 141 455
134 141 456
134 141 457
134 141 466
134 141 468
134 141 490
134 141 494
134 141 495
134 141 496
134 141 497
134 219 748
134 219 749
134 219 751
134 219 752
134 219 753
134 219 754
134 219 755
134 219 756
134 219 757
134 219 759
134 219 763
134 219 764
134 219 765
134 219 766
134 219 767
134 219 768
134 219 771
134 219 774
134 219 775
134 219 778
134 219 783
134 219 784
134 219 785
134 219 786
134 219 788
134 219 789
141 234 463
141 234 464
141 18 494
126 28 423
126 234 462
126 234 463
126 234 464
126 44 463
126 58 677
28 149 517
68 1 508
46 14 694
46 14 696
46 14 697
46 14 701
46 14 702
46 14 704
46 14 735
46 14 736
46 14 738
46 14 739
46 14 740
46 14 742
46 14 758
46 14 760
46 14 761
46 14 762
46 48 757
46 48 768
46 48 771
234 149 437
234 149 438
234 149 439
234 149 440
234 149 441
234 149 442
234 149 443
234 149 444
234 149 445
234 149 446
234 149 447
234 149 448
234 149 449
234 149 450
234 149 451
234 149 452
234 149 453
234 149 454
234 149 456
234 149 458
234 149 459
234 149 460
234 149 462
234 149 463
234 149 464
234 149 465
234 149 466
234 149 467
234 149 468
234 149 470
234 149 471
234 149 472
234 149 473
234 149 474
234 149 475
234 149 476
234 149 484
234 149 486
234 149 487
234 149 488
234 149 489
234 149 491
234 149 492
234 149 493
234 149 494
234 149 495
234 149 496
234 149 498
234 149 499
234 149 500
234 149 501
234 149 502
234 149 504
234 149 505
234 149 506
234 149 507
234 149 508
234 149 509
234 149 510
234 149 511
234 149 512
234 149 515
149 143 1222
123 88 825
44 14 491
44 236 1444
44 236 1445
39 74 858
39 198 897
198 1 462
198 1 463
198 1 466
198 1 472
198 1 479
198 1 480
198 1 482
198 1 484
198 1 485
198 1 493
198 1 498
198 1 499
198 1 500
198 1 501
198 1 502
198 1 503
198 1 504
198 1 505
198 1 506
198 1 507
198 1 566
198 1 589
198 1 612
198 1 614
198 1 636
198 1 639
198 1 652
198 1 656
198 1 660
198 1 661
198 1 662
198 1 663
198 1 664
198 1 665
198 214 462
198 214 463
198 214 480
198 214 488
198 214 498
198 214 589
198 214 590
198 214 607
198 214 610
198 214 613
198 214 614
198 214 635
198 214 641
198 214 659
198 214 660
198 214 661
198 214 662
198 214 663
198 214 664
198 214 665
1 80 469
1 80 473
1 80 554
1 80 556
1 80 562
1 80 563
1 80 564
1 80 565
1 80 566
1 80 574
1 80 589
1 80 599
1 80 604
1 80 613
1 80 614
1 80 650
1 80 651
1 80 654
1 80 661
1 14 505
1 121 553
1 121 554
1 121 585
1 25 604
1 214 604
80 220 1109
80 223 1128
80 223 1129
80 223 1130
80 223 1135
80 223 1138
80 169 1138
80 169 1139
80 179 1153
80 23 1178
80 236 1231
53 14 482
53 14 483
53 14 486
53 14 487
53 14 488
53 14 489
53 14 490
53 14 505
53 14 506
53 14 507
53 14 508
53 14 513
53 14 514
53 14 515
53 14 517
53 14 518
53 14 519
53 14 522
53 14 525
53 14 528
53 14 531
53 14 532
53 14 533
53 14 552
53 14 559
53 14 560
53 14 561
53 14 562
53 14 563
53 14 564
53 14 565
53 14 567
53 14 568
53 14 571
53 14 573
53 14 574
53 14 576
53 14 577
53 14 580
53 14 581
53 14 582
53 14 589
53 14 590
53 14 591
53 14 596
53 14 597
53 14 599
53 14 600
53 14 601
53 14 605
53 14 606
53 14 607
53 14 608
53 14 609
53 14 614
53 14 617
53 14 623
53 14 692
53 14 693
53 14 698
53 14 699
53 14 752
53 14 756
53 14 757
53 14 759
53 14 764
53 14 765
53 14 766
53 14 767
53 14 781
53 14 782
53 14 783
53 14 784
53 14 785
53 14 786
53 14 787
53 165 763
53 51 1130
53 51 1131
53 51 1132
53 49 1130
53 49 1131
53 49 1140
53 49 1141
14 172 764
14 172 766
14 172 767
14 172 768
14 172 769
14 172 770
14 172 771
14 172 772
14 21 768
211 58 691
211 21 769
211 255 900
211 255 901
254 117 692
58 189 501
58 189 504
58 189 508
58 189 526
58 189 527
58 189 531
58 189 538
58 189 540
58 189 541
58 189 543
58 189 572
58 189 573
58 189 582
58 189 583
58 112 536
58 112 537
58 112 538
189 121 538
189 121 561
189 19 1114
201 12 1148
201 12 1149
201 12 1150
201 12 1152
201 12 1153
201 12 1154
201 12 1155
201 12 1156
201 12 1157
201 12 1159
201 12 1160
201 12 1161
201 12 1162
201 12 1164
201 12 1165
201 12 1166
201 12 1169
201 12 1175
201 12 1181
201 12 1186
201 12 1188
201 12 1189
201 12 1190
201 12 1191
201 12 1192
201 12 1193
201 12 1196
201 12 1197
201 12 1198
201 12 1199
201 12 1200
201 12 1201
201 12 1202
201 12 1439
201 12 1464
201 12 1465
201 12 1466
201 12 1468
201 12 1469
201 12 1471
201 12 1472
201 12 1473
201 12 1474
201 12 1475
201 12 1476
201 172 1157
201 147 1182
201 169 1182
201 55 1454
201 55 1456
201 173 1472
121 220 1103
121 220 1104
121 220 1106
121 220 1111
121 220 1112
121 220 1114
121 220 1116
121 220 1118
121 220 1119
121 220 1120
121 220 1121
121 220 1122
121 220 1127
121 220 1128
121 220 1130
121 220 1135
121 220 1143
121 220 1178
121 220 1179
121 220 1180
121 220 1200
121 220 1209
121 220 1210
121 220 1211
121 220 1212
121 220 1224
121 220 1440
121 220 1444
121 220 1445
121 220 1446
121 220 1447
121 220 1455
121 220 1456
121 220 1457
121 256 1212
51 220 1131
51 220 1132
51 220 1133
51 142 1442
25 204 581
25 204 582
25 204 584
25 204 585
25 204 586
25 204 587
25 204 588
25 204 589
25 204 592
25 204 594
25 204 595
25 204 596
25 204 597
25 204 599
25 204 600
25 204 601
25 204 602
25 204 603
25 204 604
25 204 605
25 204 606
25 204 607
25 142 1118
25 236 1121
25 236 1446
25 236 1447
25 236 1448
25 236 1449
25 193 1446
25 223 1447
25 223 1448
25 223 1449
135 236 687
135 236 701
135 236 702
135 236 703
135 236 705
135 236 740
135 21 746
236 172 780
236 173 818
236 173 1440
236 173 1441
236 69 1094
236 69 1220
236 69 1222
236 93 1094
236 142 1123
236 142 1124
236 142 1156
236 142 1163
236 142 1167
236 142 1196
236 142 1207
236 48 1169
236 12 1441
127 249 592
127 249 593
127 249 597
127 249 598
127 249 601
127 249 608
127 249 616
127 249 617
127 249 638
127 249 644
127 249 662
127 249 707
127 249 771
127 249 772
127 249 786
127 249 796
127 249 798
127 249 799
127 249 819
127 172 778
127 55 1136
127 23 1138
127 94 1459
117 4 690
117 4 691
117 169 1441
21 252 770
9 219 697
9 219 891
9 179 890
9 179 891
219 215 762
62 142 1154
62 94 1450
62 12 1454
48 165 716
48 165 717
48 165 718
48 165 719
48 165 721
48 165 723
48 165 724
48 165 725
48 165 741
48 165 750
48 165 751
48 165 752
48 165 753
48 165 754
48 165 755
48 165 756
48 165 763
48 165 766
48 165 767
48 165 768
48 165 769
48 165 771
48 165 772
48 165 773
48 165 774
48 165 775
48 165 778
48 165 796
48 165 797
48 165 798
48 49 1137
165 172 1154
165 172 1165
165 172 1166
165 172 1167
165 173 1391
165 173 1475
172 256 1161
172 256 1162
172 256 1168
172 256 1169
69 183 724
69 183 749
69 183 773
183 88 801
183 88 833
183 88 837
183 186 845
183 246 856
183 5 862
161 93 889
161 93 896
161 93 897
161 93 899
161 93 900
161 93 903
215 179 842
215 179 854
215 179 890
215 179 891
215 179 892
215 193 844
186 173 831
252 176 816
193 74 833
74 176 792
74 176 795
74 176 796
74 176 797
74 176 798
74 176 799
74 176 800
74 176 802
74 176 806
74 176 808
74 176 809
74 176 814
74 176 815
74 176 816
74 176 817
74 176 820
74 176 823
74 176 833
74 176 834
74 176 835
74 176 836
74 176 837
74 176 838
74 176 839
74 176 840
74 176 841
74 176 844
74 176 845
74 176 846
74 176 847
74 176 848
74 176 849
74 176 850
74 176 851
74 176 853
74 176 854
74 176 856
74 176 857
74 176 858
74 176 860
74 176 867
74 176 868
74 176 869
74 176 870
74 88 803
74 88 804
74 246 856
74 93 884
74 93 889
74 93 895
74 93 905
176 220 1140
176 220 1150
176 220 1288
176 220 1390
176 220 1429
176 220 1462
176 220 1465
176 220 1469
176 220 1471
176 220 1473
176 220 1474
176 220 1475
176 220 1476
176 220 1480
176 220 1487
176 220 1488
176 220 1491
176 220 1496
176 220 1504
176 220 1522
176 220 1523
176 220 1566
176 220 1567
176 220 1568
176 220 1569
176 220 1570
176 220 1573
176 147 1449
176 147 1463
176 147 1465
176 147 1470
176 147 1471
176 147 1475
176 147 1476
176 147 1477
176 147 1479
176 147 1480
176 147 1483
176 147 1493
176 147 1500
176 147 1511
176 147 1531
176 147 1533
176 147 1534
176 147 1582
176 94 1452
93 88 795
93 23 1100
93 23 1101
93 23 1102
93 55 1104
93 55 1107
88 6 1447
88 94 1461
173 220 1209
173 256 1209
173 256 1214
173 256 1216
173 256 1440
173 256 1449
5 246 857
5 246 861
5 246 862
5 246 863
5 246 865
5 246 866
5 246 867
23 223 1078
23 223 1079
23 10 1124
23 169 1130
23 169 1131
23 169 1132
23 169 1133
23 169 1134
23 169 1135
23 169 1136
23 169 1149
23 169 1150
23 250 1133
23 250 1134
23 250 1144
23 250 1153
23 250 1154
23 250 1155
23 250 1156
23 19 1155
223 55 1102
223 55 1136
223 220 1110
223 147 1143
223 94 1215
142 19 1100
142 100 1221
103 19 1097
103 19 1098
103 19 1100
103 19 1101
103 19 1102
103 19 1104
103 19 1109
103 19 1129
103 19 1131
103 19 1132
103 19 1133
103 19 1134
103 19 1136
103 19 1137
103 19 1138
103 19 1139
103 19 1140
103 19 1278
103 19 1332
103 19 1333
103 19 1334
103 19 1335
103 19 1341
103 19 1349
103 19 1350
103 19 1351
103 19 1352
103 19 1353
103 19 1354
103 19 1355
103 19 1359
103 19 1374
103 19 1375
103 19 1377
103 19 1379
103 19 1380
103 19 1381
103 19 1382
103 19 1383
103 19 1385
103 19 1386
103 19 1387
103 19 1400
103 19 1401
103 19 1402
103 19 1404
103 19 1405
103 19 1446
103 19 1447
103 19 1449
103 19 1450
103 19 1467
103 19 1468
103 19 1469
103 19 1470
103 19 1471
103 100 1099
103 100 1101
103 100 1102
103 100 1104
103 100 1105
103 100 1106
103 100 1111
103 100 1112
103 100 1121
103 100 1126
103 100 1128
103 100 1129
103 100 1130
103 100 1132
103 100 1138
103 100 1139
103 100 1140
103 100 1161
103 100 1164
103 100 1165
103 100 1166
103 100 1167
103 100 1181
103 100 1189
103 100 1190
103 100 1193
103 100 1194
103 100 1196
103 100 1198
103 100 1200
103 100 1201
103 100 1203
103 100 1209
103 100 1219
103 100 1226
103 100 1232
103 100 1237
103 100 1249
103 100 1258
103 100 1323
103 100 1325
103 100 1328
103 100 1329
103 100 1330
103 100 1389
103 100 1394
103 100 1395
103 100 1396
103 100 1441
103 100 1444
103 100 1446
103 100 1447
103 100 1448
103 100 1449
103 100 1450
103 100 1469
103 100 1470
103 55 1126
103 55 1127
103 55 1458
103 108 1443
103 94 1446
103 94 1447
103 169 1464
103 220 1465
19 108 1100
19 108 1101
19 108 1102
19 108 1130
19 108 1139
19 108 1446
19 108 1447
19 108 1465
19 108 1466
19 108 1467
19 108 1469
19 108 1470
19 100 1134
19 100 1143
19 100 1180
19 100 1182
19 100 1183
19 100 1184
19 100 1185
19 100 1188
19 100 1190
19 100 1196
19 100 1206
19 100 1207
19 100 1208
19 100 1209
19 100 1444
19 100 1445
19 100 1471
19 94 1445
100 220 1110
100 147 1441
108 55 1125
108 147 1409
108 147 1452
108 147 1471
108 147 1483
108 147 1485
108 147 1486
108 147 1497
108 147 1498
108 94 1446
108 220 1451
108 250 1474
55 147 1446
55 147 1447
55 12 1456
220 49 1131
147 12 1190
94 6 1122
94 6 1124
94 6 1126
94 6 1127
94 6 1128
94 6 1133
94 250 1465
94 143 1724
94 143 1728
169 12 1188
169 12 1189
169 12 1191
169 12 1197
169 12 1198
169 12 1199
6 250 1440
6 250 1441
10 256 1157
10 256 1544
10 256 1545
12 256 1451
