126 0 0
126 0 2
126 0 3
126 0 4
126 0 7
126 0 8
126 0 10
126 0 11
126 0 12
126 0 13
126 0 14
126 0 15
126 0 16
126 0 17
126 0 18
126 0 19
126 0 20
126 0 21
126 0 22
126 0 23
126 0 24
126 0 25
126 0 26
126 0 27
126 0 28
126 0 29
126 0 30
126 0 31
126 0 32
126 0 33
126 0 34
126 0 36
126 0 37
126 0 40
126 0 41
126 0 42
126 0 43
126 0 44
126 0 45
126 0 46
126 0 48
126 0 49
126 0 50
126 0 51
126 0 53
126 107 1039
126 17 1039
0 84 238
0 84 239
0 84 240
0 84 242
0 84 243
0 84 244
0 84 246
0 84 249
0 84 250
0 84 256
0 84 268
0 84 279
0 84 280
0 84 281
0 84 282
0 84 287
0 84 289
0 84 293
0 84 297
0 84 298
0 84 306
0 84 308
0 84 310
0 84 314
0 84 324
0 84 327
0 84 356
0 84 357
0 84 404
0 84 405
0 84 407
0 84 409
0 84 410
0 84 413
0 84 414
0 84 415
0 84 417
0 99 239
0 82 335
0 119 354
0 121 362
0 121 363
0 121 364
150 53 26
150 53 29
150 53 30
150 53 36
150 53 38
150 53 41
150 53 42
150 53 43
150 53 53
150 53 54
150 53 55
150 88 26
150 88 28
150 88 29
150 88 30
150 88 31
150 88 32
150 88 33
150 88 34
150 88 35
150 88 36
150 88 38
150 88 39
150 88 41
150 88 43
150 88 47
150 88 52
150 88 53
150 88 54
150 88 55
150 123 29
150 123 39
150 123 52
150 26 275
150 26 285
150 26 288
150 26 309
150 26 310
150 26 312
150 26 330
150 26 331
150 26 337
150 26 338
150 26 344
150 26 345
150 26 349
150 26 372
150 26 375
150 100 345
53 96 26
53 96 27
53 96 28
53 96 31
53 96 33
53 96 34
53 96 35
53 96 36
53 96 38
53 96 41
53 96 43
53 96 53
53 96 54
53 96 55
53 134 38
53 134 53
53 134 55
53 42 39
53 42 40
53 104 394
53 104 395
53 104 396
53 104 423
53 104 427
53 104 437
53 104 447
53 112 398
53 157 401
88 134 28
88 134 29
88 134 37
88 134 49
88 134 51
88 134 52
88 134 53
88 134 55
88 145 124
88 54 128
88 54 132
88 54 135
88 132 135
88 23 135
88 63 156
88 63 158
88 63 159
88 63 160
88 63 164
88 63 181
88 50 331
88 50 333
96 44 693
96 44 696
96 111 693
96 111 701
96 111 708
96 111 712
96 111 715
96 111 716
134 58 1067
134 58 1131
134 12 1087
134 12 1092
134 52 1092
134 52 1093
134 52 1193
134 179 1101
134 179 1131
134 179 1133
134 179 1159
134 179 1167
134 179 1168
134 179 1169
134 179 1172
134 179 1173
134 179 1174
134 179 1175
134 179 1178
134 179 1181
134 179 1183
134 179 1184
134 179 1185
134 179 1189
134 179 1191
134 179 1198
134 179 1199
134 142 1101
134 142 1159
134 142 1164
134 142 1166
134 142 1168
134 142 1193
134 119 1121
134 86 1127
134 86 1132
134 159 1150
134 40 1193
134 40 1196
123 45 788
123 45 798
123 10 805
42 60 60
42 41 341
42 41 384
42 14 346
42 25 359
42 25 364
42 25 377
42 25 378
42 25 379
42 25 380
42 25 381
42 25 383
42 25 391
42 25 392
42 25 393
42 25 395
42 25 396
42 108 366
42 108 367
42 108 381
42 128 377
59 114 41
59 114 42
59 147 1073
114 112 398
114 157 401
114 48 405
114 48 414
114 48 417
114 48 418
114 48 428
114 48 431
114 139 409
114 139 414
114 139 415
114 139 430
114 139 444
114 139 448
114 139 452
114 131 432
114 154 448
114 154 452
114 64 486
114 64 488
114 64 489
114 64 490
114 64 491
74 91 59
74 91 60
74 91 61
74 91 62
74 91 65
74 91 66
74 91 67
74 91 68
74 91 70
74 91 74
74 91 75
74 91 76
74 91 77
74 91 78
74 91 79
74 91 81
74 91 82
74 91 83
74 91 84
74 91 85
74 91 86
74 91 87
74 91 101
74 91 104
74 91 105
74 91 106
74 91 108
74 91 111
74 91 114
74 91 115
74 91 116
74 91 117
74 91 119
74 91 122
74 91 124
74 91 136
74 91 145
74 5 1035
74 5 1038
74 5 1040
74 5 1041
74 5 1045
74 5 1048
74 5 1049
74 5 1056
74 5 1058
74 5 1068
74 5 1079
74 76 1035
74 52 1078
74 72 1084
74 72 1085
91 81 370
91 81 371
91 100 572
91 105 613
60 23 108
60 23 136
60 23 142
60 23 160
60 23 161
60 23 162
60 63 150
60 132 159
60 132 162
100 68 90
100 68 91
100 68 93
100 68 94
100 68 95
100 68 96
100 68 97
100 68 98
100 68 99
100 68 100
100 68 102
100 68 103
100 68 109
100 68 110
100 68 112
100 68 113
100 68 118
100 68 121
100 68 123
100 68 125
100 68 131
100 68 144
100 143 363
100 151 370
100 28 545
100 28 546
100 28 549
100 28 554
100 28 557
100 28 561
100 28 564
100 28 565
100 28 566
100 28 568
100 28 572
100 28 574
100 28 575
100 28 580
100 28 583
100 28 586
100 66 547
100 66 548
100 66 549
100 66 558
100 66 568
100 66 569
100 66 570
100 66 578
100 66 579
100 66 580
100 66 582
100 66 586
100 61 549
68 41 860
68 25 864
144 23 91
144 23 93
144 23 95
144 23 96
144 23 97
144 23 98
144 23 99
144 23 100
144 23 101
144 23 102
144 23 103
144 23 104
144 23 105
144 23 106
144 23 107
144 23 108
144 23 109
144 23 110
144 23 111
144 23 112
144 23 113
144 23 114
144 23 115
144 23 116
144 23 117
144 23 118
144 23 119
144 23 120
144 23 121
144 23 122
144 23 123
144 23 124
144 23 125
144 23 126
144 23 127
144 23 128
144 23 129
144 23 130
144 23 131
144 23 132
144 23 134
144 23 135
144 23 136
144 23 138
144 23 139
144 23 140
144 23 141
144 23 143
144 23 145
144 23 146
144 23 147
144 23 148
144 23 149
144 23 150
144 23 151
144 23 152
144 23 153
144 23 155
144 23 156
144 23 157
144 23 158
144 23 159
144 23 160
144 23 161
144 23 162
144 23 163
144 23 164
144 23 166
144 23 167
144 23 168
144 23 169
144 23 170
144 23 171
144 23 172
144 23 173
144 23 174
144 23 175
144 23 176
144 23 177
144 23 178
144 23 179
144 23 180
144 23 181
144 23 183
144 23 188
144 23 189
144 23 190
144 23 191
144 23 197
144 23 198
144 23 209
144 23 210
144 23 211
144 23 214
144 23 216
144 23 217
144 23 218
144 23 221
144 23 222
144 23 223
144 23 224
144 23 225
144 23 226
144 23 229
144 23 230
144 23 232
144 23 233
144 23 234
144 23 235
144 23 236
144 23 239
144 23 240
144 23 242
144 23 243
144 23 244
144 23 245
144 23 246
144 23 247
144 23 248
144 23 249
144 23 250
144 23 251
144 23 252
144 23 253
144 23 254
144 23 255
144 23 256
144 23 257
144 23 258
144 23 259
144 23 260
144 23 261
144 23 262
144 23 263
144 23 264
144 23 265
144 23 268
144 23 269
144 23 272
144 23 273
144 23 274
144 23 275
144 23 277
144 23 278
144 23 280
144 23 293
144 23 294
144 23 295
144 23 296
144 23 297
144 23 298
144 23 299
144 23 300
144 23 301
144 23 311
144 23 312
144 23 313
144 23 316
144 23 317
144 23 318
144 23 319
144 23 320
144 23 321
144 23 322
144 23 323
144 23 324
144 23 325
144 23 326
144 23 327
144 23 328
144 23 329
144 23 330
144 23 331
144 23 332
144 23 333
144 23 334
144 23 335
144 23 336
144 23 337
144 23 345
144 23 346
144 23 347
144 23 348
144 23 349
144 23 350
144 23 351
144 23 352
144 23 357
144 23 358
144 23 359
144 23 360
144 23 361
144 23 377
144 23 383
144 23 393
144 23 399
144 23 400
144 23 404
144 23 405
144 23 406
144 23 407
144 23 408
144 23 409
144 23 410
144 23 411
144 23 412
144 23 413
144 23 416
144 23 418
144 23 419
144 23 420
144 23 421
144 23 422
144 23 423
144 23 424
144 23 425
144 23 426
144 23 427
144 23 429
144 23 432
144 23 433
144 23 435
144 23 436
144 23 438
144 23 439
144 23 441
144 23 444
144 23 445
144 23 447
144 23 449
144 23 450
144 23 451
144 23 457
144 23 458
144 23 459
144 23 461
144 23 462
144 23 466
144 23 467
144 23 468
144 23 472
144 23 473
144 23 475
144 23 476
144 23 477
144 23 478
144 23 481
144 23 482
144 23 484
144 23 485
144 23 488
144 23 489
144 23 490
144 23 492
144 23 493
144 23 494
144 23 495
144 23 496
144 23 497
144 23 499
144 23 500
144 23 504
144 23 515
144 23 516
144 23 519
144 23 520
144 23 522
144 23 524
144 23 525
144 23 526
144 23 527
144 23 530
144 23 531
144 23 535
144 23 536
144 23 537
144 23 538
144 23 539
144 23 541
144 23 542
144 23 550
144 23 551
144 23 552
144 23 553
144 23 555
144 23 556
144 23 558
144 23 559
144 23 560
144 23 561
144 23 563
144 23 565
144 23 569
144 23 570
144 23 572
144 23 573
144 23 574
144 23 576
144 23 579
144 23 581
144 23 585
144 23 590
144 23 591
144 18 104
144 18 107
144 18 113
144 18 114
144 18 125
144 54 108
144 54 136
144 54 160
144 54 163
144 72 156
144 26 156
144 63 167
144 67 224
144 93 418
144 93 487
144 61 443
144 61 444
144 61 445
144 61 446
144 61 447
144 61 448
144 61 461
144 61 465
144 61 466
144 61 467
144 61 468
144 61 471
144 61 472
144 61 473
144 61 474
144 61 476
144 61 478
144 61 479
144 61 480
144 61 482
144 61 483
144 61 484
144 37 487
144 37 488
144 37 493
144 37 494
144 37 498
144 37 499
144 37 500
144 37 503
144 82 488
144 82 492
144 149 489
144 149 492
144 149 495
144 149 499
144 149 500
144 149 502
144 149 503
144 43 492
144 43 536
144 43 548
144 43 550
144 43 552
144 43 553
144 43 554
144 43 556
144 43 557
144 43 558
144 43 559
144 43 560
144 43 561
144 43 562
144 38 492
144 3 493
144 3 558
144 3 586
144 3 587
144 117 498
144 19 576
144 19 578
144 19 579
23 18 104
23 162 123
23 7 133
23 27 156
23 73 224
23 132 414
23 132 415
23 132 417
23 132 428
23 132 430
23 132 431
23 132 434
23 132 437
23 132 440
23 132 443
23 132 453
23 132 460
23 132 463
23 132 464
23 132 465
23 132 469
23 132 474
23 132 479
23 132 480
23 132 483
23 132 486
23 132 487
23 132 491
23 132 498
23 132 501
23 132 502
23 132 503
23 132 505
23 132 506
23 132 523
23 132 528
23 132 529
23 132 532
23 132 534
23 132 540
23 132 543
23 132 571
23 132 575
23 132 577
23 132 580
23 132 582
23 132 588
23 136 456
23 39 497
23 43 533
23 43 545
23 43 546
23 43 548
23 43 550
23 48 549
23 48 551
23 48 553
23 48 560
23 48 561
23 19 574
23 19 575
23 121 591
54 69 147
54 69 164
54 78 167
54 27 168
54 34 484
54 136 484
54 104 489
54 64 489
7 145 122
7 145 123
7 145 124
7 145 126
7 145 130
7 145 131
7 145 132
7 145 133
7 145 134
7 145 135
7 145 136
7 145 137
7 145 138
7 145 139
7 145 140
7 145 141
7 145 142
7 145 143
7 145 144
7 145 145
7 145 146
7 145 147
7 145 148
7 145 153
7 145 154
7 145 155
7 145 156
7 145 160
7 145 162
7 145 163
7 145 164
7 145 165
7 145 166
7 145 167
7 145 168
7 145 169
7 145 170
7 145 171
7 145 172
7 145 173
7 145 174
7 145 175
7 145 176
7 145 177
7 145 178
7 145 179
7 145 180
7 145 181
7 145 182
7 145 183
7 145 184
7 145 185
7 145 186
7 145 187
7 145 188
7 145 189
7 145 190
7 145 191
7 145 192
7 145 203
7 145 204
7 145 205
7 145 206
7 145 207
7 145 210
7 145 212
7 145 213
7 145 214
7 145 215
7 145 217
7 145 218
7 145 219
7 145 220
7 145 221
7 145 222
7 145 223
7 145 224
7 145 225
7 145 228
7 145 229
7 132 123
7 69 163
7 69 223
7 69 226
7 95 215
7 95 227
145 69 170
145 69 171
145 13 213
145 109 227
145 62 616
145 62 622
145 62 623
145 62 625
145 62 626
145 62 627
145 62 631
145 62 633
145 62 636
145 62 639
145 62 648
145 62 650
145 62 651
145 62 654
145 62 655
145 62 656
145 62 657
145 62 658
145 62 659
145 62 660
145 62 661
145 62 662
145 62 663
145 62 664
145 62 665
145 62 666
145 62 669
145 62 670
145 62 671
145 62 677
145 62 688
145 62 693
145 62 695
145 62 705
145 56 622
145 56 625
145 56 627
145 56 631
145 56 635
145 56 636
145 56 639
145 56 648
145 56 651
145 56 654
145 56 665
145 56 666
145 56 667
145 56 668
145 56 674
145 56 675
145 56 695
145 56 696
145 56 698
145 56 704
145 56 722
145 56 726
145 155 640
145 155 657
145 155 658
145 155 659
145 155 660
145 155 662
145 155 664
145 113 652
145 9 663
145 9 668
145 159 685
145 159 689
145 159 690
145 159 694
145 159 704
145 159 705
145 159 710
145 159 717
145 159 718
145 137 686
145 137 687
145 137 688
145 137 692
145 137 695
145 137 696
145 137 697
145 137 707
145 137 710
145 137 712
145 137 714
145 137 715
145 137 722
145 137 723
145 137 725
132 162 123
132 63 142
132 63 144
132 63 148
132 63 149
132 63 152
132 63 165
132 63 169
132 63 171
132 63 172
132 63 179
132 63 197
132 63 203
132 63 220
132 63 226
132 63 238
132 69 144
132 153 284
132 43 498
132 120 525
132 48 547
132 48 588
132 2 559
132 19 575
132 19 577
132 66 579
132 110 579
132 175 592
162 95 215
162 147 1060
162 147 1062
162 147 1102
162 147 1103
162 147 1104
162 147 1132
162 147 1161
162 147 1163
162 147 1164
162 147 1176
162 147 1182
162 147 1196
162 147 1200
162 58 1060
162 58 1062
162 58 1065
162 58 1068
162 58 1069
162 142 1061
162 142 1063
162 142 1067
162 142 1073
162 142 1074
162 142 1078
162 142 1079
162 142 1082
162 142 1085
162 142 1091
162 142 1102
162 142 1109
162 142 1115
162 142 1118
162 142 1123
162 142 1129
162 142 1130
162 142 1158
162 142 1164
162 86 1061
162 86 1062
162 86 1067
162 102 1062
162 102 1063
162 102 1064
162 102 1065
162 102 1069
162 102 1124
162 102 1134
162 102 1154
162 102 1155
162 52 1067
162 52 1068
162 52 1069
162 52 1096
162 52 1140
162 119 1071
162 119 1085
162 119 1126
162 119 1129
162 119 1132
162 119 1139
162 119 1140
162 119 1145
162 119 1148
162 119 1149
162 119 1155
162 119 1197
162 40 1126
162 40 1133
162 40 1136
162 40 1138
162 40 1139
162 40 1140
162 40 1148
162 40 1149
162 40 1196
162 40 1197
162 12 1132
162 12 1154
162 159 1200
69 121 140
69 121 141
69 121 143
69 121 147
69 121 150
69 121 151
69 121 159
69 121 160
69 121 161
69 121 162
69 121 163
69 121 166
69 121 168
69 121 170
69 121 173
69 121 174
69 121 175
69 121 176
69 121 177
69 121 178
69 121 183
69 121 186
69 121 188
69 121 189
69 121 191
69 121 192
69 121 193
69 121 194
69 121 195
69 121 196
69 121 201
69 121 202
69 121 204
69 121 205
69 121 206
69 121 207
69 121 218
69 121 219
69 121 221
69 121 222
69 121 223
69 121 224
69 121 225
69 121 231
69 121 232
69 121 235
69 121 237
69 121 239
69 121 260
69 121 261
69 121 263
69 121 264
69 121 266
69 121 269
69 121 270
69 121 271
69 121 272
69 121 273
69 121 274
69 121 281
69 121 282
69 121 288
69 121 289
69 121 290
69 121 291
69 121 305
69 121 306
69 121 307
69 121 309
69 121 310
69 121 312
69 121 318
69 121 323
69 121 330
69 121 334
69 121 335
69 121 337
69 121 339
69 121 340
69 121 341
69 121 347
69 121 348
69 121 349
69 121 350
69 121 351
69 121 352
69 121 353
69 121 354
69 121 355
69 121 356
69 121 357
69 121 358
69 121 359
69 121 360
69 121 361
69 121 362
69 121 363
69 121 364
69 121 365
69 121 366
69 121 367
69 121 370
69 121 371
69 121 372
69 121 373
69 121 376
69 121 379
69 121 381
69 121 382
69 121 383
69 121 384
69 121 385
69 95 223
69 95 224
69 1 260
69 1 356
69 1 362
69 1 363
69 1 364
69 1 365
69 1 366
69 1 367
69 50 307
69 87 308
69 87 375
69 87 376
69 2 331
69 157 373
69 157 374
69 157 375
69 177 821
69 177 822
69 177 839
69 177 842
69 152 856
121 109 280
121 90 283
121 95 308
121 95 378
121 92 359
121 92 360
121 92 361
121 156 361
121 129 376
121 171 384
121 158 583
121 158 584
121 158 588
121 158 589
121 158 590
121 158 591
121 158 592
121 158 593
121 158 594
121 158 595
121 158 596
121 158 597
121 158 598
121 158 599
121 124 587
121 3 589
121 43 589
121 19 595
63 154 259
63 168 265
63 92 269
63 92 359
63 92 360
63 56 322
63 41 372
63 41 846
63 41 848
63 41 852
63 41 857
63 41 858
63 41 862
63 41 863
63 41 864
63 41 871
63 108 376
63 34 377
63 25 379
63 129 846
63 129 847
63 129 851
63 129 852
63 129 857
63 129 859
63 129 870
63 129 871
63 129 872
63 28 846
63 28 847
63 28 848
63 28 859
63 28 860
63 28 864
63 28 868
63 28 870
63 28 871
63 28 872
27 72 146
27 72 150
27 72 156
27 72 157
27 72 159
27 72 161
27 72 162
27 72 163
27 72 165
27 110 544
27 110 547
27 110 548
27 110 559
27 110 560
27 110 562
27 110 563
27 110 567
27 110 570
27 110 578
27 110 579
27 110 581
27 110 582
27 110 584
27 66 545
27 66 546
27 66 547
27 66 548
27 66 549
27 66 550
27 66 551
27 66 552
27 66 553
27 66 555
27 66 556
27 66 557
27 66 558
27 66 563
27 66 569
27 66 570
27 66 577
27 66 578
27 66 579
27 66 580
27 66 581
27 66 582
27 66 586
27 135 546
27 135 549
27 89 573
72 86 976
72 86 977
72 33 977
72 33 978
72 22 981
72 12 1076
78 26 147
78 26 148
78 26 149
78 26 151
78 26 155
78 26 158
78 26 160
78 26 164
78 26 166
78 26 167
78 26 168
78 137 782
78 137 842
78 71 787
78 39 809
78 39 832
78 39 833
78 39 835
78 118 821
78 118 822
78 118 823
78 118 825
78 79 831
78 79 841
78 79 843
78 79 844
78 79 845
78 79 847
78 10 849
26 103 275
26 154 375
26 154 376
168 75 167
168 75 169
168 75 220
168 67 233
168 84 279
168 87 342
168 117 363
75 160 845
75 160 847
75 160 854
81 151 168
81 151 170
81 151 174
81 151 175
81 151 176
81 151 179
81 151 180
81 151 185
81 151 187
81 151 189
81 151 190
81 151 192
81 151 193
81 151 196
81 151 197
81 151 198
81 151 201
81 151 202
81 151 203
81 151 211
81 151 255
81 151 257
81 151 258
81 151 263
81 151 271
81 151 272
81 151 274
81 151 275
81 151 277
81 151 278
81 151 279
81 151 280
81 151 281
81 151 289
81 151 290
81 151 291
81 151 295
81 151 296
81 151 297
81 151 298
81 151 299
81 151 300
81 151 303
81 151 305
81 151 306
81 151 311
81 151 319
81 151 323
81 151 324
81 151 325
81 151 326
81 151 327
81 151 328
81 151 331
81 151 332
81 151 333
81 151 334
81 151 336
81 151 339
81 151 340
81 151 343
81 151 344
81 151 345
81 151 346
81 151 347
81 151 356
81 151 364
81 151 370
81 13 263
81 84 277
81 135 362
81 154 371
81 77 1238
81 77 1240
81 77 1242
81 77 1243
81 77 1251
81 77 1253
81 77 1255
81 77 1257
81 77 1259
81 77 1266
81 77 1275
81 77 1277
81 77 1304
81 77 1305
81 77 1307
81 77 1309
81 77 1311
81 77 1314
81 77 1315
81 77 1320
151 41 363
151 159 677
151 159 680
151 159 681
151 159 682
151 159 683
151 159 686
151 159 687
151 159 688
151 159 689
151 159 691
151 159 692
151 159 695
151 159 702
151 159 706
151 159 707
151 159 718
151 159 719
151 159 720
151 133 685
151 133 694
151 56 685
151 56 688
151 56 692
151 56 695
151 56 696
151 56 697
151 56 721
151 56 722
151 56 723
151 62 685
151 62 686
151 62 688
151 62 694
151 62 695
151 62 725
151 101 710
151 21 725
151 111 726
151 111 727
151 77 726
151 77 727
151 24 726
151 24 727
13 67 211
13 67 212
13 67 217
13 67 225
13 67 226
13 67 234
13 67 235
13 67 236
13 67 237
13 67 238
13 67 239
13 67 240
13 67 241
13 67 242
13 67 417
13 67 418
13 67 419
13 67 422
13 67 423
13 95 212
13 95 216
13 95 217
13 95 218
13 95 221
13 95 224
13 95 225
13 95 226
13 95 240
13 95 418
13 95 419
13 95 420
13 95 423
13 95 424
13 73 215
13 73 216
13 73 230
13 73 232
13 97 254
13 97 255
13 97 256
13 97 258
13 97 259
13 97 264
13 97 270
13 97 271
13 97 273
13 97 279
13 97 280
13 97 282
13 97 283
13 97 286
13 97 287
13 97 288
13 97 289
13 97 291
13 97 292
13 97 293
13 97 296
13 97 298
13 97 299
13 97 300
13 97 301
13 97 302
13 97 303
13 97 304
13 97 305
13 97 306
13 97 307
13 97 308
13 97 309
13 97 310
13 97 311
13 97 312
13 97 326
13 97 327
13 97 328
13 97 331
13 103 267
13 103 270
13 103 280
13 103 283
13 103 284
13 103 285
13 103 286
13 103 287
13 103 288
13 103 304
13 103 314
13 103 315
13 103 326
13 103 327
13 103 328
13 103 331
13 103 356
13 103 357
13 103 368
13 103 369
13 103 372
13 103 375
13 103 378
13 103 379
13 103 380
13 103 383
13 103 384
13 103 389
13 103 390
13 175 313
13 89 332
13 154 397
13 8 546
67 103 217
67 103 220
67 103 221
67 103 226
67 103 227
67 103 240
67 103 241
67 103 242
67 103 249
67 103 250
67 103 267
67 103 268
67 103 269
67 103 281
67 103 283
67 103 298
67 103 304
67 103 307
67 103 308
67 103 309
67 103 311
67 103 331
67 103 346
67 103 422
67 103 423
67 103 424
67 103 425
67 97 276
67 154 278
67 133 618
67 133 620
67 133 621
67 133 624
67 133 628
67 133 632
67 133 635
67 133 637
67 133 638
67 133 640
67 133 643
67 133 645
67 133 646
67 133 649
67 133 652
67 133 653
67 133 684
67 133 694
67 133 726
67 133 727
67 56 631
67 56 633
67 56 634
67 56 635
67 56 685
67 56 726
67 56 729
67 155 635
67 155 637
67 155 638
67 155 639
67 155 645
67 155 646
67 113 651
67 113 652
67 4 661
67 9 663
67 9 670
67 9 718
67 111 668
67 159 685
67 159 705
67 159 706
67 21 725
67 21 726
67 36 727
95 73 212
95 73 216
95 73 219
95 73 225
95 73 301
95 73 302
95 73 310
95 119 220
95 119 221
95 119 222
95 119 224
95 119 226
95 119 233
95 119 235
95 119 236
95 119 237
95 119 239
95 119 256
95 119 257
95 119 258
95 119 261
95 119 271
95 119 275
95 119 278
95 119 279
95 119 283
95 119 285
95 119 288
95 119 290
95 119 294
95 119 299
95 119 303
95 119 304
95 119 305
95 119 311
95 119 313
95 119 316
95 119 320
95 119 340
95 119 342
95 119 354
95 119 362
95 119 363
95 119 365
95 119 366
95 119 367
95 119 368
95 119 369
95 119 370
95 119 385
95 119 387
95 119 388
95 119 389
95 119 392
95 119 393
95 119 394
95 119 397
95 119 400
95 119 401
95 119 406
95 119 408
95 119 409
95 119 411
95 31 221
95 31 225
95 31 236
95 31 237
95 31 239
95 31 242
95 31 404
95 31 407
95 31 408
95 31 409
95 99 222
95 99 223
95 99 224
95 99 225
95 99 226
95 99 227
95 99 230
95 99 231
95 99 232
95 99 233
95 99 234
95 99 238
95 99 239
95 99 240
95 84 289
95 1 306
95 148 338
95 117 376
95 117 379
95 117 385
73 89 312
73 89 313
73 39 702
73 39 721
73 39 722
73 39 723
73 39 751
73 39 789
73 39 802
73 39 818
73 39 826
73 39 832
73 39 834
73 4 703
73 4 722
73 4 753
73 21 703
73 21 707
73 21 714
73 21 715
73 21 716
73 21 717
73 21 720
73 21 721
73 21 722
73 21 753
73 21 804
73 21 811
73 21 814
73 21 816
73 21 830
73 21 832
73 137 704
73 137 713
73 137 714
73 137 716
73 137 717
73 137 718
73 137 722
73 137 747
73 137 749
73 137 751
73 137 757
73 137 758
73 137 769
73 137 785
73 137 805
73 137 832
73 137 834
73 84 797
73 84 832
73 84 842
73 84 846
73 118 838
73 140 851
103 50 251
103 170 267
103 170 268
103 167 275
103 167 276
103 99 276
103 99 277
103 89 285
103 33 310
103 33 315
103 33 316
103 33 317
103 33 323
103 33 324
103 33 325
103 33 326
103 98 338
173 87 218
173 87 220
173 87 221
173 87 225
173 87 239
173 87 257
173 87 261
173 87 271
173 87 272
173 87 275
173 87 277
173 87 278
173 87 280
173 87 281
173 87 282
173 87 283
173 87 284
173 87 285
173 87 290
173 87 291
173 87 292
173 87 293
173 87 294
173 87 295
173 87 296
173 87 305
173 87 307
173 87 308
173 87 313
173 87 314
173 87 315
173 87 316
173 87 317
173 87 319
173 87 320
173 87 321
173 87 357
173 87 361
173 87 365
173 87 366
173 87 367
173 87 368
173 87 369
173 87 381
173 87 384
173 87 386
173 87 388
173 87 393
173 87 394
173 87 397
173 87 400
173 87 401
173 87 405
173 87 407
173 87 408
173 87 409
173 87 410
173 87 411
173 119 220
173 119 222
173 119 223
173 119 224
173 119 225
173 119 254
173 119 283
173 119 285
173 119 290
173 119 294
173 119 305
173 119 362
173 119 365
173 119 367
173 119 368
173 119 369
173 119 370
173 119 371
173 119 394
173 119 397
173 119 407
173 119 408
173 119 409
173 119 410
173 119 411
173 31 220
173 31 221
173 31 224
173 31 225
173 31 239
173 31 252
173 31 407
173 31 408
173 31 409
173 31 410
173 99 252
173 1 320
173 117 385
173 154 408
173 154 409
173 154 410
87 130 219
87 130 225
87 130 234
87 130 270
87 130 272
87 130 274
87 130 280
87 130 281
87 130 282
87 130 284
87 130 287
87 130 291
87 130 295
87 130 296
87 130 297
87 130 298
87 130 300
87 130 301
87 130 302
87 130 314
87 130 323
87 130 351
87 130 407
87 130 410
87 34 253
87 34 256
87 34 257
87 34 258
87 34 259
87 34 260
87 34 261
87 34 262
87 34 266
87 34 269
87 34 270
87 34 271
87 34 274
87 34 275
87 34 276
87 34 277
87 34 278
87 34 279
87 34 280
87 34 288
87 34 289
87 34 290
87 34 291
87 34 292
87 34 293
87 34 294
87 34 296
87 34 297
87 34 298
87 34 299
87 34 300
87 34 302
87 34 303
87 34 304
87 34 305
87 34 307
87 34 313
87 34 319
87 34 320
87 34 323
87 34 325
87 34 339
87 34 340
87 34 342
87 34 344
87 34 345
87 34 365
87 34 366
87 34 370
87 34 373
87 34 374
87 34 376
87 34 380
87 34 383
87 34 386
87 34 389
87 34 393
87 34 394
87 34 395
87 34 397
87 34 400
87 34 401
87 34 402
87 34 410
87 34 411
87 109 256
87 109 257
87 109 258
87 109 260
87 109 272
87 109 276
87 109 277
87 109 278
87 109 283
87 109 285
87 90 266
87 90 267
87 90 268
87 90 269
87 90 270
87 90 275
87 92 288
87 56 290
87 56 296
87 56 357
87 167 362
87 174 373
87 174 374
87 124 380
87 14 381
87 47 383
87 108 384
87 127 396
87 71 1239
87 71 1241
87 71 1244
87 71 1247
87 71 1250
87 71 1252
87 71 1254
87 71 1258
87 71 1260
87 71 1261
87 71 1262
87 71 1263
87 71 1265
87 71 1267
87 71 1268
87 71 1269
87 71 1270
87 71 1271
87 71 1272
87 71 1273
87 71 1274
87 71 1278
87 71 1279
87 71 1280
87 71 1281
87 71 1282
87 71 1283
87 71 1293
87 71 1306
87 71 1308
87 71 1310
87 71 1312
87 71 1316
87 71 1325
87 71 1326
87 71 1327
87 71 1328
87 71 1329
87 71 1330
87 71 1331
130 31 221
130 31 222
130 31 226
130 31 232
130 31 260
130 31 272
130 31 273
130 31 274
130 31 407
130 31 408
130 31 409
130 31 410
130 99 260
130 83 272
130 156 280
130 156 281
130 156 284
130 156 289
130 156 295
130 156 296
130 156 297
130 156 314
130 156 347
130 154 352
130 154 407
130 154 410
130 179 1066
130 179 1077
130 179 1110
130 179 1116
130 179 1119
130 179 1120
130 179 1121
130 179 1125
130 179 1131
130 179 1144
130 179 1149
130 179 1167
130 179 1168
130 179 1192
130 147 1103
130 119 1116
130 40 1137
130 40 1143
130 40 1147
119 109 257
119 109 285
119 109 286
119 109 288
119 34 258
119 34 271
119 34 275
119 34 278
119 34 279
119 34 339
119 34 340
119 34 365
119 34 367
119 34 369
119 34 370
119 34 392
119 34 401
119 34 411
119 34 412
119 90 271
119 156 396
119 171 408
119 171 409
119 171 411
119 94 1057
119 94 1061
119 94 1117
119 94 1123
119 94 1132
119 94 1144
119 94 1151
119 94 1152
119 94 1169
119 94 1172
119 94 1176
119 94 1182
119 94 1187
119 12 1061
119 12 1062
119 12 1063
119 12 1089
119 12 1090
119 12 1094
119 12 1095
119 12 1096
119 12 1097
119 12 1102
119 12 1104
119 12 1105
119 12 1139
119 12 1173
119 12 1182
119 12 1192
119 12 1193
119 12 1197
119 12 1198
119 142 1063
119 142 1101
119 142 1107
119 142 1193
119 142 1197
119 142 1198
119 142 1199
119 52 1087
119 52 1089
119 52 1090
119 52 1092
119 52 1104
119 52 1107
119 52 1109
119 47 1089
119 47 1090
119 47 1101
119 47 1104
119 47 1105
119 47 1139
119 47 1147
119 47 1148
119 70 1092
31 109 222
31 109 235
31 109 241
31 109 242
31 109 245
31 109 246
31 109 252
31 70 1035
31 70 1036
31 70 1037
31 70 1039
31 70 1042
31 70 1043
31 70 1044
31 70 1045
31 70 1046
31 70 1047
31 70 1069
31 70 1071
31 70 1072
31 70 1073
31 70 1075
31 70 1076
31 70 1078
31 70 1079
31 70 1082
31 70 1083
31 70 1086
31 70 1088
31 70 1089
31 70 1090
31 70 1091
31 70 1093
31 70 1095
31 70 1096
31 70 1101
31 138 1056
31 138 1057
31 138 1058
31 138 1059
31 138 1060
31 138 1061
31 138 1062
31 138 1064
31 138 1065
31 138 1069
31 138 1073
31 138 1074
31 106 1063
31 106 1098
31 149 1098
99 50 247
99 50 300
99 50 307
99 50 309
99 50 312
99 50 313
99 50 314
99 50 316
99 50 317
99 50 318
99 50 319
99 50 320
99 50 321
99 50 325
99 50 326
99 50 327
99 50 328
99 50 329
99 50 331
99 50 332
99 50 333
99 50 334
99 50 335
99 50 336
99 50 337
99 50 338
99 50 339
99 50 340
99 50 341
99 50 342
99 50 343
99 50 345
99 50 347
99 50 348
99 50 349
99 50 351
99 50 353
99 50 354
99 50 355
99 50 356
99 50 359
99 50 360
99 34 247
99 34 248
99 34 249
99 34 250
99 34 251
99 34 253
99 34 258
99 34 272
99 34 276
99 34 277
99 82 323
99 82 330
99 82 331
99 82 332
99 82 333
99 82 334
109 156 247
109 156 248
109 156 251
109 156 253
109 156 255
109 156 256
109 156 257
109 156 260
109 156 275
109 156 277
109 156 279
109 156 282
109 156 283
109 156 285
109 156 288
109 83 272
109 104 469
109 104 472
109 104 474
109 104 475
109 104 478
109 104 518
109 104 519
109 104 520
109 104 522
109 104 534
109 104 542
109 104 545
109 104 546
109 175 546
84 56 318
84 56 319
84 21 785
84 21 831
84 21 832
84 21 846
84 21 847
84 65 788
84 107 826
84 107 828
84 107 829
84 107 830
84 107 832
84 125 844
50 154 275
50 154 278
50 128 733
50 128 736
50 128 753
50 128 758
50 128 778
50 128 782
50 128 790
50 128 794
50 128 796
50 128 798
50 128 799
50 128 814
50 128 815
50 128 816
50 128 817
50 128 818
50 128 819
50 128 820
50 21 733
50 147 735
50 152 764
34 156 254
34 156 257
34 156 258
34 156 259
34 156 260
34 156 261
34 156 262
34 156 277
34 156 278
34 156 279
34 156 281
34 156 282
34 156 294
34 156 295
34 156 313
34 156 314
34 156 355
34 156 365
34 156 369
34 156 370
34 156 371
34 156 372
34 156 373
34 156 374
34 156 375
34 156 380
34 156 381
34 156 401
34 156 402
34 156 411
34 83 269
34 83 270
34 83 271
34 83 272
34 153 292
34 98 375
34 154 411
34 154 412
34 61 446
34 149 453
34 149 454
34 149 486
34 149 495
34 149 500
34 149 502
34 149 503
34 93 478
34 161 484
34 161 486
34 161 496
34 161 497
34 161 502
34 19 496
34 19 497
156 90 271
156 90 272
156 90 274
156 90 275
156 56 357
156 157 368
156 143 368
156 171 411
92 1 247
92 1 248
92 1 251
92 1 253
92 1 254
92 1 255
92 1 257
92 1 259
92 1 261
92 1 262
92 1 263
92 1 266
92 1 267
92 1 271
92 1 272
92 1 283
92 1 286
92 1 288
92 1 294
92 1 295
92 1 296
92 1 307
92 1 309
92 1 317
92 1 318
92 1 319
92 1 321
92 1 326
92 1 328
92 1 329
92 1 330
92 1 331
92 1 332
92 1 338
92 1 340
92 1 341
92 1 358
92 1 359
92 1 360
92 1 361
92 1 362
92 1 363
92 1 364
92 1 365
92 1 367
92 1 368
92 1 369
92 1 370
92 1 371
92 1 372
92 1 373
92 1 374
92 1 375
92 1 376
92 1 377
92 1 378
92 1 379
92 1 380
92 1 381
92 1 382
92 1 383
92 1 384
92 1 385
92 1 386
92 1 387
92 1 388
92 1 389
92 1 390
92 1 391
92 1 393
92 1 394
92 1 395
92 1 396
92 1 397
92 1 398
92 1 399
92 1 400
92 1 401
92 1 402
92 1 406
92 1 408
92 1 411
92 1 412
92 115 608
92 115 610
92 115 614
92 115 615
92 115 616
92 115 618
92 115 627
92 115 629
92 115 633
92 115 634
92 115 636
92 115 639
92 115 640
92 115 642
92 115 646
92 115 647
92 115 648
92 115 651
92 115 681
92 115 682
92 115 683
92 115 684
92 115 685
92 115 694
92 115 726
92 115 727
92 115 728
92 115 740
92 115 743
92 115 762
92 115 768
92 115 770
92 115 771
92 115 773
92 169 616
92 169 619
92 169 622
92 55 640
92 136 655
1 56 312
1 56 318
1 174 360
1 139 451
97 71 792
97 71 822
97 71 823
97 71 825
154 133 344
154 47 347
154 148 372
154 148 373
154 108 400
154 131 410
154 140 411
154 155 448
154 155 449
154 155 450
154 155 451
154 155 452
90 89 558
90 89 661
90 89 665
90 55 665
90 55 667
90 55 668
90 55 669
90 55 670
90 55 671
90 55 672
90 55 673
170 83 287
83 111 656
83 111 658
83 111 659
83 111 662
83 111 663
83 111 664
83 111 665
83 111 670
83 111 671
83 111 673
83 111 674
83 111 676
83 111 677
83 111 678
83 111 679
83 111 687
83 111 688
83 111 689
83 111 695
83 111 700
83 111 701
83 111 702
83 111 704
83 111 707
83 111 709
83 111 715
83 111 719
83 111 720
83 111 722
83 24 656
83 24 657
83 24 665
83 24 669
83 24 670
83 24 672
83 24 673
83 24 678
83 24 679
83 24 687
83 24 688
83 24 692
83 24 694
83 24 695
83 24 697
83 24 698
83 24 699
83 24 701
83 24 702
83 24 714
83 24 715
83 24 716
83 24 717
83 24 719
83 24 722
83 24 723
83 24 724
83 24 726
83 62 669
83 101 698
83 159 701
83 137 724
83 56 725
167 2 332
113 2 284
113 2 285
113 2 286
113 2 287
113 2 288
113 2 289
113 2 290
113 2 291
113 2 292
113 2 295
113 118 310
113 118 315
113 118 316
113 118 317
113 118 318
113 118 325
113 118 326
113 118 327
113 118 328
113 118 329
113 118 330
113 118 331
113 118 332
113 118 333
113 118 334
113 118 335
113 118 336
113 118 337
113 118 338
113 118 339
113 62 617
113 115 629
113 115 630
113 115 722
113 138 665
113 169 691
113 169 694
113 169 705
113 169 706
113 169 710
113 169 717
113 169 718
113 169 719
113 169 721
2 43 502
2 43 504
2 43 512
2 43 513
2 43 516
2 43 518
2 43 520
2 43 522
2 43 523
2 43 524
2 43 525
2 43 529
2 43 530
2 43 531
2 43 533
2 43 562
2 43 563
2 43 565
2 43 570
2 43 577
2 43 579
153 6 1034
153 29 1035
153 29 1036
153 29 1043
153 29 1044
153 29 1045
153 29 1046
153 29 1047
153 29 1048
153 29 1049
153 29 1050
153 29 1051
153 29 1086
153 29 1090
153 29 1091
153 29 1099
153 29 1101
153 29 1102
153 70 1043
153 70 1045
153 70 1046
153 70 1047
153 70 1069
153 70 1074
153 70 1090
153 70 1101
153 70 1102
153 149 1098
89 49 557
89 49 558
89 49 559
89 49 560
89 49 561
89 49 562
89 49 564
89 49 568
89 49 569
89 49 575
89 49 576
89 49 577
89 49 578
89 49 590
89 49 591
89 49 608
89 49 609
89 49 614
89 49 623
89 49 632
89 49 633
89 49 662
89 49 663
89 61 574
89 124 578
89 44 665
56 82 332
56 82 335
56 172 634
56 172 666
56 172 675
56 172 676
56 172 698
56 172 712
56 176 685
33 118 310
33 118 315
33 118 316
33 118 317
33 118 318
33 118 319
33 118 320
33 118 321
33 118 322
33 118 323
33 118 324
33 118 325
33 118 326
33 131 965
33 131 967
33 131 968
33 131 970
33 131 972
33 131 975
33 131 976
33 131 977
33 131 978
33 131 979
33 131 980
33 131 981
33 131 982
33 131 983
33 131 984
33 131 985
33 131 986
33 131 987
33 131 988
33 131 989
33 131 991
33 131 997
33 131 999
33 131 1000
33 131 1001
33 131 1003
33 131 1004
33 131 1005
33 131 1007
33 131 1012
33 131 1013
33 131 1014
33 131 1015
33 131 1016
33 131 1017
33 131 1023
33 131 1025
33 131 1028
33 131 1030
33 131 1031
33 131 1032
33 131 1035
33 131 1036
33 131 1037
33 131 1038
33 131 1039
33 131 1040
33 131 1041
33 131 1043
33 131 1044
33 131 1051
33 131 1052
33 131 1053
33 131 1054
33 131 1055
33 131 1056
33 94 970
33 94 981
33 94 982
33 94 983
33 94 984
33 22 981
33 22 982
33 22 990
33 22 991
33 46 985
33 46 986
33 46 987
33 46 989
33 107 1002
118 157 339
118 160 841
118 25 867
118 148 906
118 46 906
118 46 907
118 46 908
118 46 909
175 146 548
175 8 548
175 110 582
175 110 585
175 110 586
175 110 587
175 124 587
175 3 589
82 35 434
82 35 436
82 35 444
82 35 446
82 35 450
82 35 454
82 35 456
82 35 460
82 35 464
82 35 465
82 35 468
82 35 478
82 35 487
82 35 488
82 35 489
82 35 490
82 35 492
82 35 493
82 35 494
82 35 496
82 35 497
82 35 499
82 35 501
82 35 502
82 35 503
82 35 505
82 35 507
82 35 509
82 136 493
82 55 494
82 55 496
82 55 500
82 85 509
41 112 330
41 112 379
41 112 380
41 98 330
41 98 385
41 98 388
41 143 330
41 143 338
41 143 339
41 143 340
41 143 342
41 143 344
41 143 349
41 143 378
41 143 379
41 143 382
41 143 383
41 143 390
41 143 395
41 143 397
41 143 398
41 143 399
41 143 401
41 143 403
41 157 335
41 157 338
41 157 339
41 157 340
41 157 346
41 157 348
41 157 349
41 157 350
41 157 351
41 157 357
41 157 360
41 157 369
41 157 370
41 157 382
41 157 385
41 157 393
41 157 399
41 157 400
41 157 403
41 117 337
41 117 342
41 117 370
41 117 381
41 117 382
41 117 383
41 14 340
41 14 373
41 14 382
41 14 386
41 116 348
41 116 351
41 116 390
41 115 348
41 115 349
41 115 350
41 122 356
41 30 846
41 30 849
41 30 857
41 30 859
41 30 860
41 30 863
41 30 869
41 30 871
41 140 849
41 140 855
41 140 859
41 140 861
41 140 862
41 140 864
41 140 865
41 140 871
41 140 872
41 177 853
112 108 330
112 108 343
112 108 344
112 108 345
112 108 346
112 108 347
112 108 348
112 108 351
112 108 354
112 108 355
112 108 361
112 108 362
112 108 363
112 108 364
112 108 381
112 108 382
112 108 386
112 108 387
112 108 388
112 108 389
112 108 390
112 108 391
112 108 400
112 160 330
112 160 345
112 160 356
112 160 362
112 160 363
112 160 364
112 160 367
112 160 371
112 160 384
112 47 344
112 47 393
112 14 345
112 14 346
112 14 347
112 14 348
112 25 353
112 25 355
112 25 362
112 25 378
112 25 382
112 25 384
112 25 386
112 25 387
112 25 388
112 128 367
112 155 398
112 171 400
112 171 401
112 30 1183
112 30 1192
112 30 1198
112 30 1203
112 30 1204
112 30 1205
112 30 1206
112 30 1207
112 30 1209
112 30 1211
112 30 1212
112 30 1213
112 30 1214
112 30 1215
112 30 1216
112 30 1218
112 30 1226
112 30 1232
112 30 1233
112 30 1234
112 30 1236
112 30 1240
112 30 1294
112 30 1295
112 30 1298
112 30 1299
112 30 1301
112 30 1304
112 30 1305
112 30 1306
112 30 1307
112 30 1311
112 30 1316
112 30 1320
112 30 1321
112 30 1322
112 30 1324
112 30 1329
98 25 336
98 25 343
98 25 345
98 25 356
98 25 362
98 25 363
98 25 366
98 25 367
98 25 381
98 25 382
98 25 385
98 25 386
98 14 345
98 14 346
98 14 347
98 14 351
98 14 384
98 128 357
98 128 398
98 49 558
98 49 559
143 108 330
143 108 341
143 108 355
143 108 357
143 108 362
143 108 363
143 108 365
143 108 366
143 108 368
143 108 392
143 25 334
143 25 335
143 25 336
143 25 339
143 25 362
143 25 374
143 25 375
143 25 376
143 25 377
143 25 378
143 25 380
143 25 392
143 25 393
143 25 394
143 25 395
143 148 338
143 47 344
143 47 347
143 47 356
143 47 374
143 47 376
143 47 377
143 47 380
143 47 384
143 47 389
143 14 347
143 14 389
143 133 358
143 128 366
143 128 393
143 48 396
143 104 397
143 139 420
143 55 424
108 157 330
108 157 341
108 157 376
108 157 377
108 157 378
108 157 384
108 157 385
108 157 386
108 157 387
108 157 388
108 157 389
108 157 391
108 157 396
108 157 397
108 117 343
108 117 344
108 117 345
108 117 347
108 117 351
108 117 379
108 117 389
108 117 391
108 117 398
108 14 344
108 115 348
108 115 359
108 115 392
108 115 400
108 116 356
108 140 368
108 142 1057
108 142 1067
108 142 1130
108 102 1058
108 102 1118
108 102 1119
108 102 1121
108 102 1122
108 102 1133
108 102 1154
108 102 1178
108 102 1189
108 86 1059
108 86 1063
108 86 1064
108 86 1065
108 86 1067
108 86 1117
108 86 1118
108 86 1119
108 86 1121
108 86 1122
108 86 1123
108 86 1124
108 86 1125
108 86 1126
108 86 1128
108 86 1132
108 179 1065
108 179 1066
108 179 1067
108 179 1072
108 179 1073
108 179 1086
108 179 1087
108 179 1088
108 179 1089
108 179 1093
108 179 1116
108 179 1131
108 179 1135
108 179 1143
108 179 1146
108 179 1198
108 179 1199
108 179 1200
108 12 1066
108 12 1067
108 12 1093
108 12 1126
108 12 1138
108 12 1153
108 12 1154
108 12 1181
108 12 1184
108 12 1186
108 12 1189
108 94 1073
108 22 1073
108 58 1086
108 58 1091
108 58 1106
108 58 1108
108 58 1134
108 58 1135
108 58 1146
108 52 1091
108 52 1106
108 52 1134
108 52 1136
108 52 1146
108 52 1150
108 52 1153
108 65 1106
108 159 1110
108 159 1200
108 40 1114
108 40 1131
108 40 1148
108 40 1149
108 147 1119
108 147 1120
108 147 1122
108 147 1132
108 147 1198
108 147 1199
108 147 1200
157 124 330
157 124 336
157 124 364
157 124 390
157 160 335
157 160 338
157 160 340
157 160 343
157 160 344
157 160 346
157 160 347
157 160 364
157 160 379
157 160 380
157 160 381
157 160 382
157 160 383
157 160 384
157 160 389
157 160 391
157 160 392
157 160 394
157 160 399
157 160 400
157 160 403
157 25 341
157 25 392
157 25 393
157 25 394
157 47 380
157 47 383
157 47 384
157 47 390
157 47 395
157 14 384
157 14 385
157 155 401
157 171 403
160 14 340
160 14 349
160 14 382
160 117 345
160 117 353
160 117 366
160 117 367
160 117 377
160 117 382
160 115 350
160 116 362
160 116 363
160 116 390
160 116 391
160 116 394
124 117 343
124 117 344
124 117 367
124 117 390
124 14 349
124 14 352
124 14 378
124 14 399
124 116 362
124 115 376
124 115 399
124 115 400
124 115 401
124 66 544
124 66 545
124 66 547
124 66 548
124 66 550
124 66 553
124 66 562
124 66 563
124 66 564
124 66 565
124 66 568
124 66 577
124 66 578
124 66 580
124 66 581
124 66 582
124 66 586
124 28 550
124 28 553
124 28 554
124 28 562
124 28 563
124 28 569
124 28 572
124 28 575
124 28 580
124 28 581
124 28 582
124 28 585
124 28 586
124 110 572
124 110 578
124 110 579
124 110 580
124 110 581
124 110 586
124 55 578
25 38 335
25 38 341
25 38 385
25 38 395
25 14 339
25 14 342
25 14 380
25 117 340
25 117 353
25 117 354
25 117 355
25 117 356
25 116 359
25 116 362
25 116 367
25 116 369
25 116 376
25 140 368
25 16 760
25 16 763
25 16 775
25 16 778
25 16 782
25 16 824
25 16 833
25 16 836
25 16 848
25 16 853
25 16 859
25 16 860
25 16 861
25 16 862
25 16 864
25 16 866
25 16 868
25 16 869
25 16 870
25 16 871
25 16 872
25 16 873
25 16 874
25 16 875
25 16 876
25 16 877
25 16 878
25 16 893
25 10 862
25 10 863
38 128 352
38 14 362
38 14 363
38 76 430
38 76 433
38 76 437
38 76 438
38 76 439
38 76 440
38 76 441
38 76 442
38 76 443
38 76 447
38 76 448
38 76 449
38 76 455
38 76 457
38 76 461
38 76 463
38 76 469
38 76 470
38 76 473
38 76 479
38 76 480
38 76 498
38 76 500
38 76 508
38 85 508
117 14 339
117 14 345
117 14 353
117 14 354
117 14 355
117 14 382
117 47 340
117 47 344
117 47 345
117 47 347
117 47 348
117 47 352
117 47 380
117 47 390
117 171 347
117 128 352
117 128 353
117 128 358
117 128 359
117 128 366
117 128 367
117 128 377
117 128 396
117 128 397
117 127 359
117 127 366
117 127 367
117 127 377
117 148 364
117 174 370
117 174 381
117 174 382
117 174 389
117 174 390
148 51 857
148 51 858
148 51 860
148 51 863
148 51 864
148 51 865
148 51 866
148 51 867
148 51 868
148 51 869
148 51 874
148 51 877
148 51 878
148 51 883
148 51 889
148 51 897
148 51 898
148 51 899
148 51 901
148 51 902
148 51 903
148 51 904
148 51 916
148 51 917
148 51 918
148 51 931
148 51 932
148 51 933
148 51 934
148 51 935
148 51 936
148 146 935
148 158 935
14 47 352
14 47 358
14 128 353
14 128 392
14 174 370
14 174 380
14 174 382
14 116 379
14 127 399
47 115 357
47 116 376
47 147 1060
47 147 1061
47 147 1062
47 147 1063
47 147 1065
47 147 1071
47 147 1072
47 147 1075
47 147 1084
47 147 1088
47 102 1062
47 102 1140
47 142 1068
47 40 1071
47 40 1119
47 40 1147
47 40 1193
47 12 1087
47 12 1088
47 12 1090
47 12 1099
47 12 1100
47 12 1101
47 12 1102
47 12 1103
47 12 1104
47 12 1105
47 12 1109
47 12 1110
47 12 1111
47 12 1112
47 12 1113
47 12 1114
47 12 1120
47 12 1121
47 12 1136
47 12 1138
47 12 1155
47 12 1156
47 12 1158
47 12 1159
47 12 1187
47 12 1188
47 12 1189
47 58 1106
47 58 1118
47 86 1132
47 86 1138
47 86 1139
47 179 1141
47 179 1144
47 179 1146
47 179 1149
47 179 1150
47 159 1189
133 116 345
133 116 346
133 115 346
133 62 618
133 62 623
133 62 624
133 62 628
133 62 629
133 62 630
133 62 632
133 62 637
133 62 638
133 62 646
133 62 649
133 62 650
133 62 652
133 62 653
133 62 727
133 172 637
133 136 673
116 127 347
116 127 348
116 127 372
116 127 375
116 127 379
116 127 381
116 127 384
116 127 391
116 127 396
116 174 348
116 174 351
116 149 1077
116 149 1088
116 149 1095
116 149 1109
116 149 1129
116 149 1130
116 149 1132
116 149 1133
116 149 1134
116 149 1136
116 149 1138
116 149 1139
116 149 1145
116 149 1148
116 149 1152
116 149 1154
116 149 1156
116 149 1158
116 149 1162
116 149 1165
116 149 1168
116 149 1169
116 149 1172
116 149 1175
116 149 1176
116 149 1180
116 149 1182
116 149 1183
116 149 1184
116 149 1186
116 149 1187
115 128 350
115 128 352
115 128 357
115 128 358
115 128 366
115 128 367
115 128 373
115 128 378
115 171 400
115 171 401
115 171 402
115 152 615
115 152 630
115 152 697
115 152 699
115 152 700
115 152 701
115 152 702
115 152 711
115 152 715
115 152 716
115 152 720
115 152 722
115 152 723
115 152 724
115 152 725
115 152 727
115 49 634
115 49 635
115 49 636
115 49 639
115 49 640
115 9 655
171 104 449
171 104 450
171 104 451
171 104 453
127 122 347
127 136 676
127 136 677
122 128 347
122 24 655
122 24 656
122 24 659
122 24 660
122 24 662
122 24 663
122 24 664
122 24 667
122 24 670
122 24 671
122 24 672
122 24 673
122 24 674
122 24 675
122 24 679
122 24 680
122 24 681
122 24 682
122 24 683
122 24 684
122 24 685
122 24 686
122 24 687
122 24 688
122 24 690
122 24 691
122 24 692
122 24 693
122 24 695
122 24 699
122 24 703
122 24 719
122 24 722
122 24 726
122 24 727
122 77 726
135 61 546
135 61 560
135 61 566
140 57 845
140 57 850
140 57 855
140 28 847
140 28 849
140 28 854
140 28 855
140 28 856
140 28 858
140 28 859
140 28 861
140 28 869
140 28 870
140 28 871
140 28 872
129 30 845
129 30 846
129 30 857
129 45 846
129 45 850
129 45 851
129 45 852
129 45 856
155 48 393
155 48 395
155 48 396
155 48 397
155 48 416
155 48 437
155 104 394
155 104 395
155 104 396
155 104 397
155 104 398
155 104 400
155 104 401
155 104 402
155 104 407
155 104 416
155 104 429
155 104 436
155 104 445
155 104 449
155 104 450
155 104 451
155 55 423
155 136 423
155 62 636
155 62 637
155 62 639
155 62 640
155 4 757
48 3 479
48 3 482
48 3 483
48 3 485
48 3 493
48 3 503
48 3 505
48 3 506
48 3 507
48 3 508
48 3 514
48 3 515
48 3 517
48 3 519
48 3 521
48 3 526
48 3 527
48 3 528
48 3 535
48 3 564
48 3 567
48 3 574
48 3 578
48 3 580
48 3 584
48 3 586
48 3 587
48 3 588
48 3 589
48 158 589
104 70 487
104 158 546
139 45 732
139 45 734
139 45 735
139 45 737
139 45 741
139 45 754
139 45 777
139 45 779
139 45 781
139 45 786
139 45 789
139 45 791
139 45 792
139 45 793
139 45 795
139 45 800
139 45 801
139 45 802
139 45 803
139 45 804
139 45 812
139 45 813
139 147 736
131 66 978
161 55 411
161 55 412
161 55 425
161 55 427
161 55 462
161 55 463
161 55 464
161 55 469
161 55 470
161 55 475
161 55 477
161 55 487
161 136 419
161 136 431
161 136 432
161 136 434
161 136 439
161 136 448
161 136 449
161 136 450
161 136 451
161 136 452
161 136 453
161 136 454
161 136 455
161 136 458
161 136 460
161 136 464
161 136 465
161 136 466
161 136 467
161 136 469
161 136 473
161 136 474
161 136 475
161 136 476
161 136 477
161 136 478
161 136 480
161 136 481
161 136 484
161 136 490
161 136 491
161 136 497
161 136 498
161 136 504
161 19 496
161 19 497
161 19 498
161 19 499
161 19 500
161 64 908
161 64 917
161 64 926
161 64 933
161 11 917
161 11 920
161 11 921
161 11 926
161 11 939
161 57 918
161 57 921
161 57 939
161 85 921
161 85 926
161 85 929
55 93 422
55 93 424
55 93 494
55 93 497
55 93 499
55 37 425
55 37 426
55 37 429
55 37 436
55 37 439
55 37 491
55 149 469
55 149 475
55 149 477
55 19 570
61 136 413
61 136 465
61 136 466
61 136 467
61 136 468
61 136 474
61 136 476
61 136 481
61 76 495
61 76 497
61 76 507
61 35 497
61 19 571
61 19 572
61 19 590
136 93 418
136 37 425
136 37 441
136 37 444
136 37 494
136 37 498
136 70 470
136 70 471
136 19 496
136 19 498
136 152 656
136 152 657
136 152 658
136 44 671
93 76 496
93 76 508
93 35 509
93 106 824
93 169 828
93 177 838
37 85 489
37 85 490
37 85 491
37 85 492
37 86 1080
37 86 1127
37 86 1130
37 102 1092
37 102 1093
37 102 1096
37 52 1117
37 52 1120
37 12 1121
37 12 1127
37 12 1150
37 179 1125
37 179 1127
37 179 1143
37 179 1146
37 179 1147
37 58 1131
37 58 1146
37 142 1131
37 142 1139
37 142 1144
76 149 1098
35 10 848
149 85 489
149 19 497
149 19 499
149 19 500
149 58 1061
149 86 1071
149 86 1089
149 102 1071
149 65 1077
149 40 1084
149 40 1085
149 40 1086
70 5 1036
70 5 1050
70 5 1076
70 80 1037
70 46 1042
70 86 1100
3 28 586
3 15 628
3 15 631
3 15 658
3 15 667
3 15 676
3 15 679
3 20 628
3 20 629
3 20 631
3 20 632
3 20 633
3 20 634
3 20 635
3 20 636
3 20 640
3 20 642
3 20 648
3 20 650
3 20 652
3 20 656
3 20 657
3 20 658
3 20 659
3 20 661
3 20 662
3 20 663
3 20 664
3 20 665
3 20 666
3 20 667
3 20 668
3 20 670
3 20 672
3 20 673
3 20 674
3 20 678
3 20 679
3 62 629
64 11 907
64 11 910
64 11 911
64 11 912
64 11 913
64 11 914
64 11 917
64 11 918
64 11 920
64 11 922
64 11 925
64 11 926
64 11 928
64 11 930
64 11 931
64 11 932
64 11 934
64 11 935
64 11 936
64 11 937
64 11 938
64 11 939
64 51 911
64 51 912
64 51 925
64 51 930
64 51 937
64 79 916
64 79 917
64 79 918
64 79 920
64 79 922
64 79 925
64 79 926
64 79 930
64 79 935
64 79 936
64 79 937
64 79 939
64 79 940
85 51 916
85 51 917
85 51 920
85 51 924
85 51 925
85 51 926
85 51 931
85 51 932
85 51 933
85 51 934
85 51 935
85 51 937
85 51 938
85 51 939
85 51 940
85 11 918
85 11 919
85 11 920
85 11 921
85 11 922
85 11 923
85 11 924
85 11 925
85 11 926
85 11 928
85 11 931
85 11 932
85 11 933
85 11 934
85 11 935
85 11 936
85 11 937
85 11 938
85 11 939
85 11 940
85 46 928
43 66 580
8 146 494
8 146 495
8 146 496
8 146 502
8 146 508
8 146 509
8 146 510
8 146 511
8 146 512
8 146 513
8 146 515
8 146 517
8 146 518
8 146 519
8 146 520
8 146 521
8 146 522
8 146 524
8 146 525
8 146 526
8 146 527
8 146 528
8 146 529
8 146 530
8 146 531
8 146 532
8 146 533
8 146 534
8 146 535
8 146 536
8 146 537
8 146 538
8 146 539
8 146 540
8 146 541
8 146 542
8 146 543
8 146 544
8 146 545
8 146 546
8 146 548
8 163 497
8 110 547
146 107 890
146 107 891
146 46 935
19 66 579
19 158 595
39 5 700
39 5 711
39 5 712
39 5 714
39 5 715
39 5 716
39 5 723
39 5 724
39 5 725
39 5 739
39 5 755
39 5 759
39 5 760
39 5 761
39 5 763
39 5 772
39 5 782
39 5 799
39 5 809
39 5 817
39 5 818
39 5 830
39 5 842
39 5 857
39 21 701
39 21 707
39 21 708
39 21 710
39 21 711
39 21 717
39 21 723
39 21 724
39 21 725
39 21 726
39 21 727
39 21 728
39 21 729
39 21 730
39 21 731
39 21 732
39 21 733
39 21 734
39 21 735
39 21 736
39 21 737
39 21 738
39 21 739
39 21 740
39 21 741
39 21 742
39 21 743
39 21 744
39 21 745
39 21 746
39 21 747
39 21 748
39 21 750
39 21 751
39 21 753
39 21 757
39 21 758
39 21 759
39 21 760
39 21 761
39 21 762
39 21 763
39 21 764
39 21 765
39 21 766
39 21 769
39 21 772
39 21 773
39 21 774
39 21 775
39 21 776
39 21 780
39 21 781
39 21 782
39 21 787
39 21 788
39 21 789
39 21 793
39 21 794
39 21 795
39 21 798
39 21 799
39 21 800
39 21 802
39 21 803
39 21 804
39 21 805
39 21 807
39 21 809
39 21 811
39 21 812
39 21 813
39 21 814
39 21 815
39 21 816
39 21 818
39 21 820
39 21 821
39 21 825
39 21 826
39 21 827
39 21 828
39 21 832
39 21 833
39 21 837
39 21 838
39 21 839
39 21 842
39 21 843
39 21 844
39 21 845
39 21 846
39 21 847
39 21 849
39 21 853
39 9 707
39 9 708
39 9 711
39 9 729
39 147 708
39 147 710
39 147 711
39 147 727
39 147 728
39 147 783
39 62 725
39 45 733
39 125 758
39 125 771
39 125 786
39 125 826
39 125 857
39 107 791
39 107 833
120 158 547
120 107 981
120 107 1063
120 94 981
120 94 982
120 94 983
120 94 984
120 94 991
120 22 981
120 46 989
120 36 1057
120 36 1062
120 36 1063
120 17 1063
66 49 563
66 94 1022
66 80 1054
66 80 1083
66 5 1054
66 5 1083
66 86 1080
66 65 1082
28 45 847
28 45 848
28 45 856
28 45 861
28 45 865
28 45 866
28 45 872
49 77 691
49 9 692
105 101 620
105 101 628
105 101 631
105 101 632
105 101 635
105 101 637
105 101 638
105 101 641
105 101 643
105 101 658
105 101 659
105 101 660
105 101 661
105 101 662
105 101 664
105 101 668
105 101 673
105 101 674
105 101 675
105 101 688
105 101 689
105 101 690
105 101 690
105 101 692
105 101 693
105 101 695
105 101 696
105 101 697
105 101 698
105 101 698
105 101 699
105 101 700
105 101 700
105 101 702
105 101 703
105 101 704
105 101 705
105 101 706
105 101 707
105 101 708
105 101 709
105 101 710
105 101 711
105 101 712
105 101 713
105 101 714
105 101 715
105 101 716
105 101 717
105 101 718
105 101 719
105 101 720
105 101 721
105 101 722
105 101 723
105 101 724
105 101 725
105 101 729
105 101 730
105 101 739
105 101 744
105 101 763
105 101 772
105 125 624
105 125 625
105 125 721
105 169 629
105 169 703
105 169 704
105 169 709
105 169 710
105 169 714
105 169 717
105 169 718
105 169 719
105 169 721
105 169 726
105 169 728
105 40 689
105 40 690
105 40 714
105 40 716
105 152 754
105 152 756
105 152 757
152 101 618
152 101 621
152 101 623
152 101 624
152 101 656
152 172 640
152 164 658
152 125 666
152 125 699
152 125 700
152 125 701
152 125 702
152 125 707
152 125 711
152 125 720
152 125 722
152 125 724
152 125 725
152 125 853
152 125 854
152 125 856
152 9 768
152 9 769
152 9 772
152 147 771
152 147 772
152 10 822
152 21 852
152 21 853
152 36 853
152 36 856
152 5 853
152 5 856
62 172 636
62 172 658
62 172 660
62 172 661
62 172 667
62 172 668
62 172 704
62 172 707
62 172 710
62 172 711
62 172 712
62 172 713
62 172 714
62 172 715
62 9 668
62 138 669
62 159 688
62 159 689
62 159 692
62 159 693
62 159 694
62 159 695
62 159 705
62 159 706
62 137 698
62 164 719
62 164 723
62 164 724
62 164 725
62 36 728
101 147 655
101 9 655
101 44 687
101 44 688
101 44 690
101 44 691
101 44 692
101 44 693
101 44 696
101 44 697
101 44 699
101 44 714
101 77 691
125 15 633
125 79 746
125 79 748
125 79 752
125 79 765
125 79 768
125 79 771
125 79 777
125 79 778
125 79 780
125 79 782
125 79 783
125 79 784
125 79 786
125 79 789
125 79 809
125 79 817
125 79 820
125 79 821
125 79 822
125 79 824
125 79 825
125 79 826
125 79 827
125 4 751
125 4 762
125 4 780
125 4 789
125 4 831
125 4 853
125 4 856
125 4 857
125 21 754
125 21 826
125 177 854
15 4 627
15 4 630
15 4 641
15 20 628
15 20 629
15 20 632
15 20 637
15 20 638
15 20 641
15 20 642
15 20 657
15 20 667
15 20 676
15 20 677
15 20 678
15 20 679
15 20 680
4 20 630
4 20 638
4 20 639
4 20 641
4 20 649
4 20 651
4 21 699
4 21 700
4 21 701
4 21 702
4 21 703
4 21 706
4 21 714
4 21 718
4 21 719
4 21 720
4 21 722
4 21 723
4 21 724
4 21 725
4 21 726
4 21 728
4 21 732
4 21 736
4 21 737
4 21 738
4 21 750
4 21 751
4 21 756
4 21 757
4 21 758
4 21 760
4 21 762
4 21 763
4 21 771
4 21 780
4 21 783
4 21 793
4 21 794
4 21 800
4 21 804
4 21 810
4 21 819
4 21 820
4 21 821
4 21 826
4 21 851
4 21 853
4 36 736
4 36 738
4 36 740
4 36 741
4 36 743
4 36 756
4 36 757
4 36 762
4 36 784
4 36 791
4 36 793
4 36 819
4 36 820
4 36 826
4 36 853
4 36 856
4 9 756
172 24 669
172 159 706
9 147 646
9 147 647
9 147 648
9 147 649
9 147 650
9 147 651
9 147 652
9 147 653
9 147 654
9 147 682
9 147 683
9 147 684
9 147 685
9 147 729
9 147 730
9 147 733
9 147 739
9 147 740
9 147 742
9 147 743
9 147 746
9 147 750
9 147 753
9 147 754
9 147 759
9 147 762
9 147 763
9 147 766
9 147 767
9 147 768
9 147 769
9 147 770
9 147 772
9 147 774
9 147 775
9 147 776
9 147 778
9 147 783
9 147 784
9 164 655
9 164 656
9 164 657
9 164 658
9 164 660
9 164 661
9 164 662
9 164 663
9 164 664
9 164 670
9 164 674
9 164 678
9 164 680
9 164 686
9 164 687
9 164 689
9 164 690
9 164 692
9 164 702
9 164 703
9 164 708
9 164 709
9 164 713
9 164 714
9 164 719
9 164 720
9 164 722
9 164 723
9 164 724
9 164 725
9 164 747
9 164 748
9 164 749
9 164 751
9 164 752
9 164 755
9 164 756
9 164 760
9 164 761
9 164 765
9 29 692
9 21 711
9 21 712
9 21 737
9 21 744
9 21 755
9 21 756
9 21 762
9 36 734
9 36 735
9 36 783
9 16 760
147 94 1062
147 52 1063
147 52 1065
147 52 1066
147 52 1072
147 52 1074
147 52 1075
147 52 1083
147 52 1088
147 52 1129
147 142 1067
147 142 1087
147 142 1199
147 142 1200
147 12 1068
147 12 1073
147 12 1074
147 12 1079
147 12 1132
147 12 1154
138 111 655
138 111 657
138 111 663
138 111 664
138 111 667
138 111 670
138 111 671
138 111 679
138 111 685
138 111 686
138 111 687
138 111 688
138 111 689
138 111 691
138 111 692
138 111 694
138 111 695
138 24 656
138 24 657
138 24 658
138 24 659
138 24 660
138 24 661
138 24 663
138 24 664
138 24 669
138 24 670
138 24 672
138 24 676
138 24 677
138 24 685
138 24 686
138 24 687
138 24 688
138 24 691
138 77 657
138 77 658
138 77 659
138 77 660
138 77 662
138 77 663
138 77 664
138 77 665
138 77 666
138 77 668
138 77 669
138 77 670
138 77 678
138 77 686
138 77 687
138 77 688
138 77 692
138 77 695
138 5 1036
138 80 1037
111 40 689
111 40 713
111 44 696
111 77 696
111 24 697
111 24 698
164 21 710
164 21 711
164 21 712
164 21 726
164 21 730
164 21 756
164 21 757
164 21 759
24 176 700
24 176 701
24 16 748
24 16 749
24 16 752
24 16 755
24 16 756
24 16 759
24 16 762
24 16 774
24 16 783
24 16 784
24 16 834
24 16 846
24 16 882
24 16 883
24 16 884
24 16 886
24 16 887
24 16 888
24 16 890
24 16 891
24 16 892
24 21 750
24 107 866
77 29 691
29 44 657
29 44 667
29 44 668
29 44 682
29 44 687
29 44 688
29 44 696
29 44 697
29 44 698
29 44 699
29 44 700
29 44 701
29 44 702
29 44 708
29 5 1035
29 5 1036
29 80 1036
29 80 1037
29 86 1100
159 94 1057
159 94 1127
159 94 1130
159 94 1167
159 94 1168
159 94 1170
159 94 1176
159 94 1179
159 94 1181
159 94 1182
159 94 1184
159 94 1185
159 12 1064
159 12 1065
159 12 1076
159 12 1157
159 52 1090
159 52 1091
159 52 1095
159 52 1096
137 21 704
137 21 706
137 21 717
137 21 751
137 21 796
137 21 804
137 21 807
137 21 809
137 21 833
137 21 853
137 36 706
137 36 715
137 36 720
137 36 721
137 36 722
137 36 752
137 36 759
137 36 790
137 36 798
137 36 799
137 36 802
137 36 807
137 36 808
137 36 816
137 36 818
137 36 829
137 36 830
137 36 850
137 36 853
137 36 856
137 36 858
137 5 707
137 5 708
137 5 709
137 5 746
137 5 809
137 5 830
137 107 833
40 94 1048
40 94 1049
40 94 1050
40 94 1088
40 94 1089
40 94 1090
40 94 1091
40 94 1094
40 94 1095
40 94 1097
40 94 1098
40 94 1143
40 94 1150
40 94 1154
40 94 1193
40 106 1085
40 52 1121
40 52 1127
40 52 1130
40 52 1147
40 12 1151
40 12 1154
40 12 1186
40 12 1187
21 5 731
21 5 733
21 5 739
21 5 755
21 5 759
21 5 761
21 5 764
21 5 770
21 5 772
21 5 782
21 5 799
21 5 803
21 5 805
21 5 817
21 5 818
21 5 827
21 5 829
21 79 745
21 79 754
21 79 760
21 79 761
21 79 762
21 79 763
21 79 782
21 79 792
21 79 812
21 79 813
21 79 826
21 79 829
21 79 831
21 16 752
21 36 777
21 36 778
21 36 779
5 79 746
5 79 759
5 79 760
5 79 782
5 12 1078
36 79 759
36 79 762
36 79 771
36 79 812
36 79 813
36 79 831
36 106 787
45 10 813
45 57 850
45 57 855
45 57 856
79 16 752
79 107 833
79 178 918
79 178 919
79 178 925
79 178 930
79 178 935
79 178 938
79 178 940
16 107 867
106 65 784
106 65 785
106 65 787
106 65 791
106 65 805
106 65 824
106 10 821
106 166 1061
106 166 1062
106 166 1063
106 166 1064
106 166 1065
106 166 1070
106 166 1071
106 166 1072
106 166 1073
106 166 1074
106 166 1075
106 166 1076
106 166 1078
106 166 1080
106 166 1081
106 166 1082
106 166 1085
106 166 1086
106 166 1087
106 166 1089
106 166 1094
106 166 1097
106 166 1098
106 166 1119
106 166 1127
106 166 1128
106 166 1131
106 166 1135
106 166 1137
106 166 1141
106 166 1142
106 166 1143
106 166 1144
106 166 1146
106 166 1147
106 166 1153
106 166 1157
106 166 1159
106 166 1160
106 166 1161
106 166 1163
106 166 1166
106 166 1167
106 166 1170
106 166 1171
106 166 1173
106 166 1174
106 166 1179
106 166 1181
106 166 1185
106 166 1191
106 166 1192
106 166 1204
106 166 1210
106 86 1071
65 12 1075
65 142 1106
71 6 1264
71 32 1284
107 17 973
107 17 974
107 17 977
107 17 981
107 17 985
107 17 994
107 17 995
107 17 1010
107 17 1011
107 17 1025
107 17 1026
107 17 1028
107 17 1033
107 17 1034
107 17 1035
107 17 1036
107 17 1037
107 17 1038
107 17 1039
107 17 1040
107 17 1041
107 17 1042
107 17 1043
107 17 1044
107 17 1045
107 17 1046
107 17 1047
107 17 1048
107 17 1049
107 17 1050
107 17 1051
107 17 1052
107 17 1053
107 17 1054
107 17 1055
107 17 1056
107 17 1057
107 17 1058
107 17 1059
107 17 1060
107 17 1061
107 17 1062
107 17 1063
107 17 1064
107 17 1065
10 32 799
10 32 800
10 32 802
10 32 803
10 32 804
10 32 805
10 32 806
10 32 807
10 32 808
10 32 809
10 32 810
10 32 812
10 32 824
10 32 828
10 32 837
10 32 838
10 32 839
10 32 840
10 32 845
10 32 846
10 32 847
10 32 859
10 32 860
10 32 863
10 32 864
10 32 865
10 32 882
10 32 887
10 32 888
32 102 1187
32 102 1191
32 102 1195
32 102 1200
32 102 1201
32 102 1202
32 102 1220
32 102 1221
32 102 1230
32 102 1231
32 102 1235
32 102 1238
32 102 1239
32 102 1241
32 102 1269
32 102 1270
32 102 1277
32 102 1278
32 102 1281
32 102 1283
32 102 1284
32 102 1285
32 102 1286
32 102 1287
32 102 1291
32 102 1315
32 102 1317
32 102 1318
32 102 1319
32 102 1323
32 102 1325
32 102 1326
30 57 845
30 57 849
57 58 918
57 11 918
51 11 906
51 11 907
51 11 909
51 11 910
51 11 911
51 11 912
51 11 914
51 11 921
51 11 923
51 11 925
51 11 926
51 11 933
51 11 934
51 11 936
51 11 937
51 11 938
51 11 939
51 11 940
51 178 909
51 178 910
51 178 912
51 178 913
51 178 914
51 178 925
51 178 934
51 178 935
51 178 940
51 141 936
51 141 937
46 11 928
46 22 991
11 178 907
11 178 910
11 178 911
11 178 912
11 178 918
11 178 919
11 178 925
11 178 932
11 178 938
11 178 940
178 58 907
178 58 911
178 58 912
178 58 918
178 58 919
178 58 925
178 58 930
178 58 932
178 58 934
178 58 938
58 12 1064
58 12 1072
58 12 1073
58 12 1074
58 12 1081
58 12 1118
58 142 1076
58 142 1089
58 142 1120
58 94 1136
58 94 1146
58 80 1153
58 80 1155
58 80 1156
141 165 936
141 22 954
141 22 955
141 22 956
22 94 960
22 94 961
22 94 962
22 94 963
22 94 964
22 94 965
22 94 966
22 94 967
22 94 968
22 94 969
22 94 970
22 94 971
22 94 972
22 94 974
22 94 975
22 94 976
22 94 977
22 94 978
22 94 979
22 94 980
22 94 981
22 94 982
22 94 983
22 94 984
22 94 986
22 94 987
22 94 988
22 94 989
22 94 990
22 94 991
22 94 992
22 94 994
22 94 995
22 94 996
22 94 997
22 94 998
22 94 1000
22 94 1001
22 94 1002
22 94 1003
22 94 1004
22 94 1008
22 94 1009
22 94 1010
22 94 1014
22 94 1016
22 94 1018
22 94 1020
22 94 1024
22 94 1026
22 94 1052
22 94 1053
22 94 1054
22 94 1055
22 94 1068
22 94 1070
22 94 1071
22 94 1073
22 94 1080
22 94 1081
22 94 1082
22 94 1083
22 94 1084
22 94 1085
22 94 1087
22 94 1088
22 94 1089
22 94 1090
22 94 1091
22 94 1092
22 94 1093
22 94 1094
22 94 1095
22 94 1096
22 94 1097
22 94 1098
22 94 1099
22 94 1100
22 94 1101
22 94 1102
22 94 1103
22 94 1104
22 94 1105
22 94 1106
22 94 1107
22 94 1108
22 94 1109
22 94 1110
22 94 1111
22 94 1112
22 94 1114
22 94 1115
22 94 1116
22 94 1119
22 94 1120
22 94 1121
22 94 1123
22 94 1124
22 94 1125
22 94 1126
22 94 1127
22 94 1129
22 94 1132
22 94 1133
22 94 1134
22 94 1135
22 94 1137
22 94 1138
22 179 1073
22 12 1099
22 12 1100
22 86 1131
22 86 1136
94 142 1058
94 142 1062
94 142 1063
94 86 1059
94 86 1060
94 86 1075
94 86 1101
94 86 1102
94 86 1103
94 86 1105
94 86 1111
94 86 1114
94 86 1116
94 86 1117
94 86 1118
94 86 1119
94 86 1120
94 86 1121
94 86 1122
94 86 1123
94 86 1137
94 12 1100
94 12 1132
94 12 1136
94 12 1144
94 12 1145
94 12 1146
94 12 1147
94 12 1148
94 12 1150
94 12 1152
94 12 1153
94 12 1187
94 12 1188
94 12 1189
94 12 1190
94 179 1114
94 179 1115
94 179 1116
94 179 1141
94 179 1157
94 179 1190
94 179 1196
94 52 1135
94 52 1141
94 52 1155
94 52 1163
94 52 1164
94 52 1165
94 52 1167
94 52 1168
94 52 1169
94 52 1170
94 52 1171
94 52 1173
94 52 1179
94 52 1181
94 52 1182
94 52 1183
94 52 1184
94 52 1185
94 52 1186
94 52 1187
94 52 1188
94 52 1190
94 52 1193
86 12 1059
86 12 1063
86 12 1070
86 12 1101
86 12 1125
86 12 1126
86 12 1127
86 12 1128
86 12 1137
86 12 1138
86 12 1140
86 52 1061
86 52 1130
86 52 1132
86 52 1137
86 52 1138
86 52 1140
86 52 1151
86 52 1152
86 52 1154
86 52 1157
86 52 1159
86 142 1069
86 142 1077
6 80 1036
6 80 1039
6 80 1042
6 80 1044
6 80 1050
6 80 1051
6 80 1052
6 80 1053
6 80 1054
6 80 1055
6 80 1057
6 80 1059
6 80 1060
6 80 1067
6 80 1081
6 80 1082
6 80 1083
80 12 1078
80 179 1127
142 102 1059
142 102 1060
142 102 1061
142 102 1128
142 102 1171
142 102 1172
142 102 1173
142 102 1175
142 102 1177
142 102 1178
142 102 1180
142 102 1183
142 102 1186
142 52 1086
142 52 1147
142 52 1182
142 12 1099
142 12 1102
142 12 1103
142 12 1156
142 12 1198
142 179 1199
102 12 1070
102 52 1125
102 52 1126
12 179 1070
12 179 1092
12 179 1093
12 179 1100
12 179 1101
12 179 1127
12 179 1128
12 179 1135
12 179 1141
12 179 1190
12 179 1191
12 52 1072
12 52 1073
12 52 1075
12 52 1076
12 52 1080
12 52 1084
12 52 1088
12 52 1089
12 52 1090
12 52 1091
12 52 1104
12 52 1111
12 52 1117
12 52 1121
12 52 1129
12 52 1135
12 52 1139
12 52 1141
52 166 1072
52 179 1087
52 179 1096
52 179 1140
52 179 1147
