51 55 0
51 55 2
51 55 4
51 55 5
51 55 6
51 55 7
51 55 8
51 55 9
51 55 10
51 55 11
51 55 12
51 55 13
51 55 14
51 55 15
51 55 16
51 55 17
51 55 20
51 55 21
51 55 22
51 55 23
51 55 24
51 55 25
51 55 26
51 55 27
51 55 28
51 55 29
51 55 30
51 55 31
51 55 32
51 55 33
51 55 34
51 55 35
51 55 36
51 55 37
51 55 47
51 55 50
51 55 51
51 55 53
51 55 64
51 55 65
51 55 69
51 55 70
51 55 71
51 55 73
51 55 74
51 55 76
51 55 77
51 55 78
51 55 84
51 55 85
51 55 87
51 55 91
51 55 92
51 55 93
51 55 94
51 55 95
51 55 96
51 55 97
51 55 98
51 55 99
51 55 100
51 55 102
51 55 103
51 55 104
51 55 105
51 55 107
51 55 112
51 55 113
51 55 114
51 55 115
51 55 116
51 55 117
51 55 118
51 55 119
51 55 121
51 55 124
51 55 125
51 26 17
51 32 628
55 38 7
55 13 85
55 25 1121
55 25 1122
55 25 1123
55 25 1126
55 25 1135
55 25 1147
55 25 1153
55 25 1156
55 25 1157
55 25 1158
55 25 1159
55 25 1160
55 25 1161
55 25 1165
55 25 1166
55 25 1176
38 15 6
38 15 10
38 15 12
38 15 17
38 15 18
38 15 21
38 15 22
38 15 31
38 15 32
38 15 34
38 15 35
38 15 36
38 15 38
38 59 561
38 59 563
38 59 564
38 59 568
38 59 572
38 59 586
38 59 590
38 59 591
38 59 592
38 59 597
38 59 598
38 59 604
38 59 605
38 59 606
38 59 608
38 59 609
38 59 613
38 59 615
38 59 616
38 59 617
38 59 618
38 59 619
38 59 620
38 59 621
38 59 623
38 59 671
38 59 672
38 59 689
38 59 690
38 59 691
38 59 692
38 59 693
38 59 694
38 59 695
38 59 696
38 59 699
38 59 701
38 59 702
38 59 704
38 59 706
38 59 707
38 59 708
38 59 709
38 59 710
38 59 711
38 59 714
38 59 715
38 59 718
38 59 720
38 59 721
38 59 722
38 59 726
38 59 727
38 59 731
38 59 732
38 59 733
38 59 734
38 59 735
38 59 736
38 59 737
38 59 738
38 59 739
38 59 740
38 59 742
38 59 743
38 59 744
38 59 745
38 59 746
38 59 747
38 59 748
38 59 749
38 59 750
38 59 751
38 59 756
38 59 762
38 59 763
38 42 600
15 26 17
20 33 7
20 33 8
20 33 9
20 33 29
20 33 30
20 12 723
33 24 714
33 24 717
33 24 721
33 24 724
33 24 728
33 24 730
33 24 731
33 24 757
33 24 789
33 24 851
33 59 714
33 59 716
33 59 717
33 59 718
33 59 719
33 59 723
33 59 724
33 59 726
33 59 727
33 59 729
33 59 734
33 59 751
33 59 752
33 59 753
33 59 757
33 59 847
33 59 848
33 59 849
33 59 851
33 59 852
33 21 851
33 21 852
26 43 838
26 59 850
26 59 851
57 47 41
57 47 43
57 47 44
57 47 45
57 12 653
57 12 655
57 12 704
57 12 727
57 12 742
57 12 759
57 12 760
57 12 790
57 12 793
57 12 794
57 27 727
47 0 224
47 0 234
47 41 232
47 41 260
47 41 263
47 41 270
47 41 272
47 41 275
47 41 372
47 4 234
47 4 235
47 4 304
47 4 321
47 4 325
47 4 373
47 4 383
47 4 394
47 56 235
47 56 249
47 56 256
47 56 291
47 56 352
47 56 377
47 56 380
47 56 381
47 56 382
47 17 259
47 17 260
47 17 360
47 17 369
47 17 372
47 16 317
47 11 353
13 60 1138
13 11 1157
9 37 138
9 37 139
9 37 141
9 37 142
9 37 143
9 37 144
9 37 145
9 37 146
9 37 147
9 37 148
9 37 154
9 37 166
9 37 170
9 37 171
9 37 172
9 37 174
9 37 175
9 37 176
9 37 177
9 37 178
9 37 184
9 37 185
9 37 188
9 37 189
9 37 192
9 37 193
9 37 194
9 37 195
9 37 198
9 37 204
9 37 205
9 37 210
9 37 218
9 37 220
9 37 224
9 37 225
9 37 226
9 37 227
9 37 229
9 37 236
9 37 237
9 37 238
9 37 239
9 37 241
9 37 242
9 37 243
9 37 244
9 37 245
9 37 246
9 37 250
9 37 276
9 37 277
9 37 278
9 37 280
9 37 288
9 37 289
9 37 290
9 37 291
9 37 292
9 37 294
9 37 295
9 37 296
9 37 297
9 37 298
9 37 300
9 37 303
9 37 310
9 37 311
9 37 313
9 37 314
9 37 315
9 37 330
9 37 332
9 37 333
9 37 335
9 37 336
9 37 340
9 37 343
9 37 345
9 37 347
9 37 348
9 37 349
9 37 350
9 14 138
9 14 139
9 56 308
9 46 931
9 46 961
37 63 141
37 63 144
37 63 145
37 63 146
37 63 147
37 63 148
37 63 149
37 63 150
37 63 154
37 63 159
37 63 165
37 63 166
37 63 168
37 63 169
37 63 172
37 63 174
37 63 175
37 63 176
37 63 177
37 63 178
37 63 180
37 63 181
37 63 183
37 63 184
37 63 187
37 63 188
37 63 195
37 63 196
37 63 197
37 63 198
37 63 199
37 63 200
37 63 201
37 63 202
37 63 203
37 63 218
37 63 222
37 63 223
37 63 224
37 63 227
37 63 228
37 63 236
37 63 238
37 63 239
37 63 260
37 63 287
37 63 298
37 63 303
37 63 312
37 63 316
37 63 317
37 63 320
37 63 321
37 63 322
37 63 323
37 63 325
37 63 339
37 63 340
37 63 342
37 63 347
37 63 348
37 63 349
37 19 147
37 19 159
37 19 205
37 19 206
37 19 210
37 19 226
37 19 229
37 19 241
37 19 243
37 19 249
37 19 267
37 19 278
37 19 279
37 19 280
37 19 282
37 19 294
37 19 347
37 19 348
37 29 1364
37 29 1367
37 29 1379
37 29 1380
37 50 1379
37 3 1379
14 45 164
14 4 224
14 4 237
14 11 224
14 11 355
14 17 224
14 17 258
14 17 329
14 17 330
14 17 334
14 0 224
14 0 295
14 0 305
14 16 256
14 16 257
14 41 292
14 41 365
63 5 139
63 5 142
63 5 143
63 5 147
63 5 150
63 5 151
63 5 152
63 5 153
63 5 157
63 5 169
63 5 172
63 5 175
63 5 176
63 5 177
63 5 192
63 5 193
63 5 197
63 5 201
63 5 203
63 5 204
63 5 219
63 5 220
63 5 224
63 5 227
63 5 228
63 5 229
63 5 230
63 5 236
63 5 238
63 5 239
63 5 281
63 5 283
63 5 284
63 5 286
63 5 287
63 5 297
63 5 305
63 5 310
63 5 313
63 5 330
63 5 332
63 5 341
63 5 342
63 5 346
63 5 347
63 5 348
63 5 349
63 46 1026
5 19 185
5 19 191
5 19 193
5 19 204
5 19 205
5 19 218
5 19 219
5 19 223
5 19 225
5 19 240
5 19 241
5 19 278
5 19 279
5 19 287
5 19 294
5 19 308
5 19 310
5 19 344
5 19 346
5 19 347
5 19 348
5 19 349
5 24 236
5 31 1017
5 31 1018
5 31 1019
5 31 1021
5 31 1022
5 31 1024
5 31 1025
5 31 1026
5 31 1027
5 31 1028
5 31 1029
5 31 1030
5 31 1031
5 31 1032
5 31 1033
5 31 1034
5 31 1035
5 31 1036
5 31 1037
5 31 1038
5 31 1039
5 31 1040
5 31 1041
5 31 1042
5 31 1043
5 31 1044
5 31 1045
5 31 1046
5 31 1047
5 31 1048
5 31 1050
5 31 1052
5 31 1053
5 31 1054
5 31 1055
5 31 1056
5 31 1057
5 31 1058
5 31 1059
5 31 1060
5 31 1061
5 31 1062
5 31 1063
5 31 1064
5 31 1065
5 31 1066
5 31 1067
5 31 1068
5 31 1069
5 31 1070
5 31 1071
5 31 1072
5 31 1073
5 31 1074
5 31 1075
5 31 1076
5 31 1077
5 31 1078
5 31 1079
5 31 1081
5 31 1082
5 31 1083
5 31 1084
5 31 1085
5 31 1086
5 31 1087
5 31 1088
5 31 1089
5 31 1090
5 31 1091
5 31 1092
5 31 1093
5 31 1094
5 31 1095
5 31 1096
5 31 1097
5 31 1098
5 31 1099
5 31 1100
5 31 1101
5 31 1102
5 31 1103
5 31 1105
5 31 1106
5 31 1107
5 31 1111
5 31 1114
5 31 1115
5 31 1116
5 31 1117
5 31 1118
5 31 1119
5 31 1120
5 31 1121
5 31 1122
5 39 1074
5 60 1105
5 60 1106
5 60 1107
5 46 1108
5 46 1110
5 46 1111
5 46 1114
5 46 1116
5 46 1117
5 46 1118
5 46 1119
19 61 202
19 61 218
19 61 283
19 61 312
19 61 313
19 61 347
19 61 348
19 61 349
19 3 943
19 3 946
19 3 954
19 3 957
19 3 958
19 3 970
19 3 971
19 3 973
19 3 989
19 3 990
19 3 993
19 3 994
19 3 999
19 3 1008
19 3 1011
19 3 1016
19 3 1030
19 3 1032
19 3 1033
45 10 455
45 10 461
45 10 462
45 10 463
45 10 468
45 10 472
45 10 473
45 10 474
45 10 475
45 10 482
45 10 485
45 10 487
45 10 490
45 10 491
45 10 492
45 10 493
45 10 499
45 10 503
45 10 512
45 10 513
45 10 514
45 10 515
45 10 516
45 10 517
45 10 518
45 10 519
45 10 520
45 10 521
45 10 539
45 10 547
45 10 562
45 10 563
45 10 574
45 10 576
45 10 577
45 10 590
45 10 592
45 35 487
45 35 492
45 35 493
45 35 495
45 35 496
45 35 497
45 35 498
45 35 539
45 35 552
45 35 560
45 35 561
45 35 565
45 35 566
45 35 568
45 35 582
45 35 592
61 42 770
39 16 222
39 16 262
39 16 263
39 16 276
39 16 310
39 16 313
39 16 319
39 16 320
39 16 352
39 17 223
39 17 253
39 17 255
39 17 256
39 17 300
39 17 308
39 17 314
39 17 325
39 17 330
39 17 354
39 17 366
39 17 372
39 17 373
39 17 380
39 17 381
39 17 382
39 0 224
39 0 305
39 0 363
39 41 235
39 41 243
39 41 255
39 41 290
39 41 329
39 41 368
39 41 372
39 41 379
39 41 381
39 10 236
39 10 238
39 10 329
39 10 332
39 10 334
39 11 244
39 11 252
39 11 257
39 11 310
39 11 328
39 11 373
39 56 254
39 56 255
39 56 256
39 56 269
39 56 338
39 56 358
39 56 361
39 56 362
39 56 383
39 56 385
39 40 285
39 40 320
39 40 326
39 40 327
39 40 372
39 4 314
39 4 320
39 4 321
39 4 324
39 4 360
39 4 361
39 4 363
39 4 365
39 4 366
39 4 367
39 4 368
39 4 369
16 56 224
16 56 226
16 56 256
16 56 262
16 56 302
16 56 305
16 56 352
16 0 237
16 0 259
16 0 276
16 0 290
16 0 303
16 0 353
16 58 240
16 58 258
16 58 309
16 4 241
16 4 290
16 4 389
16 40 244
16 10 255
16 10 302
16 10 333
16 10 334
16 52 256
16 52 352
16 52 353
16 17 257
16 17 322
16 17 323
16 17 327
16 17 328
16 17 329
16 17 331
16 17 366
16 17 367
16 17 370
16 17 371
16 17 374
16 17 376
16 17 377
16 41 257
16 41 258
16 41 291
16 41 322
16 41 329
16 41 367
16 41 371
16 41 374
16 41 376
16 41 377
16 48 276
16 48 289
16 48 305
16 48 346
16 48 348
52 34 223
52 34 235
52 34 239
52 34 252
52 34 273
52 34 333
52 34 364
52 34 372
52 11 224
52 11 256
52 11 303
52 11 327
52 11 328
52 11 329
52 11 331
52 11 361
52 0 224
52 0 225
52 0 236
52 0 240
52 0 256
52 0 326
52 56 224
52 56 227
52 56 236
52 56 240
52 56 260
52 56 309
52 56 325
52 56 326
52 56 330
52 56 331
52 56 333
52 56 334
52 56 340
52 56 341
52 56 342
52 56 352
52 41 228
52 41 256
52 41 257
52 41 263
52 41 280
52 41 305
52 41 320
52 41 329
52 41 368
52 41 394
52 4 239
52 4 240
52 4 330
52 4 369
52 17 259
52 17 308
52 17 320
52 17 321
52 17 325
52 17 326
52 17 327
52 17 328
52 17 329
52 17 330
52 17 331
52 17 332
52 17 333
52 17 334
52 17 335
52 17 337
52 17 340
52 17 341
52 17 342
52 17 343
52 17 370
52 17 371
52 17 381
52 17 395
52 40 260
52 40 308
52 40 352
52 40 361
52 10 271
52 10 327
52 10 328
52 10 337
52 49 944
52 49 946
52 49 947
52 49 948
52 49 949
52 49 954
52 49 955
52 49 956
52 49 957
52 49 959
52 49 963
52 49 966
52 49 993
52 49 996
52 49 997
52 49 1002
52 49 1004
52 49 1011
52 49 1014
52 23 949
52 23 950
52 23 951
52 23 952
52 23 953
52 23 954
52 23 955
52 23 958
52 3 951
52 3 955
52 3 961
34 0 225
34 58 258
34 58 259
34 58 301
34 58 303
34 58 325
34 32 1356
34 32 1363
34 32 1368
34 32 1374
34 32 1375
34 32 1376
34 3 1359
34 3 1379
34 50 1368
34 50 1379
17 21 223
17 21 224
17 21 237
17 21 240
17 21 241
17 21 305
17 21 308
17 21 315
17 21 316
17 21 352
17 8 229
17 8 235
17 8 330
17 58 231
17 58 236
17 58 237
17 58 255
17 58 310
17 58 318
17 58 325
17 58 341
17 58 342
17 58 347
17 58 514
17 58 523
17 58 531
17 48 249
17 48 256
17 48 305
17 48 320
17 48 367
17 48 368
17 48 370
17 48 373
17 0 304
21 56 254
21 56 260
21 56 269
21 56 276
21 56 304
21 56 311
21 4 265
21 4 321
21 40 280
21 11 294
21 0 326
21 0 331
21 41 347
21 30 850
21 30 851
21 43 851
11 22 273
11 22 373
11 22 378
11 22 1283
11 58 339
11 48 373
11 48 379
11 54 1287
0 8 234
0 8 235
0 8 293
0 8 323
0 8 324
0 8 329
0 22 235
0 22 305
0 22 315
0 22 334
0 22 335
0 22 373
0 22 376
0 22 379
0 22 380
0 22 383
0 56 265
0 58 273
0 58 274
0 58 358
0 48 305
0 4 322
0 10 373
0 41 388
56 22 235
56 22 285
56 22 299
56 22 305
56 22 340
56 22 343
56 22 344
56 22 345
56 22 346
56 22 348
56 22 349
56 22 350
56 22 351
56 22 355
56 22 358
56 22 361
56 22 367
56 22 384
56 22 386
56 22 395
56 48 276
56 48 290
56 48 382
56 8 356
56 8 367
56 2 1263
56 2 1264
56 2 1265
56 2 1321
56 2 1323
4 48 233
4 48 235
4 48 289
4 22 310
4 22 313
4 22 326
4 22 335
4 22 356
4 22 360
4 62 363
4 62 364
4 62 368
4 62 375
4 62 378
4 62 379
4 62 380
4 62 405
4 62 416
4 62 474
4 62 506
4 62 507
4 12 406
41 22 228
41 22 250
41 22 255
41 22 259
41 22 304
41 22 317
41 22 318
41 22 371
41 22 372
41 22 374
41 22 375
41 22 376
41 22 377
41 22 378
41 22 379
41 22 380
41 22 381
41 22 382
41 22 395
41 8 234
41 8 273
41 8 374
41 58 288
41 58 303
41 58 395
41 49 1005
41 49 1006
41 49 1007
41 49 1008
41 49 1009
41 49 1010
41 49 1011
41 49 1012
41 49 1013
41 49 1014
41 49 1019
41 49 1020
41 49 1021
41 49 1023
41 49 1024
41 49 1027
41 49 1039
41 49 1040
41 49 1041
41 49 1042
41 49 1043
41 49 1044
41 49 1045
41 49 1046
41 49 1047
41 49 1048
41 49 1049
41 49 1050
41 49 1051
41 49 1052
41 49 1059
41 49 1060
41 49 1061
41 49 1062
41 49 1064
41 49 1065
41 49 1067
41 49 1068
22 10 260
22 10 323
22 10 335
22 10 340
22 40 274
22 18 1108
22 18 1112
22 18 1113
22 18 1114
22 18 1115
22 18 1124
22 18 1129
22 18 1130
22 18 1131
22 18 1132
22 18 1133
22 18 1134
22 18 1135
22 18 1136
22 18 1138
22 18 1139
22 18 1143
22 18 1145
22 18 1146
22 18 1147
22 18 1148
22 18 1159
22 18 1162
22 18 1163
22 18 1164
22 18 1166
22 18 1167
22 18 1171
22 18 1172
22 18 1173
22 18 1175
22 18 1184
22 18 1185
22 18 1187
22 18 1188
22 18 1189
22 18 1190
22 18 1191
22 18 1192
22 18 1193
22 18 1194
22 18 1195
22 18 1196
22 18 1197
22 18 1198
22 18 1199
22 18 1200
22 18 1204
22 18 1205
22 18 1207
22 18 1208
22 18 1223
22 18 1224
22 18 1225
22 18 1226
22 18 1229
22 18 1231
22 18 1236
22 18 1237
22 18 1238
22 18 1239
22 18 1240
22 18 1241
22 18 1256
22 18 1282
22 18 1285
22 18 1300
22 18 1306
22 18 1311
22 60 1138
22 60 1184
8 40 320
8 10 335
8 27 719
8 27 721
8 27 722
8 27 723
8 27 724
8 27 726
8 27 727
58 40 234
58 40 255
58 40 257
58 40 292
58 40 327
58 42 505
58 42 506
58 42 513
58 42 515
58 42 522
58 42 531
58 42 538
58 42 542
58 42 543
58 42 569
58 42 621
58 42 623
58 42 624
58 42 633
58 42 638
58 42 639
58 42 641
58 42 642
58 42 649
58 10 562
48 40 276
48 40 586
48 40 587
48 40 589
48 40 607
48 40 611
48 40 617
48 40 618
48 40 619
48 40 630
48 40 631
48 40 632
48 10 329
10 30 456
10 30 457
10 30 458
10 30 459
10 30 461
10 30 462
10 30 463
10 30 467
10 30 468
10 30 469
10 30 470
10 30 477
10 30 480
10 30 484
10 30 488
10 30 490
10 30 495
10 30 496
10 30 497
10 30 498
10 30 507
10 30 508
10 30 512
10 30 524
10 30 526
10 30 527
10 30 530
10 30 531
10 30 532
10 30 534
10 30 539
10 30 542
10 30 546
10 30 574
10 30 575
10 30 576
10 30 577
10 30 578
10 30 584
10 30 591
10 30 592
24 43 714
24 43 717
24 43 720
24 43 723
24 43 724
24 43 851
24 1 739
62 31 1105
64 1 404
1 35 733
12 42 514
12 42 515
12 42 516
12 18 703
30 50 559
30 59 714
30 59 717
30 59 718
30 59 719
30 59 724
30 59 731
30 59 758
30 59 764
30 59 851
35 6 465
35 6 471
35 6 475
35 6 483
35 6 489
35 6 493
35 6 494
6 42 580
6 42 582
6 54 1245
6 54 1248
6 54 1251
6 54 1252
6 54 1253
6 54 1254
6 54 1255
6 54 1258
6 54 1262
6 54 1266
6 54 1267
6 54 1268
6 54 1275
6 54 1276
6 54 1277
6 54 1279
6 54 1280
6 54 1281
6 54 1284
6 54 1285
6 54 1286
6 54 1287
6 54 1288
6 54 1309
6 7 1308
42 25 690
42 25 691
42 25 699
42 25 701
42 25 727
42 25 729
42 25 730
42 25 731
42 25 732
42 25 733
42 25 734
42 25 735
42 25 741
42 25 742
42 25 743
42 25 744
42 25 745
42 25 746
42 25 750
42 25 751
42 25 752
42 25 753
42 25 754
42 25 755
42 25 757
42 25 758
42 25 762
42 25 769
42 25 771
42 25 772
42 43 770
50 7 1352
50 7 1379
59 43 716
59 43 717
59 43 726
59 43 732
59 43 742
59 43 750
59 43 752
59 43 753
59 43 754
59 43 755
59 43 756
59 43 757
59 43 758
59 43 769
59 43 792
59 43 793
59 43 817
59 43 828
59 43 829
59 43 832
59 43 851
59 25 770
29 27 628
29 27 629
29 27 634
27 54 634
32 23 635
32 23 636
32 23 637
32 23 638
32 23 640
32 23 641
32 23 642
32 23 643
32 23 656
32 23 660
32 23 661
32 23 664
32 23 665
32 23 669
32 23 670
32 23 672
32 23 686
32 23 687
32 23 689
32 23 690
32 23 691
32 23 694
32 23 695
23 44 951
23 44 952
23 44 955
23 44 958
23 44 959
25 44 1121
25 44 1124
25 44 1130
25 44 1140
25 44 1143
25 44 1144
25 44 1145
25 44 1147
25 44 1153
25 44 1154
25 44 1155
25 44 1158
25 44 1159
25 44 1160
25 44 1161
25 44 1165
25 44 1166
25 44 1167
25 44 1172
25 44 1173
25 44 1174
25 44 1175
25 44 1176
25 60 1155
43 28 714
43 28 728
43 28 729
43 28 730
43 28 731
43 28 752
43 28 757
43 28 851
43 2 817
43 2 819
43 2 821
43 2 824
43 2 836
43 2 837
43 2 843
43 2 845
43 2 846
43 2 847
43 2 848
43 2 849
43 2 850
43 2 851
43 2 852
43 2 853
43 2 854
43 2 855
43 2 856
43 2 857
43 2 859
43 2 895
43 2 896
43 2 897
43 2 899
43 2 901
43 2 906
43 2 908
43 2 909
43 2 918
43 2 919
43 2 923
43 2 924
43 2 926
43 2 927
43 2 928
43 2 929
43 2 930
43 2 931
43 2 935
28 46 1020
28 46 1102
28 46 1134
46 49 1037
46 31 1074
46 36 1114
46 36 1115
46 36 1116
46 36 1117
46 36 1118
53 44 942
53 44 945
53 44 950
53 44 951
53 44 952
53 44 953
53 44 960
53 44 962
53 44 992
53 44 998
53 44 999
53 44 1001
53 44 1005
53 44 1010
53 44 1024
53 44 1028
53 44 1118
53 44 1120
53 44 1121
53 44 1123
53 44 1124
53 44 1126
53 44 1128
53 44 1130
53 44 1131
53 44 1133
53 44 1134
53 44 1135
53 44 1137
53 44 1138
53 44 1141
53 44 1147
53 44 1154
53 44 1158
53 44 1159
53 44 1160
53 44 1161
53 44 1166
53 44 1169
53 44 1175
53 44 1176
53 31 1118
53 60 1153
44 3 951
60 36 1106
60 36 1108
60 36 1110
60 36 1111
60 36 1112
60 36 1113
60 36 1155
60 36 1166
