39 41 0
39 41 1
39 41 2
39 41 3
39 41 7
39 41 8
39 41 10
39 41 16
39 41 18
39 41 27
39 41 36
39 41 37
39 41 38
39 41 40
39 41 41
39 41 53
39 41 54
39 41 55
39 41 56
39 41 57
39 41 58
39 41 59
39 41 74
39 41 78
39 41 83
39 41 102
39 41 108
39 41 110
39 41 141
39 41 148
39 41 150
39 120 2
39 120 7
39 120 8
39 120 9
39 120 10
39 120 13
39 120 15
39 120 16
39 120 18
39 120 20
39 120 30
39 120 38
39 120 39
39 120 42
39 120 43
39 120 44
39 120 47
39 120 54
39 120 64
39 120 74
39 120 85
39 120 98
39 120 99
39 120 101
39 120 104
39 120 106
39 120 107
39 120 108
39 120 109
39 120 110
39 120 111
39 120 112
39 120 113
39 120 114
39 120 116
39 120 117
39 120 118
39 120 124
39 120 126
39 120 130
39 120 132
39 120 134
39 120 135
39 120 136
39 120 137
39 120 140
39 120 141
39 120 142
39 120 143
39 120 144
39 120 146
39 120 147
39 120 150
39 52 2
39 47 2
39 47 3
39 47 6
39 47 54
39 47 148
39 47 150
39 0 9
39 0 10
39 0 18
39 0 27
39 0 37
39 0 38
39 0 39
39 0 42
39 0 43
39 0 44
39 0 48
39 0 50
39 0 54
39 0 84
39 0 95
39 0 98
39 0 99
39 0 100
39 0 101
39 0 105
39 0 107
39 0 108
39 0 140
39 0 143
39 0 147
39 18 17
39 18 707
39 118 20
39 30 699
39 30 706
39 68 700
39 109 702
39 109 732
39 16 702
39 16 719
39 78 703
39 123 709
39 123 710
39 123 714
39 123 715
39 123 717
39 123 722
39 123 723
39 123 724
39 123 725
39 123 726
39 123 727
39 123 728
39 123 730
39 123 772
39 123 774
39 123 776
39 55 722
39 13 735
39 77 735
39 36 736
39 35 787
39 35 790
41 49 1
41 128 18
41 128 34
41 102 703
41 60 704
41 60 720
41 60 724
41 59 705
41 59 706
41 59 707
41 59 711
41 59 715
41 85 709
41 85 710
41 85 722
41 85 723
41 85 724
41 85 733
41 85 734
41 85 740
41 85 741
41 85 744
41 85 755
41 85 756
41 6 713
41 100 742
41 72 743
41 4 760
41 122 779
41 122 780
41 33 788
41 33 792
41 33 793
41 33 794
41 33 795
41 33 798
41 33 800
41 33 801
41 33 802
41 33 803
41 33 804
41 33 805
41 33 807
41 33 819
41 33 820
41 33 826
41 33 828
41 33 831
41 33 832
41 33 833
41 33 838
41 33 840
41 33 842
41 33 843
41 33 845
41 33 848
41 33 850
41 33 851
41 33 852
41 33 853
41 33 855
41 33 856
41 33 857
41 33 858
41 33 860
41 33 861
41 33 862
41 33 863
41 33 864
41 33 865
41 33 866
41 33 867
41 33 868
41 33 869
41 33 870
41 33 871
41 33 872
41 33 873
41 33 874
41 33 875
41 33 876
41 33 880
41 33 882
41 33 884
41 33 890
41 126 884
49 37 1
49 120 2
49 120 10
49 120 16
49 120 18
49 120 20
49 120 22
49 120 23
49 120 24
49 120 25
49 120 26
49 120 29
49 120 48
49 120 84
49 120 100
49 120 101
49 120 104
49 120 120
49 120 151
49 118 8
49 0 10
49 0 14
49 0 19
49 0 20
49 0 21
49 0 22
49 0 23
49 0 24
49 0 25
49 0 27
49 0 29
49 0 30
49 0 31
49 0 32
49 0 33
49 0 84
49 0 110
49 0 111
49 0 112
49 0 113
49 0 114
49 0 115
49 0 116
49 0 118
49 0 119
49 0 120
49 0 121
49 0 122
49 0 134
49 0 135
49 0 136
49 0 137
49 0 151
49 94 340
49 94 341
49 94 342
49 94 343
49 94 344
49 94 345
49 94 346
49 94 347
49 94 348
49 94 349
49 94 350
49 94 351
49 94 352
49 94 353
49 94 354
49 94 355
49 94 356
49 94 357
49 94 358
49 94 359
49 94 360
49 94 361
49 94 362
49 94 363
49 94 364
49 94 365
49 94 366
49 94 369
49 94 371
49 94 372
49 94 373
49 94 374
49 94 375
49 94 376
49 94 377
49 94 378
49 94 380
49 94 381
49 94 382
49 94 383
49 94 384
49 94 386
49 94 387
49 94 389
49 94 390
49 94 391
49 94 392
49 94 393
49 94 394
49 94 395
49 94 396
49 94 397
49 94 398
49 94 399
49 94 400
49 94 401
49 94 402
49 94 403
49 94 404
49 94 405
49 94 406
49 94 407
49 94 408
49 94 409
49 94 410
49 94 411
49 94 412
49 94 413
49 94 414
49 94 415
49 94 416
49 94 417
49 94 418
49 94 419
49 94 420
49 94 421
49 94 422
49 94 423
49 94 424
49 94 425
49 94 427
49 94 428
49 94 430
49 94 431
49 94 432
49 94 433
49 45 340
49 45 341
49 45 342
49 45 343
49 45 344
49 45 345
49 45 349
49 45 350
49 45 351
49 45 352
49 45 353
49 45 354
49 45 355
49 45 356
49 45 357
49 45 358
49 45 360
49 45 361
49 45 362
49 45 363
49 45 365
49 45 366
49 45 371
49 45 373
49 45 375
49 45 376
49 45 379
49 45 380
49 45 381
49 45 382
49 45 383
49 45 384
49 45 387
49 45 393
49 45 395
49 45 396
49 45 397
49 45 398
49 45 399
49 45 400
49 45 413
49 45 414
49 45 416
49 45 419
49 45 422
49 45 423
49 45 424
49 45 427
49 45 428
49 45 430
49 45 431
49 45 432
49 86 342
49 86 343
49 86 344
49 86 345
49 86 346
49 86 348
49 86 349
49 86 350
49 86 352
49 86 353
49 86 357
49 86 362
49 86 363
49 86 364
49 86 365
49 86 367
49 86 370
49 86 371
49 86 372
49 86 373
49 86 374
49 86 375
49 86 377
49 86 378
49 86 379
49 86 380
49 86 381
49 86 382
49 86 383
49 86 384
49 86 386
49 86 387
49 86 390
49 86 391
49 86 396
49 86 397
49 86 402
49 86 403
49 86 404
49 86 405
49 86 406
49 86 407
49 86 408
49 86 409
49 86 410
49 86 411
49 86 412
49 86 413
49 86 414
49 86 415
49 86 416
49 86 417
49 86 418
49 86 419
49 86 420
49 86 421
49 86 430
49 86 431
49 86 432
49 86 433
49 113 426
37 71 627
37 119 662
37 119 683
120 43 2
120 43 6
120 43 7
120 43 8
120 43 10
120 43 11
120 43 18
120 43 28
120 43 36
120 43 37
120 43 39
120 43 42
120 43 48
120 43 49
120 43 54
120 43 55
120 43 56
120 43 57
120 43 58
120 43 59
120 43 83
120 43 84
120 43 85
120 43 98
120 43 103
120 43 104
120 43 105
120 43 107
120 43 108
120 43 110
120 43 142
120 43 149
120 43 150
120 43 151
120 53 2
120 53 48
120 53 49
120 53 50
120 119 6
120 119 23
120 28 14
120 28 48
120 28 52
120 19 14
120 0 16
120 0 20
120 0 29
120 0 37
120 0 39
120 45 603
120 45 605
120 45 607
120 45 609
120 45 610
120 45 614
120 45 615
120 45 703
120 45 704
120 45 710
120 71 620
52 43 2
52 43 3
52 43 11
52 43 12
52 43 13
52 43 14
52 43 47
52 43 48
52 43 49
52 28 39
52 28 43
52 28 46
52 28 47
52 28 52
52 28 68
52 28 69
52 28 72
52 28 73
52 28 75
52 28 77
52 28 78
52 28 79
52 28 81
52 28 88
52 28 89
52 28 91
52 28 92
52 28 93
52 28 95
52 28 96
52 34 694
52 34 696
52 54 696
52 117 696
52 102 696
52 102 699
52 3 699
52 59 700
52 100 709
52 60 709
52 60 714
52 60 716
47 43 2
47 43 3
47 43 7
47 43 10
47 43 12
47 43 14
47 43 16
47 43 20
47 43 21
47 43 27
47 43 28
47 43 42
47 43 54
47 43 56
47 43 86
47 43 87
47 43 100
47 43 102
47 43 103
47 43 104
47 43 110
47 43 122
47 43 127
47 43 128
47 43 136
47 43 138
47 43 140
47 43 148
47 43 150
47 43 151
47 53 2
47 53 8
47 53 9
47 53 10
47 53 11
47 53 12
47 53 14
47 28 12
47 128 18
47 119 602
47 119 617
47 119 621
47 119 661
47 119 668
47 119 678
43 25 5
43 25 12
43 25 45
43 25 48
43 0 10
43 0 11
43 0 12
43 0 13
43 0 14
43 0 16
43 0 19
43 0 20
43 0 21
43 0 25
43 0 36
43 0 37
43 0 39
43 0 40
43 0 43
43 0 53
43 0 54
43 0 59
43 0 62
43 0 64
43 0 73
43 0 86
43 0 87
43 0 88
43 0 89
43 0 90
43 0 91
43 0 93
43 0 94
43 0 98
43 0 99
43 0 105
43 0 110
43 0 111
43 0 113
43 0 114
43 0 115
43 0 116
43 0 117
43 0 119
43 0 120
43 0 121
43 0 123
43 0 125
43 0 126
43 0 128
43 0 129
43 0 130
43 0 131
43 0 134
43 0 135
43 0 136
43 0 137
43 0 140
43 0 141
43 0 144
43 0 145
43 0 148
43 0 149
43 0 151
43 18 13
43 18 18
43 118 35
43 118 39
43 118 51
43 64 124
43 79 131
43 94 340
43 94 341
43 94 342
43 94 343
43 94 344
43 94 345
43 94 347
43 94 350
43 94 351
43 94 352
43 94 354
43 94 355
43 94 357
43 94 358
43 94 359
43 94 360
43 94 361
43 94 362
43 94 363
43 94 364
43 94 365
43 94 371
43 94 372
43 94 373
43 94 375
43 94 376
43 94 377
43 94 378
43 94 381
43 94 382
43 94 383
43 94 384
43 94 386
43 94 392
43 94 394
43 94 395
43 94 396
43 94 397
43 94 403
43 94 404
43 94 405
43 94 406
43 94 413
43 94 414
43 94 422
43 94 424
43 94 425
43 94 427
43 94 428
43 94 430
43 94 431
43 94 432
53 25 3
53 25 5
53 25 6
53 25 8
53 25 10
53 25 18
53 25 19
53 25 24
53 25 25
53 25 26
53 25 27
53 25 28
53 25 29
53 25 33
53 25 34
53 25 38
53 25 40
53 25 41
53 25 45
53 25 49
53 25 56
53 25 57
53 25 58
53 25 59
53 25 62
53 25 65
53 25 70
53 25 74
53 25 76
53 25 80
53 25 82
53 25 83
53 25 85
53 25 86
53 44 180
53 44 181
53 44 183
53 44 185
53 44 186
53 44 187
53 44 188
53 44 189
53 44 195
53 44 196
53 44 200
53 44 202
53 44 203
53 44 204
53 44 205
53 44 208
53 44 209
53 44 210
53 44 211
53 44 212
53 44 213
53 44 214
53 44 215
53 44 216
53 44 217
53 44 218
53 44 219
53 44 222
53 44 223
53 44 225
53 44 227
53 44 229
53 44 231
53 44 233
53 44 234
53 44 235
53 44 236
25 90 530
25 90 540
25 90 542
25 90 555
25 90 573
25 90 574
25 90 576
25 90 577
25 90 599
25 90 601
25 90 602
25 90 603
25 90 641
25 90 648
25 90 669
25 90 679
25 90 681
25 90 682
25 32 533
25 32 542
25 32 546
25 32 573
25 32 574
25 32 575
25 32 603
25 32 628
25 32 672
25 32 682
25 50 557
25 50 581
25 50 587
25 50 603
25 50 669
25 50 678
25 50 681
25 50 682
25 84 596
25 84 601
25 84 603
25 84 627
128 18 6
128 18 46
128 18 89
128 18 91
128 18 92
128 55 600
18 121 13
18 121 18
18 75 698
18 75 742
18 75 743
18 27 700
18 27 702
18 27 704
18 27 707
18 27 709
18 27 710
18 27 711
18 27 712
18 27 714
18 27 721
18 27 722
18 27 732
18 27 758
18 27 759
18 27 761
18 27 762
18 27 763
18 27 767
18 7 703
18 7 704
18 7 711
18 7 749
18 7 751
18 7 758
18 7 759
18 34 705
18 34 706
18 34 707
18 34 710
18 34 711
18 34 712
18 34 715
18 34 716
18 34 717
18 34 718
18 34 720
18 34 730
18 59 707
18 59 708
18 59 732
18 85 710
18 85 711
18 85 728
18 123 719
18 123 728
18 123 733
18 101 720
18 101 721
18 101 729
18 3 722
18 3 728
18 3 731
18 3 733
18 3 748
18 3 754
18 3 755
18 3 761
18 3 763
18 3 767
18 3 768
18 60 728
18 60 751
18 60 752
18 100 732
18 100 770
18 72 745
18 102 756
18 102 766
18 102 770
119 0 34
119 74 621
119 88 811
119 38 811
118 28 14
118 28 15
118 0 19
118 0 20
118 0 21
118 3 693
118 51 695
118 51 698
118 51 710
118 51 713
118 51 714
118 51 721
118 51 722
118 51 723
118 51 724
118 51 726
118 51 728
118 51 733
118 59 697
118 59 763
118 102 697
118 85 703
118 85 748
118 100 705
118 100 707
118 60 707
118 6 717
118 6 719
0 121 10
0 121 42
0 121 98
0 121 99
0 121 104
0 121 105
0 121 106
0 121 107
0 121 108
0 121 120
0 121 139
0 121 140
0 121 143
0 121 144
0 121 145
0 121 151
0 19 14
0 79 131
121 50 194
121 50 195
121 50 196
121 50 197
121 50 198
121 50 199
121 50 202
121 50 203
121 50 204
121 50 205
121 50 206
121 50 207
121 50 208
121 50 209
121 50 211
121 50 214
121 50 215
121 50 216
121 50 221
121 50 222
121 50 223
121 50 225
121 50 226
121 50 233
121 50 234
121 50 235
121 50 236
121 50 263
121 50 264
121 29 199
121 1 227
121 55 686
28 70 232
28 70 233
28 70 236
28 70 248
28 70 252
28 70 263
28 70 336
28 70 337
28 70 338
28 1 301
19 113 398
19 113 399
19 113 400
19 113 402
19 113 403
19 113 404
19 113 405
19 113 406
19 113 412
19 113 413
19 113 414
19 113 415
19 113 416
19 113 417
19 113 418
19 113 419
19 113 420
19 113 421
19 113 422
19 113 423
19 113 424
19 113 425
19 113 426
19 113 427
19 113 428
19 113 429
19 113 430
19 113 431
19 113 432
19 113 439
19 113 440
19 113 443
19 113 444
19 113 448
19 113 449
19 113 450
19 113 451
19 113 452
19 113 453
19 113 457
19 113 462
19 113 463
19 113 464
19 113 465
19 113 466
19 113 467
19 113 468
19 113 469
19 113 470
19 113 471
19 113 472
19 113 473
19 113 478
19 113 481
19 113 482
19 113 483
19 113 486
19 113 490
19 113 491
19 113 492
19 113 493
19 113 494
19 113 495
19 113 497
19 113 501
19 113 502
19 113 504
19 71 407
19 71 414
19 71 415
19 71 416
19 71 417
19 71 418
19 71 419
19 71 421
19 71 422
19 71 424
19 71 475
19 71 481
19 71 482
19 71 483
19 71 484
19 71 495
19 71 497
19 71 501
19 71 502
19 94 426
19 22 426
19 22 427
19 22 432
19 22 453
19 73 432
66 79 59
66 79 60
66 79 61
66 79 62
66 79 63
66 79 64
66 79 65
66 79 66
66 79 67
66 79 68
66 79 69
66 79 81
66 79 82
66 79 89
66 79 92
66 79 93
66 79 95
66 79 96
66 79 97
66 79 115
66 79 117
66 109 699
66 109 701
66 109 712
66 109 717
66 16 714
66 16 715
79 40 143
79 40 194
14 76 102
14 76 111
14 76 116
14 76 118
14 76 179
14 76 191
14 76 197
14 76 206
14 76 211
14 76 212
14 76 213
14 76 214
14 109 701
14 109 702
14 109 708
14 109 715
14 109 769
14 110 712
14 62 747
76 42 105
76 42 112
76 42 113
76 42 114
76 42 115
76 42 116
76 42 117
76 42 118
76 42 119
76 42 120
76 42 121
76 42 122
76 42 123
76 42 129
76 42 131
76 42 144
76 42 171
76 42 172
76 42 173
76 42 175
76 42 176
76 42 177
76 42 180
76 42 181
76 42 182
76 42 191
76 42 193
76 42 213
76 42 214
76 108 209
76 103 209
76 103 211
76 103 212
76 103 214
76 103 215
76 103 216
76 103 217
76 103 218
76 103 219
76 103 220
76 103 221
76 103 222
76 103 223
76 103 224
76 103 225
76 103 229
76 103 230
76 103 231
76 103 236
76 103 237
76 103 239
76 103 240
76 103 241
76 103 242
76 103 243
76 103 244
76 103 245
76 103 246
76 103 247
76 103 248
76 103 258
76 103 259
76 103 260
76 103 261
76 103 262
76 103 263
76 103 264
76 103 265
76 103 266
76 103 267
76 103 268
76 103 269
76 103 273
76 103 274
76 103 279
76 103 280
76 103 281
76 103 282
76 103 283
76 103 290
76 103 291
76 103 293
76 103 294
76 103 295
76 103 296
76 103 298
76 103 299
76 103 302
76 103 316
76 103 317
76 103 318
76 103 320
76 103 321
76 103 325
76 103 327
76 103 328
76 103 329
76 103 332
76 103 333
76 103 334
76 40 209
76 80 270
76 65 273
82 64 104
82 64 105
82 64 112
82 64 113
82 64 114
82 64 116
82 64 124
82 64 125
82 64 126
82 64 128
82 64 134
82 64 136
82 64 140
82 93 205
82 93 207
82 93 208
82 93 214
82 93 216
82 93 217
82 93 221
82 93 222
82 93 223
82 93 227
82 93 233
82 93 234
82 93 235
82 54 256
82 54 260
82 54 261
82 44 256
82 44 257
82 44 258
82 44 259
82 44 260
82 44 261
64 97 762
64 97 763
64 97 767
64 97 769
64 97 771
64 97 772
64 97 773
64 97 774
64 97 775
64 97 776
64 97 780
64 97 781
64 97 782
64 97 783
64 97 784
64 97 785
64 97 786
64 97 787
64 97 801
64 97 802
64 97 803
64 97 804
64 97 805
64 97 806
64 97 808
64 97 811
64 97 812
64 97 813
64 97 816
64 97 822
64 97 823
64 97 824
64 97 827
64 97 828
64 97 829
64 97 830
64 97 831
64 97 832
64 97 833
64 97 834
64 97 837
64 97 838
64 97 839
64 97 845
64 97 856
64 97 857
64 97 859
64 97 862
64 97 863
64 97 864
64 97 867
64 97 869
64 97 880
64 97 881
64 97 882
64 97 884
64 86 882
64 124 882
42 106 189
42 106 192
42 12 198
42 40 207
42 54 224
42 54 226
42 54 228
42 54 230
42 54 237
42 54 238
42 54 239
42 54 240
42 54 241
42 54 242
42 54 243
42 54 244
42 54 245
42 54 246
42 54 247
42 54 248
42 54 249
42 54 252
42 54 255
42 54 256
42 54 257
42 54 258
42 54 259
42 54 260
42 54 261
42 31 230
42 112 253
42 112 254
2 105 108
2 105 109
2 105 110
2 105 112
2 105 113
2 105 114
2 105 119
2 105 120
2 105 121
2 105 122
2 105 123
2 105 124
2 105 125
2 105 126
2 105 127
2 105 128
2 105 129
2 105 130
2 105 145
2 105 146
2 105 147
2 105 153
2 105 154
2 105 164
2 105 169
2 105 170
2 105 171
2 58 1401
2 58 1403
2 58 1404
2 58 1411
105 44 188
105 44 190
105 44 195
105 44 200
105 44 203
105 54 196
105 31 266
105 31 307
105 31 328
105 29 269
105 29 270
105 115 1134
105 115 1162
105 115 1187
105 115 1188
105 115 1189
105 115 1203
105 115 1209
40 107 201
40 107 202
40 107 203
40 107 206
40 107 207
40 107 208
40 107 210
40 107 211
40 107 231
40 107 235
40 107 236
40 107 265
40 107 266
40 107 267
40 107 270
40 107 271
40 107 272
40 107 273
40 107 274
40 107 275
40 107 276
40 107 277
40 107 278
40 107 279
40 107 280
40 107 281
40 107 282
40 107 283
40 107 284
40 107 285
40 107 287
40 1 262
40 26 284
40 26 285
29 65 161
29 65 162
29 65 163
29 65 165
29 65 166
29 65 167
29 65 168
29 65 169
29 65 170
29 65 171
29 65 172
29 65 173
29 65 174
29 65 176
29 65 177
29 65 178
29 65 179
29 65 180
29 65 181
29 65 182
29 65 183
29 65 184
29 65 186
29 65 187
29 65 191
29 65 192
29 65 193
29 65 194
29 65 195
29 65 197
29 65 198
29 65 199
29 65 200
29 65 201
29 65 202
29 65 203
29 65 208
29 65 210
29 65 211
29 65 212
29 65 236
29 65 266
29 65 267
29 65 268
29 65 269
29 65 270
29 65 271
29 65 272
29 65 274
29 65 275
29 65 276
29 65 277
29 65 278
29 65 279
29 65 280
29 65 281
29 65 282
29 65 283
29 65 284
29 65 285
29 65 292
29 65 296
29 65 297
29 65 298
29 65 299
29 54 230
29 1 244
29 80 265
29 111 295
65 44 203
65 44 213
65 104 272
65 104 281
65 1 289
65 1 291
65 1 293
65 1 294
65 112 295
65 91 295
65 110 1244
65 110 1245
65 110 1246
65 110 1247
65 110 1248
65 110 1249
65 110 1250
65 110 1251
65 110 1252
65 110 1253
65 110 1254
65 110 1255
65 110 1256
65 110 1257
65 110 1258
65 110 1259
65 110 1260
65 110 1261
65 110 1262
65 110 1263
65 110 1265
65 110 1266
65 110 1267
65 110 1268
65 110 1269
65 110 1270
65 110 1271
65 110 1272
65 110 1274
65 110 1275
65 110 1277
65 110 1284
65 110 1286
65 110 1287
65 110 1288
65 110 1289
65 110 1290
65 110 1291
65 110 1294
65 110 1295
65 110 1296
65 110 1297
65 110 1299
65 110 1300
65 110 1302
65 110 1304
65 110 1305
65 110 1309
65 110 1310
65 110 1311
65 110 1312
65 110 1314
65 110 1317
65 110 1318
65 110 1319
65 110 1320
65 110 1321
65 110 1335
65 110 1336
65 110 1337
65 110 1338
65 110 1339
65 110 1343
65 110 1344
65 110 1346
65 110 1347
65 110 1348
65 110 1349
65 110 1350
65 110 1352
65 110 1353
65 110 1354
65 110 1355
65 110 1358
65 110 1368
65 110 1369
65 110 1371
65 110 1374
65 110 1375
65 110 1376
65 110 1380
65 110 1381
65 110 1382
65 110 1384
65 110 1385
65 110 1386
65 110 1387
65 110 1388
65 110 1389
65 110 1390
65 110 1391
65 110 1392
65 110 1393
65 110 1394
65 110 1395
65 110 1396
65 24 1292
65 24 1293
65 115 1292
65 115 1293
65 15 1293
65 127 1313
65 57 1313
65 16 1365
99 80 168
99 80 169
99 80 170
99 80 171
99 80 173
99 80 180
99 80 182
99 80 184
99 80 196
99 80 201
99 80 205
99 80 206
99 80 207
99 80 208
99 80 209
99 80 210
99 80 211
99 80 220
99 80 221
99 80 227
99 80 229
99 80 234
99 80 235
99 80 264
99 80 265
99 80 266
99 80 269
99 80 271
99 80 283
99 80 285
99 80 286
99 80 287
99 80 288
99 80 289
99 80 298
99 80 299
99 80 301
99 80 303
99 80 307
99 61 759
99 61 761
99 61 762
99 61 764
99 61 765
99 61 767
99 61 778
99 61 779
99 61 786
99 61 792
99 61 793
99 61 795
99 61 808
99 61 809
99 61 810
99 61 811
99 61 814
99 61 818
99 61 821
99 61 822
99 61 823
99 61 826
99 61 830
99 61 832
99 61 833
99 23 761
99 7 764
99 7 770
99 7 771
99 7 773
99 7 777
99 7 781
99 7 785
99 7 796
99 7 797
99 7 801
99 7 808
99 7 810
99 7 811
99 7 812
99 7 813
99 7 814
99 7 815
99 7 816
99 7 817
99 7 820
99 7 823
99 7 830
99 7 833
80 85 232
80 108 248
80 106 266
80 96 568
80 129 600
80 129 603
80 129 614
80 129 627
44 98 186
44 26 203
44 26 209
44 26 212
44 93 257
44 93 259
44 93 260
44 93 261
44 22 470
98 83 237
98 83 238
98 83 239
98 83 240
98 83 241
98 83 246
98 83 248
98 83 251
98 83 256
98 83 257
98 83 260
98 83 261
98 62 765
98 62 768
98 62 770
98 62 778
98 62 788
98 62 790
98 62 791
98 62 814
98 124 882
98 9 883
106 3 1124
106 131 1167
106 131 1176
106 131 1185
106 131 1190
106 131 1200
106 131 1201
106 131 1221
106 131 1222
106 131 1227
106 131 1228
106 131 1233
106 131 1249
106 131 1250
106 131 1252
106 131 1255
106 131 1262
106 131 1269
106 131 1275
106 131 1276
106 131 1278
106 131 1280
106 131 1281
106 131 1290
106 131 1294
106 131 1314
106 131 1315
106 131 1317
106 131 1326
50 87 531
50 87 533
50 87 548
50 87 560
50 87 562
50 87 565
50 87 569
50 87 573
50 87 580
50 87 581
50 87 582
50 87 603
50 87 604
50 87 605
50 87 606
50 87 607
50 87 608
50 87 610
50 87 611
50 87 612
50 87 613
50 87 614
50 87 615
50 87 617
50 87 618
50 87 619
50 87 620
50 87 621
50 87 622
50 87 623
50 87 624
50 87 625
50 87 634
50 87 635
50 87 636
50 87 639
50 87 640
50 87 641
50 87 643
50 87 644
50 87 646
50 87 660
50 87 661
50 87 668
50 87 682
50 34 553
50 34 566
50 34 580
50 34 582
50 34 590
50 34 591
50 34 592
50 34 603
50 34 604
50 34 605
50 34 606
50 34 607
50 34 608
50 34 609
50 34 610
50 34 611
50 34 612
50 34 613
50 34 618
50 34 652
50 34 660
50 34 661
50 34 673
50 34 674
50 34 677
50 34 678
50 34 680
50 34 681
50 34 682
50 92 575
50 92 579
50 92 581
50 92 585
50 92 603
50 92 605
50 92 608
50 92 609
50 92 610
50 92 611
50 92 612
50 92 620
50 92 624
50 92 640
54 111 255
54 93 260
54 93 261
54 93 262
54 62 695
54 110 716
54 110 747
54 30 758
54 38 782
54 38 810
54 38 811
54 124 782
54 124 784
54 124 792
54 124 796
54 124 803
54 124 808
54 88 796
54 88 797
54 88 801
54 88 802
54 88 808
54 88 810
54 88 811
54 100 803
54 10 807
54 126 808
12 86 1097
12 86 1098
12 115 1244
107 1 279
107 1 280
107 1 281
107 1 282
107 30 1124
107 30 1132
107 30 1147
107 30 1149
107 30 1151
107 30 1153
107 30 1154
107 30 1155
107 30 1156
107 30 1157
107 30 1158
107 30 1159
107 30 1160
107 30 1161
107 30 1163
107 30 1165
107 30 1166
107 30 1178
107 30 1207
107 30 1208
107 30 1214
107 30 1215
107 30 1216
107 30 1217
107 30 1218
107 30 1219
107 30 1220
107 30 1249
107 30 1256
107 15 1132
107 15 1148
107 15 1149
107 15 1174
107 15 1179
107 15 1183
107 15 1185
107 15 1201
107 15 1204
107 15 1205
107 15 1210
107 15 1211
107 15 1212
107 15 1218
107 15 1220
107 15 1223
107 15 1224
107 15 1225
107 15 1226
107 15 1227
107 15 1228
107 15 1229
107 15 1230
107 15 1231
107 15 1232
107 15 1233
107 15 1239
107 15 1241
107 15 1245
107 15 1246
107 15 1251
107 15 1255
107 15 1260
107 15 1262
107 15 1277
107 15 1278
107 15 1280
107 15 1282
107 15 1283
107 15 1285
107 15 1287
107 15 1290
107 15 1298
107 15 1306
107 15 1309
107 15 1312
107 15 1313
107 15 1314
107 15 1316
107 15 1317
107 15 1320
107 15 1321
107 15 1322
107 15 1323
107 104 1135
107 24 1140
107 24 1141
107 24 1142
107 24 1207
107 24 1222
107 24 1224
107 24 1225
107 24 1226
107 24 1227
107 24 1228
107 24 1229
107 24 1231
107 24 1232
107 24 1236
107 24 1238
107 24 1239
107 24 1242
107 24 1243
107 24 1270
107 24 1274
107 24 1278
107 24 1281
107 24 1286
107 24 1290
107 24 1297
107 24 1304
107 24 1309
107 24 1314
107 24 1316
107 24 1317
107 24 1327
107 115 1141
107 115 1145
107 115 1173
107 115 1174
107 115 1200
107 115 1205
107 115 1214
107 115 1227
107 115 1228
107 115 1232
107 115 1238
107 115 1242
107 115 1243
107 115 1245
107 115 1247
107 115 1251
107 115 1256
107 115 1275
107 115 1278
107 115 1285
107 115 1286
107 115 1290
107 115 1297
107 115 1300
107 115 1303
107 115 1304
107 115 1313
107 31 1149
107 31 1171
107 31 1175
107 31 1176
107 31 1178
107 31 1180
107 31 1214
107 31 1221
107 31 1320
107 31 1322
107 31 1325
107 31 1326
107 31 1327
107 95 1172
107 95 1224
107 95 1226
107 95 1238
107 95 1253
107 95 1327
26 1 229
26 1 273
26 1 291
26 67 237
26 67 238
26 67 239
26 67 240
26 67 243
26 67 244
26 67 246
26 67 250
26 67 253
26 67 254
26 67 255
26 67 260
26 67 261
26 108 284
26 108 285
26 31 1133
26 31 1145
26 31 1166
26 31 1173
26 31 1186
26 31 1212
26 31 1213
26 31 1215
26 31 1216
26 31 1270
26 31 1296
26 31 1303
26 104 1134
26 104 1143
26 104 1215
26 104 1216
26 115 1134
26 115 1141
26 115 1146
26 115 1148
26 115 1150
26 115 1151
26 115 1152
26 115 1153
26 115 1154
26 115 1155
26 115 1156
26 115 1157
26 115 1159
26 115 1160
26 115 1161
26 115 1164
26 115 1166
26 115 1167
26 115 1169
26 115 1172
26 115 1173
26 115 1174
26 115 1175
26 115 1178
26 115 1179
26 115 1180
26 115 1181
26 115 1182
26 115 1183
26 115 1186
26 115 1187
26 115 1188
26 115 1198
26 115 1206
26 115 1208
26 115 1212
26 115 1223
26 115 1224
26 115 1225
26 115 1226
26 115 1227
26 115 1229
26 115 1230
26 115 1231
26 115 1242
26 115 1249
26 115 1252
26 115 1253
26 115 1255
26 115 1272
26 115 1274
26 115 1275
26 115 1276
26 115 1278
26 115 1279
26 115 1281
26 115 1283
26 115 1286
26 115 1289
26 115 1290
26 115 1293
26 115 1295
26 115 1296
26 115 1300
26 115 1303
26 115 1306
26 115 1313
26 115 1314
26 115 1317
26 115 1318
26 30 1145
26 30 1176
26 30 1177
26 30 1185
26 30 1188
26 30 1212
26 30 1221
26 95 1177
26 95 1185
26 95 1186
26 95 1187
26 95 1188
26 95 1189
26 95 1208
26 95 1228
26 95 1233
26 95 1249
26 95 1327
26 15 1205
26 15 1206
26 15 1207
26 15 1224
26 15 1226
26 15 1227
26 15 1228
26 15 1249
26 15 1281
26 15 1288
26 15 1293
26 15 1296
26 15 1303
26 15 1313
26 15 1318
26 15 1326
93 85 239
93 85 246
93 85 257
93 85 258
93 85 259
93 85 260
93 85 261
108 38 209
108 38 243
108 38 245
108 38 246
108 38 247
108 38 248
108 38 249
108 38 250
108 55 725
108 55 729
38 1 282
38 85 769
38 4 775
38 4 776
38 4 777
38 4 778
38 46 777
38 46 778
38 46 783
38 46 784
103 112 256
103 112 258
103 112 259
103 112 261
103 112 264
103 83 268
103 83 270
103 1 276
103 94 336
103 94 337
103 94 338
103 55 338
103 55 339
103 55 340
103 45 339
103 22 530
103 123 690
103 101 690
103 36 691
103 16 692
103 3 693
103 3 694
103 3 695
103 3 700
103 3 701
103 3 703
103 3 704
103 3 705
103 3 711
103 3 712
103 3 713
103 3 714
103 3 722
103 3 729
103 3 733
103 3 743
103 3 744
103 3 746
103 3 748
103 3 750
103 3 751
103 3 761
103 3 762
103 3 763
103 59 693
103 59 696
103 100 695
103 117 695
103 9 697
103 102 697
103 109 698
103 63 698
103 78 699
1 61 222
1 61 225
1 61 226
1 61 227
1 61 228
1 61 229
1 61 230
1 61 233
1 61 244
1 61 246
1 61 247
1 61 248
1 61 251
1 61 252
1 61 253
1 61 254
1 61 255
1 61 256
1 61 257
1 61 260
1 61 261
1 61 272
1 61 275
1 61 281
1 61 282
1 61 283
1 61 284
1 61 285
1 61 286
1 61 287
1 61 289
1 61 301
1 61 302
1 31 244
61 5 759
61 5 760
61 5 770
61 5 777
61 5 778
61 5 784
61 5 792
61 5 794
61 5 795
61 5 798
61 5 803
61 5 806
61 5 810
61 5 812
61 5 814
61 5 830
61 5 831
61 46 800
61 4 800
122 48 224
122 48 232
122 48 237
122 48 238
122 48 239
122 48 240
122 48 241
122 48 242
122 48 243
122 48 244
122 48 245
122 48 246
122 48 249
122 48 250
122 48 252
122 48 253
122 48 254
122 48 255
122 48 256
122 48 257
122 48 258
122 48 259
122 48 262
122 104 688
122 55 689
122 55 690
122 55 698
122 55 699
122 55 700
122 55 701
122 55 704
122 55 710
122 55 712
122 55 725
122 55 727
122 55 730
122 55 731
122 55 734
122 55 735
122 55 736
122 55 737
122 55 738
122 55 749
122 55 750
122 55 751
122 88 690
122 88 693
122 88 695
122 36 697
122 36 703
122 36 720
122 36 759
122 36 768
122 30 706
122 30 767
122 30 768
122 110 736
122 110 738
122 110 739
122 110 741
122 110 742
122 110 744
122 110 747
122 110 748
122 110 749
122 110 750
122 110 752
122 78 750
122 62 752
122 62 764
122 109 759
122 109 765
122 109 766
48 67 253
48 4 735
48 4 737
48 4 742
48 4 743
48 4 747
48 4 748
48 4 757
48 4 759
48 4 760
48 4 767
48 4 771
48 4 772
48 4 775
48 4 777
48 4 778
48 4 779
48 4 787
48 4 788
48 4 810
48 4 813
48 4 814
48 4 815
48 4 817
48 4 825
48 4 826
48 4 828
48 35 779
48 56 779
48 56 807
48 56 810
48 56 826
48 56 828
48 109 810
48 78 810
48 74 813
48 74 826
48 11 825
48 11 826
31 3 1124
31 32 1124
31 32 1136
31 32 1137
31 32 1138
31 32 1139
31 32 1140
31 32 1141
31 32 1142
31 32 1148
31 32 1149
31 32 1212
31 32 1213
31 32 1220
31 32 1318
31 17 1135
31 17 1149
31 17 1168
31 17 1170
31 17 1171
31 17 1175
31 17 1177
31 17 1178
31 17 1179
31 17 1215
31 17 1220
31 131 1154
31 131 1155
31 131 1156
31 131 1157
31 131 1158
31 131 1159
31 131 1160
31 131 1161
31 131 1162
31 131 1167
31 131 1176
31 131 1178
31 131 1212
31 131 1321
31 96 1204
31 96 1208
31 96 1255
31 96 1259
31 96 1327
70 22 409
70 22 411
70 22 416
70 22 417
70 22 418
70 22 419
70 22 420
70 22 421
70 22 424
70 22 428
70 22 429
70 22 430
70 22 432
70 22 433
70 22 436
70 22 438
70 22 439
70 22 446
70 22 447
70 22 448
70 22 450
70 22 451
70 22 452
70 22 453
70 22 454
70 22 455
70 22 456
70 22 457
70 22 458
70 22 459
70 22 460
70 22 461
70 22 462
70 22 463
70 22 464
70 22 465
70 22 466
70 22 467
70 22 468
70 22 469
70 22 470
70 22 471
70 22 472
70 22 475
70 22 476
70 22 478
70 22 480
70 22 481
70 22 482
70 22 483
70 22 484
70 22 486
70 22 487
70 22 488
70 22 490
70 22 491
70 22 495
70 22 497
70 22 498
70 22 499
70 22 500
70 22 501
70 22 502
70 22 503
70 22 504
70 22 506
70 22 508
70 22 510
70 22 517
70 22 518
70 22 519
70 22 520
70 22 521
70 20 433
70 113 470
85 55 690
85 55 705
85 55 706
85 55 707
85 55 724
85 55 725
85 55 727
85 55 729
85 55 762
85 55 763
85 55 765
85 55 766
85 55 778
85 123 701
85 123 706
85 123 708
85 123 709
85 123 710
85 123 716
85 123 717
85 123 722
85 123 723
85 123 724
85 123 726
85 123 727
85 123 728
85 68 703
85 30 713
85 30 714
85 36 713
85 124 715
85 124 718
85 124 728
85 124 730
85 124 764
85 124 765
85 124 768
85 124 769
85 124 775
85 124 776
85 124 777
85 124 790
85 124 794
85 109 729
85 109 733
85 109 734
85 109 736
85 109 742
67 109 765
83 94 339
83 94 340
83 94 341
83 94 342
83 94 343
83 94 344
83 94 345
83 94 346
83 94 347
83 94 348
83 94 349
83 94 351
83 94 352
83 94 354
83 94 359
83 94 360
83 94 361
83 94 362
83 94 364
83 94 365
83 94 366
83 94 369
83 94 371
83 94 372
83 94 373
83 94 374
83 94 375
83 94 377
83 94 378
83 94 379
83 94 380
83 94 381
83 94 382
83 94 383
83 94 384
83 94 390
83 94 395
83 94 396
83 94 397
83 94 398
83 94 399
83 94 400
83 94 401
83 94 402
83 94 403
83 94 404
83 94 405
83 94 406
83 94 407
83 94 409
83 94 410
83 94 411
83 94 412
83 94 413
83 94 414
83 94 415
83 94 416
83 94 417
83 94 418
83 94 419
83 94 421
83 94 422
83 94 423
83 94 424
83 94 426
83 94 428
83 94 430
83 94 431
83 94 432
83 94 433
83 45 339
83 45 340
83 45 341
83 45 342
83 45 343
83 45 345
83 45 346
83 45 348
83 45 349
83 45 350
83 45 352
83 45 353
83 45 354
83 45 355
83 45 356
83 45 358
83 45 359
83 45 360
83 45 362
83 45 363
83 45 364
83 45 365
83 45 366
83 45 370
83 45 371
83 45 374
83 45 376
83 45 377
83 45 378
83 45 379
83 45 380
83 45 381
83 45 382
83 45 383
83 45 384
83 45 385
83 45 386
83 45 387
83 45 388
83 45 389
83 45 391
83 45 392
83 45 393
83 45 394
83 45 403
83 45 404
83 45 405
83 45 406
83 45 407
83 45 408
83 45 409
83 45 410
83 45 411
83 45 412
83 45 413
83 45 414
83 45 415
83 45 416
83 45 417
83 45 418
83 45 419
83 45 420
83 45 421
83 45 422
83 45 425
83 45 426
83 45 427
83 45 428
83 45 430
83 45 431
83 45 432
83 45 433
112 88 239
112 88 243
112 88 255
112 88 256
112 88 257
112 88 276
112 88 278
112 88 279
112 88 280
112 88 281
112 88 282
112 88 283
112 88 284
112 88 286
112 88 287
112 88 293
112 88 294
112 88 295
112 88 297
112 88 304
112 88 305
112 88 307
112 88 314
112 88 317
112 88 350
112 88 352
112 88 356
112 88 357
112 88 358
112 69 239
112 69 240
112 69 249
112 69 253
112 69 254
112 69 255
112 69 256
112 69 257
112 69 258
112 69 259
112 69 260
112 69 261
112 69 262
112 69 264
112 69 265
112 69 273
112 69 276
112 69 280
112 69 286
112 69 289
112 69 305
112 69 314
112 73 259
112 73 427
112 114 319
112 71 399
112 71 400
112 71 419
112 71 425
112 71 443
112 71 481
112 71 504
112 22 432
112 46 470
88 72 239
88 72 241
88 72 256
88 72 258
88 72 259
88 72 277
88 72 278
88 72 279
88 72 284
88 72 287
88 72 288
88 72 291
88 72 292
88 72 294
88 72 309
88 72 310
88 72 322
88 72 325
88 72 328
88 72 337
88 72 338
88 72 339
88 72 340
88 72 346
88 72 350
88 72 351
88 72 352
88 72 356
88 72 357
88 72 358
88 34 691
88 123 692
88 123 693
88 123 779
88 123 783
88 123 784
88 123 785
88 123 786
88 123 791
88 123 792
88 123 798
88 123 799
88 123 802
88 123 806
88 123 808
88 3 700
88 3 730
88 51 704
88 7 707
88 7 740
88 6 714
88 59 717
88 60 728
88 60 729
88 100 729
88 100 730
88 100 747
88 102 742
88 102 743
88 4 766
88 46 767
88 125 808
88 35 809
88 35 810
88 35 811
69 91 280
69 91 286
69 91 311
69 91 312
69 60 752
69 60 753
69 60 754
69 60 765
69 60 766
69 60 767
69 60 768
69 8 754
69 125 754
69 27 756
69 100 757
69 100 758
69 100 766
69 100 770
69 75 757
69 75 758
69 75 761
69 75 766
69 75 768
69 75 770
69 3 757
69 102 765
72 111 263
72 111 266
72 111 268
72 111 269
72 111 270
72 111 277
72 111 278
72 111 279
72 111 281
72 111 282
72 111 283
72 111 284
72 111 285
72 111 287
72 111 288
72 111 290
72 111 291
72 111 292
72 111 293
72 111 294
72 111 295
72 111 296
72 111 297
72 111 298
72 111 308
72 111 313
72 111 315
72 111 316
72 111 320
72 111 323
72 111 324
72 111 328
72 111 335
72 111 336
72 111 337
72 111 338
72 111 343
72 111 344
72 111 345
72 111 346
72 111 347
72 111 348
72 111 349
72 111 350
72 111 351
72 111 352
72 111 354
72 111 355
72 111 356
72 111 358
72 114 320
72 23 666
72 23 667
72 23 668
72 23 669
72 23 670
72 23 671
72 23 672
72 23 673
72 23 674
72 23 676
72 23 678
72 23 679
72 23 681
72 23 682
72 23 683
72 23 685
72 23 686
72 23 687
72 23 689
72 23 690
72 23 691
72 23 693
72 23 694
72 23 696
72 23 697
72 23 704
72 23 710
72 23 711
72 23 714
72 23 715
72 23 716
72 23 718
72 23 720
72 23 722
72 23 723
72 23 724
72 23 725
72 23 726
72 23 727
72 23 729
72 23 732
72 23 733
72 23 734
72 23 735
72 23 737
72 23 739
72 23 740
72 23 741
72 23 742
72 23 743
72 23 744
72 23 745
72 23 746
72 23 747
72 23 749
72 23 750
72 23 751
72 23 752
72 23 753
72 23 754
72 23 756
72 23 757
72 23 758
72 23 759
72 23 760
72 23 761
72 23 762
72 23 763
72 23 764
72 77 736
72 77 737
72 36 736
72 36 739
72 13 737
72 126 750
111 55 1303
111 16 1395
111 87 1397
73 21 410
73 21 422
73 21 425
73 21 435
73 21 437
73 21 449
73 21 479
73 21 507
73 21 509
104 59 692
104 59 693
104 100 693
104 6 700
104 6 701
104 32 1134
104 32 1213
104 17 1143
104 17 1167
104 17 1168
104 17 1169
104 17 1170
104 17 1171
104 17 1179
104 131 1160
104 131 1161
104 131 1162
104 131 1163
104 131 1164
104 131 1165
104 131 1166
104 131 1167
104 131 1180
104 131 1184
104 131 1188
104 131 1217
104 131 1219
104 33 1178
104 33 1179
104 33 1183
104 33 1212
104 115 1178
104 96 1185
104 84 1209
91 3 1124
91 3 1134
91 3 1135
91 3 1136
91 3 1137
91 32 1124
91 33 1124
91 89 1135
91 89 1136
114 89 512
114 89 513
114 20 513
114 20 516
114 20 517
114 20 518
114 20 529
114 20 538
114 20 547
114 20 548
114 20 549
114 20 573
114 20 579
114 20 580
114 20 584
114 20 585
114 20 587
114 20 588
114 20 589
114 20 596
114 20 599
114 20 600
114 20 604
114 20 606
114 20 607
114 20 608
114 20 609
114 20 610
114 20 611
114 20 615
114 20 625
114 20 633
114 20 634
114 68 603
114 68 610
114 68 624
114 68 625
114 68 633
114 96 618
114 77 618
94 109 545
94 32 546
94 22 612
55 123 692
55 123 699
55 123 700
55 123 701
55 123 715
55 123 718
55 123 731
55 123 735
55 123 736
55 123 737
55 123 739
55 123 742
55 123 748
55 123 755
55 123 765
55 34 692
55 34 693
55 34 695
55 34 696
55 34 697
55 51 697
55 51 700
55 51 703
55 27 719
55 27 720
55 6 723
55 60 724
55 60 725
55 60 726
55 60 729
55 78 741
55 78 747
55 78 748
55 78 751
55 109 746
55 59 755
55 102 757
55 4 1304
55 4 1305
55 4 1306
55 4 1307
55 4 1308
55 4 1309
55 4 1310
55 4 1311
55 4 1326
55 4 1327
55 4 1328
55 4 1330
55 4 1331
55 4 1332
55 4 1334
55 4 1335
55 4 1336
55 4 1337
55 4 1338
55 4 1339
55 4 1340
55 4 1341
55 4 1342
55 4 1343
55 4 1344
55 4 1345
55 4 1348
55 4 1358
55 4 1359
55 4 1360
55 4 1361
55 4 1362
55 4 1363
55 4 1367
55 4 1368
55 4 1369
55 4 1370
55 4 1371
55 4 1372
55 4 1373
55 4 1384
55 4 1386
55 4 1387
55 4 1393
55 4 1394
55 4 1397
45 130 596
45 130 598
45 130 599
45 74 621
86 109 428
86 125 896
86 125 901
86 125 902
86 125 903
86 125 904
86 125 905
86 125 906
86 125 907
86 125 908
86 125 909
86 125 910
86 125 913
86 125 917
86 125 919
86 125 920
86 125 924
86 125 1000
86 125 1004
86 125 1011
86 125 1012
86 125 1013
86 125 1014
86 125 1015
86 125 1028
86 125 1039
86 125 1046
86 125 1056
86 125 1058
86 125 1059
86 125 1060
86 125 1067
86 125 1068
86 57 1096
86 57 1097
86 57 1098
86 57 1099
86 57 1100
86 3 1135
86 3 1136
24 89 384
24 89 385
24 89 386
24 89 387
24 89 388
24 89 389
24 89 390
24 89 391
24 89 392
24 89 393
24 89 394
24 89 396
24 89 397
24 89 398
24 89 399
24 89 401
24 89 424
24 89 425
24 89 426
24 89 432
24 89 433
24 89 434
24 89 441
24 89 444
24 89 446
24 89 447
24 89 471
24 89 473
24 89 491
24 89 492
24 89 493
24 89 495
24 89 496
24 89 497
24 89 501
24 32 1134
24 32 1149
24 32 1157
24 32 1158
24 32 1295
24 32 1298
24 33 1134
24 33 1149
24 33 1169
24 33 1170
24 33 1174
24 33 1211
24 33 1214
24 33 1219
24 33 1271
24 33 1272
24 33 1302
24 131 1140
24 131 1141
24 131 1149
24 131 1176
24 131 1177
24 131 1212
24 131 1221
24 131 1222
24 131 1223
24 131 1224
24 131 1225
24 131 1228
24 131 1229
24 131 1231
24 131 1241
24 131 1242
24 131 1243
24 131 1244
24 131 1249
24 131 1253
24 131 1256
24 131 1269
24 131 1271
24 131 1281
24 131 1283
24 131 1287
24 131 1288
24 131 1312
24 131 1319
24 131 1320
24 17 1144
24 17 1222
24 17 1225
24 17 1229
24 17 1231
24 17 1250
24 17 1268
24 17 1274
24 17 1277
24 17 1287
24 17 1289
24 17 1291
24 17 1294
24 17 1297
24 96 1149
24 96 1223
24 96 1230
89 124 847
89 124 850
89 124 851
89 124 852
89 124 860
89 124 861
89 124 862
89 124 863
89 124 869
89 124 870
89 124 873
89 124 874
89 124 875
89 124 882
89 124 885
89 124 928
89 124 930
89 124 931
89 124 932
89 124 934
89 124 935
89 124 936
89 124 941
89 124 945
89 124 968
89 124 969
89 124 970
89 124 971
89 124 972
89 124 974
89 124 982
89 124 987
89 124 988
89 36 972
113 22 519
113 71 535
113 71 548
113 71 551
113 71 580
113 71 587
113 116 575
113 110 576
113 95 618
113 21 619
71 20 516
71 20 564
71 20 587
71 20 589
71 20 590
71 20 618
71 22 528
71 22 530
71 22 534
71 22 535
71 22 536
71 22 538
71 22 539
71 22 566
71 22 567
71 22 568
71 22 569
71 22 570
71 22 571
71 22 573
71 22 574
71 22 575
71 22 591
71 22 593
71 22 595
71 22 596
71 22 597
71 22 598
71 22 600
71 22 601
71 22 604
71 22 606
71 22 608
71 22 609
71 22 612
71 22 614
71 22 620
71 22 626
71 22 627
71 22 634
71 22 635
71 22 636
71 22 638
71 22 639
71 22 640
71 22 641
71 22 642
71 116 642
22 116 641
22 116 642
22 75 675
22 75 677
22 75 680
22 75 684
22 75 688
22 75 692
22 75 695
22 75 712
22 75 713
22 75 719
22 75 731
22 75 755
22 75 765
22 36 731
21 74 531
21 74 533
21 74 537
21 74 548
21 74 599
21 74 603
21 74 605
21 74 607
21 74 633
21 68 633
21 68 634
109 116 469
109 129 512
109 81 586
109 81 587
109 81 664
109 81 665
109 81 666
109 81 671
109 81 676
109 81 677
109 81 691
109 81 692
109 81 693
109 81 779
109 81 781
109 81 782
109 81 783
109 81 784
109 81 792
109 81 793
109 81 795
109 81 798
109 81 802
109 81 804
109 81 808
109 81 810
109 60 698
109 60 699
109 60 700
109 60 701
109 60 722
109 60 723
109 60 725
109 60 726
109 60 728
109 60 729
109 60 737
109 60 738
109 60 739
109 60 740
109 60 741
109 60 742
109 60 743
109 60 744
109 60 745
109 60 746
109 60 747
109 60 748
109 60 749
109 60 750
109 60 769
109 60 770
109 7 699
109 7 753
109 7 754
109 7 757
109 75 699
109 75 700
109 75 701
109 75 719
109 75 720
109 75 764
109 75 765
109 75 771
109 100 703
109 100 713
109 100 714
109 100 757
109 100 764
109 100 768
109 102 705
109 102 710
109 102 759
109 102 763
109 51 707
109 51 712
109 51 714
109 51 716
109 3 708
109 3 718
109 3 739
109 3 741
109 3 742
109 3 744
109 3 757
109 3 763
109 27 720
109 27 721
109 27 722
109 34 730
109 34 762
109 34 763
109 101 737
109 101 738
109 101 756
109 62 752
109 62 771
109 6 810
110 78 428
110 78 448
110 78 456
110 78 505
110 78 506
110 78 507
110 78 526
110 78 527
110 78 588
110 78 597
110 78 607
110 78 608
110 78 609
110 78 610
110 78 611
110 78 630
110 78 631
110 78 632
110 78 633
110 78 634
110 78 660
110 78 663
110 78 667
110 78 669
110 78 672
110 78 673
110 78 674
110 78 675
110 78 678
110 78 680
110 78 681
110 78 682
110 78 683
110 78 684
110 78 685
110 78 686
110 78 687
110 78 688
110 78 689
110 78 690
110 78 694
110 78 695
110 78 696
110 78 697
110 78 698
110 78 699
110 78 700
110 78 701
110 78 702
110 78 703
110 78 704
110 78 705
110 78 706
110 78 707
110 78 708
110 78 709
110 78 710
110 78 711
110 78 712
110 78 713
110 78 714
110 78 715
110 78 716
110 78 718
110 78 719
110 78 720
110 78 721
110 78 722
110 78 723
110 78 724
110 78 725
110 78 726
110 78 727
110 78 728
110 78 735
110 78 739
110 78 740
110 78 741
110 78 742
110 78 744
110 78 746
110 78 747
110 78 748
110 78 749
110 78 750
110 78 752
110 78 755
110 78 756
110 78 757
110 78 758
110 78 759
110 78 760
110 78 764
110 78 765
110 78 766
110 78 768
110 78 769
110 78 770
110 78 772
110 78 773
110 78 774
110 78 775
110 78 776
110 78 777
110 78 778
110 78 780
110 78 785
110 78 786
110 78 789
110 78 794
110 78 796
110 78 797
110 78 799
110 78 800
110 78 801
110 78 803
110 78 805
110 78 806
110 78 807
110 78 809
110 78 811
110 78 819
110 78 827
110 78 835
110 78 841
110 78 842
110 78 843
110 78 844
110 78 846
110 78 848
110 78 849
110 78 851
110 78 853
110 59 716
110 59 755
110 74 724
110 123 735
110 123 736
110 123 737
110 123 738
110 123 739
110 123 740
110 123 741
110 123 742
110 123 744
110 123 746
110 123 747
110 123 748
110 123 749
110 6 740
110 6 742
110 6 744
110 6 746
110 6 757
110 75 752
110 75 755
110 60 755
110 102 756
110 56 763
110 56 808
110 46 808
110 46 809
110 4 808
110 4 809
110 27 1396
110 27 1397
78 23 666
78 60 698
78 60 699
78 60 705
78 60 707
78 60 715
78 60 757
78 60 760
78 60 766
78 60 767
78 60 768
78 7 699
78 7 700
78 100 703
78 100 758
78 100 761
78 100 764
78 100 765
78 3 708
78 3 712
78 3 715
78 3 716
78 3 718
78 102 712
78 102 714
78 102 718
78 102 719
78 123 721
78 123 735
78 123 737
78 123 738
78 123 739
78 123 742
78 123 743
78 123 744
78 123 746
78 123 747
78 123 748
78 123 749
78 123 750
78 101 721
78 51 721
78 51 728
78 51 729
78 51 730
78 51 732
78 51 733
78 51 734
78 51 738
78 11 725
78 34 725
78 124 737
78 124 738
78 124 739
78 124 740
78 124 741
78 124 742
78 124 743
78 124 744
78 59 744
78 59 745
78 59 749
78 59 750
78 59 751
78 59 757
78 59 758
78 59 760
78 59 762
78 59 809
78 59 810
78 6 809
78 6 810
116 74 641
46 59 740
46 59 741
46 59 742
46 59 747
46 59 748
46 59 798
46 59 803
46 59 804
46 59 805
46 59 806
46 59 808
46 59 809
46 59 811
46 59 827
46 59 829
46 81 767
46 124 768
46 6 780
46 6 802
46 6 803
46 6 804
46 6 806
46 6 808
46 6 809
46 6 811
46 6 812
46 6 818
46 6 820
46 6 827
46 77 827
46 13 827
129 74 599
87 90 530
87 90 531
87 90 539
87 90 548
87 90 553
87 90 555
87 90 573
87 90 574
87 90 575
87 90 576
87 90 577
87 90 578
87 90 579
87 90 580
87 90 581
87 90 584
87 90 585
87 90 587
87 90 588
87 90 589
87 90 590
87 90 591
87 90 592
87 90 593
87 90 594
87 90 597
87 90 599
87 90 600
87 90 602
87 90 604
87 90 605
87 90 606
87 90 607
87 90 610
87 90 611
87 90 619
87 90 623
87 90 626
87 90 633
87 90 639
87 90 640
87 90 643
87 90 648
87 90 657
87 90 662
87 90 663
87 90 665
87 90 682
87 23 531
87 23 537
87 23 573
87 23 574
87 23 578
87 23 581
87 23 602
87 23 604
87 23 679
87 23 682
87 32 534
87 32 547
87 32 562
87 32 563
87 32 573
87 32 574
87 32 575
87 32 576
87 32 577
87 32 579
87 32 580
87 32 581
87 32 584
87 32 585
87 32 602
87 32 604
87 32 659
87 32 681
87 32 682
87 27 1343
87 27 1347
87 27 1348
87 27 1349
87 27 1350
87 27 1360
87 27 1361
87 27 1365
87 27 1366
87 27 1367
87 27 1368
87 27 1369
87 27 1370
87 27 1372
87 27 1373
87 27 1378
87 27 1379
87 27 1381
87 27 1382
87 27 1383
87 27 1384
87 27 1387
87 27 1388
87 27 1389
87 27 1390
87 27 1391
87 27 1392
87 27 1394
87 27 1395
87 27 1396
87 27 1397
87 4 1388
87 58 1388
90 51 531
90 51 538
90 51 542
90 51 543
90 51 544
90 51 546
90 51 547
90 51 548
90 51 555
90 51 576
90 51 577
90 51 580
90 51 586
90 51 587
90 51 588
90 51 602
90 51 604
90 51 617
90 51 618
90 51 619
90 51 622
90 51 623
90 51 639
90 51 645
90 51 647
90 51 662
90 51 663
90 51 669
90 51 676
90 51 678
90 51 681
90 51 682
90 34 532
90 34 541
90 34 542
90 34 545
90 34 546
90 34 547
90 34 548
90 34 553
90 34 573
90 34 574
90 34 576
90 34 577
90 34 578
90 34 580
90 34 582
90 34 584
90 34 587
90 34 603
90 34 604
90 34 605
90 34 606
90 34 607
90 34 608
90 34 609
90 34 610
90 34 611
90 34 612
90 34 613
90 34 617
90 34 619
90 34 625
90 34 631
90 34 632
90 34 636
90 34 639
90 34 646
90 34 647
90 34 648
90 34 658
90 34 659
90 34 663
90 34 664
90 34 665
90 34 666
90 34 667
90 34 678
90 34 679
90 34 681
90 34 682
90 16 1397
23 51 543
23 51 558
23 51 602
23 92 575
23 34 636
23 34 673
23 34 675
23 34 736
23 27 732
23 60 732
23 60 734
23 102 732
23 102 737
23 102 745
23 3 733
23 3 735
23 74 736
23 74 738
23 74 739
23 123 751
74 13 710
74 13 711
74 13 716
74 13 717
74 13 718
74 13 726
74 13 728
74 13 731
74 13 732
74 13 734
74 13 735
74 13 737
74 13 738
74 13 742
74 13 744
74 13 745
74 13 747
74 13 748
74 13 749
74 13 751
74 13 752
74 13 754
74 13 755
74 13 757
74 13 761
74 13 762
74 13 764
74 13 769
74 13 770
74 13 772
74 13 773
74 13 776
74 13 777
74 13 786
74 13 787
74 13 793
74 13 799
74 13 802
74 13 810
74 13 814
74 13 834
74 13 835
74 13 836
74 13 837
74 16 726
51 32 531
51 32 546
51 32 547
51 32 551
51 32 554
51 32 555
51 32 567
51 32 571
51 32 573
51 32 574
51 32 579
51 32 581
51 32 585
51 32 602
51 32 617
51 32 655
51 32 659
51 32 668
51 32 676
51 84 547
51 84 561
51 84 602
51 84 645
51 84 650
51 84 651
51 77 680
51 77 724
51 77 725
51 16 693
51 16 729
51 16 730
51 5 697
51 62 698
51 36 700
51 36 719
51 123 700
51 123 701
51 68 701
51 68 703
51 68 711
51 68 712
51 68 716
51 68 719
51 101 701
51 124 703
51 124 704
51 124 718
51 63 705
51 102 719
51 13 724
32 92 575
32 92 579
32 92 581
32 92 585
32 92 638
32 115 1136
32 115 1137
32 115 1138
32 115 1141
32 115 1145
32 115 1172
32 115 1178
32 115 1187
32 115 1212
32 115 1214
32 115 1216
32 115 1217
32 115 1220
32 115 1221
32 115 1245
32 115 1296
32 115 1297
32 115 1300
32 81 1222
32 95 1316
34 84 578
34 84 603
34 84 605
34 84 606
34 84 608
34 84 609
34 84 610
34 84 611
34 84 625
34 84 629
34 84 646
34 84 652
34 84 658
34 62 695
34 16 700
34 16 726
34 30 714
34 30 717
34 30 718
34 30 728
34 30 729
34 30 742
34 30 743
34 30 744
34 30 745
34 30 747
34 30 748
34 30 749
34 30 751
34 30 752
34 30 754
34 30 755
34 30 756
34 75 731
34 77 739
132 77 538
132 77 546
132 77 547
132 77 550
132 77 559
132 77 560
132 77 562
132 77 569
132 77 572
132 77 573
132 77 574
132 77 575
132 77 576
132 77 577
132 77 579
132 77 580
132 77 581
132 77 583
132 77 585
132 77 586
132 77 594
132 77 661
132 77 680
132 77 681
77 11 712
77 11 714
77 11 715
77 11 719
77 11 720
77 11 722
77 11 723
77 11 724
77 11 725
77 11 727
77 11 729
77 11 736
77 11 740
77 11 741
77 11 743
77 11 746
77 11 750
77 11 753
77 11 763
77 11 766
77 11 767
77 11 768
77 11 771
77 11 774
77 11 775
77 11 778
77 11 779
77 11 780
77 11 781
77 11 782
77 11 783
77 11 784
77 11 785
77 11 789
77 11 790
77 11 791
77 11 792
77 11 794
77 11 795
77 11 796
77 11 797
77 11 798
77 11 801
77 11 803
77 11 805
77 11 806
77 11 807
77 11 808
77 11 809
77 11 811
77 11 812
77 11 813
77 11 815
77 11 816
77 11 817
77 11 818
77 11 819
77 11 820
77 11 821
77 11 822
77 11 823
77 11 824
77 11 825
77 11 826
77 11 827
77 11 828
77 11 829
77 11 830
77 11 831
77 11 832
77 11 833
77 75 726
77 7 737
77 102 737
77 4 813
77 4 824
77 4 825
77 4 827
77 56 824
84 115 1222
95 96 565
95 96 566
95 96 567
95 96 568
95 96 569
95 96 570
95 96 571
95 96 572
95 96 573
95 96 574
95 96 575
95 96 576
95 96 577
95 96 578
95 96 579
95 96 580
95 96 581
95 96 582
95 96 583
95 96 584
95 96 585
95 96 587
95 96 588
95 96 589
95 96 590
95 96 591
95 96 592
95 96 593
95 96 594
95 96 595
95 96 596
95 96 597
95 96 598
95 96 601
95 96 602
95 96 603
95 96 604
95 96 605
95 96 606
95 96 607
95 96 609
95 96 610
95 96 611
95 96 613
95 96 617
95 96 618
95 96 619
95 96 620
95 96 621
95 96 622
95 96 623
95 96 624
95 96 625
95 96 626
95 96 628
95 96 629
95 96 630
95 96 632
95 96 633
95 96 634
95 96 635
95 96 636
95 96 637
95 96 638
95 96 639
95 96 640
95 13 598
95 13 604
95 131 1135
95 131 1141
95 131 1169
95 131 1212
95 131 1213
95 131 1214
95 131 1220
95 131 1221
95 131 1223
95 131 1224
95 131 1225
95 131 1226
95 131 1227
95 131 1228
95 131 1241
95 131 1295
95 131 1313
95 131 1324
95 17 1180
95 17 1227
96 15 606
96 15 1144
96 15 1185
96 15 1233
96 115 1134
96 115 1176
96 115 1177
96 115 1180
96 115 1181
96 115 1182
96 115 1184
96 115 1223
96 115 1228
96 115 1229
96 115 1243
96 115 1295
96 115 1299
96 30 1145
96 30 1146
96 30 1147
96 30 1148
96 30 1151
96 30 1152
96 30 1156
96 30 1157
96 30 1158
96 30 1159
96 30 1160
96 30 1161
96 30 1163
96 30 1167
96 30 1178
96 30 1185
96 30 1187
96 30 1236
96 30 1237
96 30 1238
96 30 1283
96 30 1313
96 30 1317
96 30 1318
96 81 1209
92 4 1300
92 4 1304
92 4 1306
92 4 1315
92 4 1325
92 4 1327
92 4 1328
92 4 1329
92 4 1331
92 4 1337
92 4 1338
92 4 1343
92 4 1344
92 4 1366
92 4 1368
92 4 1369
92 4 1374
92 4 1381
92 4 1384
92 4 1385
92 4 1386
92 4 1389
92 4 1394
92 4 1395
92 4 1403
92 4 1404
92 4 1405
92 4 1407
92 4 1408
92 4 1409
92 4 1411
92 58 1314
92 58 1315
92 58 1325
92 58 1326
92 58 1327
92 58 1337
92 58 1338
92 58 1344
92 58 1368
92 58 1375
92 58 1382
92 58 1383
92 58 1384
92 58 1389
92 58 1411
92 58 1412
81 6 742
81 59 751
81 4 763
81 4 808
81 56 808
81 117 1111
81 117 1112
81 117 1113
81 117 1114
81 117 1115
81 117 1124
81 117 1125
81 117 1126
81 117 1127
81 117 1128
81 117 1130
81 117 1135
81 117 1136
81 117 1137
81 117 1138
81 117 1139
81 117 1140
81 117 1141
81 117 1142
81 117 1144
81 117 1145
81 117 1146
81 117 1147
81 117 1148
81 117 1149
81 117 1150
81 117 1151
81 117 1153
81 117 1154
81 117 1155
81 117 1157
81 117 1158
81 117 1159
81 117 1160
81 117 1168
81 117 1169
81 117 1170
81 117 1171
81 117 1172
81 117 1174
81 117 1175
81 117 1177
81 117 1178
81 117 1179
81 117 1184
81 117 1185
81 117 1186
81 117 1189
81 117 1190
81 117 1191
81 117 1192
81 117 1193
81 117 1194
81 117 1199
81 117 1200
81 117 1202
81 117 1203
81 117 1204
81 117 1205
81 117 1206
81 117 1209
81 117 1210
81 117 1213
81 117 1216
81 117 1217
81 117 1219
81 117 1220
13 97 604
13 75 726
13 7 731
13 102 737
13 4 752
13 4 757
68 7 699
68 27 699
68 101 700
68 101 719
68 101 720
68 59 701
68 102 701
68 60 702
68 60 703
68 60 705
68 60 707
68 60 709
68 60 711
68 60 716
68 60 718
68 60 719
68 117 707
68 3 713
68 3 720
68 75 714
68 75 720
68 100 715
15 131 1150
15 131 1151
15 131 1152
15 131 1153
15 131 1160
15 131 1161
15 131 1162
15 131 1163
15 131 1166
15 131 1167
15 131 1175
15 131 1177
15 131 1178
15 131 1183
15 131 1186
15 131 1188
15 131 1189
15 131 1208
15 131 1223
15 131 1226
15 131 1227
15 131 1229
15 131 1230
15 131 1231
15 131 1232
15 131 1233
15 131 1245
15 131 1252
15 131 1253
15 131 1261
15 131 1265
15 131 1267
15 131 1269
15 131 1271
15 131 1272
15 131 1273
15 131 1277
15 131 1278
15 131 1279
15 131 1280
15 131 1281
15 131 1285
15 131 1286
15 131 1287
15 131 1288
15 131 1289
15 131 1290
15 131 1291
15 131 1292
15 131 1293
15 131 1297
15 131 1307
15 131 1308
15 131 1321
15 131 1322
15 131 1323
15 127 1271
75 16 711
75 16 715
75 16 716
75 16 727
75 16 729
75 16 732
75 16 738
75 16 743
75 16 745
75 16 747
75 16 748
75 7 732
75 7 742
75 101 732
75 60 732
75 102 736
75 59 750
75 6 751
75 62 752
75 30 762
123 36 692
123 36 693
123 36 694
123 36 698
123 36 703
123 36 704
123 36 705
123 36 707
123 36 708
123 36 714
123 36 719
123 36 732
123 36 733
123 36 758
123 59 704
123 59 715
123 59 720
123 59 762
123 59 765
123 59 766
123 59 767
123 59 768
123 59 769
123 59 770
123 59 771
123 59 772
123 6 705
123 6 708
123 6 713
123 6 714
123 6 740
123 6 742
123 7 706
123 7 707
123 7 765
123 7 766
123 7 767
123 7 768
123 7 772
123 7 805
123 101 713
123 101 772
123 30 714
123 30 724
123 3 720
123 16 724
123 60 724
123 60 725
123 60 726
123 60 769
123 100 767
123 100 769
123 100 770
101 59 693
101 59 769
101 102 696
101 102 699
101 102 701
101 102 704
101 102 705
101 102 706
101 102 714
101 102 715
101 102 717
101 102 718
101 102 728
101 102 765
101 9 700
101 9 702
101 9 728
101 9 764
101 9 768
101 9 770
101 9 772
101 3 702
101 3 703
101 3 704
101 3 705
101 3 706
101 3 714
101 3 722
101 3 731
101 3 754
101 3 755
101 3 768
101 30 707
101 30 721
101 30 726
101 30 777
101 36 711
101 36 718
101 36 724
101 36 730
101 63 723
101 63 777
101 5 725
101 5 742
101 124 726
101 7 746
101 7 749
101 60 777
36 59 694
36 59 696
36 59 700
36 59 701
36 59 704
36 59 705
36 59 710
36 59 718
36 59 721
36 59 723
36 59 731
36 59 735
36 59 765
36 59 766
36 59 767
36 59 768
36 102 700
36 102 701
36 102 725
36 102 726
36 102 746
36 102 748
36 102 749
36 102 751
36 102 752
36 102 753
36 100 701
36 100 724
36 100 733
36 100 748
36 100 749
36 100 755
36 7 721
36 7 727
36 7 728
36 7 729
36 7 742
36 7 743
36 7 744
36 7 746
36 7 747
36 7 748
36 7 751
36 7 765
36 3 724
36 3 726
36 3 734
36 3 747
36 3 749
36 3 751
36 3 752
36 60 730
36 60 732
36 60 758
36 60 760
36 60 763
36 125 755
36 6 755
36 6 771
5 59 692
5 59 693
5 59 697
5 100 696
5 100 699
5 100 708
5 100 709
5 100 717
5 102 696
5 102 697
5 102 699
5 102 707
5 102 715
5 102 716
5 102 724
5 102 726
5 102 727
5 102 734
5 102 742
5 102 745
5 102 749
5 102 752
5 102 756
5 102 766
5 102 767
5 102 768
5 102 770
5 7 725
5 7 734
5 7 749
5 7 767
5 60 739
5 60 770
5 6 800
59 16 700
59 16 745
59 16 746
59 30 707
59 30 724
59 30 735
59 30 766
59 30 767
59 30 768
59 30 769
59 30 770
59 30 771
59 124 715
59 124 755
59 4 735
59 4 740
59 4 741
59 4 742
59 4 747
59 4 757
59 4 761
59 4 766
59 4 767
59 4 768
59 4 769
59 4 774
59 4 776
59 35 778
59 35 779
59 35 780
59 35 781
59 35 787
59 11 815
59 11 824
16 100 693
16 100 698
16 100 700
16 100 711
16 100 716
16 3 694
16 3 697
16 3 699
16 3 705
16 3 706
16 3 713
16 3 716
16 3 723
16 3 768
16 3 771
16 102 694
16 102 697
16 102 699
16 102 700
16 102 714
16 102 725
16 102 726
16 102 768
16 60 702
16 60 713
16 17 723
16 17 724
16 17 769
16 117 743
100 124 697
100 124 698
100 124 727
100 124 733
100 63 720
100 63 763
100 63 766
100 9 726
100 9 727
100 9 733
100 9 737
100 9 747
100 9 750
100 9 751
100 9 752
100 62 730
100 62 737
100 62 763
100 102 731
100 30 732
100 30 746
100 30 747
100 30 748
100 30 751
100 30 777
100 30 778
100 35 800
3 63 711
3 63 712
3 63 713
3 63 714
3 63 735
3 63 740
3 63 741
3 102 724
3 102 726
3 102 727
3 102 741
3 102 758
3 124 729
3 62 732
3 62 733
3 62 736
3 9 735
3 9 746
3 9 748
3 9 750
3 9 757
3 30 736
3 30 747
3 30 748
3 30 749
3 30 751
3 30 752
3 30 766
3 30 1124
102 62 697
102 62 700
102 62 737
102 7 698
102 7 703
102 7 704
102 60 698
102 6 703
102 6 704
102 124 725
102 9 733
102 9 748
102 9 749
102 9 751
102 9 752
102 9 761
102 30 735
102 30 746
102 30 748
102 30 749
102 30 750
102 30 751
102 30 752
102 30 765
102 30 771
62 6 708
62 6 709
62 6 714
62 60 720
62 60 726
62 60 729
62 60 733
62 60 757
62 60 758
62 60 760
62 60 763
62 7 721
62 7 722
62 7 723
62 7 724
62 7 735
62 7 763
62 7 764
62 7 765
62 7 768
62 7 770
117 124 721
124 60 704
124 60 732
124 60 733
124 7 719
124 7 727
124 6 740
124 6 742
124 6 744
124 6 750
124 6 751
124 6 752
124 4 765
124 8 807
124 125 808
9 56 877
9 56 878
9 56 879
9 56 885
9 56 886
9 56 891
9 56 892
9 56 893
9 56 894
9 56 895
9 56 897
9 56 898
9 56 900
9 56 901
9 56 921
9 56 942
9 56 943
9 56 946
9 56 952
9 56 953
9 56 956
9 56 957
9 56 962
9 56 963
9 56 965
9 56 968
9 56 971
9 56 972
9 56 982
9 56 995
9 56 1003
9 56 1007
9 56 1008
60 30 719
60 30 724
60 30 730
60 30 734
60 30 738
60 30 777
60 127 1231
60 127 1239
60 127 1240
60 127 1243
60 127 1246
60 127 1248
60 127 1251
60 127 1258
60 127 1275
60 127 1276
60 127 1279
60 127 1280
60 127 1313
7 63 699
7 63 701
7 8 702
7 8 703
7 8 704
7 30 704
7 30 705
7 30 706
7 30 710
7 30 711
7 30 712
7 30 715
7 30 723
7 30 724
7 30 728
7 30 729
7 30 730
7 30 733
7 30 735
7 30 736
7 30 739
7 30 740
7 30 756
7 30 757
7 30 758
7 30 759
7 30 761
7 30 766
7 30 767
7 30 768
7 30 769
7 58 771
7 58 772
7 58 773
7 58 774
7 58 775
7 58 776
7 58 779
7 58 780
7 58 799
7 58 807
7 58 808
7 58 811
7 58 813
7 58 815
7 58 817
7 58 818
7 58 819
7 58 822
7 58 827
7 58 828
7 58 833
63 6 755
63 127 1306
30 6 702
30 125 755
30 17 1140
30 17 1145
30 17 1149
30 17 1205
30 17 1206
30 17 1207
30 17 1209
30 17 1212
30 17 1213
30 17 1215
30 17 1218
30 17 1237
30 17 1265
30 17 1294
30 131 1148
30 131 1221
30 131 1242
30 131 1245
30 131 1246
30 131 1252
30 131 1253
30 131 1257
30 131 1265
30 131 1313
30 131 1316
6 35 779
6 35 785
6 35 788
6 56 782
6 56 783
6 56 785
6 56 786
6 56 802
6 56 803
6 56 804
6 56 807
6 56 809
6 56 812
6 56 816
6 56 817
6 56 828
6 11 822
6 11 825
6 11 826
6 11 827
8 126 746
8 126 747
8 126 759
8 126 772
8 126 773
8 126 807
11 35 794
11 126 877
11 126 878
11 126 879
11 126 880
11 126 883
11 126 885
11 126 888
11 126 895
11 126 896
11 126 897
11 126 898
11 126 899
11 126 901
11 126 902
11 126 907
11 126 908
11 126 921
11 126 922
11 126 923
11 126 924
11 126 934
11 126 960
11 126 961
11 126 971
11 126 972
11 126 975
11 126 979
11 126 982
11 126 983
11 126 993
11 126 995
11 126 1003
11 126 1004
11 126 1007
11 126 1008
17 115 1136
17 115 1146
17 115 1148
17 115 1156
17 115 1157
17 115 1162
17 115 1173
17 115 1174
17 115 1175
17 115 1180
17 115 1181
17 115 1184
17 115 1200
17 115 1216
17 115 1220
17 115 1224
17 115 1225
17 115 1232
17 115 1233
17 115 1234
17 115 1237
17 115 1238
17 115 1239
17 115 1243
17 115 1244
17 115 1245
17 115 1246
17 115 1249
17 115 1270
17 115 1274
17 115 1275
17 115 1277
17 115 1278
17 115 1286
17 115 1288
17 115 1289
17 115 1291
17 115 1293
17 115 1296
17 115 1303
17 115 1307
126 35 804
126 35 805
126 56 878
126 56 898
126 56 899
126 56 900
126 56 901
126 56 902
126 56 908
126 56 917
126 56 939
126 56 940
126 56 941
126 56 972
126 56 982
126 56 1006
126 56 1008
125 10 792
33 115 1133
33 115 1134
33 115 1135
33 115 1136
33 115 1137
33 115 1141
33 115 1144
33 115 1145
33 115 1147
33 115 1150
33 115 1151
33 115 1152
33 115 1153
33 115 1154
33 115 1155
33 115 1156
33 115 1157
33 115 1158
33 115 1159
33 115 1161
33 115 1163
33 115 1165
33 115 1169
33 115 1173
33 115 1174
33 115 1175
33 115 1176
33 115 1177
33 115 1185
33 115 1186
33 115 1206
33 115 1214
33 115 1215
33 115 1216
33 115 1217
33 115 1219
33 115 1220
33 115 1303
33 115 1322
33 115 1324
33 115 1326
10 57 1018
10 57 1019
10 57 1020
10 57 1021
10 57 1022
10 57 1023
10 57 1024
10 57 1025
10 57 1026
10 57 1027
10 57 1028
10 57 1029
10 57 1030
10 57 1031
10 57 1033
10 57 1034
10 57 1035
10 57 1036
10 57 1038
10 57 1039
10 57 1040
10 57 1046
10 57 1047
10 57 1048
10 57 1049
10 57 1050
10 57 1051
10 57 1057
10 57 1058
10 57 1059
10 57 1060
10 57 1061
10 57 1063
10 57 1065
10 57 1066
10 57 1068
10 57 1078
10 57 1087
10 57 1088
10 57 1091
10 57 1092
10 57 1093
10 57 1094
10 57 1095
10 57 1096
10 57 1098
10 57 1099
10 57 1102
10 57 1103
10 57 1104
10 57 1105
10 57 1106
10 57 1107
10 57 1108
10 57 1109
10 57 1110
10 57 1111
10 57 1112
10 57 1113
10 57 1114
10 57 1115
10 57 1116
10 57 1117
10 57 1118
10 57 1119
10 57 1120
10 57 1121
10 57 1122
10 57 1123
10 57 1131
10 57 1134
10 57 1139
10 57 1144
10 57 1145
10 57 1148
10 57 1149
10 57 1150
10 57 1151
10 57 1152
10 57 1155
10 57 1156
10 57 1157
10 57 1158
10 57 1159
10 57 1160
10 57 1161
10 57 1162
10 57 1163
10 57 1164
10 57 1167
10 57 1169
10 57 1170
10 57 1171
10 57 1172
10 57 1173
10 57 1174
10 57 1175
10 57 1176
10 57 1177
10 57 1178
10 57 1179
10 57 1180
10 57 1187
10 57 1188
10 57 1193
10 57 1194
10 57 1209
10 57 1210
10 57 1211
10 57 1212
10 57 1213
10 57 1214
10 57 1215
10 57 1216
10 57 1217
10 57 1218
10 57 1219
10 57 1230
10 57 1240
10 57 1241
10 57 1244
57 127 1228
57 127 1230
57 127 1233
57 127 1234
57 127 1235
57 127 1236
57 127 1237
57 127 1238
57 127 1242
57 127 1244
57 127 1245
57 127 1247
57 127 1249
57 127 1253
57 127 1255
57 127 1268
57 127 1272
57 127 1273
57 127 1274
57 127 1277
57 127 1281
57 127 1315
57 127 1316
57 127 1317
57 131 1250
115 131 1136
115 131 1151
115 131 1152
115 131 1153
115 131 1154
115 131 1155
115 131 1156
115 131 1157
115 131 1158
115 131 1159
115 131 1160
115 131 1161
115 131 1162
115 131 1163
115 131 1164
115 131 1165
115 131 1175
115 131 1204
115 131 1222
115 131 1223
115 131 1224
115 131 1225
115 131 1232
115 131 1245
115 131 1246
115 131 1256
115 131 1269
115 131 1275
115 131 1278
115 131 1282
115 131 1283
115 131 1286
115 131 1287
115 131 1288
115 131 1289
115 131 1292
115 131 1293
115 131 1296
115 131 1307
115 131 1308
115 131 1326
115 131 1327
115 131 1328
115 131 1329
115 131 1330
