40 70 0
40 70 6
40 70 7
40 70 8
40 70 16
40 70 18
40 70 19
40 70 20
40 70 21
40 70 24
40 70 25
40 70 26
40 70 27
40 70 28
40 70 29
40 70 30
40 7 2
40 7 3
40 7 6
40 7 7
40 7 8
40 7 10
40 7 11
40 7 14
40 7 15
40 7 16
40 7 17
40 7 18
40 7 21
40 7 23
40 7 24
40 7 25
40 7 26
40 7 27
40 7 28
40 7 29
40 7 30
40 84 492
40 84 493
70 8 163
70 8 169
70 8 172
70 8 173
70 8 174
70 8 175
70 8 187
70 8 188
70 8 189
70 8 191
70 8 192
70 8 198
70 8 199
70 8 202
70 8 203
70 8 204
70 8 217
70 8 224
70 8 228
70 8 232
70 8 234
70 8 246
70 8 247
70 8 248
70 8 251
70 8 254
70 8 255
70 8 256
70 8 257
69 7 1
69 7 4
69 7 5
69 7 7
69 7 8
69 7 12
69 7 14
69 7 15
69 7 16
69 7 20
69 7 21
69 7 23
69 7 24
69 7 30
69 48 1250
69 48 1251
69 48 1252
69 48 1254
69 48 1255
69 48 1256
69 48 1257
69 48 1259
69 48 1260
69 48 1261
69 48 1262
69 48 1263
69 48 1264
69 48 1265
69 48 1266
69 48 1267
69 48 1268
69 48 1269
69 48 1270
69 48 1271
69 48 1272
69 48 1273
69 48 1274
69 48 1275
69 48 1288
69 48 1295
69 48 1296
69 48 1297
69 48 1298
69 48 1299
69 48 1301
69 48 1302
7 65 375
7 65 377
7 65 392
7 65 393
7 65 394
7 65 400
7 65 401
7 65 406
7 65 407
7 65 408
7 65 409
7 65 411
7 65 412
7 65 417
7 65 418
7 65 445
7 65 446
7 65 447
7 65 448
7 65 450
7 65 455
7 65 462
7 65 465
7 65 466
7 65 467
7 65 468
7 65 472
7 65 477
7 48 376
7 48 377
7 48 432
7 48 438
7 48 446
7 48 471
7 35 379
7 35 400
7 35 406
7 35 417
7 35 443
7 35 468
7 35 476
7 35 480
7 59 385
7 20 391
7 13 400
7 13 401
7 13 444
7 13 446
7 13 450
7 13 451
7 13 452
7 13 453
7 13 465
7 13 466
7 13 467
7 13 468
8 41 168
8 41 173
8 41 176
8 41 177
8 41 178
8 41 180
8 41 181
8 41 182
8 41 183
8 41 186
8 41 188
8 41 189
8 41 191
8 41 192
8 41 196
8 41 197
8 41 199
8 41 210
8 41 224
8 41 225
8 41 226
8 41 231
8 41 235
8 41 248
8 77 203
8 23 277
8 23 287
8 23 292
8 23 295
8 23 298
8 23 305
8 23 307
8 23 312
8 23 323
8 23 327
8 23 329
8 23 330
8 23 331
8 47 280
8 47 282
8 47 306
8 47 312
8 47 330
8 47 331
8 10 283
8 10 286
8 10 305
8 10 307
8 10 309
8 10 329
8 10 330
8 10 331
41 71 165
41 71 169
41 71 197
41 71 198
41 71 208
41 71 209
41 71 227
41 71 229
41 71 232
41 71 234
41 71 235
41 71 239
41 71 257
41 14 256
41 27 672
41 27 679
41 27 680
41 27 681
41 27 686
41 27 688
41 27 706
41 27 713
41 27 735
41 60 679
41 60 686
41 60 688
41 60 691
41 60 696
41 60 706
71 77 207
71 55 439
71 55 441
71 55 467
71 55 469
71 55 495
71 55 520
71 55 558
71 55 572
71 55 579
71 55 590
54 17 196
54 17 197
54 17 199
54 17 325
54 17 326
54 17 329
54 17 330
54 17 338
54 17 339
54 17 340
54 17 341
54 17 342
54 17 343
54 17 344
54 17 345
54 17 345
54 17 346
54 17 347
54 17 348
54 17 349
54 17 351
54 17 352
54 17 354
54 17 355
54 17 356
54 17 357
54 17 359
54 17 360
54 17 361
54 17 362
54 17 363
54 17 364
54 17 366
54 17 371
54 17 372
54 17 373
54 17 374
54 17 375
54 17 377
54 17 378
54 17 379
54 17 380
54 17 382
54 17 383
54 17 384
54 17 385
54 17 386
54 17 387
54 17 388
54 17 389
54 17 390
54 17 391
54 17 392
54 17 393
54 17 394
54 17 395
54 17 396
54 17 399
54 17 400
54 17 401
54 17 402
54 17 403
54 17 404
54 17 405
54 17 406
54 17 407
54 17 408
54 17 409
54 17 410
54 17 411
54 17 412
54 17 413
54 17 414
54 17 415
17 11 398
77 76 325
77 76 326
77 76 327
77 76 328
77 76 329
77 76 330
77 76 331
77 76 335
77 76 339
77 76 342
77 76 344
77 76 354
77 76 357
77 76 359
77 76 360
77 76 363
77 76 365
77 76 368
77 76 370
77 76 374
77 76 379
77 76 380
77 76 384
77 76 385
77 76 386
77 76 388
77 76 390
77 76 391
77 76 393
77 76 394
77 76 395
77 76 396
77 76 398
77 76 402
77 76 404
77 76 405
77 76 406
77 76 408
77 76 417
77 76 419
77 76 421
77 76 422
77 76 425
77 76 426
77 76 427
77 76 429
77 76 430
77 76 433
77 76 434
77 76 436
77 76 437
77 76 439
77 76 440
77 76 441
77 76 442
77 76 443
37 0 255
37 0 257
37 0 262
37 0 263
37 0 266
37 0 267
37 0 268
37 0 272
37 0 273
37 0 274
37 0 275
37 0 276
37 0 277
37 0 288
37 0 291
37 0 298
37 0 299
37 0 300
37 0 301
37 0 302
37 0 303
37 0 306
37 0 309
37 0 311
37 0 312
37 0 313
37 0 314
37 0 315
37 0 316
37 0 318
37 0 319
37 0 325
37 0 328
37 0 332
37 0 336
37 0 337
37 0 338
37 0 340
37 0 342
37 0 343
37 0 353
37 0 354
37 0 358
37 0 367
37 0 368
37 0 369
37 0 371
37 0 375
37 0 376
37 0 406
37 0 407
37 0 411
37 0 416
37 0 417
37 0 421
37 0 430
37 0 431
37 0 434
37 0 435
37 0 436
37 0 442
37 0 443
37 0 445
37 0 446
37 0 447
37 0 449
37 0 450
37 0 451
37 0 452
37 0 453
37 0 454
37 0 455
37 0 456
37 0 457
37 0 458
37 0 459
37 0 460
37 0 461
37 0 462
37 0 463
37 0 464
37 0 465
37 0 466
37 0 467
37 0 468
37 0 469
37 0 470
37 0 471
37 0 472
37 0 473
37 0 474
37 0 475
37 0 476
37 0 477
37 0 478
37 0 479
37 0 480
37 0 481
37 0 482
37 0 483
37 0 484
37 0 485
37 0 488
37 0 489
37 0 490
37 0 492
37 0 493
37 0 496
37 0 497
37 0 498
37 0 499
37 0 500
37 0 502
37 0 504
37 0 506
37 0 507
37 0 508
37 0 509
37 0 510
37 0 518
37 0 519
37 0 520
37 0 522
37 0 523
37 0 524
37 0 525
37 0 526
37 0 531
37 0 532
37 0 533
37 0 534
37 14 256
37 14 266
37 14 267
37 14 273
37 14 274
37 14 298
37 14 313
37 14 320
37 14 356
37 14 358
37 14 359
37 14 361
37 14 364
37 14 386
37 14 387
37 14 394
37 14 401
37 14 404
37 14 407
37 14 426
37 14 438
37 14 442
37 14 443
37 14 447
37 14 451
37 14 458
37 14 459
37 14 464
37 14 465
37 14 468
37 14 472
37 14 474
37 14 475
37 14 476
37 14 477
37 14 478
37 14 479
37 14 480
37 14 485
37 14 492
37 14 493
37 14 495
37 14 509
37 14 514
37 14 525
37 9 316
37 30 757
37 30 759
37 30 760
37 30 762
37 30 763
37 30 764
37 30 765
37 30 766
37 30 767
37 30 768
37 30 769
37 30 771
37 30 772
37 30 773
37 30 776
37 30 777
37 30 778
37 30 784
37 30 785
37 30 786
37 30 788
37 30 790
37 30 794
37 30 799
37 30 800
37 30 806
37 30 810
37 30 811
37 30 815
0 14 257
0 14 273
0 14 276
0 14 277
0 14 332
0 14 509
0 14 514
0 14 526
0 10 272
0 10 278
0 10 281
0 10 289
0 10 296
0 10 299
0 10 303
0 10 306
0 10 309
0 10 310
0 10 311
0 10 312
0 10 314
0 10 318
0 10 319
0 10 321
0 10 323
0 10 324
0 10 325
0 10 333
0 10 338
0 10 341
0 10 342
0 10 407
0 10 408
0 10 409
0 10 410
0 10 411
0 10 424
0 10 425
0 10 426
0 10 428
0 10 433
0 10 442
0 10 443
0 10 444
0 10 445
0 10 446
0 10 451
0 10 452
0 10 453
0 10 454
0 10 456
0 10 458
0 10 459
0 10 460
0 10 461
0 10 462
0 10 463
0 10 464
0 10 465
0 10 466
0 10 468
0 10 469
0 10 471
0 10 472
0 10 473
0 10 474
0 10 475
0 10 476
0 10 477
0 10 478
0 10 479
0 10 480
0 10 481
0 10 484
0 10 485
0 10 486
0 10 487
0 10 491
0 10 496
0 10 497
0 10 498
0 10 499
0 10 500
0 10 501
0 10 502
0 10 505
0 10 506
0 10 507
0 10 508
0 10 510
0 10 513
0 83 289
0 83 452
0 9 316
0 13 330
0 43 344
0 43 409
0 43 511
0 43 512
0 43 513
0 43 516
0 43 528
0 29 417
0 32 525
0 26 529
14 4 497
14 4 509
14 32 520
14 32 521
10 19 286
10 19 289
10 19 300
10 19 307
10 19 311
10 19 324
10 19 330
10 19 331
10 42 309
10 42 331
10 43 311
10 43 314
10 43 318
10 43 319
10 43 357
10 43 360
10 43 362
10 43 363
10 43 365
10 43 368
10 43 402
10 43 403
10 43 409
10 43 411
10 43 415
10 43 439
10 43 444
10 43 445
10 43 446
10 43 452
10 43 453
10 43 491
10 43 496
10 43 500
10 43 502
10 43 505
10 43 506
10 43 508
10 43 510
10 43 513
10 4 506
10 4 508
10 4 513
10 4 514
10 32 526
6 47 276
6 47 277
6 47 293
6 47 295
6 47 301
6 47 310
6 47 312
6 47 326
6 47 330
6 47 1167
6 12 276
6 12 282
6 12 290
6 12 292
6 12 299
6 12 301
6 12 306
6 12 310
6 12 312
6 12 313
6 12 319
6 23 278
6 23 282
6 23 290
6 23 292
6 23 295
6 23 301
6 23 302
6 23 306
6 23 308
6 23 310
47 19 278
47 19 284
47 19 292
47 19 293
47 19 299
47 19 301
47 19 302
47 19 304
47 19 306
47 19 312
47 19 313
47 19 317
47 19 319
47 19 321
47 19 326
47 19 330
47 19 331
47 39 1106
47 39 1107
47 39 1108
47 39 1109
47 39 1110
47 39 1112
47 39 1114
47 39 1115
47 39 1116
47 39 1117
47 39 1118
47 39 1119
47 39 1120
47 39 1121
47 39 1122
47 39 1123
47 39 1124
47 39 1125
47 39 1126
47 39 1127
47 39 1128
47 39 1129
47 39 1130
47 39 1131
47 39 1132
47 39 1133
47 39 1134
47 39 1135
47 39 1136
47 39 1139
47 39 1144
47 39 1145
47 39 1146
47 39 1147
47 39 1148
47 39 1149
47 39 1152
47 39 1153
47 39 1154
47 39 1155
47 39 1156
47 39 1157
47 39 1158
47 39 1159
47 39 1160
47 39 1161
47 39 1162
47 39 1165
47 39 1166
47 39 1167
47 39 1168
47 39 1169
47 39 1170
47 39 1176
47 39 1178
47 39 1188
47 39 1189
47 39 1190
47 39 1194
47 39 1195
47 39 1196
47 39 1197
47 39 1198
47 39 1199
47 39 1200
47 39 1203
47 39 1204
47 39 1205
47 39 1206
47 39 1213
47 39 1214
47 39 1215
47 39 1217
47 39 1218
47 39 1219
47 39 1220
47 39 1221
47 39 1222
47 39 1223
47 39 1224
47 39 1225
47 39 1226
47 39 1227
47 39 1229
47 39 1230
47 39 1231
47 39 1232
47 39 1233
47 39 1234
47 39 1235
47 39 1236
47 39 1237
47 39 1238
47 39 1239
47 39 1240
47 39 1241
47 39 1242
47 39 1243
47 39 1244
47 39 1245
47 39 1246
47 39 1247
47 39 1248
47 39 1249
47 39 1250
47 39 1254
47 26 1123
47 30 1179
47 30 1184
47 16 1183
12 42 283
12 42 288
12 42 329
12 83 322
12 31 1368
12 31 1369
12 31 1370
12 31 1371
12 31 1372
12 31 1373
12 31 1374
12 31 1375
12 31 1376
12 31 1377
12 31 1378
12 31 1379
12 31 1380
12 31 1381
12 31 1382
12 31 1383
12 31 1384
12 31 1385
12 31 1387
12 31 1388
12 31 1389
12 31 1390
12 31 1393
12 31 1395
12 31 1396
12 31 1397
12 31 1399
12 31 1400
23 42 279
23 42 281
23 42 309
23 42 311
23 42 314
23 42 318
23 42 320
23 42 322
23 42 327
23 42 329
23 55 519
23 55 523
23 32 537
23 32 551
19 45 707
19 45 708
19 45 712
19 45 713
19 45 715
19 45 719
19 45 721
19 45 722
19 45 724
19 45 726
19 45 727
19 45 728
19 45 733
19 45 737
19 45 738
19 45 739
42 51 781
42 51 782
42 51 783
42 51 784
42 51 785
42 51 786
42 51 788
42 51 795
42 51 818
42 51 819
42 51 820
42 51 822
42 51 823
42 51 824
42 51 825
42 51 826
42 51 828
42 58 781
42 58 782
42 58 783
42 58 785
42 58 786
42 58 787
42 58 788
42 58 789
42 58 790
42 58 792
42 58 803
42 58 804
42 58 808
42 58 810
42 58 811
42 58 812
42 58 813
42 58 814
42 58 815
42 58 816
42 58 817
42 58 818
42 58 819
42 58 820
42 58 821
42 58 822
42 58 823
42 58 824
42 58 825
42 58 826
42 58 827
42 58 830
83 72 322
83 72 451
83 11 438
83 81 447
83 55 451
83 74 454
83 34 494
83 34 509
83 34 510
83 34 512
83 34 513
43 11 374
43 11 375
43 11 401
43 11 420
43 11 447
43 11 451
43 11 470
43 65 384
43 65 385
43 65 387
43 65 388
43 65 396
43 65 413
43 65 420
43 65 445
43 65 448
43 65 480
43 65 481
43 13 386
43 13 389
43 13 390
43 13 391
43 13 392
43 13 396
43 13 433
43 13 434
43 13 435
43 13 469
43 13 482
43 35 423
43 35 481
43 35 482
43 56 516
9 65 332
9 65 385
9 65 393
9 65 394
9 65 397
9 65 398
9 65 401
9 65 403
9 65 417
9 65 446
9 65 468
9 65 480
9 65 481
9 48 387
9 48 388
9 48 458
9 48 481
9 35 397
9 35 444
9 35 465
9 35 468
9 35 480
9 35 481
9 35 482
9 11 409
9 11 417
9 11 447
9 27 452
80 72 318
80 72 319
80 72 321
80 72 322
80 72 327
80 72 337
80 72 338
80 72 351
80 72 352
80 72 354
80 72 355
80 72 360
80 72 361
80 72 362
80 72 369
80 72 370
80 72 374
80 72 375
80 72 393
80 72 394
80 72 408
80 72 420
80 72 421
80 72 426
80 4 420
80 51 829
80 2 831
80 2 832
80 2 835
80 2 836
80 2 839
80 2 840
80 2 849
80 2 852
80 2 853
80 2 854
80 2 855
80 2 858
80 2 860
80 2 867
80 2 869
80 2 870
80 2 872
80 2 874
80 2 877
80 2 881
80 2 882
80 2 889
80 2 890
80 2 897
80 2 900
80 2 901
80 2 902
80 2 905
80 2 907
80 2 915
80 2 928
80 2 930
80 2 931
80 2 938
80 2 942
80 2 952
80 2 955
80 2 960
80 2 961
80 2 966
80 2 967
80 39 835
80 39 836
80 39 842
80 39 867
80 39 905
80 39 967
80 61 853
80 75 967
72 11 399
72 18 434
72 18 435
72 18 437
72 18 439
72 18 440
72 18 448
72 18 449
72 18 450
72 18 453
72 18 454
72 18 455
72 18 456
72 18 466
72 18 467
72 18 470
72 18 471
72 18 476
72 18 551
72 18 556
72 18 559
72 18 574
72 18 575
72 18 578
72 18 580
72 18 588
72 18 589
72 18 590
72 18 591
72 50 437
72 50 448
72 50 450
72 50 458
72 50 460
72 50 466
72 50 468
72 50 474
72 50 475
72 50 476
72 50 491
72 50 493
72 50 513
72 50 516
72 50 547
72 50 557
72 50 559
72 50 578
72 50 583
72 50 585
72 50 586
72 50 588
72 15 459
72 15 460
72 15 461
72 56 459
72 56 461
76 62 331
13 18 468
13 18 469
62 35 676
62 35 677
62 35 682
62 35 687
62 35 689
62 35 690
62 35 698
62 35 699
62 35 700
62 35 701
62 35 702
62 35 720
62 27 690
65 29 374
65 29 375
65 29 376
65 29 377
65 29 382
65 29 395
65 29 397
65 29 398
65 29 403
65 29 404
65 29 414
65 29 415
65 29 420
65 29 421
65 29 422
65 29 423
65 29 424
65 29 425
65 29 426
65 29 434
65 29 435
65 29 436
65 29 438
65 29 439
65 29 440
65 29 441
65 29 442
65 29 444
65 29 460
65 29 461
65 29 467
65 29 471
65 29 474
65 29 475
65 29 480
65 29 481
11 56 391
11 82 439
11 30 1087
11 30 1089
11 30 1091
11 30 1121
11 30 1127
11 30 1128
11 30 1129
11 30 1130
11 30 1131
11 30 1133
11 30 1135
11 30 1136
11 30 1138
11 30 1139
11 30 1143
11 30 1148
11 30 1149
11 30 1150
11 30 1151
11 30 1153
11 30 1167
11 30 1171
11 30 1176
11 30 1179
11 30 1205
11 30 1211
11 30 1225
11 30 1227
11 30 1229
11 30 1230
11 30 1234
11 30 1242
11 30 1249
11 30 1253
11 30 1290
11 30 1309
11 30 1310
11 30 1311
11 30 1312
11 30 1316
11 30 1317
11 34 1120
11 51 1178
11 51 1179
11 51 1182
11 51 1229
11 51 1230
11 39 1193
11 39 1194
11 39 1195
11 39 1198
11 39 1227
11 39 1228
11 39 1229
11 39 1230
29 21 608
29 21 609
29 21 613
29 21 614
29 21 615
29 21 617
29 21 618
29 21 619
29 21 620
29 21 621
29 21 622
29 21 623
29 21 626
29 21 627
29 21 628
29 21 629
29 21 630
29 21 633
29 21 634
29 21 635
29 21 636
29 21 637
29 21 638
29 21 639
29 21 640
29 21 641
29 21 642
29 21 643
29 21 644
29 21 645
29 21 646
29 21 647
29 21 648
29 21 650
29 21 653
29 21 654
29 21 656
29 21 657
29 21 658
29 21 660
29 21 661
29 21 662
29 21 663
29 21 664
29 21 665
29 21 666
29 21 667
29 21 671
29 21 674
29 21 675
29 21 676
29 21 677
29 21 678
29 21 679
29 21 680
29 21 681
29 21 682
29 21 683
29 21 684
29 21 685
29 21 686
29 21 687
29 21 688
29 21 689
29 21 690
29 21 691
29 21 692
29 21 693
29 21 694
29 21 703
29 21 704
29 21 705
29 21 706
29 21 711
29 21 712
29 21 715
29 21 716
29 21 717
29 21 718
29 21 719
29 21 720
29 21 721
29 21 722
29 21 723
29 21 724
29 21 726
29 21 727
29 21 728
29 21 729
29 21 730
29 21 732
29 21 733
29 21 734
29 21 735
29 21 736
29 21 738
29 21 739
29 21 740
29 21 741
29 21 744
29 21 745
29 21 748
29 21 749
29 21 750
29 21 751
29 21 752
29 21 753
29 21 754
29 21 755
29 21 756
29 73 658
29 85 688
29 60 709
48 18 469
48 34 1255
56 20 377
56 20 385
56 20 392
56 20 399
56 20 400
56 20 408
56 20 414
56 20 416
56 20 449
56 20 454
56 20 455
56 20 457
56 20 458
56 20 461
56 20 467
56 20 468
56 20 470
56 20 482
56 20 502
56 20 507
56 20 513
56 20 515
56 20 516
56 27 421
56 27 458
56 22 453
56 22 464
56 55 462
56 58 782
56 58 786
56 58 787
56 58 798
56 58 802
56 58 814
56 58 815
56 58 817
56 58 818
56 58 820
56 58 822
56 58 823
56 58 824
56 58 825
56 58 826
56 58 830
56 36 787
56 36 789
56 36 790
56 36 791
56 36 797
56 36 801
56 36 803
56 36 804
56 36 814
56 36 815
56 36 816
56 36 817
56 67 805
56 67 806
56 67 814
20 28 534
20 28 538
15 59 378
15 59 387
15 59 389
15 59 390
15 59 393
15 59 394
15 59 403
15 59 404
15 59 405
15 59 406
15 59 410
15 59 411
15 59 412
15 59 413
15 59 415
15 59 417
15 59 418
15 59 419
15 59 420
15 59 421
15 59 422
15 59 423
15 59 424
15 59 426
15 59 427
15 59 428
15 59 429
15 59 435
15 59 436
15 59 441
15 59 442
15 59 443
15 59 444
15 59 445
15 59 446
15 59 447
15 59 448
15 59 450
15 59 451
15 59 452
15 59 453
15 59 456
15 59 459
15 59 460
15 59 462
15 59 463
15 59 464
15 59 465
15 59 469
15 59 473
15 59 474
15 59 476
15 59 477
15 59 483
15 59 484
15 59 485
15 59 486
15 59 487
15 59 488
15 59 489
15 59 490
15 59 491
15 59 492
15 59 494
15 59 498
15 59 505
15 59 506
15 59 510
15 59 512
15 59 514
15 59 517
15 59 518
15 59 519
15 59 520
15 59 521
15 59 522
15 59 529
15 73 659
15 81 686
15 81 687
59 73 506
59 34 1216
59 34 1217
59 34 1219
59 34 1220
59 16 1277
59 16 1278
59 16 1279
59 16 1325
59 30 1277
59 30 1278
59 30 1325
35 22 453
35 33 671
35 33 675
35 33 676
35 33 677
35 33 691
35 33 695
35 33 696
35 33 699
35 33 700
35 33 701
35 33 705
35 33 707
35 33 722
35 33 725
35 49 717
35 25 728
35 73 801
35 73 802
35 73 803
35 73 804
35 73 805
35 73 806
35 73 807
35 73 808
35 73 809
35 73 810
35 73 811
35 73 812
35 73 813
35 73 814
35 73 815
35 73 816
35 73 817
35 73 818
35 73 821
35 73 822
35 73 824
35 73 828
35 73 829
35 63 827
22 81 409
22 81 410
22 81 412
22 81 415
22 81 462
22 81 464
22 50 522
22 50 524
22 50 526
22 50 531
22 50 537
22 50 542
22 50 545
81 57 555
81 57 557
81 57 558
81 57 562
81 57 563
81 57 564
81 57 567
81 57 568
81 57 569
81 57 570
81 57 572
81 57 573
81 57 575
81 57 576
81 57 577
81 57 578
81 57 579
81 57 580
81 57 581
81 57 582
81 57 583
81 57 584
81 57 585
81 57 586
81 57 587
81 57 588
81 57 589
81 57 590
81 57 591
81 57 596
81 57 602
81 57 603
81 57 604
81 57 607
81 57 610
81 57 612
81 57 629
81 57 635
81 57 636
81 57 657
81 57 659
81 57 661
81 57 662
81 57 663
81 57 664
81 57 665
81 57 666
81 57 667
81 57 668
81 57 677
81 57 687
81 57 688
81 57 689
81 57 690
81 57 691
81 57 694
81 57 696
81 4 697
82 27 411
82 27 416
82 27 417
82 27 418
82 27 419
82 27 420
82 27 421
82 27 422
82 27 423
82 27 424
82 27 425
82 27 426
82 27 427
82 27 428
82 27 429
82 27 433
82 27 459
82 27 465
82 27 468
82 27 469
4 66 650
4 1 705
18 55 433
18 55 436
18 55 437
18 55 438
18 55 439
18 55 448
18 55 449
18 55 450
18 55 452
18 55 457
18 55 458
18 55 459
18 55 460
18 55 461
18 55 466
18 55 467
18 55 473
18 55 474
18 55 475
18 55 476
18 55 488
18 55 497
18 55 508
18 55 509
18 55 520
18 55 521
18 55 523
18 55 525
18 55 527
18 55 528
18 55 529
18 55 530
18 55 532
18 55 538
18 55 539
18 55 540
18 55 541
18 55 543
18 55 546
18 55 547
18 55 556
18 55 559
18 55 561
18 55 562
18 55 578
18 55 582
18 55 583
18 55 585
18 55 587
18 55 588
18 55 590
18 26 517
18 26 522
18 26 523
18 26 524
18 26 531
18 26 544
18 26 550
18 28 517
18 28 518
18 28 519
18 28 521
18 28 523
18 28 524
18 28 525
55 3 972
55 3 973
55 3 1015
55 3 1016
55 3 1017
55 3 1018
55 3 1019
55 3 1020
55 3 1021
55 3 1022
55 3 1023
55 3 1024
55 3 1026
55 3 1027
55 3 1028
55 3 1030
55 3 1031
55 3 1032
55 3 1045
55 3 1095
55 3 1098
55 3 1099
55 3 1100
55 66 974
55 66 980
55 66 1014
55 66 1015
55 66 1016
55 66 1017
55 66 1018
55 66 1019
55 66 1020
55 66 1021
55 66 1022
55 66 1023
55 66 1024
55 66 1027
55 66 1028
55 66 1030
55 66 1031
55 66 1032
55 66 1040
55 66 1044
55 66 1046
55 66 1052
55 66 1053
55 66 1072
55 66 1075
55 66 1085
55 66 1088
55 66 1095
55 66 1098
55 66 1099
55 66 1100
55 66 1103
55 66 1105
50 28 522
50 30 814
50 66 814
74 79 712
74 79 716
74 79 717
74 79 718
74 79 721
74 79 722
74 79 732
74 79 733
74 79 737
74 79 739
74 79 740
74 79 746
74 79 756
74 79 757
74 79 758
74 79 761
34 24 499
34 44 1053
34 44 1054
34 25 1120
34 25 1175
34 25 1233
34 33 1227
24 26 534
24 73 548
24 73 558
24 73 559
24 73 564
24 1 615
24 79 751
73 28 540
73 60 570
73 25 658
73 78 658
73 67 664
73 44 665
26 28 538
26 52 1080
26 52 1082
26 52 1083
26 52 1084
26 52 1091
26 52 1092
26 52 1093
26 52 1094
26 52 1097
26 52 1098
26 52 1099
26 52 1100
26 52 1102
26 52 1104
26 52 1116
26 52 1119
26 52 1122
26 52 1124
26 52 1126
26 33 1123
28 16 1117
28 16 1118
28 16 1119
32 64 799
32 64 800
32 64 810
32 64 813
32 64 817
32 64 819
32 64 823
32 64 824
32 64 825
32 64 826
32 64 827
32 64 828
32 64 830
32 64 831
32 64 832
32 64 834
32 64 835
32 64 837
32 64 840
32 64 841
32 64 842
32 64 843
32 64 844
32 64 849
32 64 850
32 64 851
32 64 858
32 64 859
32 64 860
32 64 861
32 64 865
32 64 866
32 64 867
32 64 868
32 64 869
32 64 870
32 64 871
32 64 872
32 68 810
32 5 853
16 60 544
16 60 548
16 60 549
16 60 550
16 60 551
16 60 552
16 60 558
16 60 559
16 60 560
16 60 561
16 60 562
16 60 570
16 60 580
16 25 1088
16 25 1090
16 25 1097
16 25 1099
16 25 1110
16 25 1112
16 25 1117
16 25 1125
16 25 1132
16 25 1134
16 25 1140
16 25 1175
16 25 1187
16 25 1201
16 25 1203
16 25 1215
16 25 1250
16 25 1277
16 25 1278
16 25 1287
16 25 1289
16 25 1291
16 25 1292
16 25 1293
16 25 1302
16 25 1306
16 25 1321
16 25 1325
16 33 1191
16 33 1192
60 33 672
60 33 675
60 33 676
60 33 687
60 33 689
60 33 691
60 33 693
60 33 696
60 33 697
60 33 699
60 33 700
60 33 702
60 33 703
60 33 705
60 33 706
60 33 707
60 33 720
60 33 721
57 21 563
57 21 566
57 21 567
57 21 568
57 21 569
57 21 574
57 21 579
21 78 673
78 1 602
78 1 603
78 1 615
78 1 616
78 1 617
78 1 618
78 1 624
78 1 630
78 1 635
78 1 636
78 1 640
78 1 642
78 1 643
78 1 648
78 1 649
78 1 652
78 1 655
78 1 656
78 1 657
78 1 658
78 1 659
78 1 660
78 1 661
78 1 663
78 1 664
78 1 667
78 1 668
78 1 669
78 1 670
78 1 671
78 1 672
78 1 673
78 1 674
78 1 677
78 1 680
78 1 682
78 1 683
78 1 684
78 1 685
78 1 686
78 1 693
78 1 696
78 1 697
78 1 699
78 1 701
78 1 702
78 1 703
78 1 705
78 25 672
66 44 652
66 44 653
66 44 654
66 44 656
66 44 660
66 44 664
66 44 673
66 44 676
66 44 685
66 44 739
66 44 740
66 44 752
66 44 753
66 44 759
66 44 804
66 44 807
66 44 814
66 44 815
66 44 816
66 44 817
66 45 816
66 45 817
66 3 978
66 3 1030
66 3 1031
66 3 1033
66 3 1043
66 3 1044
66 3 1046
66 3 1048
66 3 1049
66 3 1050
66 3 1052
66 3 1053
66 3 1054
66 3 1057
66 3 1059
66 3 1064
66 3 1065
66 3 1069
66 3 1070
66 3 1071
66 3 1072
66 3 1073
66 3 1076
66 3 1077
66 3 1079
66 3 1080
66 3 1081
66 3 1082
66 3 1084
66 3 1085
66 3 1086
66 3 1088
66 3 1089
66 3 1090
66 3 1094
66 3 1096
66 3 1097
66 3 1098
66 3 1099
66 3 1100
66 3 1101
66 3 1102
66 3 1103
66 3 1104
66 3 1105
44 31 816
44 31 817
67 31 816
67 31 817
33 85 677
45 30 815
45 31 816
45 38 816
45 38 817
53 53 708
53 53 709
53 53 710
53 53 711
53 53 712
53 53 713
53 53 714
53 53 715
53 53 717
53 53 718
53 53 719
53 53 720
53 53 721
53 53 722
53 53 723
53 53 724
53 53 725
53 53 726
53 53 727
53 49 710
49 49 709
49 49 710
79 30 772
79 30 773
79 31 772
79 46 827
79 46 878
79 46 885
79 46 886
79 46 910
79 46 911
79 2 834
79 2 837
79 2 838
79 2 841
79 2 844
79 2 847
79 2 848
79 2 851
79 2 856
79 2 865
79 2 868
79 2 871
79 2 878
79 2 880
79 2 883
79 2 892
79 2 896
79 2 903
79 2 906
79 2 908
79 2 909
79 2 910
79 2 911
79 2 912
79 2 913
79 2 914
79 2 916
79 2 929
79 2 933
79 2 936
79 2 937
79 2 939
79 2 940
79 2 941
79 2 943
79 2 944
79 2 945
79 2 946
79 2 947
79 2 948
79 2 949
79 2 950
79 2 951
79 2 953
79 2 954
79 2 959
79 2 962
30 38 811
31 36 787
31 36 789
31 36 795
31 36 796
31 36 802
31 36 804
31 36 814
51 61 781
51 61 783
51 61 785
51 61 794
51 61 799
51 61 800
51 68 782
51 68 784
51 68 822
51 68 823
51 68 824
51 68 825
51 63 825
51 46 828
61 68 824
61 68 825
58 68 782
58 68 783
58 68 812
58 68 813
58 68 814
58 68 817
58 68 818
58 68 819
58 68 822
58 68 823
58 68 824
58 68 825
58 63 824
58 63 825
58 64 973
58 64 977
58 64 1033
58 64 1034
58 64 1043
58 64 1045
58 64 1048
58 64 1049
58 64 1054
58 64 1058
58 64 1073
58 64 1074
58 64 1078
58 64 1079
58 64 1080
58 64 1082
58 64 1084
58 64 1089
58 64 1101
58 64 1102
58 64 1104
58 3 1033
58 3 1040
58 3 1044
58 3 1049
58 3 1050
58 3 1053
58 3 1054
58 3 1101
58 3 1102
58 3 1103
58 3 1104
58 3 1106
68 36 782
68 36 783
68 36 784
68 36 791
68 36 792
68 36 793
68 36 813
68 36 816
68 36 817
68 36 818
68 36 819
68 36 822
68 36 823
68 36 824
68 36 825
68 52 1386
68 52 1387
68 52 1388
68 52 1389
68 52 1390
68 52 1391
68 52 1392
68 52 1393
68 52 1394
68 52 1395
68 52 1396
68 52 1397
68 52 1398
68 52 1399
68 52 1400
68 52 1405
68 52 1406
68 52 1407
68 52 1408
68 52 1409
68 52 1410
68 52 1411
68 52 1412
36 63 812
36 63 824
36 63 825
36 75 828
64 5 850
64 46 851
64 3 971
64 3 972
64 3 973
64 3 974
64 3 977
64 3 981
64 3 982
64 3 983
64 3 1013
64 3 1021
64 3 1026
64 3 1027
64 3 1029
64 3 1032
64 3 1038
64 3 1039
64 3 1045
63 38 801
63 38 802
63 38 804
63 38 806
63 38 807
63 38 809
63 38 814
63 38 818
63 38 820
46 5 812
46 5 813
46 5 814
46 5 815
46 5 816
46 5 819
46 5 820
46 5 821
46 5 827
46 5 828
46 5 831
46 5 832
46 5 833
46 5 834
46 5 835
46 5 838
46 5 839
46 5 840
46 5 847
46 5 851
46 5 852
46 5 853
46 5 854
46 5 857
46 5 858
46 5 859
46 5 862
46 5 863
46 5 864
46 5 865
46 5 866
46 5 867
46 5 868
46 5 871
46 5 872
46 5 873
46 5 874
46 5 875
46 5 876
46 2 833
46 2 837
46 2 838
46 2 859
46 2 878
46 2 889
46 2 890
46 2 896
46 2 909
46 2 910
46 2 911
46 2 937
46 2 968
46 75 837
46 75 838
46 75 839
46 75 841
46 75 847
46 75 888
46 75 889
46 75 904
46 75 913
46 75 915
46 75 922
46 75 924
46 75 932
46 75 934
46 75 939
46 75 950
46 75 959
46 75 968
75 39 828
75 39 967
39 2 961
39 2 967
39 52 1123
