83 72 0
83 72 1
83 72 2
83 72 16
83 72 17
83 72 28
83 72 31
83 72 35
83 72 47
83 72 52
83 72 76
83 124 858
72 92 457
72 92 461
72 92 466
72 92 467
72 92 469
72 92 470
72 92 471
72 92 472
72 92 475
72 92 476
72 92 477
72 92 479
72 92 480
72 92 495
72 92 503
72 92 513
72 92 514
72 92 515
72 92 522
72 92 523
72 92 548
72 92 551
72 92 554
72 92 555
72 92 558
72 92 559
72 92 560
72 92 563
72 92 576
72 92 577
72 92 588
72 92 590
72 92 595
72 92 596
72 92 600
72 92 602
72 92 605
72 50 582
69 75 25
69 75 26
69 75 27
69 75 28
69 75 39
69 75 40
69 75 54
69 75 55
69 75 57
69 75 62
69 75 78
69 75 80
69 75 107
69 75 132
69 75 133
69 75 134
69 75 135
69 75 136
69 75 137
69 75 149
69 75 154
69 75 158
69 48 25
69 48 26
69 48 31
69 48 54
69 48 55
69 48 57
69 48 60
69 48 65
69 48 66
69 48 77
69 48 78
69 48 149
69 48 163
69 86 621
69 86 622
69 86 623
69 86 629
69 86 630
69 86 635
69 86 638
69 86 639
69 86 640
69 86 641
69 86 642
69 86 643
69 86 645
69 86 646
69 86 647
69 86 648
69 86 649
69 86 650
69 86 651
69 86 652
69 86 653
69 86 654
69 86 655
69 86 656
69 86 657
69 86 658
69 86 659
69 86 660
69 86 661
69 86 664
69 86 665
69 86 666
69 86 668
69 86 669
69 86 670
69 86 671
69 86 672
69 86 673
69 86 674
69 86 678
69 86 679
69 86 681
69 86 682
69 86 683
69 86 684
69 86 685
69 86 686
69 86 690
69 86 692
69 86 693
69 86 695
69 86 696
69 86 697
69 86 699
69 86 701
69 86 702
69 86 703
69 86 704
69 86 705
69 86 706
69 86 707
69 86 709
69 86 710
69 86 711
69 86 712
69 86 713
69 86 715
69 86 716
69 86 717
69 86 718
69 86 719
69 86 720
69 86 721
69 86 723
69 86 724
69 86 725
69 86 726
69 86 728
69 86 731
69 86 733
69 86 734
69 52 723
69 52 725
69 52 726
69 110 729
75 49 25
75 49 26
75 49 27
75 49 29
75 49 31
75 49 37
75 49 68
75 49 101
75 49 138
75 49 163
75 49 164
75 91 26
75 91 39
75 91 50
75 91 51
75 91 53
75 91 54
75 91 58
75 91 63
75 91 64
75 91 78
75 91 131
75 91 132
75 91 134
75 91 135
75 91 136
75 91 137
75 91 162
75 91 163
75 91 164
75 11 78
75 11 79
75 8 78
75 63 101
75 28 129
75 28 130
75 28 131
75 65 131
75 97 1158
75 97 1162
75 97 1168
75 97 1170
75 97 1175
75 97 1177
75 97 1182
75 97 1192
75 97 1193
75 97 1200
75 97 1201
75 97 1202
75 97 1203
75 97 1204
75 97 1205
75 97 1218
75 97 1222
75 97 1237
75 97 1241
75 97 1243
75 97 1245
75 97 1250
75 97 1252
75 85 1220
75 85 1221
75 85 1222
75 85 1227
75 85 1229
75 85 1231
75 85 1239
75 85 1241
75 85 1243
75 85 1244
75 85 1245
75 85 1252
48 91 26
48 91 39
48 91 46
48 91 47
48 91 63
48 91 65
48 91 78
48 91 84
48 91 85
48 91 90
48 91 116
48 91 117
48 91 118
48 91 119
48 91 120
48 91 125
48 91 126
48 91 163
48 91 164
48 78 83
48 78 87
48 32 930
48 32 946
48 32 962
48 32 968
48 32 987
48 32 1082
48 32 1083
48 32 1084
48 32 1095
48 32 1098
48 32 1100
48 32 1105
48 32 1106
48 32 1108
48 32 1109
48 36 932
48 36 938
48 36 940
48 36 947
48 36 948
48 36 950
48 36 952
48 36 953
48 36 966
48 36 967
48 36 968
48 36 975
48 36 1001
48 36 1002
48 36 1005
48 36 1008
48 36 1009
48 36 1011
48 36 1012
48 36 1013
48 36 1033
48 36 1036
48 36 1044
48 36 1045
48 36 1046
48 36 1047
48 36 1068
48 36 1070
48 36 1088
48 36 1091
48 36 1092
48 23 942
48 23 947
48 23 948
48 23 964
48 23 965
48 114 947
48 114 948
48 114 976
48 114 997
48 114 1005
48 15 948
48 15 966
48 79 956
48 79 957
48 2 978
48 2 979
48 84 980
48 84 1011
48 100 1016
48 43 1061
49 10 79
49 70 282
49 70 285
49 70 315
49 70 316
49 70 321
49 70 322
49 70 324
49 70 330
49 70 332
49 70 333
49 70 337
49 70 340
49 70 343
49 70 344
49 70 345
49 70 346
49 70 348
49 70 354
49 70 356
49 79 311
49 79 313
49 79 316
49 79 424
49 79 425
49 79 426
49 79 440
49 79 447
49 79 486
49 79 489
49 79 492
49 20 326
49 20 327
49 114 377
49 114 381
49 71 386
49 71 391
49 71 403
49 71 405
49 71 412
49 71 413
49 71 414
49 71 418
49 71 423
49 71 430
49 71 431
49 71 435
49 71 442
49 71 443
49 71 444
49 71 450
49 71 451
49 71 452
49 71 453
49 71 454
49 71 464
49 71 465
49 71 466
49 71 468
49 71 469
49 71 471
49 71 474
49 71 475
49 71 482
49 71 483
49 71 484
49 71 486
49 71 489
49 71 490
49 71 496
49 94 390
49 7 427
49 93 435
49 93 439
49 108 444
49 108 477
49 95 472
91 66 26
91 66 29
91 66 32
91 66 45
91 66 47
91 66 50
91 66 53
91 66 64
91 66 65
91 66 66
91 66 68
91 66 69
91 66 70
91 66 71
91 66 72
91 66 73
91 66 74
91 66 75
91 66 78
91 66 127
91 66 132
91 66 134
91 66 135
91 66 136
91 66 137
91 66 138
91 66 139
91 66 141
91 66 144
91 66 145
91 66 146
91 66 148
91 66 151
91 66 152
91 66 153
91 66 154
91 66 155
91 66 156
91 66 157
91 66 158
91 66 159
91 66 160
91 66 161
91 66 162
91 66 163
91 80 60
91 61 78
91 61 101
91 7 97
91 7 99
91 7 114
91 38 99
91 63 131
91 63 140
91 28 131
91 106 1078
91 106 1079
91 106 1080
91 106 1085
91 106 1105
91 106 1106
91 106 1111
91 106 1112
91 106 1113
91 106 1117
91 106 1118
91 106 1119
91 106 1123
91 106 1134
91 106 1136
91 106 1137
91 106 1138
91 106 1139
91 106 1140
91 106 1141
91 106 1142
91 106 1143
91 106 1144
91 88 1139
91 88 1140
91 88 1141
91 88 1142
91 88 1143
91 88 1144
91 1 1139
91 1 1140
91 1 1141
91 1 1142
91 1 1143
91 1 1144
66 11 126
66 65 132
66 78 712
66 78 713
66 78 715
66 78 737
66 78 746
66 78 747
66 78 751
66 78 823
66 78 834
66 78 843
66 78 844
66 78 845
66 78 846
66 78 847
66 78 848
66 78 849
66 78 850
66 78 851
66 78 854
66 105 713
66 105 714
66 105 738
66 105 739
66 105 744
66 105 757
66 105 760
66 105 761
66 105 771
66 105 772
66 105 788
66 105 789
66 105 790
66 105 792
66 105 794
66 105 813
66 105 835
66 51 734
66 51 735
66 51 736
66 51 741
66 51 751
66 51 752
66 51 760
66 51 761
66 51 762
66 51 771
66 51 776
66 51 779
66 51 793
66 51 795
66 51 796
66 51 807
66 51 811
66 51 812
66 51 815
66 51 834
66 51 837
66 51 838
66 51 839
66 51 840
66 51 841
66 51 843
66 51 848
66 51 849
66 51 850
66 51 852
66 51 853
66 51 855
66 51 856
66 51 858
66 51 860
66 51 861
66 51 863
66 51 865
66 51 866
66 51 867
66 1 753
66 1 754
80 21 523
80 21 527
80 21 546
80 21 548
80 21 563
80 21 564
80 21 568
80 21 624
80 21 626
80 21 629
80 21 635
80 21 638
80 21 642
38 7 60
38 7 61
38 7 62
38 7 64
38 7 66
38 7 67
38 7 77
38 7 83
38 7 85
38 7 95
38 7 96
38 7 123
38 7 128
38 7 129
38 7 133
38 7 138
38 7 139
38 7 141
38 7 143
38 7 145
38 7 146
38 7 147
38 10 60
38 10 66
38 10 67
38 10 74
38 10 124
38 10 135
38 10 137
38 10 146
38 10 147
38 54 66
38 54 138
38 63 81
38 63 82
38 63 133
38 63 137
38 63 138
38 5 117
38 11 128
38 11 136
38 11 139
38 28 134
38 28 135
38 28 136
7 55 66
7 55 67
7 55 71
7 55 72
7 55 76
7 55 79
7 55 80
7 55 107
7 55 143
7 55 146
7 11 76
7 11 77
7 11 80
7 11 81
7 11 86
7 11 99
7 11 102
7 11 116
7 11 118
7 11 121
7 11 128
7 11 133
7 11 144
7 11 145
7 65 110
7 65 138
7 28 127
7 28 133
7 28 138
7 12 370
7 12 384
7 12 401
7 12 405
7 12 406
7 12 407
7 12 408
7 12 414
7 12 415
7 12 417
7 12 418
7 12 429
7 12 431
7 12 432
7 12 435
7 12 437
7 12 438
7 12 440
7 12 454
7 12 457
7 12 460
7 12 471
7 12 472
7 12 475
7 12 478
7 12 480
7 12 487
7 12 496
7 12 497
7 12 498
7 12 499
7 12 500
7 12 501
7 12 513
7 12 515
7 12 516
7 12 518
7 12 519
7 12 522
7 12 524
7 12 526
7 12 529
7 12 531
7 12 534
7 12 535
7 12 536
7 12 537
7 12 540
7 12 542
7 12 544
7 12 545
7 12 546
7 12 550
7 12 552
7 12 556
7 12 557
7 12 559
7 12 561
7 12 562
7 12 563
7 62 392
7 92 522
7 82 536
7 82 537
7 82 538
7 34 564
7 34 565
10 8 60
10 8 69
10 8 73
10 8 79
10 8 85
10 8 106
10 8 107
10 8 108
10 8 111
10 8 120
10 8 123
10 8 124
10 8 129
10 8 130
10 8 143
10 8 146
10 55 64
10 55 68
10 55 72
10 55 108
10 55 138
10 55 146
10 63 109
10 65 110
10 65 134
10 65 135
10 65 137
10 65 138
10 112 378
10 112 379
10 112 381
10 112 399
10 73 396
8 55 153
8 55 155
8 55 165
8 55 182
8 55 191
8 55 192
8 55 196
8 55 198
8 55 205
8 55 207
8 55 217
8 55 239
8 55 266
8 55 302
8 55 303
8 55 313
8 55 314
8 55 315
8 55 317
8 55 322
8 55 323
8 55 324
8 55 325
8 55 326
8 55 327
8 55 329
8 55 340
8 55 341
8 55 344
8 55 345
8 39 153
8 39 156
8 39 159
8 39 178
8 39 183
8 39 190
8 39 191
8 39 194
8 39 197
8 39 198
8 39 199
8 39 279
8 39 306
8 39 307
8 39 308
8 39 311
8 39 312
8 39 313
8 39 344
8 29 153
8 29 155
8 29 156
8 29 161
8 29 190
8 29 191
8 29 198
8 29 205
8 29 217
8 29 236
8 29 241
8 29 242
8 29 243
8 29 244
8 29 245
8 29 246
8 29 247
8 29 248
8 29 253
8 29 254
8 29 255
8 29 256
8 29 257
8 29 258
8 29 259
8 29 260
8 29 261
8 29 273
8 29 274
8 29 275
8 29 276
8 29 277
8 29 327
8 29 328
8 29 329
8 12 176
8 12 223
8 12 224
8 12 225
8 12 334
8 12 335
8 12 336
8 84 182
8 5 184
8 5 185
8 5 186
8 5 187
8 5 188
8 5 189
8 6 300
40 5 63
40 5 64
40 5 74
40 94 398
40 94 400
5 81 153
5 93 184
5 93 185
55 11 153
55 11 165
55 11 174
55 11 178
55 11 191
55 11 193
55 11 195
55 11 202
55 11 205
55 11 310
55 11 311
55 39 153
55 39 316
55 39 318
55 39 344
55 29 177
55 29 178
55 29 183
55 29 184
55 29 185
55 29 191
55 29 193
55 29 205
55 29 206
55 29 207
55 29 215
55 29 217
55 29 221
55 29 231
55 29 234
55 29 237
55 29 238
55 29 239
55 29 246
55 29 247
55 29 249
55 29 256
55 29 260
55 29 267
55 29 269
55 29 273
55 29 284
55 29 301
55 29 323
55 29 324
55 29 325
55 29 326
55 29 327
55 29 328
55 29 345
55 87 344
55 30 375
55 30 392
55 30 413
55 30 424
55 30 426
55 30 428
55 30 434
55 30 455
55 30 479
55 30 499
55 30 503
55 123 426
55 123 428
55 123 467
55 123 479
54 11 71
54 11 77
54 11 125
54 11 126
54 39 154
54 39 172
54 39 183
54 39 184
54 39 297
54 39 300
54 39 301
54 39 317
54 29 154
54 29 251
54 29 254
54 29 255
54 29 261
54 29 266
54 29 268
54 29 302
54 29 337
54 12 173
54 12 184
54 12 185
54 12 345
54 111 1229
54 60 1242
54 60 1244
54 3 1244
54 3 1276
54 3 1285
54 3 1327
54 74 1253
54 115 1278
54 115 1282
54 115 1287
54 115 1321
54 115 1322
54 115 1368
54 115 1371
54 59 1278
54 59 1327
54 59 1342
54 59 1344
54 59 1367
54 26 1327
54 26 1351
54 108 1334
54 108 1342
11 29 153
11 9 174
11 9 177
11 9 191
11 9 197
11 9 198
11 9 199
11 9 200
11 9 201
11 9 204
11 9 222
11 9 300
11 9 338
11 39 177
11 39 198
11 39 240
65 28 73
65 28 74
65 28 75
65 28 76
65 28 79
65 28 80
65 28 82
65 28 84
65 28 85
65 28 86
65 28 87
65 28 88
65 28 89
65 28 90
65 28 91
65 28 95
65 28 108
65 28 109
65 28 110
65 28 111
65 28 112
65 28 113
65 28 120
65 28 121
65 28 125
65 28 126
65 28 127
65 28 130
65 28 131
65 28 132
65 28 139
65 28 141
65 28 142
65 28 143
65 19 1244
65 19 1289
65 19 1304
65 3 1258
65 3 1260
65 3 1261
65 3 1262
65 3 1263
65 3 1272
65 3 1276
65 3 1278
65 3 1353
65 33 1264
65 61 1268
65 61 1295
65 61 1325
65 61 1363
65 61 1364
65 113 1275
65 113 1311
65 113 1323
65 113 1324
65 112 1324
65 112 1326
65 112 1327
65 112 1328
65 112 1329
65 112 1330
65 112 1331
65 112 1336
65 112 1337
65 112 1349
65 112 1350
65 112 1351
65 112 1352
65 26 1335
65 26 1337
65 26 1338
65 26 1339
65 26 1365
65 26 1367
65 26 1368
65 26 1369
65 26 1370
65 26 1371
65 26 1372
65 26 1373
65 26 1377
65 107 1343
65 107 1344
61 58 1077
61 74 1254
61 74 1257
61 74 1283
61 74 1332
61 74 1347
61 3 1254
61 3 1256
61 3 1258
61 3 1276
61 3 1280
61 3 1286
61 3 1294
61 3 1299
61 3 1305
61 3 1314
61 3 1334
61 3 1335
61 3 1340
61 3 1342
61 3 1343
61 3 1344
61 3 1345
61 33 1268
61 33 1289
61 33 1332
61 108 1268
61 108 1272
61 108 1288
61 108 1291
61 108 1314
61 108 1317
61 108 1325
61 108 1344
61 108 1348
61 26 1272
61 26 1276
61 26 1279
61 26 1281
61 26 1282
61 26 1285
61 26 1288
61 26 1289
61 26 1290
61 26 1292
61 27 1285
61 59 1295
61 59 1335
61 59 1371
61 59 1372
61 59 1373
61 59 1374
61 59 1375
61 59 1376
61 107 1325
61 107 1361
61 107 1364
61 102 1332
61 102 1334
61 102 1340
61 102 1346
61 102 1348
61 102 1373
61 53 1342
61 53 1343
61 53 1355
61 53 1376
61 115 1371
78 52 713
78 52 714
78 52 715
78 52 719
78 52 740
78 52 741
78 52 742
78 52 744
78 52 745
78 52 749
78 52 750
78 52 751
78 52 753
78 52 755
78 52 756
78 52 757
78 52 758
78 52 761
78 52 764
78 52 769
78 52 772
78 52 773
78 52 774
78 52 775
78 52 776
78 52 778
78 52 783
78 52 795
78 52 799
78 52 800
78 52 801
78 52 802
78 52 820
78 52 821
78 52 822
78 52 826
78 52 827
78 52 833
78 52 835
78 52 836
78 52 837
78 52 838
78 52 843
78 52 845
78 52 846
78 52 847
78 52 848
78 52 849
78 52 850
78 52 852
78 110 716
78 110 721
78 110 722
78 110 723
78 110 724
78 110 742
78 110 761
78 110 763
78 110 771
78 110 772
78 110 773
78 110 775
78 110 777
78 110 798
78 110 799
78 110 828
78 110 829
78 110 830
78 110 867
78 110 868
78 43 797
84 93 104
84 93 112
84 93 114
84 93 116
84 93 117
84 93 118
84 93 121
84 93 122
84 93 125
84 93 126
84 93 140
84 93 142
84 93 144
84 93 149
84 93 151
84 93 152
84 93 156
84 93 158
84 93 160
84 93 167
84 93 172
84 93 176
84 93 182
84 93 189
84 1 936
84 1 1131
84 74 938
84 74 939
84 74 940
84 74 942
84 74 943
84 74 946
84 74 948
84 74 949
84 74 950
84 74 953
84 74 954
84 74 957
84 74 982
84 74 983
84 74 984
84 74 985
84 74 986
84 74 987
84 74 988
84 74 998
84 74 999
84 74 1001
84 74 1004
84 74 1005
84 74 1006
84 74 1007
84 74 1009
84 74 1010
84 74 1011
84 74 1012
84 36 987
84 106 1145
93 9 181
93 9 183
93 9 184
93 9 185
93 29 182
93 39 183
93 39 184
93 12 184
93 94 344
93 94 345
93 94 346
93 94 347
93 94 348
93 94 349
93 94 350
93 94 351
93 94 352
93 94 353
93 94 354
93 94 355
93 94 356
93 94 357
93 94 358
93 94 359
93 94 360
93 94 361
93 94 362
93 94 364
93 94 376
93 94 377
93 94 378
93 94 379
93 94 383
93 94 384
93 94 385
93 94 386
93 94 387
93 94 388
93 94 389
93 94 390
93 94 391
93 94 392
93 94 393
93 94 394
93 94 395
93 94 396
93 94 397
93 94 398
93 94 399
93 94 400
93 94 401
93 94 402
93 94 403
93 94 404
93 94 406
93 94 407
93 94 408
93 94 409
93 94 410
93 94 411
93 94 412
93 94 413
93 94 414
93 94 415
93 88 390
93 62 390
93 62 433
93 62 446
93 62 492
93 73 433
93 73 450
93 73 519
93 67 439
93 82 448
93 20 492
99 81 105
99 81 106
99 81 109
99 81 110
99 81 111
99 81 113
99 81 115
99 81 119
99 81 120
99 81 123
99 81 124
99 81 143
99 81 146
99 81 147
99 81 148
99 81 153
99 81 154
99 81 155
99 81 168
99 81 169
99 81 170
99 81 175
99 81 177
99 81 186
99 81 187
99 81 190
99 100 422
99 100 423
99 100 424
99 100 425
99 100 436
99 100 438
99 100 455
99 100 461
99 100 462
99 100 466
99 100 468
99 100 473
99 100 475
99 100 478
99 100 479
99 108 457
81 51 777
39 29 153
39 29 154
39 29 156
39 29 160
39 29 182
39 29 183
39 29 184
39 12 184
39 12 307
39 12 308
39 12 334
29 12 184
29 12 318
29 12 345
29 20 343
12 62 343
12 50 431
12 85 536
12 85 537
9 118 376
9 118 380
9 118 386
9 118 389
9 118 396
9 118 398
9 118 405
9 118 406
9 118 407
9 118 408
9 118 419
9 118 420
9 13 399
85 73 250
85 73 251
85 73 255
85 73 260
85 73 262
85 73 273
85 73 275
85 73 291
85 73 292
85 73 294
85 73 296
85 73 298
85 73 299
85 73 302
85 73 303
85 73 316
85 73 319
85 73 321
85 73 323
85 73 331
85 73 333
85 73 334
85 73 335
85 73 336
85 73 337
85 73 340
85 73 355
85 73 357
85 73 358
85 73 359
85 73 361
85 73 375
85 73 376
85 73 379
85 73 382
85 73 383
85 73 386
85 73 387
85 73 388
85 73 391
85 73 393
85 73 394
85 73 395
85 73 396
85 73 397
85 73 398
85 73 400
85 73 402
85 73 403
85 73 404
85 73 405
85 73 406
85 73 409
85 73 413
85 73 416
85 73 421
85 73 437
85 73 438
85 73 439
85 73 440
85 73 453
85 73 456
85 73 458
85 73 459
85 73 468
85 73 481
85 73 485
85 73 488
85 73 494
85 73 495
85 73 502
85 73 520
85 73 525
85 73 538
85 73 539
85 73 549
85 76 383
85 76 384
85 76 385
85 76 386
85 76 387
85 76 389
85 76 390
85 76 392
85 76 393
85 76 394
85 76 402
85 76 408
85 76 409
85 76 413
85 76 414
85 76 415
85 76 417
85 76 418
85 76 421
85 76 425
85 76 426
85 76 427
85 76 428
85 76 429
85 76 430
85 76 431
85 76 432
85 76 433
85 76 438
85 76 439
85 6 441
85 89 462
85 103 462
85 103 485
85 13 491
85 13 492
85 13 496
85 13 497
85 13 503
85 13 504
85 13 511
85 13 512
85 13 513
85 13 514
85 13 515
85 13 554
85 13 555
85 13 559
85 13 567
85 13 575
85 13 576
85 0 496
85 0 525
85 92 500
85 67 500
85 41 556
85 25 1157
85 25 1158
85 25 1159
85 25 1160
85 25 1162
85 25 1170
85 25 1182
85 25 1188
85 25 1199
85 25 1201
85 25 1204
85 25 1218
85 25 1229
85 25 1230
85 25 1232
85 25 1237
85 25 1238
85 25 1239
85 25 1240
85 25 1241
85 25 1242
85 25 1244
85 25 1245
85 25 1251
85 102 1159
73 94 345
73 50 353
73 50 358
73 100 359
73 71 386
73 118 399
73 14 502
73 0 525
73 98 549
73 51 721
73 51 724
76 82 256
76 82 261
76 82 274
76 82 276
76 82 283
76 82 284
76 82 286
76 82 287
76 82 289
76 82 293
76 82 297
76 82 301
76 82 305
76 82 313
76 82 314
76 82 317
76 82 322
76 82 324
76 82 332
76 82 338
76 82 341
76 82 356
76 82 360
76 82 377
76 82 381
76 82 385
76 82 392
76 82 407
76 82 408
76 82 415
76 82 417
76 82 418
76 82 422
76 82 461
76 82 462
76 82 467
76 82 477
76 82 479
76 82 480
76 82 484
76 82 487
76 82 496
76 82 498
76 82 499
76 82 503
76 82 540
76 82 575
76 82 576
76 70 281
76 50 282
76 50 283
76 50 284
76 50 286
76 50 287
76 50 305
76 50 312
76 50 315
76 50 342
76 50 361
76 50 362
76 50 363
76 50 364
76 50 365
76 50 429
76 50 442
76 50 487
76 50 488
76 50 496
76 30 435
76 71 488
76 13 491
76 13 496
76 13 501
76 13 518
76 13 525
76 13 531
76 13 547
76 13 575
76 0 494
76 0 526
76 34 575
82 64 310
82 79 388
82 79 391
82 79 422
82 30 436
82 123 458
82 13 538
82 43 906
82 43 916
82 43 937
82 43 938
82 43 939
82 43 942
82 43 990
82 43 992
82 43 1000
82 43 1008
82 43 1009
82 43 1010
82 43 1011
82 43 1012
82 43 1069
82 43 1071
82 43 1072
82 106 921
82 106 922
82 106 923
82 106 1014
82 106 1020
82 106 1038
82 106 1039
82 106 1041
82 106 1056
82 106 1058
82 106 1059
82 106 1080
82 106 1088
82 106 1091
82 106 1093
82 106 1094
82 106 1097
82 106 1099
82 106 1100
82 106 1102
82 106 1142
82 106 1155
82 106 1158
82 106 1160
82 106 1161
82 106 1162
82 106 1166
82 106 1167
82 106 1168
82 106 1169
82 106 1170
82 106 1171
82 106 1172
82 106 1174
82 106 1175
82 36 954
82 36 955
82 36 956
82 36 957
82 114 1027
70 88 923
70 88 925
70 88 931
70 88 932
70 88 933
70 88 935
70 88 937
70 88 958
70 88 959
70 88 960
70 88 978
70 88 1013
70 88 1016
70 88 1020
70 88 1021
70 88 1034
70 88 1036
70 88 1044
70 88 1045
70 88 1046
70 88 1047
70 88 1050
70 88 1051
70 88 1053
70 88 1056
70 88 1074
70 88 1075
70 88 1089
70 88 1090
70 88 1091
70 88 1092
70 88 1093
70 88 1110
70 88 1111
70 88 1112
70 88 1114
70 88 1115
70 88 1116
70 88 1117
70 88 1118
70 88 1119
70 88 1126
70 88 1127
70 88 1128
70 88 1130
70 88 1135
70 88 1136
70 88 1138
70 88 1139
70 88 1140
70 88 1141
70 88 1142
70 88 1143
70 88 1144
70 88 1145
70 88 1146
70 1 936
70 1 937
70 1 945
70 1 966
70 1 1013
70 1 1020
70 1 1024
70 1 1131
70 1 1132
70 1 1135
70 1 1139
70 1 1140
70 1 1141
70 1 1142
70 1 1143
70 1 1144
70 32 985
70 32 987
70 106 1139
70 106 1140
70 106 1141
70 106 1142
70 106 1143
70 106 1144
70 106 1145
70 97 1139
70 97 1140
70 97 1141
70 97 1142
70 97 1143
70 97 1144
50 62 343
50 62 390
50 109 564
50 109 568
50 109 569
50 109 570
50 109 572
50 109 573
50 109 574
50 109 575
50 109 576
50 109 582
50 109 587
50 109 591
50 109 597
50 109 606
50 109 610
50 109 612
50 109 619
50 109 622
50 21 570
6 109 300
6 13 369
6 13 371
6 13 373
6 13 374
6 13 375
6 13 376
6 13 377
6 13 380
6 13 381
6 13 382
6 13 383
6 13 389
6 13 395
6 13 397
6 13 399
6 13 400
6 13 402
6 13 403
6 13 404
6 13 410
6 13 411
6 13 412
6 13 413
6 13 416
6 13 425
6 13 426
6 13 427
6 13 428
6 13 430
6 13 433
6 13 434
6 13 436
6 13 439
6 13 441
6 13 442
6 13 449
6 13 450
6 13 452
6 13 453
6 13 456
6 13 458
6 13 459
6 13 461
6 13 462
6 13 463
6 13 467
6 13 469
6 13 470
6 13 473
6 13 474
6 13 476
6 13 479
6 13 481
6 13 482
6 13 483
6 13 488
6 13 489
6 13 492
6 13 493
6 13 494
6 13 495
6 13 502
6 13 504
6 13 505
6 13 506
6 13 507
6 13 508
6 13 509
6 13 517
6 13 525
6 13 528
6 13 530
6 13 533
6 13 538
6 13 539
6 13 541
6 13 543
6 13 547
6 13 548
6 13 549
6 13 551
6 13 553
6 13 555
6 13 558
6 13 560
6 13 564
6 13 565
6 114 421
109 64 360
109 92 568
109 92 569
109 92 570
109 92 573
109 92 579
109 92 580
109 92 581
109 92 582
109 92 585
109 68 579
109 68 580
109 68 581
109 68 582
109 68 583
109 68 585
64 20 304
64 20 307
64 20 310
64 20 311
64 20 313
64 20 314
64 20 315
64 20 316
64 20 320
64 20 321
64 20 335
64 20 396
64 20 398
64 20 400
64 20 404
64 20 405
64 20 409
64 20 412
64 20 416
64 20 418
64 20 419
64 20 421
64 20 423
64 20 429
64 20 433
64 20 436
64 20 440
64 20 442
64 20 456
64 20 457
64 20 459
64 20 461
64 20 465
64 20 471
64 20 472
64 20 474
64 20 476
64 20 477
64 20 478
64 20 484
64 20 487
64 20 488
64 20 489
64 20 493
64 20 494
64 103 444
64 103 453
64 103 478
64 103 494
64 30 445
64 30 456
64 30 457
64 116 446
64 116 456
64 116 457
64 92 475
64 18 890
64 18 899
64 18 910
64 18 911
64 18 913
64 18 914
64 18 918
64 18 919
64 18 920
64 18 925
64 18 927
64 18 929
64 18 939
64 18 940
64 18 945
64 18 946
64 18 951
64 18 952
64 18 953
64 18 954
64 18 957
64 18 958
64 18 959
64 18 960
64 18 961
64 18 966
64 18 967
64 18 969
64 18 970
64 18 999
64 18 1000
64 18 1001
64 18 1009
64 18 1011
64 18 1012
64 58 908
64 58 909
64 53 977
20 62 305
20 62 318
20 62 319
20 62 327
20 62 328
20 62 342
20 62 344
20 62 388
20 62 392
20 62 394
20 62 395
20 62 397
20 62 399
20 62 401
20 62 402
20 62 410
20 62 413
20 62 420
20 62 422
20 62 426
20 62 428
20 62 430
20 62 435
20 62 437
20 62 438
20 62 447
20 62 464
20 62 468
20 62 473
20 62 486
20 62 490
20 62 491
20 13 402
20 114 423
20 116 457
20 103 459
20 103 494
20 103 495
62 94 373
62 100 390
62 100 458
62 13 402
62 123 447
62 123 458
62 30 448
62 56 480
62 95 992
62 95 997
62 95 998
62 95 1015
62 95 1017
62 95 1019
62 95 1020
62 95 1021
62 95 1035
62 95 1037
62 95 1038
62 95 1039
62 95 1040
62 95 1042
62 95 1060
62 95 1078
62 95 1082
62 95 1086
62 95 1088
62 95 1092
62 95 1093
79 116 478
79 44 904
79 44 905
79 44 913
79 44 930
79 44 931
79 44 1073
79 44 1074
79 44 1075
79 44 1076
79 44 1077
79 44 1078
79 44 1080
79 44 1081
79 44 1082
79 111 904
79 111 913
79 111 914
79 111 915
79 111 916
79 111 917
79 111 918
79 111 919
79 111 920
79 111 925
79 111 926
79 111 927
79 111 928
79 111 929
79 111 930
79 111 931
79 111 935
79 111 936
79 111 937
79 111 938
79 111 939
79 111 942
79 111 943
79 111 944
79 111 945
79 111 965
79 111 966
79 111 967
79 111 968
79 111 969
79 111 970
79 111 971
79 111 972
79 111 973
79 111 977
79 111 978
79 111 979
79 111 980
79 111 981
79 111 990
79 111 991
79 111 992
79 111 994
79 111 997
79 111 998
79 111 999
79 111 1000
79 111 1001
79 111 1002
79 111 1003
79 111 1004
79 111 1005
79 111 1008
79 111 1009
79 111 1010
79 111 1011
79 111 1012
79 111 1013
79 111 1019
79 111 1021
79 111 1052
79 111 1053
79 111 1081
79 111 1082
79 111 1096
79 111 1098
79 111 1101
79 111 1140
79 111 1154
79 111 1157
79 111 1159
79 111 1163
79 111 1173
79 120 1024
79 120 1028
41 88 341
41 88 401
88 13 397
88 2 934
88 2 937
88 2 938
88 2 941
88 2 942
88 2 943
88 2 944
88 2 945
88 2 947
88 2 948
88 2 949
88 2 950
88 2 951
88 2 952
88 2 953
88 2 954
88 2 955
88 2 972
88 2 973
88 2 974
88 2 975
88 2 976
88 2 977
88 2 982
88 2 983
88 2 984
88 2 986
88 2 987
88 2 988
88 2 989
88 2 990
88 2 991
88 2 1004
88 2 1007
88 2 1013
88 2 1017
88 2 1018
88 2 1020
88 2 1021
88 2 1024
88 2 1025
88 2 1031
88 2 1035
88 2 1036
88 2 1043
88 2 1045
88 2 1046
88 2 1049
88 2 1050
88 2 1053
88 2 1054
88 2 1055
88 2 1056
88 2 1057
88 2 1058
88 2 1059
88 2 1060
88 2 1062
88 2 1063
88 2 1065
88 2 1066
88 2 1071
88 2 1072
88 2 1074
88 2 1075
88 2 1076
88 2 1077
88 2 1078
88 2 1079
88 2 1088
88 2 1089
88 2 1090
88 2 1091
88 2 1092
88 2 1093
88 2 1094
88 2 1095
88 2 1096
88 2 1097
88 2 1098
88 2 1099
88 2 1101
88 2 1102
88 2 1103
88 2 1104
88 2 1105
88 2 1106
88 2 1107
88 2 1108
88 2 1109
88 2 1110
88 2 1111
88 2 1112
88 2 1113
88 2 1115
88 2 1116
88 2 1117
88 2 1118
88 2 1120
88 2 1121
88 2 1122
88 2 1123
88 2 1125
88 2 1126
88 2 1127
88 2 1128
88 2 1129
88 2 1130
88 2 1132
88 2 1133
88 2 1134
88 2 1139
88 2 1140
88 2 1141
88 2 1142
88 2 1143
88 2 1144
88 101 1139
88 101 1140
88 101 1141
88 101 1142
88 101 1143
88 101 1144
92 94 343
92 0 533
92 21 570
92 21 571
92 51 582
94 30 391
94 104 421
94 104 426
94 104 428
94 104 441
94 104 448
94 104 458
94 104 469
94 104 472
94 104 474
94 104 476
94 104 477
87 116 819
87 117 820
87 117 822
87 117 824
87 117 825
87 117 826
87 117 830
87 117 833
87 117 838
87 117 840
87 117 847
87 117 852
87 117 855
87 117 856
87 117 857
87 117 859
87 90 854
100 119 781
100 119 811
100 119 812
100 119 822
100 119 824
100 46 781
100 46 782
100 46 783
100 46 790
100 46 791
100 46 792
100 46 793
100 46 794
100 46 795
100 46 796
100 46 797
100 46 801
100 46 806
100 46 807
100 43 786
100 43 787
100 43 790
100 43 791
100 43 792
100 43 793
100 43 794
100 43 816
100 43 823
100 43 827
100 43 828
100 35 787
100 35 788
100 35 790
100 35 791
100 35 792
100 35 793
100 35 806
100 35 820
100 35 821
100 35 822
100 35 823
100 35 824
100 35 825
100 35 827
100 35 829
100 35 831
100 35 835
100 96 853
100 96 923
100 96 929
100 96 933
100 96 935
100 96 936
100 36 878
100 36 879
100 36 1016
100 47 919
56 30 367
56 30 369
56 30 376
56 30 385
56 30 386
56 30 393
56 30 414
56 30 418
56 30 427
56 30 444
56 30 449
56 30 450
56 30 451
56 30 456
56 30 477
56 30 494
56 30 495
56 30 500
56 30 501
56 30 504
56 30 505
56 112 396
56 116 429
56 116 430
56 116 438
56 116 476
56 116 477
56 116 478
56 116 500
56 116 501
56 67 440
56 103 467
56 103 468
56 103 469
56 103 474
56 103 480
56 103 482
56 103 483
56 17 816
56 17 817
56 17 818
56 17 821
56 17 829
56 17 830
56 17 834
56 17 839
56 17 841
56 17 845
56 17 846
56 17 848
56 17 851
56 17 853
56 17 854
56 17 859
56 17 860
56 17 861
56 17 863
30 116 426
30 116 427
30 116 428
30 116 429
30 116 432
30 116 433
30 116 434
30 116 437
30 116 438
30 116 439
30 116 453
30 116 454
30 116 456
30 116 459
30 116 468
30 116 469
30 116 471
30 116 472
30 116 473
30 116 474
30 116 475
30 116 476
30 116 478
30 116 500
30 116 501
30 116 502
30 71 440
30 103 444
30 103 460
30 95 465
30 89 466
30 89 472
30 89 473
30 68 499
13 42 495
13 42 575
13 42 576
13 98 501
118 67 891
118 67 895
118 67 908
118 67 909
118 67 910
118 67 917
118 67 939
118 67 957
118 67 959
118 67 966
118 67 969
118 67 997
118 67 998
118 67 999
118 67 1007
118 67 1008
118 67 1011
118 67 1012
118 53 891
118 53 892
118 53 895
118 53 906
118 53 916
118 53 917
118 53 926
118 53 940
118 53 941
118 53 946
118 53 948
118 53 949
118 53 955
118 53 956
118 53 966
118 53 968
118 53 969
118 53 970
118 53 971
118 53 995
118 53 996
118 53 997
118 53 999
118 53 1006
118 53 1007
118 53 1010
118 58 895
118 58 906
118 58 933
118 58 964
118 18 900
118 18 910
118 18 911
118 18 914
118 18 918
118 18 919
118 18 920
118 18 921
118 18 925
118 18 934
118 18 939
118 18 940
118 18 941
118 18 955
118 18 956
118 18 957
118 18 958
118 18 961
118 18 964
118 18 966
118 18 970
118 18 998
118 18 999
118 18 1001
118 18 1004
118 18 1005
118 18 1009
118 18 1010
118 18 1011
118 15 916
118 23 950
118 122 1010
114 116 424
114 47 869
114 47 870
114 47 873
114 23 870
114 23 873
114 23 875
114 23 886
114 23 925
114 23 939
114 32 870
114 32 991
114 32 992
114 32 1003
114 32 1017
114 32 1095
114 36 871
114 36 874
114 36 880
114 36 1094
114 36 1095
114 36 1104
114 15 871
114 15 953
114 15 989
114 15 1002
114 15 1005
114 15 1006
114 15 1007
114 15 1012
112 60 1324
112 60 1326
112 108 1324
112 108 1325
112 108 1327
112 26 1337
112 19 1340
112 74 1371
112 74 1376
112 74 1377
71 116 440
71 34 573
71 25 1158
71 25 1159
71 25 1161
71 25 1162
71 25 1165
71 25 1170
71 25 1172
71 25 1177
71 25 1180
71 25 1181
71 25 1185
71 25 1188
71 25 1191
71 25 1192
71 25 1197
71 25 1199
71 25 1200
71 25 1201
71 25 1202
71 25 1203
71 25 1204
71 25 1206
71 25 1214
71 25 1218
71 25 1219
71 25 1220
71 25 1221
71 25 1222
71 25 1229
71 25 1231
71 25 1250
71 25 1251
71 25 1252
71 89 1158
71 89 1159
71 89 1162
71 89 1164
71 89 1166
71 89 1167
71 89 1171
71 89 1174
71 89 1176
71 89 1177
71 89 1179
71 89 1182
71 89 1183
71 89 1188
71 89 1189
71 89 1190
71 89 1192
71 89 1195
71 89 1199
71 89 1200
71 89 1205
71 89 1207
71 89 1208
71 89 1209
71 89 1217
71 89 1218
71 89 1219
71 102 1159
71 33 1246
104 103 451
104 51 563
104 51 565
104 51 571
104 51 578
104 51 579
104 51 583
104 51 584
104 51 585
104 51 586
104 51 594
104 51 595
104 51 602
104 51 605
104 51 607
104 51 608
104 51 609
104 51 613
104 51 614
104 51 616
104 51 617
104 51 618
104 51 620
104 21 568
104 21 569
104 21 570
104 21 571
116 58 1114
116 58 1172
116 58 1173
123 103 457
123 103 480
123 89 472
123 89 473
123 89 474
123 89 476
67 18 891
67 18 892
67 18 893
67 18 898
67 18 908
67 18 912
67 18 926
67 18 928
67 18 930
67 18 962
67 18 965
67 52 891
67 52 892
67 52 893
67 52 895
67 52 898
67 52 907
67 52 910
67 52 912
67 52 913
67 52 939
67 52 953
67 52 954
67 52 961
67 52 963
67 52 966
67 52 969
67 52 976
67 52 978
67 52 999
67 52 1003
67 52 1008
67 52 1009
67 52 1010
67 52 1011
67 57 900
67 57 939
67 57 948
67 57 951
67 57 953
67 57 954
67 57 960
67 57 961
67 57 992
67 57 1009
67 57 1011
67 57 1012
67 106 909
67 15 909
103 44 1299
103 44 1318
103 44 1319
103 44 1325
108 3 1255
108 3 1256
108 3 1268
108 3 1272
108 3 1285
108 3 1302
108 3 1317
108 3 1340
108 3 1353
108 3 1376
108 33 1255
108 33 1332
108 33 1339
108 33 1341
108 33 1342
108 33 1369
108 107 1257
108 107 1259
108 107 1264
108 107 1301
108 107 1306
108 107 1307
108 2 1259
108 2 1290
108 2 1318
108 2 1346
108 2 1347
108 2 1357
108 2 1362
108 2 1371
108 26 1305
108 26 1306
108 26 1308
108 26 1309
108 26 1314
108 26 1348
108 68 1305
108 68 1325
108 68 1353
108 68 1354
108 60 1348
108 19 1374
108 117 1376
98 68 458
98 68 460
98 68 462
98 68 463
98 68 464
98 68 465
98 68 468
98 68 481
98 68 482
98 68 498
98 68 501
98 68 504
98 68 516
98 68 517
98 68 518
98 68 519
98 68 520
98 68 521
98 68 549
98 68 550
98 68 552
98 68 553
98 68 561
98 68 562
98 68 565
98 68 566
98 68 567
98 68 568
98 68 569
98 68 579
98 68 581
98 68 589
98 68 592
98 68 593
98 68 594
98 68 597
98 68 598
98 68 601
98 68 603
98 68 604
98 45 1296
98 45 1298
98 45 1300
98 45 1301
98 45 1302
98 45 1303
98 45 1304
98 45 1306
98 45 1307
98 45 1308
98 45 1309
98 45 1310
98 45 1311
98 45 1312
98 45 1313
98 45 1314
98 45 1315
98 45 1316
98 45 1317
98 45 1320
98 45 1321
98 45 1322
98 45 1323
98 45 1324
68 51 579
68 51 583
68 51 584
68 34 605
68 74 1238
68 74 1239
68 74 1240
68 74 1242
68 74 1243
68 74 1377
68 4 1241
68 4 1243
68 4 1264
68 4 1265
68 4 1266
68 4 1270
68 4 1271
68 4 1273
68 4 1274
68 4 1275
68 4 1311
68 4 1312
68 4 1321
68 115 1244
68 115 1245
68 3 1256
68 3 1257
68 3 1327
68 3 1355
68 60 1265
68 60 1267
68 60 1275
68 60 1297
68 60 1324
68 59 1267
68 27 1277
68 27 1278
68 27 1279
68 27 1280
68 27 1281
68 27 1282
68 27 1324
68 27 1325
68 33 1288
68 33 1377
68 86 1298
68 86 1300
68 53 1320
68 107 1325
68 107 1335
68 107 1338
68 107 1339
68 107 1342
68 107 1343
68 107 1344
68 107 1346
68 107 1347
68 107 1353
68 107 1354
68 107 1355
68 107 1356
68 107 1357
68 107 1358
68 107 1359
68 107 1360
68 107 1364
68 107 1365
68 107 1367
68 107 1368
68 107 1369
68 107 1370
68 107 1371
68 107 1372
68 107 1373
68 107 1374
68 107 1375
68 107 1376
68 107 1377
68 19 1340
89 31 529
89 31 574
89 31 575
89 31 591
89 31 674
89 31 676
89 31 679
89 31 685
89 31 705
89 31 707
89 31 711
89 31 721
89 31 736
89 31 746
89 31 791
89 31 795
89 31 816
89 31 818
89 31 820
89 31 821
89 97 1158
89 97 1161
89 97 1162
89 97 1164
89 97 1166
89 97 1175
89 97 1177
89 97 1180
89 97 1182
89 97 1183
89 97 1201
89 97 1202
89 97 1203
89 97 1205
89 97 1209
89 97 1212
89 97 1225
89 97 1230
89 97 1237
89 97 1238
89 97 1239
89 97 1240
89 97 1241
89 97 1249
89 97 1250
89 25 1166
89 25 1172
89 25 1177
89 25 1192
89 25 1200
89 25 1202
89 25 1203
89 25 1206
95 31 530
95 31 572
95 31 577
95 31 585
95 31 586
95 31 592
95 31 654
95 31 669
95 31 726
95 31 728
95 31 729
95 31 735
95 31 741
95 31 743
95 31 747
95 31 760
95 31 762
95 31 794
34 0 493
34 0 494
34 0 495
34 0 497
34 0 499
34 0 500
34 0 510
34 0 522
34 0 526
34 0 530
34 0 532
34 0 533
34 0 539
34 0 618
34 0 619
34 0 620
34 0 621
34 0 622
34 21 647
34 77 647
34 77 650
34 77 651
34 22 657
34 22 658
0 14 497
42 119 781
42 119 815
42 35 784
42 35 817
42 35 827
42 35 835
42 105 789
42 105 806
42 115 806
14 51 660
14 51 661
21 77 516
21 77 517
21 77 518
21 77 520
21 77 522
21 77 524
21 77 525
21 77 526
21 77 528
21 77 544
21 77 545
21 77 547
21 77 549
21 77 550
21 77 553
21 77 554
21 77 556
21 77 557
21 77 559
21 77 560
21 77 561
21 77 562
21 77 565
21 77 566
21 77 567
21 77 569
21 77 573
21 77 574
21 77 575
21 77 577
21 77 578
21 77 581
21 77 583
21 77 585
21 77 586
21 77 589
21 77 590
21 77 591
21 77 593
21 77 594
21 77 595
21 77 596
21 77 598
21 77 599
21 77 601
21 77 602
21 77 603
21 77 604
21 77 607
21 77 609
21 77 610
21 77 622
21 77 625
21 77 627
21 77 628
21 77 630
21 77 636
21 77 637
21 77 641
21 77 643
21 77 644
21 77 645
21 77 646
21 77 647
77 86 645
77 86 666
77 26 1255
77 26 1291
77 26 1292
77 33 1255
77 33 1256
77 33 1318
77 33 1328
77 33 1349
77 33 1350
77 60 1255
77 60 1275
77 60 1278
77 60 1279
77 60 1280
77 60 1292
77 60 1293
77 60 1298
77 102 1256
77 59 1275
77 59 1308
77 59 1310
77 59 1311
77 59 1312
77 59 1313
77 59 1366
77 3 1299
77 3 1308
77 3 1309
77 3 1310
77 3 1334
77 19 1317
77 19 1349
31 35 800
31 96 841
31 105 842
31 105 843
31 90 842
51 110 717
51 110 738
51 110 746
51 110 780
51 110 795
51 110 812
51 86 721
51 86 725
51 47 858
86 105 722
86 105 723
86 1 731
86 27 1230
86 27 1233
86 27 1236
86 27 1267
86 27 1328
86 27 1329
86 27 1334
86 27 1337
86 27 1375
86 19 1239
86 19 1306
86 19 1310
86 19 1311
86 19 1322
86 19 1326
86 117 1286
86 117 1291
86 3 1294
86 3 1295
105 52 760
105 52 761
105 52 762
105 52 770
105 52 774
105 52 783
105 52 813
105 52 828
105 110 781
105 110 841
105 110 853
105 110 874
105 110 876
105 110 919
105 110 942
105 110 943
105 110 945
105 110 946
105 110 948
105 110 951
105 110 952
105 110 953
105 110 954
105 110 955
105 110 956
105 110 957
105 110 958
105 110 959
105 110 960
105 110 961
105 110 962
105 110 963
105 110 975
105 110 987
105 110 988
105 113 787
105 113 818
105 113 823
105 113 826
105 113 827
105 113 832
105 113 834
105 45 805
105 35 805
105 35 812
105 35 816
105 43 812
105 124 834
105 90 841
105 90 842
105 90 843
105 90 848
105 90 851
105 90 860
105 90 870
105 90 881
105 90 897
105 90 900
105 90 921
105 90 934
105 90 937
105 90 938
105 90 939
105 90 940
105 90 941
105 90 943
105 90 948
105 90 951
105 90 984
105 90 987
105 90 989
105 90 996
105 90 998
105 90 999
105 90 1000
105 90 1001
105 90 1003
105 90 1007
105 90 1010
105 90 1013
105 90 1014
105 90 1016
105 90 1017
52 113 798
52 117 854
52 125 894
52 125 900
52 125 912
52 125 913
52 125 914
52 125 921
52 125 922
52 125 924
52 125 960
52 125 967
52 125 975
52 18 910
52 18 911
52 18 913
52 18 914
52 18 921
52 18 925
52 18 945
52 18 946
52 18 951
52 18 955
52 18 960
52 18 961
52 18 966
52 18 967
52 18 969
52 18 998
52 18 1008
52 18 1009
52 58 921
52 58 960
110 35 777
110 35 778
110 35 805
110 43 778
110 43 832
110 43 835
110 119 781
110 46 787
110 46 788
110 46 804
110 96 844
110 96 846
110 96 847
110 96 850
110 96 919
35 43 778
35 43 783
35 43 790
35 43 791
35 43 793
35 43 795
35 43 803
35 43 816
35 113 778
35 113 787
35 113 788
35 113 790
35 113 791
35 113 795
35 113 808
35 113 819
35 113 822
35 113 823
35 113 825
35 45 787
35 45 788
35 45 789
35 45 795
35 45 803
35 45 805
35 45 806
35 119 789
35 119 813
35 119 815
35 119 831
43 113 778
43 113 786
43 113 787
43 45 799
43 45 804
43 45 835
43 111 915
43 111 916
43 111 929
43 111 937
43 111 938
43 111 939
43 111 942
43 111 943
43 111 944
43 111 946
43 111 947
43 111 948
43 111 949
43 111 950
43 111 951
43 111 955
43 111 956
43 111 957
43 111 963
43 111 965
43 111 968
43 111 969
43 111 970
43 111 988
43 111 989
43 111 990
43 111 991
43 111 992
43 111 993
43 111 994
43 111 995
43 111 996
43 111 997
43 111 998
43 111 1000
43 111 1001
43 111 1002
43 111 1003
43 111 1004
43 111 1005
43 111 1006
43 111 1007
43 111 1008
43 111 1009
43 111 1010
43 111 1011
43 111 1012
43 111 1056
43 111 1079
43 111 1083
43 59 1065
113 115 778
113 115 814
113 115 818
113 115 1259
113 115 1264
113 115 1305
113 115 1323
113 115 1334
113 115 1342
113 46 783
113 46 795
113 46 807
113 3 1226
113 3 1228
113 3 1238
113 3 1239
113 3 1240
113 3 1241
113 3 1242
113 3 1244
113 3 1245
113 3 1258
113 3 1262
113 3 1264
113 3 1265
113 3 1266
113 3 1267
113 3 1268
113 3 1269
113 3 1297
113 3 1309
113 3 1310
113 3 1311
113 3 1320
113 3 1321
113 3 1323
113 3 1350
113 3 1355
113 3 1356
113 3 1358
113 3 1360
113 3 1363
113 3 1364
113 3 1366
113 3 1367
113 3 1368
113 3 1373
113 3 1376
113 26 1228
113 26 1229
113 26 1235
113 26 1266
113 26 1267
113 26 1307
113 26 1311
113 26 1313
113 26 1315
113 26 1316
113 26 1327
113 60 1231
113 60 1232
113 60 1233
113 60 1236
113 60 1238
113 60 1239
113 60 1240
113 60 1241
113 60 1244
113 60 1245
113 60 1247
113 60 1267
113 60 1271
113 60 1273
113 60 1274
113 60 1275
113 60 1312
113 60 1313
113 60 1315
113 60 1316
113 60 1321
113 60 1322
113 60 1324
113 59 1236
113 59 1297
113 59 1298
113 59 1300
113 59 1321
113 59 1322
113 27 1241
113 27 1244
113 53 1244
113 53 1253
113 4 1249
113 4 1251
113 4 1253
113 4 1264
113 4 1265
113 4 1266
113 4 1267
113 4 1271
113 4 1273
113 4 1274
113 4 1275
113 4 1300
113 74 1258
113 74 1290
113 74 1323
113 74 1344
113 74 1358
113 74 1368
113 74 1370
113 19 1259
113 19 1348
113 107 1355
115 90 891
115 90 912
115 107 1229
115 107 1230
115 107 1232
115 107 1233
115 107 1234
115 107 1237
115 107 1238
115 107 1239
115 107 1240
115 107 1241
115 107 1242
115 107 1243
115 107 1244
115 107 1245
115 107 1246
115 107 1250
115 107 1251
115 107 1252
115 107 1253
115 107 1257
115 107 1264
115 107 1265
115 107 1266
115 107 1267
115 107 1269
115 107 1270
115 107 1271
115 107 1278
115 107 1285
115 107 1287
115 107 1291
115 107 1303
115 107 1305
115 107 1330
115 107 1352
115 107 1355
115 107 1357
115 107 1358
115 107 1359
115 33 1229
115 19 1234
115 19 1350
115 26 1240
115 26 1242
115 26 1244
115 26 1253
115 26 1299
115 26 1300
115 26 1313
115 26 1315
115 26 1316
115 26 1321
115 26 1322
115 26 1328
115 26 1362
115 2 1246
115 2 1294
115 3 1277
115 3 1369
115 3 1371
115 117 1287
115 27 1323
115 60 1355
119 45 784
119 45 789
119 45 801
46 36 852
46 36 856
46 36 857
46 36 861
46 36 863
46 36 864
46 36 865
46 36 866
46 36 872
46 36 877
46 36 881
46 36 885
46 36 892
46 36 893
46 36 894
46 36 906
46 36 911
46 36 914
46 36 920
46 15 854
46 23 863
46 23 864
46 23 866
46 23 870
46 23 872
46 23 879
46 23 880
46 23 887
46 23 889
46 23 892
46 120 866
17 57 819
17 57 822
17 57 824
17 57 825
17 57 827
17 57 828
17 57 831
17 57 858
17 90 860
17 36 863
57 90 859
57 90 860
57 18 897
57 18 899
57 18 900
57 18 901
57 18 903
57 18 910
57 18 911
57 18 913
57 18 914
57 18 919
57 18 920
57 18 921
57 18 925
57 18 929
57 18 934
57 18 936
57 18 938
57 18 939
57 18 940
57 18 942
57 18 944
57 18 945
57 18 946
57 18 949
57 18 951
57 18 952
57 18 953
57 18 954
57 18 955
57 18 956
57 18 957
57 18 958
57 18 959
57 18 960
57 18 961
57 18 964
57 18 967
57 18 968
57 18 970
57 18 971
57 18 983
57 18 998
57 18 999
57 18 1000
57 18 1003
57 18 1005
57 18 1006
57 18 1007
57 18 1008
57 18 1009
57 18 1010
57 18 1011
57 18 1012
57 125 905
57 125 920
57 125 939
57 125 956
57 125 998
57 125 1010
57 125 1011
57 125 1012
57 32 950
57 53 954
57 53 955
57 53 970
57 53 1011
57 53 1012
117 19 1272
117 3 1376
90 36 875
90 36 880
90 4 1296
90 19 1348
96 24 1100
96 24 1101
96 24 1102
96 24 1120
96 24 1124
96 24 1128
96 24 1130
96 24 1131
96 24 1133
96 24 1134
96 24 1135
96 24 1137
96 24 1141
96 24 1143
96 24 1145
96 24 1146
96 24 1147
96 24 1148
96 106 1110
96 106 1111
96 106 1112
96 106 1120
15 36 851
15 36 852
15 36 853
15 36 854
15 36 858
15 36 867
15 36 869
15 36 870
15 36 871
15 36 884
15 36 885
15 36 888
15 36 889
15 36 892
15 23 853
15 23 856
15 23 862
15 23 866
15 23 867
15 23 876
15 23 877
15 23 878
15 23 883
15 23 886
15 23 889
15 23 910
15 23 912
15 23 915
15 23 916
15 23 917
15 23 918
15 23 937
15 23 940
15 23 948
15 23 956
15 23 957
15 23 959
15 23 968
15 23 969
15 23 970
15 23 971
15 23 972
15 23 974
15 23 977
15 47 853
15 47 863
15 47 864
15 47 867
15 47 880
15 47 885
15 47 887
15 47 889
15 47 890
15 47 899
15 32 885
15 32 899
15 32 942
15 32 969
15 32 970
15 32 971
15 32 972
15 32 980
15 32 982
15 32 984
15 32 989
15 32 991
15 32 996
15 32 997
15 32 998
15 32 1003
15 32 1004
15 32 1013
15 32 1014
15 32 1016
15 32 1017
15 32 1018
15 32 1019
15 32 1020
15 120 891
15 120 963
15 18 908
15 18 913
36 47 853
36 47 854
36 47 855
36 47 901
36 47 910
36 47 915
36 47 916
36 47 930
36 47 935
36 47 936
36 47 1014
36 47 1015
36 47 1016
36 47 1017
36 47 1018
36 47 1019
36 47 1021
36 47 1031
36 47 1032
36 47 1034
36 47 1035
36 47 1037
36 47 1038
36 47 1039
36 47 1042
36 47 1043
36 47 1077
36 47 1078
36 47 1082
36 47 1084
36 47 1085
36 47 1086
36 47 1087
36 47 1089
36 47 1090
36 47 1096
36 47 1104
36 47 1105
36 47 1106
36 47 1107
36 47 1116
36 23 864
36 23 865
36 23 866
36 23 867
36 23 868
36 23 892
36 23 947
36 23 948
36 120 866
36 120 968
36 120 987
36 120 988
36 120 1004
36 120 1019
36 120 1072
36 32 882
36 32 883
36 32 884
36 32 885
36 32 916
36 32 917
36 32 927
36 32 928
36 32 932
36 32 936
36 32 938
36 32 941
36 32 947
36 32 962
36 32 968
36 32 1006
36 32 1007
36 32 1020
36 32 1038
36 32 1044
36 32 1086
36 32 1095
36 32 1096
36 32 1102
36 32 1107
36 32 1108
36 2 986
36 2 987
23 32 854
23 32 855
23 32 892
23 32 900
23 32 946
23 32 947
23 32 972
23 32 974
23 32 975
23 32 976
23 47 854
47 32 855
47 32 858
47 32 859
47 32 862
47 32 863
47 32 865
47 32 877
47 32 882
47 32 883
47 32 885
47 32 887
47 32 893
47 32 901
47 32 908
47 32 914
47 32 916
47 122 1013
47 120 1019
47 120 1101
32 18 950
32 120 1021
18 53 891
18 53 908
18 53 909
18 53 926
18 53 930
18 53 970
18 125 891
18 125 892
18 125 893
18 125 895
18 125 906
18 125 912
18 125 924
18 125 926
18 125 963
18 125 965
18 58 898
18 58 902
18 58 906
18 58 908
18 58 912
18 58 933
18 58 935
18 58 962
53 27 1229
53 27 1285
53 27 1323
53 107 1251
53 107 1269
53 107 1278
53 107 1279
53 107 1280
53 107 1283
53 107 1284
53 107 1364
53 121 1277
53 121 1281
53 121 1283
53 121 1343
53 121 1366
53 121 1370
53 60 1277
53 3 1285
53 3 1291
53 3 1370
53 3 1371
53 26 1321
53 26 1322
58 44 1063
58 44 1064
58 44 1071
58 44 1073
44 106 904
44 106 905
44 106 912
44 106 913
44 106 914
44 106 919
44 106 930
44 106 932
44 106 933
44 106 934
44 106 935
44 106 936
44 106 945
44 106 958
44 106 959
44 106 960
44 106 962
44 106 964
44 106 966
44 106 967
44 106 1049
44 106 1053
44 106 1058
44 106 1080
44 106 1081
44 106 1082
44 106 1084
44 106 1107
44 4 1326
44 4 1327
106 2 1139
106 2 1140
106 2 1141
106 2 1142
106 2 1143
106 2 1144
111 2 1103
111 27 1229
111 27 1230
111 107 1237
111 107 1287
111 19 1241
111 19 1242
111 19 1248
111 19 1274
111 19 1280
111 19 1370
111 19 1371
111 26 1350
74 2 931
74 2 932
74 2 933
74 2 938
74 2 941
74 2 942
74 2 946
74 2 947
74 2 948
74 2 949
74 2 950
74 2 951
74 2 952
74 2 953
74 2 954
74 2 955
74 2 969
74 2 970
74 2 971
74 2 982
74 2 983
74 2 984
74 2 985
74 2 986
74 2 987
74 2 988
74 2 989
74 2 994
74 2 995
74 2 996
74 2 997
74 2 998
74 2 1001
74 2 1004
74 2 1007
74 2 1008
74 2 1009
74 2 1012
74 2 1014
74 2 1023
74 2 1045
74 2 1048
74 2 1049
74 2 1050
74 2 1053
74 2 1074
74 2 1075
74 2 1076
74 2 1077
74 2 1078
74 2 1079
74 2 1080
74 2 1081
74 2 1082
74 2 1083
74 2 1084
74 2 1085
74 2 1086
74 2 1087
74 2 1088
74 2 1089
74 2 1090
74 2 1091
74 2 1092
74 2 1093
74 2 1094
74 2 1095
74 2 1096
74 2 1097
74 2 1098
74 2 1099
74 2 1100
74 2 1101
74 2 1102
74 2 1103
74 2 1104
74 2 1105
74 2 1106
74 2 1107
74 2 1108
74 2 1109
74 2 1110
74 2 1111
74 2 1112
74 2 1113
74 2 1114
74 2 1115
74 2 1116
74 2 1117
74 2 1118
74 2 1119
74 2 1120
74 2 1121
74 2 1122
74 2 1123
74 2 1124
74 2 1125
74 2 1127
74 2 1128
74 2 1129
74 2 1130
74 2 1133
74 2 1134
74 2 1275
74 2 1290
74 2 1302
74 2 1307
74 2 1323
74 2 1340
74 2 1343
74 2 1346
74 33 1229
74 33 1230
74 33 1232
74 33 1233
74 33 1242
74 33 1243
74 33 1244
74 33 1247
74 33 1248
74 33 1249
74 33 1250
74 33 1251
74 33 1252
74 33 1253
74 33 1257
74 33 1270
74 33 1271
74 33 1272
74 33 1275
74 33 1305
74 33 1306
74 33 1311
74 33 1312
74 33 1317
74 33 1321
74 33 1322
74 33 1351
74 33 1359
74 33 1360
74 33 1361
74 33 1362
74 33 1363
74 33 1364
74 33 1365
74 33 1368
74 33 1369
74 33 1372
74 33 1373
74 33 1374
74 33 1375
74 33 1376
74 33 1377
74 26 1237
74 26 1296
74 26 1323
74 26 1356
74 26 1357
74 26 1358
74 26 1371
74 26 1373
74 26 1374
74 26 1375
74 26 1377
74 3 1241
74 3 1242
74 3 1243
74 3 1244
74 3 1318
74 3 1320
74 3 1321
74 107 1257
74 107 1270
74 107 1301
74 107 1304
74 107 1331
74 107 1332
74 107 1334
74 107 1340
74 107 1342
74 107 1354
74 107 1356
74 107 1359
74 107 1360
74 60 1309
74 60 1314
74 60 1359
74 19 1310
74 19 1312
74 121 1353
2 59 1048
2 59 1251
2 59 1253
2 59 1321
2 59 1324
2 59 1325
2 59 1326
2 59 1328
2 60 1238
2 60 1239
2 60 1240
2 60 1242
2 60 1243
2 60 1244
2 60 1245
2 60 1253
2 60 1271
2 60 1298
2 60 1300
2 60 1301
2 60 1303
2 60 1304
2 60 1311
2 60 1321
2 60 1322
2 4 1241
2 4 1242
2 4 1243
2 4 1265
2 4 1270
2 4 1300
2 4 1303
2 4 1307
2 4 1321
2 4 1350
2 97 1245
2 97 1246
122 60 980
122 60 982
122 60 983
122 60 984
122 60 986
122 60 987
122 60 988
122 60 990
122 60 991
122 60 997
122 60 998
122 60 1006
122 60 1007
122 60 1010
122 60 1011
122 60 1012
122 60 1013
122 60 1015
122 60 1016
122 60 1017
122 60 1019
122 60 1021
122 60 1025
122 60 1026
122 60 1027
122 60 1028
122 60 1029
122 60 1031
122 60 1033
122 60 1037
122 60 1038
122 60 1039
122 60 1052
122 60 1053
122 60 1054
122 60 1055
122 60 1056
122 60 1057
122 60 1058
122 60 1062
122 60 1065
122 60 1066
122 60 1067
122 60 1071
122 60 1072
122 60 1073
122 60 1074
122 60 1075
122 60 1080
122 60 1081
122 60 1088
122 60 1093
122 60 1095
122 60 1101
122 60 1105
122 60 1107
122 60 1109
122 60 1113
122 60 1114
122 60 1115
122 60 1116
122 60 1119
122 60 1120
122 60 1121
122 60 1124
122 60 1125
122 60 1142
122 60 1143
122 60 1149
122 60 1150
122 60 1151
122 60 1152
122 60 1153
122 60 1154
122 60 1155
122 60 1159
122 60 1160
122 60 1161
122 60 1162
122 60 1173
122 60 1177
122 60 1179
122 60 1181
122 60 1182
122 60 1184
122 60 1186
122 60 1187
122 60 1190
122 60 1191
122 60 1192
122 60 1193
122 60 1197
122 60 1198
122 60 1212
122 60 1213
122 60 1214
122 60 1215
122 60 1217
122 60 1218
60 3 1226
60 3 1233
60 3 1243
60 3 1265
60 3 1267
60 3 1271
60 3 1272
60 3 1273
60 3 1274
60 3 1298
60 3 1300
60 3 1301
60 3 1303
60 3 1309
60 3 1311
60 3 1312
60 3 1315
60 3 1316
60 3 1317
60 3 1318
60 3 1320
60 3 1321
60 3 1327
60 3 1328
60 3 1335
60 3 1338
60 3 1340
60 3 1342
60 3 1371
60 26 1228
60 26 1232
60 26 1233
60 26 1234
60 26 1259
60 26 1260
60 26 1261
60 26 1262
60 26 1263
60 26 1267
60 26 1271
60 26 1350
60 26 1351
60 33 1239
60 33 1277
60 33 1297
60 33 1323
60 27 1242
60 27 1243
60 107 1301
60 19 1305
60 19 1328
60 19 1376
60 19 1381
60 102 1348
60 102 1354
60 121 1381
59 26 1234
59 26 1258
59 26 1264
59 26 1273
59 26 1295
59 26 1324
59 26 1355
59 33 1237
59 33 1238
59 33 1240
59 33 1241
59 33 1242
59 33 1313
59 33 1360
59 33 1361
59 19 1237
59 19 1376
59 27 1244
59 107 1251
59 107 1324
59 107 1331
59 107 1347
59 107 1352
59 107 1365
59 3 1252
59 3 1310
59 3 1314
59 3 1317
59 3 1327
59 3 1340
59 3 1369
59 3 1370
59 3 1371
59 3 1372
59 121 1266
59 121 1267
24 101 1103
24 101 1123
24 101 1127
24 101 1136
24 101 1138
24 101 1140
24 101 1142
24 101 1144
37 16 1131
37 16 1132
37 16 1133
37 16 1134
37 16 1135
37 16 1139
37 16 1142
37 16 1143
37 16 1144
37 16 1148
37 16 1153
37 16 1154
37 16 1155
37 16 1156
37 16 1167
37 16 1176
37 16 1210
37 16 1214
37 16 1215
37 16 1216
37 16 1240
37 16 1241
37 16 1242
37 16 1243
37 16 1244
37 16 1245
37 16 1247
37 16 1248
37 16 1254
37 16 1256
37 16 1259
37 16 1261
37 16 1264
37 16 1265
37 16 1267
37 16 1269
37 16 1270
37 16 1271
37 16 1272
37 16 1273
37 16 1274
37 16 1275
37 16 1276
37 16 1277
37 16 1278
37 16 1279
37 16 1280
37 16 1281
37 16 1282
37 16 1283
37 16 1284
37 16 1286
37 16 1289
37 16 1291
37 16 1292
37 16 1293
37 16 1321
37 16 1322
37 16 1325
37 16 1338
37 16 1339
37 16 1349
37 16 1350
37 16 1351
37 16 1357
37 16 1358
37 27 1324
97 25 1158
97 25 1159
97 25 1160
97 25 1162
97 25 1202
97 25 1204
97 25 1238
97 25 1248
97 25 1252
102 26 1254
102 26 1255
102 26 1257
102 26 1357
102 26 1359
102 26 1360
102 26 1365
102 26 1366
102 3 1258
102 3 1347
102 3 1372
102 121 1258
102 121 1277
102 121 1283
102 121 1286
102 121 1289
102 121 1290
102 121 1353
102 121 1354
102 19 1372
3 3 1216
3 3 1217
3 3 1308
3 3 1373
3 3 1374
3 3 1376
3 27 1217
3 27 1217
3 27 1286
3 26 1246
3 26 1249
3 26 1258
3 26 1270
3 26 1289
3 26 1311
3 26 1323
3 26 1324
3 26 1325
3 26 1327
3 26 1328
3 26 1348
3 26 1359
3 33 1254
3 33 1258
3 33 1259
3 33 1260
3 33 1261
3 33 1262
3 33 1263
3 33 1278
3 33 1285
3 33 1295
3 33 1339
3 33 1340
3 33 1340
3 33 1341
3 33 1342
3 33 1375
3 19 1256
3 19 1256
3 19 1258
3 19 1302
3 19 1350
3 19 1373
3 19 1374
3 107 1301
3 107 1304
3 107 1325
3 107 1336
3 107 1359
27 19 1234
27 19 1246
27 19 1247
27 19 1248
27 19 1249
27 19 1250
27 19 1251
27 19 1253
27 19 1280
27 19 1292
27 19 1295
27 19 1307
27 19 1308
27 19 1311
27 19 1312
27 19 1368
27 107 1244
27 33 1244
27 33 1277
27 33 1327
27 26 1357
26 33 1236
26 33 1237
26 33 1238
26 33 1239
26 33 1244
26 33 1249
26 33 1254
26 33 1255
26 33 1286
26 33 1294
26 33 1299
26 33 1302
26 33 1303
26 33 1304
26 33 1305
26 33 1309
26 33 1312
26 33 1366
26 33 1373
26 33 1374
26 33 1375
26 33 1376
26 33 1377
26 33 1378
26 19 1237
26 19 1299
26 19 1300
26 19 1301
26 19 1303
26 19 1317
26 19 1328
26 19 1334
26 19 1335
26 19 1337
26 19 1339
26 19 1340
26 19 1341
26 19 1342
26 19 1343
26 19 1344
26 19 1345
26 19 1346
26 19 1347
26 19 1352
26 19 1353
26 19 1354
26 107 1238
26 107 1242
26 107 1243
26 107 1244
26 107 1252
26 107 1253
26 107 1273
26 107 1324
26 107 1327
26 107 1366
26 107 1367
26 107 1368
26 107 1369
26 107 1370
26 107 1371
26 107 1372
26 107 1377
26 4 1264
26 4 1266
26 4 1267
26 121 1320
26 121 1360
107 33 1229
107 33 1241
107 33 1245
107 33 1254
107 33 1306
107 33 1307
107 33 1344
107 33 1366
107 33 1370
107 33 1377
107 19 1233
107 19 1234
107 19 1251
107 19 1264
107 19 1304
107 19 1339
107 19 1352
107 19 1376
33 4 1235
33 4 1242
33 4 1246
33 4 1264
33 19 1284
33 19 1303
33 19 1313
33 19 1314
33 19 1315
33 19 1349
19 121 1351
19 121 1381
4 121 1350
