147 88 0
147 88 5
147 88 15
147 88 18
147 88 20
147 88 21
147 88 23
147 88 24
147 88 25
147 88 26
147 88 27
147 88 30
147 88 31
147 88 32
147 88 38
147 88 40
147 88 42
147 88 43
147 17 3
147 17 5
147 17 45
147 17 48
147 17 51
147 17 52
147 17 67
147 17 76
147 17 81
147 17 87
147 17 92
147 17 93
147 17 98
147 17 114
147 17 128
147 17 137
147 8 35
147 8 58
147 36 45
147 36 91
147 117 91
147 9 205
88 16 0
88 142 583
88 142 584
88 142 585
88 142 645
88 142 646
88 142 647
88 142 648
88 142 681
88 142 684
88 142 686
88 142 687
88 142 688
88 142 754
88 142 755
88 142 757
88 6 682
88 111 758
16 143 6
16 143 13
16 143 19
16 143 27
16 143 30
16 143 33
16 143 35
16 143 36
16 143 41
16 143 43
16 143 49
16 143 50
16 143 66
16 143 68
16 143 69
16 143 70
16 143 84
16 143 85
16 143 86
16 143 88
16 143 94
16 143 106
16 143 107
16 143 111
16 143 135
16 143 150
16 143 151
16 143 152
16 143 154
16 143 156
16 130 782
16 130 787
16 130 790
16 130 792
16 130 793
16 130 796
16 130 798
16 130 799
16 130 803
16 130 804
16 130 805
16 130 808
16 130 810
16 130 811
16 130 813
16 130 814
16 130 815
16 130 816
16 130 817
16 130 819
16 130 822
16 130 823
16 130 825
16 130 827
16 130 828
16 130 829
16 130 830
16 130 832
16 130 833
16 130 835
16 130 843
16 130 850
16 130 855
16 130 856
16 130 857
16 130 858
16 130 864
16 130 867
16 130 880
16 130 887
16 130 890
16 130 902
16 35 805
16 2 806
16 19 808
16 95 880
17 26 170
17 95 270
17 95 295
17 95 297
17 95 313
17 95 326
17 95 362
17 95 364
17 95 372
17 95 373
17 95 374
17 95 375
17 95 377
17 95 379
17 95 381
17 95 390
17 95 393
17 95 409
17 95 415
17 95 422
17 95 429
17 95 439
17 95 454
17 95 472
17 95 475
17 95 483
17 95 487
17 95 493
17 95 502
17 95 513
17 95 514
17 95 515
17 95 524
17 95 526
17 95 528
17 95 529
17 95 535
17 95 551
17 95 560
17 95 561
17 95 563
17 95 570
17 95 572
17 95 573
17 95 577
17 95 578
17 95 579
17 27 452
67 108 6
67 108 7
67 108 21
67 108 27
67 108 28
67 108 32
67 108 33
67 108 34
67 108 35
67 108 36
67 108 37
67 108 38
67 108 39
67 108 40
67 108 41
67 108 42
67 108 43
67 108 44
67 108 45
67 108 60
67 108 68
67 128 7
67 128 13
67 128 18
67 128 27
67 128 44
67 128 45
67 128 67
67 128 68
67 134 534
67 134 537
67 134 540
67 33 537
108 43 386
108 43 412
108 43 413
108 43 414
108 43 415
108 43 446
108 43 454
108 43 455
108 43 459
143 120 92
143 124 107
143 121 158
143 125 162
143 125 163
143 125 166
143 125 167
143 125 168
143 125 171
143 125 172
143 125 173
143 125 174
143 125 175
143 125 176
143 125 177
143 125 178
143 125 179
143 125 180
143 125 181
143 125 182
143 125 183
143 125 184
143 125 185
143 125 186
143 125 187
143 125 188
143 125 189
143 125 190
143 125 191
143 125 192
143 125 193
143 125 194
143 125 195
143 125 196
143 125 197
143 125 198
143 125 199
143 125 200
143 125 201
143 125 202
143 125 203
143 125 205
143 125 206
143 125 209
143 125 218
143 125 219
143 125 220
143 125 225
143 125 242
143 125 249
143 125 250
143 27 250
143 73 1022
128 111 7
128 111 14
128 111 16
128 111 18
128 111 27
128 111 35
128 111 45
128 111 47
128 111 48
128 111 52
128 111 53
128 111 54
128 111 55
128 111 56
128 111 57
128 111 58
128 111 60
128 111 61
128 111 62
128 111 63
128 111 64
128 111 65
128 111 66
128 111 67
128 111 68
128 75 618
128 142 646
128 141 652
128 86 652
111 58 637
111 58 638
111 58 639
111 46 637
111 46 639
111 46 642
111 46 645
111 46 646
111 46 647
111 46 652
111 46 655
111 46 656
111 46 657
111 46 659
111 46 660
111 46 661
111 46 662
111 46 664
111 46 665
111 46 668
111 46 672
111 46 703
111 46 704
111 46 707
111 46 709
111 46 710
111 46 712
111 46 714
111 46 717
111 46 721
111 46 722
111 46 725
111 46 727
111 46 731
111 46 732
111 46 737
111 46 739
111 46 741
111 46 742
111 46 752
111 46 755
111 46 758
111 64 637
111 64 639
111 64 651
111 64 752
111 19 716
111 14 751
111 149 755
111 149 756
111 144 756
111 144 758
111 144 759
111 93 756
111 136 758
111 136 759
37 117 14
37 117 15
37 117 16
37 117 17
37 117 18
37 117 19
37 117 20
37 117 21
37 117 22
37 117 23
37 117 24
37 117 26
37 117 27
37 117 28
37 117 29
37 117 30
37 117 31
37 117 32
37 117 34
37 117 35
37 117 55
37 117 56
37 117 57
37 117 58
37 117 59
37 117 60
37 117 61
37 117 62
37 117 63
37 117 64
37 117 65
37 117 66
37 117 67
37 117 68
37 117 69
37 117 70
37 117 71
37 117 72
37 117 73
37 117 74
37 117 76
37 117 83
37 117 84
37 117 85
37 117 86
37 117 87
37 117 89
37 117 91
37 117 93
37 117 94
37 117 102
37 117 103
37 83 215
37 83 234
37 83 235
37 83 253
37 83 254
37 83 255
37 83 259
37 83 283
37 83 284
37 83 285
37 83 286
37 83 288
37 0 251
37 112 251
37 97 254
37 97 255
37 79 259
37 79 265
37 79 284
37 79 285
117 79 26
117 90 64
117 90 101
117 110 548
117 110 558
117 119 549
79 134 19
79 134 20
79 134 40
79 134 44
79 134 66
79 134 138
79 134 141
79 134 192
79 134 211
79 134 216
79 134 219
79 134 265
79 134 266
79 134 348
79 8 80
79 137 347
79 65 347
79 31 348
79 66 354
79 61 528
79 61 530
79 61 541
79 61 542
79 61 543
79 61 554
79 61 555
79 61 567
79 61 573
79 61 585
79 22 529
79 22 553
79 22 562
79 22 567
79 22 570
79 22 594
79 22 595
79 22 596
79 22 600
79 29 529
79 29 606
79 29 616
79 113 553
134 8 80
134 38 284
134 106 487
134 106 514
134 106 522
134 106 530
134 106 531
134 106 532
134 106 533
134 106 537
134 106 538
134 106 539
134 106 540
134 40 511
134 138 523
8 131 46
8 96 60
8 26 61
8 121 151
124 25 43
124 25 44
124 25 45
124 25 46
124 25 47
124 25 49
124 25 51
124 25 52
124 25 54
124 25 55
124 25 57
124 25 58
124 25 59
124 25 60
124 25 61
124 25 62
124 25 65
124 25 66
124 25 67
124 25 73
124 25 76
124 25 82
124 25 83
124 25 84
124 25 85
124 25 86
124 25 87
124 25 89
124 25 91
124 25 92
124 25 93
124 25 94
124 25 95
124 25 96
124 25 97
124 25 98
124 25 99
124 25 100
124 25 107
124 25 108
124 25 112
124 25 113
124 25 114
124 25 115
124 25 117
124 25 118
124 25 121
124 25 122
124 25 130
124 25 131
124 25 132
124 25 133
124 25 134
124 25 136
124 25 137
124 25 139
124 25 140
124 94 78
124 94 97
124 94 98
124 51 349
124 51 352
124 51 353
124 51 356
124 51 415
124 51 424
124 51 425
124 97 444
25 96 44
25 96 46
25 96 49
25 96 51
25 96 55
25 96 56
25 96 57
25 96 58
25 96 60
25 96 73
25 96 87
25 96 89
25 96 91
25 96 92
25 96 93
25 96 94
25 96 95
25 96 96
25 96 99
25 96 100
25 96 104
25 96 112
25 96 118
25 96 119
25 96 130
25 96 131
25 96 132
25 96 133
25 96 134
25 96 135
25 96 137
25 96 138
25 96 139
25 96 140
25 61 928
25 61 1006
25 116 938
25 116 939
25 116 972
25 116 973
25 116 974
25 116 992
25 116 1019
25 29 953
25 29 961
25 29 965
25 29 987
25 29 1022
25 29 1024
25 29 1025
25 29 1026
25 60 965
25 60 968
25 60 1019
25 97 1034
96 123 44
96 123 48
96 123 50
96 123 57
96 123 58
96 123 60
96 123 65
96 123 66
96 123 67
96 123 75
96 123 81
96 123 87
96 123 91
96 123 93
96 123 95
96 123 96
96 123 99
96 123 100
96 123 102
96 123 106
96 123 110
96 123 114
96 123 116
96 123 118
96 123 119
96 123 127
96 123 130
96 123 131
96 123 132
96 123 133
96 123 134
96 123 136
96 123 137
96 123 139
96 123 140
96 135 632
96 135 634
96 135 636
96 135 637
96 135 638
96 135 639
96 135 640
96 135 641
96 135 642
96 135 644
96 135 646
96 135 651
96 135 654
96 135 665
96 135 669
96 135 671
96 135 672
96 135 673
96 135 674
96 135 676
96 135 677
96 135 678
96 135 679
96 135 680
96 135 683
96 135 684
96 135 686
96 135 687
96 135 697
96 135 711
96 135 717
96 118 678
96 118 679
96 77 680
96 77 684
96 77 685
123 70 87
123 70 91
123 70 95
123 70 96
123 70 98
123 70 99
123 70 102
123 70 104
123 70 105
123 70 106
123 70 107
123 70 108
123 70 111
123 70 112
123 70 113
123 70 114
123 70 115
123 70 141
123 70 142
123 70 143
123 70 221
123 70 224
123 70 225
123 70 237
123 70 239
123 70 240
123 70 255
123 70 263
123 118 291
123 118 309
36 120 88
36 120 90
36 120 92
36 120 104
36 120 105
36 120 106
36 92 555
36 92 556
36 92 557
36 92 558
36 92 559
36 92 560
36 92 561
36 92 562
36 92 563
36 92 564
36 92 566
36 92 567
36 92 568
36 92 569
36 92 570
36 92 571
36 92 572
36 92 574
36 92 575
36 92 582
36 92 585
36 92 586
36 92 588
36 92 593
36 92 594
36 92 596
36 92 597
36 92 598
36 92 601
36 92 602
36 92 603
36 92 615
36 92 616
36 92 618
36 92 619
36 14 557
36 14 558
36 14 559
36 14 560
36 14 561
36 14 562
36 14 563
36 14 564
36 14 566
36 14 567
36 14 572
36 14 574
36 14 581
36 14 587
36 14 593
36 14 594
36 14 598
36 14 599
36 14 604
36 14 605
36 14 606
36 14 607
36 14 608
36 14 609
36 14 611
36 14 616
36 14 617
36 14 618
36 119 566
36 40 601
36 40 602
36 40 603
36 40 605
36 40 609
36 40 613
36 141 607
36 141 608
36 141 609
36 141 610
36 100 607
131 70 486
131 70 487
131 70 488
131 70 489
131 70 490
131 70 494
131 70 502
131 70 505
131 109 488
131 109 490
131 109 492
131 109 498
131 109 501
131 109 502
131 109 503
131 109 505
131 109 506
131 109 521
131 109 523
131 104 520
131 45 533
26 94 97
26 94 98
26 97 170
26 97 171
26 97 172
26 97 173
26 97 174
26 97 177
26 97 179
26 97 180
26 97 182
26 97 200
26 97 203
26 97 205
26 125 249
26 125 250
90 56 409
90 56 410
90 56 411
90 56 412
90 56 413
90 56 414
90 56 415
90 56 416
90 56 417
90 56 418
90 56 419
90 56 420
90 56 422
90 56 423
90 56 424
90 56 425
90 56 426
90 56 427
90 56 428
90 56 433
90 56 436
90 56 437
90 56 438
90 56 441
90 56 452
90 56 454
90 56 455
90 56 456
90 56 457
90 56 458
90 56 463
90 56 464
90 56 465
90 56 466
90 56 467
90 56 468
90 56 469
90 56 471
90 56 472
90 56 473
90 56 474
90 56 476
90 56 480
90 56 483
90 56 492
90 56 493
90 56 494
90 56 495
90 56 496
90 56 497
90 56 498
90 56 499
90 56 500
90 56 501
90 56 502
90 56 507
90 56 508
90 56 510
90 56 511
90 56 512
90 56 513
90 56 514
90 56 515
90 56 517
90 56 518
90 56 530
90 56 531
90 56 532
90 56 624
90 56 676
90 56 677
90 56 678
90 56 679
90 56 680
90 40 419
90 21 428
90 21 435
90 60 428
90 60 429
90 5 468
90 86 488
90 41 488
90 41 489
90 10 504
90 10 505
90 127 505
90 135 638
90 135 639
90 77 643
90 19 664
90 19 665
90 138 676
90 138 677
90 138 678
90 138 679
90 138 680
90 141 676
90 141 677
90 141 678
90 141 679
90 141 680
94 14 556
94 14 557
94 14 558
94 14 559
94 14 560
94 14 561
94 14 562
94 14 563
94 14 564
94 14 565
94 14 566
94 14 567
94 14 568
94 14 569
94 14 570
94 14 572
94 14 573
94 14 574
94 14 576
94 14 577
94 14 578
94 14 579
94 14 580
94 14 584
94 14 587
94 14 588
94 14 593
94 14 594
94 14 596
94 14 601
94 14 602
94 14 603
94 14 607
94 14 610
94 14 611
94 14 613
94 14 615
94 14 616
94 119 558
94 119 566
94 119 596
73 121 86
73 121 93
73 121 94
73 121 97
73 121 100
73 121 101
73 121 131
73 121 144
73 121 148
73 121 152
73 121 156
73 121 170
73 121 173
73 121 174
73 121 175
73 121 176
73 121 178
73 121 179
73 121 180
73 121 197
73 121 198
73 121 199
73 121 229
73 121 238
73 121 244
73 121 256
73 121 265
73 121 301
73 121 312
73 121 317
73 121 318
73 121 323
73 121 332
73 118 240
73 54 983
73 54 984
73 54 985
73 54 986
73 54 987
73 54 988
73 54 989
73 54 990
73 54 991
73 54 992
73 54 993
73 54 994
73 54 997
73 54 998
73 54 999
73 54 1000
73 54 1001
73 54 1003
73 54 1004
73 54 1005
73 54 1008
73 54 1009
73 54 1011
73 54 1012
73 54 1015
73 54 1017
73 54 1018
73 54 1019
73 54 1021
73 54 1022
73 54 1023
73 54 1024
73 99 1015
73 63 1016
121 129 225
121 129 233
121 129 234
121 129 235
121 70 253
70 106 487
70 106 488
70 106 489
70 106 490
70 106 499
70 106 511
70 106 516
70 106 517
70 106 530
70 106 536
70 106 537
70 106 538
70 106 539
70 106 540
120 82 633
120 82 635
120 82 639
120 82 640
120 82 641
120 82 642
120 82 644
120 82 645
120 82 646
120 82 647
120 82 648
120 82 649
120 82 650
120 82 651
120 82 652
120 82 653
120 82 654
120 82 655
120 82 656
120 82 657
120 82 658
120 82 659
120 82 660
120 82 661
120 82 662
120 82 665
120 82 666
120 82 669
120 82 670
120 82 671
120 82 672
120 82 674
120 82 676
120 82 677
120 82 679
120 82 684
120 82 689
120 82 690
120 82 692
120 82 693
120 82 694
120 82 695
120 82 696
120 82 697
120 82 698
120 82 699
120 82 700
120 82 701
120 82 702
120 82 703
120 82 704
120 82 707
120 82 708
120 82 713
120 82 714
120 82 724
120 82 725
120 82 726
120 82 727
120 82 728
120 82 729
120 82 730
120 82 731
120 82 732
120 82 733
120 82 734
120 82 735
120 82 736
120 82 737
120 82 738
120 82 739
120 82 742
120 82 743
120 82 744
120 82 745
120 82 746
120 82 748
120 82 749
120 82 750
120 82 751
120 82 752
120 82 753
120 82 754
120 82 761
120 82 763
120 82 764
120 82 765
120 82 766
120 82 772
120 82 773
120 82 774
120 82 776
120 82 777
120 82 785
120 82 788
120 82 789
120 82 791
120 82 792
120 82 793
120 82 796
120 82 797
120 82 798
120 82 799
120 82 800
120 82 801
120 82 802
120 82 803
120 82 804
120 82 805
120 82 806
120 82 807
120 82 808
120 82 809
120 82 810
120 82 811
120 82 812
120 82 813
120 82 814
120 82 815
120 82 817
120 82 818
120 82 819
120 82 820
120 82 836
120 82 837
120 82 838
120 82 839
120 82 840
120 82 841
120 82 843
120 82 844
120 82 845
120 82 846
120 82 849
120 82 850
120 82 851
120 82 853
120 82 854
120 82 855
120 92 634
120 92 643
120 98 640
120 11 644
120 47 645
120 47 646
120 141 665
120 141 667
120 141 668
120 102 665
120 102 666
120 102 668
120 64 686
120 110 686
120 110 687
120 6 689
120 77 690
120 19 701
120 19 702
120 19 703
120 19 704
120 19 708
120 19 709
120 19 710
120 19 711
120 146 708
120 12 710
120 114 714
120 2 786
120 66 792
120 23 797
120 23 798
125 118 190
125 118 243
125 77 246
125 45 504
125 45 513
125 45 518
125 45 522
97 18 169
97 18 170
97 18 171
97 18 172
97 18 173
97 18 174
97 18 175
97 18 177
97 18 178
97 18 180
97 18 181
97 18 182
97 18 201
97 18 202
97 18 205
97 18 206
97 18 207
97 18 209
97 18 211
97 18 212
97 18 240
97 18 244
97 18 245
97 18 250
97 18 306
97 18 357
97 18 358
97 18 363
97 18 368
97 18 376
97 18 378
97 18 380
97 18 383
97 18 413
97 18 416
97 18 421
97 18 423
97 18 433
97 18 434
97 18 435
97 18 436
97 18 437
97 18 438
97 18 440
97 18 441
97 18 446
97 18 451
97 18 466
97 18 469
97 18 470
97 18 473
97 18 498
97 18 500
97 18 525
97 9 206
97 77 254
97 77 255
97 77 256
97 104 281
97 144 326
97 144 444
97 43 410
97 43 459
97 43 460
97 43 463
97 43 464
97 43 465
97 5 437
97 5 446
97 5 449
97 5 451
97 5 453
97 5 454
97 5 455
97 5 457
97 5 458
97 27 444
97 27 446
97 105 465
97 11 560
97 119 574
97 119 964
97 119 1043
97 106 914
97 106 915
97 106 918
97 106 919
97 106 942
97 106 943
97 106 969
97 106 1001
97 106 1029
97 106 1030
97 106 1031
97 106 1032
97 106 1033
97 72 914
97 72 915
97 72 926
97 72 927
97 72 928
97 72 930
97 72 931
97 76 948
97 76 949
97 76 964
97 76 965
97 76 969
97 76 970
97 76 1007
97 76 1008
97 76 1034
97 62 990
97 62 1040
97 62 1042
97 63 1007
97 63 1033
18 27 171
18 27 172
18 27 179
18 3 591
18 3 620
18 3 633
18 3 634
18 3 675
18 3 678
18 3 694
18 3 695
18 3 696
18 3 697
18 3 698
18 3 699
18 3 700
18 3 701
18 3 702
18 3 703
18 3 704
18 3 713
18 3 714
18 3 716
18 6 716
27 104 451
27 104 452
27 5 452
118 132 229
118 28 324
118 28 327
118 28 337
118 28 340
118 28 341
118 28 342
118 28 345
118 28 346
118 28 347
118 28 349
118 28 350
118 28 358
118 28 359
118 28 362
118 28 366
118 28 381
118 28 382
118 28 384
118 28 396
118 28 402
118 28 416
118 28 429
118 28 432
118 28 435
118 28 436
118 28 440
118 28 441
118 28 457
118 28 458
118 28 463
118 28 464
118 28 465
118 28 466
118 28 467
118 104 445
118 104 452
118 5 457
118 41 464
118 46 674
107 89 192
107 89 193
107 89 196
107 89 200
107 89 201
107 89 202
107 89 204
107 89 205
107 89 217
107 89 218
107 89 219
107 89 224
107 89 227
107 89 229
107 89 231
107 89 233
107 89 234
107 89 235
107 89 236
107 89 237
107 89 239
107 89 240
107 89 244
107 89 246
107 89 247
107 89 248
107 89 249
107 89 251
107 89 252
107 89 253
107 89 254
107 89 255
107 89 256
107 89 260
107 89 261
107 89 263
107 89 289
107 89 350
107 89 354
107 89 355
107 89 357
107 89 360
107 89 361
107 42 289
107 109 328
107 38 355
107 57 360
107 3 592
107 3 595
107 3 597
107 3 609
107 3 611
107 3 612
107 3 614
107 3 619
107 3 621
107 3 673
107 3 674
107 3 710
107 3 711
107 3 712
107 3 713
107 3 715
107 3 716
107 77 638
107 77 640
107 77 641
107 77 643
107 141 639
107 1 640
107 1 644
107 1 645
107 1 648
107 74 641
107 74 643
107 135 648
107 6 650
107 6 685
107 6 689
107 6 710
107 6 711
107 6 712
107 144 685
107 144 686
107 47 707
89 83 242
89 75 616
89 75 682
89 14 618
89 100 640
89 122 641
89 6 666
89 91 710
89 2 765
89 62 765
89 62 766
89 136 775
89 136 895
89 136 896
132 9 197
132 9 198
132 9 199
132 9 201
132 9 203
132 9 206
132 9 207
132 9 208
132 9 209
132 9 211
132 9 213
132 9 214
132 9 215
132 9 216
132 9 217
132 9 218
132 9 221
132 9 222
132 9 224
132 9 225
132 9 231
132 9 232
132 9 235
132 9 246
132 9 247
132 9 248
132 9 249
132 9 258
132 9 259
132 9 260
132 9 261
132 9 273
132 9 274
132 9 277
132 9 281
132 9 283
132 9 286
132 9 287
132 9 288
132 58 680
9 129 204
9 129 250
9 0 250
9 38 288
129 0 250
129 15 566
129 15 573
129 15 575
129 15 602
129 15 603
129 15 613
129 15 625
129 15 626
129 15 650
129 15 654
129 15 736
129 15 741
129 15 763
129 15 768
129 133 656
129 19 729
129 23 749
38 81 204
38 81 219
38 81 223
38 65 275
38 65 277
38 65 283
38 65 284
81 32 529
81 32 533
81 32 537
81 32 539
81 32 542
81 32 547
81 32 548
81 32 556
81 32 559
81 32 560
81 32 561
81 119 532
81 119 534
81 119 535
81 119 538
81 119 540
81 119 541
81 119 542
81 119 555
81 119 556
81 119 557
81 119 561
81 119 562
81 119 563
81 119 564
81 119 569
81 119 570
81 119 571
81 119 572
81 119 573
81 119 578
81 119 580
81 119 581
81 119 582
81 119 583
81 119 584
81 119 589
81 119 590
81 119 591
81 119 593
81 119 594
81 119 595
81 119 597
81 119 600
81 119 617
81 119 619
81 119 620
81 119 621
81 119 622
81 119 623
81 119 624
81 119 625
81 59 559
81 59 566
81 59 572
81 33 571
81 33 572
81 33 573
81 95 574
81 92 583
81 92 584
81 14 596
83 20 365
83 40 367
83 40 369
83 40 439
83 21 390
0 109 218
0 109 219
0 109 220
0 109 221
0 109 222
0 109 223
0 109 224
0 109 225
0 109 226
0 109 227
0 109 229
0 109 230
0 109 231
0 109 242
0 109 244
0 109 245
0 109 246
0 109 247
0 109 248
0 109 249
0 109 250
0 109 251
0 109 252
0 109 253
0 109 254
0 109 255
0 109 259
0 109 260
0 109 261
0 109 266
0 109 267
0 109 268
0 109 269
0 109 270
0 109 271
0 109 272
0 109 274
0 109 275
0 109 276
0 109 278
0 109 283
0 109 284
0 109 285
0 109 286
0 109 287
0 109 288
0 109 289
0 109 290
0 109 291
0 109 292
0 109 293
0 109 295
0 109 296
0 109 297
0 109 298
0 109 299
0 109 300
0 109 301
0 109 302
0 109 303
0 109 304
0 109 309
0 109 310
0 109 328
0 109 388
0 109 389
0 109 391
0 109 392
0 109 393
0 109 394
0 109 397
0 65 246
0 65 341
0 104 299
0 104 307
0 42 299
0 112 311
0 112 330
0 112 331
0 112 334
0 112 390
0 112 395
0 112 396
0 112 398
0 112 399
0 50 323
0 50 389
0 4 329
0 10 356
0 39 391
0 40 392
0 44 396
109 4 245
109 43 299
109 91 328
109 84 512
109 40 520
109 11 533
68 4 224
68 4 225
68 4 226
68 4 227
68 4 232
68 4 235
68 4 238
68 4 240
68 4 241
68 4 242
68 4 243
68 4 244
68 4 245
68 4 246
68 4 247
68 4 248
68 4 249
68 4 253
68 4 254
68 4 256
68 4 257
68 4 258
68 4 259
68 4 260
68 4 261
68 4 262
68 4 263
68 4 292
68 4 298
68 4 302
68 4 304
68 135 632
68 135 634
68 135 636
68 135 638
68 135 640
68 135 641
68 135 645
68 135 649
68 135 665
68 135 669
68 135 671
68 135 675
68 135 679
68 135 681
68 135 682
68 135 690
68 98 636
68 98 647
68 98 652
68 98 662
68 98 669
68 98 671
68 98 715
68 98 718
68 98 721
68 92 638
68 77 679
4 65 255
4 65 264
4 65 265
4 65 266
4 65 267
4 65 269
4 65 270
4 65 297
4 65 313
4 65 314
4 65 315
4 65 322
4 65 347
4 77 280
65 11 567
65 119 583
65 119 584
77 87 607
77 87 608
77 87 609
77 87 615
77 87 625
77 87 626
77 87 627
77 87 630
77 87 640
77 87 644
77 87 648
77 87 649
77 87 656
77 87 657
77 87 670
77 87 679
77 87 680
77 87 681
77 87 687
77 87 691
77 87 692
77 87 694
77 87 695
77 87 696
77 87 699
77 87 707
77 87 711
77 48 615
77 48 616
77 3 618
77 14 618
77 35 618
77 138 630
77 138 632
77 138 633
77 135 637
77 135 638
77 135 640
77 113 640
77 113 641
77 122 641
77 122 642
77 122 643
77 122 644
77 122 646
77 1 644
77 1 645
77 46 660
77 46 677
77 46 685
77 12 662
77 103 675
77 115 684
77 80 690
77 41 710
77 91 710
112 43 260
112 43 262
112 43 268
112 43 269
112 43 270
112 43 272
112 43 273
112 43 274
112 43 275
112 43 276
112 43 277
112 43 281
112 43 282
112 43 283
112 43 286
112 43 287
112 104 311
43 80 400
43 80 401
43 80 402
43 80 404
43 80 405
43 80 408
43 80 409
43 80 432
43 21 400
43 69 405
43 69 409
43 92 438
43 5 459
115 42 263
115 42 290
115 42 298
115 42 300
115 42 301
115 135 632
115 135 633
115 135 634
115 135 636
115 135 640
115 135 641
115 135 642
115 135 644
115 135 645
115 135 647
115 135 648
115 135 649
115 135 650
115 135 654
115 135 655
115 135 657
115 135 665
115 135 673
115 135 674
115 135 684
115 135 685
115 135 698
115 135 699
115 135 700
115 135 701
115 135 705
115 135 712
115 98 632
115 98 633
115 98 634
115 98 636
115 98 637
115 98 638
115 98 640
115 98 641
115 98 642
115 98 643
115 98 650
115 98 651
115 98 652
115 98 653
115 98 654
115 98 656
115 98 662
115 98 666
115 98 672
115 98 677
115 98 680
115 98 682
115 98 683
115 98 686
115 98 687
115 98 690
115 98 715
115 98 718
115 71 632
115 71 638
115 71 639
115 71 640
115 71 641
115 71 643
115 71 645
115 71 648
115 71 652
115 71 653
115 71 668
115 71 671
115 71 681
115 71 686
115 71 687
115 71 714
115 71 715
115 11 639
115 11 652
115 11 656
115 11 660
115 11 661
115 11 664
115 11 670
115 11 671
115 11 672
115 11 685
115 11 686
115 11 711
115 11 712
115 11 716
115 58 700
42 20 301
42 139 707
42 139 709
42 139 710
42 139 715
42 139 716
42 139 718
42 139 719
42 139 720
42 139 746
42 91 707
42 91 709
42 91 743
42 91 744
42 91 745
42 91 746
42 145 709
42 145 715
42 145 737
42 87 710
42 2 805
42 13 827
42 55 837
42 55 839
126 144 265
126 144 266
126 144 267
126 144 269
126 144 271
126 144 272
126 144 273
126 144 274
126 144 275
126 144 276
126 144 277
126 144 279
126 144 280
126 144 281
126 144 282
126 144 283
126 144 285
126 144 286
126 144 287
126 144 288
126 144 289
126 144 290
126 144 291
126 144 292
126 144 293
126 144 294
126 144 296
126 144 297
126 144 298
126 144 299
126 144 300
126 144 301
126 144 302
126 144 303
126 144 304
126 144 305
126 144 306
126 144 307
126 144 308
126 144 309
126 144 310
126 144 311
126 144 312
126 144 313
126 144 314
126 144 315
126 144 316
126 144 317
126 144 318
126 144 319
126 144 320
126 144 321
126 144 322
126 144 323
126 144 324
126 144 325
126 144 326
126 144 327
126 144 328
126 144 329
126 144 333
126 144 335
126 144 336
126 144 337
126 144 339
126 144 342
126 144 373
126 144 374
126 144 375
126 144 376
126 144 377
126 144 383
126 144 384
126 144 386
126 144 392
126 144 393
126 144 394
126 144 401
126 144 402
126 144 403
126 144 404
126 144 410
126 144 411
126 144 412
126 144 413
126 144 420
126 144 427
126 144 429
126 144 432
126 144 433
126 144 434
126 144 435
126 144 436
126 144 437
126 144 438
126 144 439
126 144 440
126 144 441
126 144 442
126 144 443
126 144 444
126 144 445
126 144 446
126 144 447
126 144 448
126 144 449
126 144 450
126 144 451
126 144 452
126 144 454
126 144 455
126 50 265
126 50 266
126 50 274
126 50 281
126 50 282
126 50 283
126 50 284
126 50 285
126 50 286
126 50 287
126 50 288
126 50 291
126 50 294
126 50 295
126 50 296
126 50 297
126 50 298
126 50 313
126 50 322
126 50 323
126 50 334
126 50 335
126 50 337
126 50 338
126 50 339
126 50 342
126 50 343
126 50 345
126 50 347
126 50 348
126 50 354
126 50 357
126 50 358
126 50 359
126 50 360
126 50 374
126 50 377
126 50 383
126 50 385
126 50 387
126 50 388
126 50 389
126 50 390
126 50 393
126 50 394
126 50 395
126 50 403
126 50 405
126 50 410
126 50 411
126 50 412
126 50 414
126 50 418
126 50 423
126 50 427
126 50 428
126 50 430
126 50 443
126 50 451
126 50 454
126 95 326
126 39 402
126 14 559
126 14 560
126 14 561
126 14 562
126 14 565
126 14 567
126 14 569
126 14 570
126 14 571
126 14 572
126 14 574
126 14 576
126 14 577
126 14 582
126 14 604
126 14 605
126 14 606
126 14 609
126 14 610
126 14 611
126 14 612
126 14 617
126 14 622
126 14 624
126 14 627
126 14 628
126 14 629
126 14 630
126 14 631
126 14 632
126 14 633
126 14 637
126 14 639
126 14 640
126 14 641
126 14 648
126 14 649
126 14 661
126 14 662
126 14 664
126 14 665
126 14 674
126 14 725
126 14 726
126 14 732
126 14 735
126 14 740
126 14 752
126 14 764
126 14 766
144 51 292
144 51 349
144 51 351
144 51 352
144 51 355
144 51 356
144 51 357
144 51 362
144 51 382
144 51 383
144 51 384
144 51 386
144 51 401
144 51 402
144 51 407
144 51 411
144 51 412
144 51 413
144 51 421
144 51 423
144 51 424
144 51 427
144 56 420
144 104 444
144 86 586
144 86 592
144 86 595
144 86 601
144 86 603
144 86 609
144 86 617
144 86 620
144 86 621
144 86 622
144 86 625
144 86 626
144 86 627
144 86 628
144 86 630
144 86 631
144 86 637
144 86 640
144 86 641
144 86 642
144 86 646
144 86 648
144 86 661
144 86 662
144 86 671
144 86 672
144 86 681
144 86 682
144 86 683
144 86 688
144 86 690
144 86 691
144 86 710
144 86 711
144 86 712
144 86 715
144 86 719
144 86 722
144 86 723
144 86 724
144 86 730
144 86 751
144 86 752
144 86 753
144 86 754
144 86 755
144 86 756
144 86 757
144 86 758
144 142 587
144 142 607
144 142 608
144 142 609
144 142 612
144 142 616
144 142 625
144 142 639
144 142 646
144 142 647
144 142 648
144 142 754
144 142 755
144 92 602
144 92 612
144 92 613
144 14 604
144 14 607
144 14 611
144 14 612
144 119 623
144 63 629
144 6 682
50 148 265
50 148 266
50 148 267
50 148 269
50 148 270
50 148 271
50 148 273
50 148 277
50 148 278
50 148 279
50 148 280
50 148 284
50 148 286
50 148 287
50 148 288
50 148 289
50 148 290
50 148 291
50 148 293
50 148 294
50 148 295
50 148 296
50 148 297
50 148 298
50 148 299
50 148 304
50 148 305
50 148 306
50 148 307
50 148 309
50 148 310
50 148 311
50 148 313
50 148 314
50 148 318
50 148 321
50 148 322
50 148 328
50 148 333
50 148 334
50 148 335
50 148 339
50 148 340
50 148 342
50 148 343
50 148 345
50 148 376
50 148 377
50 148 378
50 148 381
50 148 387
50 148 388
50 148 389
50 148 390
50 148 391
50 148 392
50 148 393
50 148 394
50 148 395
50 148 396
50 148 399
50 148 403
50 148 409
50 148 410
50 148 414
50 148 416
50 148 419
50 148 422
50 148 428
50 148 429
50 148 441
50 148 444
50 148 445
50 148 448
50 148 449
50 148 450
50 148 451
50 148 453
50 148 454
50 20 295
50 100 324
50 55 380
50 56 420
50 104 443
50 7 929
50 7 931
50 7 932
50 7 935
50 7 936
50 7 937
50 7 938
50 47 936
148 39 401
148 5 443
91 104 266
91 104 273
91 104 274
91 104 275
91 104 276
91 104 277
91 104 280
91 104 281
91 104 311
91 104 315
91 104 319
91 104 320
91 104 321
91 104 322
91 104 323
91 104 324
91 104 325
91 104 326
91 104 327
91 104 328
91 104 329
91 104 330
91 104 331
91 104 332
91 104 333
91 104 334
91 104 335
91 104 336
91 104 337
91 104 338
91 104 339
91 104 340
91 104 341
91 104 342
91 104 343
91 104 346
91 104 347
91 104 365
91 104 366
91 104 374
91 104 375
91 142 707
91 142 708
91 142 709
91 142 710
91 142 711
91 142 712
91 142 714
91 142 715
91 142 717
91 142 723
91 142 725
91 142 726
91 142 728
91 142 730
91 142 731
91 142 736
91 142 738
91 142 740
91 142 748
91 142 752
91 142 753
91 142 754
91 142 755
91 142 763
91 142 764
91 142 770
91 142 774
91 142 775
91 142 776
91 142 777
91 142 780
91 142 781
91 142 784
91 142 786
91 142 787
91 142 788
91 142 789
91 142 790
91 142 792
91 142 794
91 142 795
91 142 796
91 142 797
91 142 798
91 142 836
91 142 838
91 142 839
91 142 840
91 142 841
91 57 709
91 57 714
91 57 715
91 57 716
91 57 717
91 57 718
91 57 719
91 57 720
91 57 721
91 57 723
91 57 734
91 57 735
91 57 750
91 57 751
91 57 752
91 57 797
91 57 798
91 57 840
91 57 841
91 149 722
91 149 724
91 149 730
91 149 747
91 149 748
91 149 771
91 149 772
91 149 804
91 149 828
91 149 831
91 149 837
91 149 839
91 149 840
91 114 755
91 35 781
91 78 796
104 5 360
104 5 361
104 5 362
104 5 363
104 5 367
104 5 368
104 5 369
104 5 370
104 5 371
104 5 374
104 5 375
104 5 376
104 5 377
104 5 378
104 5 379
104 5 380
104 5 382
104 5 383
104 5 384
104 5 385
104 5 386
104 5 388
104 5 389
104 5 390
104 5 391
104 5 395
104 5 398
104 5 399
104 5 400
104 5 401
104 5 402
104 5 403
104 5 404
104 5 405
104 5 406
104 5 408
104 5 409
104 5 410
104 5 411
104 5 412
104 5 413
104 5 414
104 5 415
104 5 416
104 5 417
104 5 418
104 5 419
104 5 420
104 5 421
104 5 422
104 5 423
104 5 424
104 5 425
104 5 426
104 5 427
104 5 428
104 5 429
104 5 430
104 5 431
104 5 432
104 5 433
104 5 434
104 5 435
104 5 436
104 5 437
104 5 438
104 5 439
104 5 440
104 5 441
104 5 442
104 5 443
104 5 444
104 5 445
104 5 446
104 5 447
104 5 448
104 5 449
104 5 451
104 5 452
104 5 454
104 5 455
104 5 457
104 5 458
104 5 459
104 5 460
104 5 461
104 5 462
104 5 463
104 5 464
104 5 465
104 5 466
104 5 467
104 5 468
104 5 469
104 5 470
104 5 471
104 5 472
104 5 474
104 5 475
104 5 476
104 5 477
104 5 478
104 5 480
104 5 481
104 5 482
104 5 483
104 5 484
104 5 485
104 5 486
104 5 487
104 5 488
104 5 489
104 5 492
104 5 494
104 5 495
104 5 496
104 5 497
104 5 498
104 5 499
104 5 500
104 5 502
104 5 503
104 5 504
104 5 505
104 5 506
104 5 507
104 5 508
104 5 509
104 5 510
104 5 511
104 5 512
104 5 513
104 5 514
104 5 520
104 5 521
104 5 522
104 5 523
104 5 530
104 5 537
104 5 539
104 5 540
104 5 543
104 5 544
104 5 545
104 5 546
104 5 551
104 5 552
104 5 553
104 5 554
104 5 557
104 101 373
104 95 429
104 95 444
104 95 446
104 95 447
104 95 448
104 95 449
104 95 450
104 95 451
104 95 453
104 95 454
104 95 455
104 95 456
104 95 457
104 95 458
95 85 419
95 85 832
95 85 907
95 85 908
95 5 448
95 5 450
95 28 451
95 44 461
95 44 462
95 56 469
95 127 548
95 127 549
95 45 560
95 41 563
95 41 565
95 41 566
95 41 567
95 41 568
95 41 569
95 86 565
95 86 566
95 86 567
95 86 568
95 86 569
95 3 701
95 76 863
20 57 274
20 57 275
20 57 276
20 57 301
20 57 314
20 57 354
20 57 364
20 57 365
20 57 366
20 59 292
20 59 296
20 59 313
20 59 315
20 59 316
20 59 320
20 59 321
20 59 322
20 59 323
20 59 324
20 59 325
20 59 326
20 59 327
20 59 328
20 59 329
20 59 330
20 59 332
20 59 346
20 59 347
20 59 352
20 59 353
20 59 357
20 59 360
20 59 362
20 78 364
57 80 364
57 85 366
57 145 709
57 145 717
57 145 718
57 145 719
57 145 720
57 145 721
57 145 725
57 41 709
57 41 710
57 41 711
57 41 755
57 41 757
57 41 758
57 41 765
57 41 783
57 41 792
57 41 793
57 139 709
57 139 715
57 139 724
57 139 725
57 139 729
57 139 797
57 139 798
57 139 807
57 139 809
57 139 810
57 139 811
57 139 814
57 139 816
57 139 840
57 139 841
57 76 805
51 141 477
51 141 491
51 141 494
51 141 497
59 39 365
59 39 366
59 33 525
59 33 559
59 22 562
59 34 572
39 98 304
39 98 305
39 98 306
39 98 307
39 98 308
39 98 310
39 98 311
39 98 312
39 98 313
39 98 314
39 98 315
39 98 316
39 98 317
39 98 318
39 98 319
39 98 320
39 98 321
39 98 322
39 98 323
39 98 324
39 98 325
39 98 326
39 98 327
39 98 328
39 98 329
39 98 330
39 98 331
39 98 333
39 98 334
39 98 335
39 98 336
39 98 337
39 98 341
39 98 343
39 98 344
39 98 346
39 98 347
39 98 348
39 98 349
39 98 350
39 98 351
39 98 352
39 98 354
39 98 355
39 98 356
39 85 365
39 85 366
39 85 373
39 85 374
39 85 378
39 85 379
39 85 381
39 85 382
39 85 383
39 85 384
39 85 389
39 85 391
39 85 392
39 85 395
39 85 398
39 85 399
39 85 400
39 85 401
39 85 410
39 85 411
39 85 421
39 85 422
39 85 427
39 85 430
39 85 431
39 85 432
39 85 433
39 85 434
39 85 435
39 85 436
39 85 437
39 85 438
39 5 370
39 5 371
39 5 433
98 12 644
98 12 654
98 12 656
98 12 665
98 12 666
98 12 672
98 12 688
98 12 689
98 12 693
98 12 694
98 12 695
98 12 696
98 12 697
98 12 711
98 12 716
98 62 684
98 62 711
32 137 311
32 137 312
32 137 313
32 137 320
32 137 322
32 137 324
32 137 325
32 137 327
32 137 328
32 137 329
32 137 331
32 137 332
32 137 333
32 137 334
32 137 335
32 137 336
32 137 337
32 137 338
32 137 339
32 137 341
32 137 342
32 137 343
32 137 344
32 137 346
32 137 347
32 101 312
32 101 313
32 101 318
32 101 319
32 101 320
32 101 321
32 101 332
32 101 339
32 101 340
32 101 341
32 101 342
32 101 343
32 101 344
32 61 528
32 61 530
32 61 534
32 61 535
32 61 536
32 61 537
32 61 538
32 61 540
32 61 542
32 61 545
32 61 549
32 61 550
32 61 555
32 61 556
32 61 557
32 61 558
32 61 560
32 29 529
32 22 534
32 22 540
32 22 545
32 22 546
32 22 547
32 22 550
32 22 553
32 22 561
137 84 312
137 84 313
137 84 314
137 84 321
137 84 322
137 84 326
137 84 332
137 84 333
137 103 317
137 140 942
137 140 943
137 140 944
137 140 945
137 140 946
137 140 949
137 140 950
137 140 952
137 140 953
137 140 954
137 140 955
137 140 956
137 140 958
137 140 959
137 140 960
137 140 965
137 140 969
137 140 974
137 140 975
137 140 984
137 140 985
137 140 990
137 140 993
137 140 994
137 140 995
137 140 996
137 140 998
137 140 1004
137 140 1008
137 140 1011
137 140 1012
137 140 1013
137 140 1015
137 140 1016
137 140 1017
137 140 1018
137 140 1019
137 140 1020
137 140 1021
137 140 1022
137 140 1026
137 140 1027
137 140 1038
137 30 944
137 30 945
137 30 946
137 30 948
137 30 949
137 30 950
137 30 951
137 30 952
137 30 953
137 30 954
137 30 955
137 30 956
137 30 957
137 30 958
137 30 959
137 30 960
137 30 961
137 30 962
137 30 963
137 30 964
137 30 965
137 30 967
137 30 968
137 30 969
137 30 970
137 30 972
137 30 973
137 30 974
137 30 975
137 30 976
137 30 984
137 30 985
137 30 986
137 30 987
137 30 991
137 30 995
137 30 1005
137 30 1013
137 30 1017
137 30 1020
137 30 1021
137 30 1022
137 30 1024
137 30 1025
137 30 1026
137 30 1027
137 30 1033
137 30 1034
137 30 1035
137 30 1036
137 30 1037
137 29 1030
84 101 312
84 101 313
84 101 318
84 101 332
84 101 333
84 101 334
84 101 337
84 101 338
84 31 312
84 31 313
84 31 319
84 31 334
84 41 466
84 41 516
84 41 519
84 56 489
84 127 545
84 136 605
101 140 312
101 140 313
101 140 314
101 140 318
101 140 320
101 140 322
101 140 323
101 140 327
101 140 329
101 140 330
101 140 331
101 140 333
101 140 334
101 140 335
101 140 340
101 140 341
101 140 342
101 140 343
101 140 344
31 103 317
31 140 944
31 140 945
31 140 952
31 140 953
31 140 954
31 140 956
31 140 959
31 140 960
31 140 962
31 140 965
31 140 966
31 140 972
31 140 973
31 140 974
31 140 975
31 140 976
31 140 977
31 140 978
31 140 979
31 140 980
31 140 981
31 140 982
31 140 983
31 140 985
31 140 994
31 140 995
31 140 997
31 140 1006
31 140 1007
31 140 1014
31 140 1015
31 140 1016
31 140 1017
31 140 1022
31 140 1026
31 140 1027
31 116 970
31 7 975
31 60 975
140 62 962
140 62 974
140 62 975
140 7 969
140 7 981
140 106 972
140 106 973
103 82 317
103 47 620
103 47 626
103 47 628
103 47 631
103 47 632
103 47 633
103 47 635
103 47 636
103 47 637
103 47 639
103 47 644
103 47 650
103 47 658
103 47 659
103 47 660
103 47 661
103 47 667
103 47 668
103 47 669
103 47 678
103 47 679
103 47 680
103 47 681
103 47 682
103 47 683
103 47 687
103 47 688
103 47 689
103 47 695
103 47 700
103 47 704
103 47 705
103 47 706
103 47 707
103 47 708
103 47 709
103 47 711
103 47 715
103 47 717
103 47 720
103 47 723
103 47 724
103 19 651
82 55 353
82 142 752
82 2 766
82 62 766
82 23 776
82 34 776
82 139 836
82 145 837
82 145 838
28 22 529
28 22 593
100 52 475
100 52 476
100 52 477
100 52 478
100 52 483
100 52 494
100 52 496
100 52 501
100 52 503
100 141 475
100 141 476
100 141 477
100 141 478
100 141 486
100 141 498
100 141 499
100 141 500
100 141 503
100 141 540
100 141 553
100 141 554
100 141 556
100 141 558
100 141 559
100 141 560
100 141 562
100 141 568
100 141 605
100 141 606
100 141 634
100 141 656
100 141 660
100 141 662
100 141 663
100 141 664
100 141 674
100 136 607
100 74 640
100 74 641
55 10 328
55 10 329
55 10 336
55 10 338
55 10 339
55 10 349
55 10 358
55 10 363
55 10 375
55 10 376
55 10 377
55 10 378
55 10 383
55 10 384
55 10 385
55 10 386
55 10 388
55 10 389
55 10 395
55 10 397
55 10 400
55 10 403
55 130 329
55 130 331
55 130 332
55 130 334
55 130 336
55 130 340
55 130 345
55 130 351
55 130 356
55 130 365
55 130 390
55 130 396
55 130 403
55 93 800
55 93 832
55 78 806
55 66 806
55 66 807
55 142 812
55 142 813
55 142 815
55 142 828
55 142 829
55 142 831
55 142 832
55 142 839
55 149 839
55 149 840
10 133 329
10 133 347
10 133 403
10 99 438
10 44 508
10 119 565
130 139 833
130 52 836
130 85 887
133 19 653
66 80 355
66 80 366
66 80 369
66 80 372
66 80 376
66 80 379
66 80 380
66 80 382
66 80 387
66 80 390
66 80 394
66 80 395
66 80 398
66 80 400
66 80 401
66 80 405
66 80 431
66 80 435
66 80 447
66 80 464
66 76 762
66 76 787
66 76 804
66 76 807
66 76 811
66 76 812
66 76 823
66 76 827
66 76 835
66 76 836
66 76 841
66 76 845
66 76 850
66 76 851
66 76 852
66 76 854
66 76 855
66 76 859
66 76 862
66 76 863
66 76 864
66 76 873
66 76 877
66 76 881
66 76 883
66 76 884
66 76 887
66 76 890
66 76 892
66 76 903
66 76 906
66 76 907
66 52 782
66 139 807
66 93 863
66 93 907
66 85 908
80 58 399
80 58 400
80 58 401
80 58 404
80 21 400
80 21 402
80 21 404
80 105 405
80 105 406
80 19 702
80 23 753
80 122 762
69 78 356
69 78 357
69 78 359
69 78 368
69 78 377
69 78 381
69 78 386
69 78 389
69 78 391
69 78 402
69 78 409
69 78 411
69 78 425
69 78 430
69 78 434
69 78 439
69 78 440
69 78 441
69 78 446
69 78 459
69 58 400
69 58 401
69 58 404
69 40 464
69 106 914
69 106 953
69 106 954
69 106 955
69 106 1011
69 99 932
69 99 935
69 2 936
69 63 947
69 76 1004
78 21 399
78 64 749
78 64 750
78 64 751
78 64 753
78 64 755
78 64 756
78 64 757
78 64 758
78 64 759
78 64 760
78 64 761
78 64 763
78 64 764
78 64 765
78 64 781
78 64 782
78 64 783
78 64 784
78 64 786
78 64 792
78 64 793
78 64 802
78 64 803
78 64 805
78 64 806
78 64 808
78 64 809
78 64 820
78 64 821
78 64 822
78 64 833
78 64 834
78 64 837
78 64 838
78 64 839
78 64 840
78 64 842
78 64 843
78 64 844
78 64 846
78 64 853
78 64 856
78 64 860
78 64 861
78 64 866
78 64 874
78 64 876
78 64 885
78 64 886
78 64 891
78 64 893
78 64 894
78 64 895
78 64 896
78 64 897
78 64 908
78 85 795
78 145 796
78 139 796
78 139 805
78 93 908
5 102 364
5 102 365
5 102 366
5 102 372
5 102 373
5 102 387
5 102 392
5 102 393
5 102 394
5 102 397
5 102 547
5 102 548
5 102 549
5 102 550
5 102 555
5 102 556
5 102 558
5 102 559
5 122 552
102 135 476
102 135 669
102 135 672
102 113 644
85 99 364
85 99 367
85 99 368
85 99 378
85 99 381
85 99 383
85 99 384
85 99 387
85 99 391
85 99 399
85 99 400
85 99 401
85 99 417
85 99 430
85 99 431
85 99 432
85 99 433
85 99 434
85 99 435
85 99 436
85 99 437
85 99 438
85 99 439
85 23 794
85 23 795
99 40 365
99 40 371
99 40 380
99 40 381
99 40 384
99 40 385
99 40 386
99 40 387
99 40 389
99 40 390
99 40 392
99 40 393
99 40 394
99 40 396
99 40 400
99 40 401
99 40 415
99 40 422
99 40 428
99 40 429
99 40 430
99 40 431
99 40 432
99 40 433
99 40 434
99 40 435
99 40 436
99 40 437
99 40 438
99 40 439
99 60 914
99 60 915
99 60 916
99 60 917
99 60 931
99 60 935
99 60 936
99 60 940
99 60 941
99 60 942
99 60 948
99 60 949
99 60 950
99 60 952
99 60 953
99 60 954
99 60 955
99 60 956
99 60 957
99 60 959
99 60 960
99 60 962
99 60 963
99 60 974
99 60 975
99 60 976
99 60 977
99 60 978
99 60 979
99 60 980
99 60 981
99 60 982
99 60 983
99 60 984
99 60 985
99 60 987
99 60 988
99 60 989
99 60 991
99 60 1000
99 60 1001
99 60 1002
99 60 1004
99 60 1006
99 60 1008
99 60 1009
99 60 1014
99 60 1015
99 60 1016
99 60 1034
99 60 1035
99 60 1036
99 60 1037
99 60 1038
99 60 1039
99 60 1041
99 60 1043
99 116 919
99 116 948
99 116 949
99 116 970
99 116 987
99 116 1025
99 116 1026
99 116 1029
99 116 1033
99 116 1034
99 116 1035
99 116 1036
99 116 1037
99 116 1038
99 116 1039
99 116 1040
99 116 1041
99 116 1042
99 29 931
99 29 932
99 29 940
99 29 941
99 29 942
99 29 943
99 29 944
99 29 945
99 29 946
99 29 967
99 24 970
99 30 974
99 30 1030
99 30 1031
99 7 975
40 86 462
40 86 463
40 86 464
40 86 467
40 86 477
40 86 478
40 86 479
40 86 480
40 86 481
40 86 482
40 86 483
40 86 485
40 86 486
40 86 487
40 86 488
40 86 489
40 86 492
40 86 493
40 86 498
40 86 502
40 86 511
40 86 513
40 86 514
40 86 515
40 86 520
40 86 521
40 86 522
40 86 523
40 86 527
40 86 528
40 86 529
40 86 530
40 86 532
40 86 533
40 86 534
40 86 535
40 86 536
40 86 537
40 86 538
40 86 539
40 86 540
40 86 542
40 86 543
40 86 544
40 86 545
40 86 546
40 86 547
40 86 549
40 86 550
40 86 551
40 86 552
40 86 553
40 86 558
40 86 559
40 86 562
40 86 563
40 86 564
40 86 565
40 86 567
40 86 568
40 86 571
40 86 572
40 86 573
40 86 574
40 86 575
40 86 576
40 86 577
40 86 578
40 86 590
40 86 600
40 86 601
40 86 602
40 86 603
40 86 604
40 86 605
40 86 606
40 86 610
40 86 611
40 86 612
40 86 613
40 86 614
40 86 615
40 86 616
40 86 617
40 86 618
40 86 619
40 86 620
40 86 621
40 86 622
40 86 623
40 86 624
40 86 628
40 86 630
40 86 634
40 86 638
40 56 487
40 56 488
21 58 373
21 58 375
21 58 376
21 58 377
21 58 378
21 58 380
21 58 381
21 58 385
21 58 387
21 58 388
21 58 389
21 58 390
21 58 391
21 58 393
21 58 394
21 58 395
21 58 396
21 58 397
21 58 400
21 58 406
21 58 409
21 58 410
21 58 414
21 58 416
21 58 419
21 58 422
21 58 429
21 58 432
21 58 434
21 58 436
21 58 437
21 58 438
21 58 439
21 58 465
21 58 477
21 58 484
21 58 485
21 58 486
21 58 487
21 58 489
21 58 497
21 58 509
21 58 514
21 60 382
21 60 383
21 60 386
21 60 405
21 60 407
21 60 408
21 60 411
21 60 412
21 60 413
21 60 415
21 60 417
21 60 418
21 60 420
21 60 421
21 60 424
21 60 425
21 60 426
21 60 431
21 60 435
21 60 440
21 60 441
21 60 442
21 60 443
21 60 444
21 60 445
21 60 446
21 60 447
21 60 449
21 60 459
21 60 460
21 60 463
21 60 464
21 60 476
21 60 478
21 60 479
21 60 483
21 60 488
21 60 511
21 44 401
21 44 402
21 44 404
21 44 405
21 44 441
58 56 428
58 44 441
58 62 636
58 62 637
58 62 638
58 62 639
58 62 640
58 62 641
58 62 642
58 62 643
58 62 644
58 62 645
58 62 646
58 62 647
58 62 648
58 62 649
58 62 650
58 62 651
58 62 652
58 62 653
58 62 654
58 62 655
58 62 657
58 62 658
58 62 659
58 62 660
58 62 661
58 62 664
58 62 672
58 62 673
58 62 674
58 62 676
58 62 677
58 62 679
58 62 680
58 62 686
58 62 687
58 62 688
58 62 695
58 62 697
58 62 698
58 62 700
58 62 705
58 62 706
58 62 707
58 62 709
58 62 716
58 62 717
58 62 718
58 62 719
58 62 720
58 62 722
58 62 723
58 62 724
58 62 725
58 62 726
58 62 727
58 62 728
58 62 729
58 62 730
58 62 731
58 62 732
58 62 733
58 62 737
58 62 738
58 62 739
58 62 742
58 62 746
58 62 751
58 62 752
58 62 754
58 45 637
58 45 638
58 45 639
58 45 661
58 12 701
58 23 752
60 106 914
60 106 915
60 106 917
60 106 922
60 106 925
60 106 926
60 106 928
60 106 934
60 106 947
60 106 967
60 106 968
60 106 976
60 72 914
60 119 917
60 119 918
60 119 933
60 119 934
60 119 1041
60 119 1043
60 30 934
60 30 940
60 30 941
60 30 942
60 30 947
60 30 964
60 30 965
60 30 966
60 30 967
60 76 963
60 76 1007
60 76 1008
44 105 385
44 105 422
44 105 428
44 105 480
44 54 473
44 127 499
44 127 500
44 127 501
44 127 507
44 127 508
44 127 511
44 127 512
44 127 521
44 127 523
44 127 543
44 127 544
44 127 545
44 127 547
44 127 548
44 127 550
44 127 551
44 127 552
44 127 559
44 127 563
44 127 566
44 127 569
44 127 570
105 113 638
56 46 640
56 46 641
56 114 641
56 12 670
56 135 675
56 135 676
56 135 677
56 135 678
56 135 679
56 135 680
56 135 705
56 138 675
56 138 676
56 138 677
56 138 678
56 138 679
56 138 680
56 64 747
92 22 596
92 41 602
92 41 603
92 41 613
92 41 616
92 41 617
92 141 608
92 141 609
92 136 612
92 86 613
92 13 665
92 54 675
92 138 675
86 63 578
86 136 586
86 136 613
86 136 614
86 136 615
86 136 616
86 136 628
86 136 639
86 136 641
86 136 643
86 136 646
86 136 647
86 136 648
86 136 649
86 136 651
86 136 690
86 136 691
86 136 692
86 136 693
86 136 696
86 136 711
86 136 712
86 136 713
86 136 716
86 136 717
86 136 718
86 136 719
86 136 720
86 136 721
86 136 723
86 136 724
86 136 725
86 136 726
86 136 731
86 136 748
86 136 749
86 136 750
86 136 751
86 136 752
86 136 753
86 136 754
86 136 755
86 136 758
86 35 603
86 35 605
86 141 604
86 14 606
86 6 681
86 46 758
41 63 577
41 63 578
41 14 603
41 14 608
41 14 614
41 14 615
41 149 747
41 149 840
54 135 670
54 61 1004
52 138 475
52 138 476
52 138 478
52 138 479
52 138 488
52 138 492
52 138 498
52 138 502
52 135 476
52 135 488
52 75 761
52 75 763
52 75 782
52 75 789
52 75 791
52 75 792
52 75 807
52 75 814
52 75 822
52 75 842
52 75 867
52 75 869
52 75 870
52 75 876
52 75 889
138 136 607
138 136 608
138 136 609
138 136 610
138 136 617
138 136 618
138 136 619
138 136 620
138 136 621
138 136 622
138 136 623
141 135 476
141 135 675
141 135 689
141 136 586
141 136 587
141 136 592
141 136 595
141 136 596
141 136 599
141 136 600
141 136 607
141 136 608
141 136 609
141 136 610
141 136 611
141 136 612
141 136 624
141 136 625
141 136 628
141 136 639
141 136 640
141 136 641
141 136 642
141 136 646
141 136 647
141 136 648
141 136 649
141 136 691
141 136 699
141 136 702
141 136 709
141 136 710
141 136 712
141 136 715
141 136 716
141 136 717
141 136 718
141 136 719
141 136 720
141 136 721
141 136 722
141 136 723
141 136 724
141 136 726
141 136 729
141 136 730
141 136 731
141 136 733
141 136 742
141 136 748
141 136 749
141 136 750
141 136 751
141 136 755
141 136 758
141 136 759
141 1 652
141 46 671
141 46 758
141 19 680
141 6 685
135 136 610
135 136 623
135 12 634
135 12 635
135 12 638
135 12 639
135 12 641
135 12 646
135 12 648
135 12 650
135 12 661
135 12 665
135 12 669
135 12 670
135 12 672
135 12 675
135 12 678
135 12 682
135 12 683
135 12 686
135 12 696
135 12 697
135 12 698
135 12 699
135 12 700
135 12 701
135 12 702
135 12 703
135 12 704
135 12 705
135 12 711
135 12 712
135 12 713
135 12 714
135 48 646
135 6 648
135 1 650
135 1 652
135 62 681
135 62 705
135 62 711
135 62 712
135 75 684
135 46 716
106 116 918
106 116 927
106 116 928
106 116 929
106 116 939
106 116 940
106 116 969
106 116 972
106 116 1029
106 116 1030
106 116 1032
106 116 1033
106 61 930
106 61 951
106 61 956
106 61 975
106 61 976
106 61 980
106 61 1020
106 61 1034
106 29 930
106 29 931
106 29 932
106 29 934
106 29 936
106 29 937
106 29 938
106 29 939
106 29 942
106 29 946
106 29 948
106 29 949
106 29 950
106 29 951
106 29 952
106 29 953
106 29 955
106 29 956
106 29 957
106 29 958
106 29 959
106 29 960
106 29 966
106 29 978
106 29 980
106 29 982
106 29 983
106 29 1019
106 29 1034
106 29 1035
106 24 936
106 24 937
106 24 939
106 24 951
106 24 952
106 24 953
106 24 956
106 24 957
106 24 958
106 24 959
106 24 960
106 24 974
106 24 975
106 24 1003
106 24 1011
106 24 1012
106 24 1013
106 24 1017
106 24 1018
106 47 967
106 7 974
106 74 976
106 74 983
106 74 1004
106 74 1009
106 74 1018
106 74 1022
106 74 1026
106 30 1030
106 30 1031
127 11 504
127 11 507
127 11 508
127 11 511
127 11 512
127 11 516
127 11 517
127 11 518
127 11 520
127 11 522
127 11 524
127 11 526
127 11 528
127 11 529
127 11 533
127 11 534
127 11 535
127 11 536
127 11 537
127 11 538
127 11 539
127 11 540
127 11 542
127 11 545
127 11 546
127 11 548
127 11 549
127 11 550
127 11 551
127 11 560
127 11 561
127 11 562
127 11 563
127 11 564
127 11 565
127 11 567
127 15 783
127 15 784
127 15 786
127 15 788
127 15 789
127 15 794
127 15 795
127 15 797
127 15 809
127 15 812
127 15 818
127 15 820
127 15 824
127 15 826
127 15 831
127 15 834
127 15 836
127 15 842
127 15 845
127 15 849
127 15 854
127 15 859
127 15 860
127 15 861
127 15 862
127 15 863
127 15 865
127 15 866
127 15 868
127 15 869
127 15 870
127 15 879
127 15 888
127 15 889
127 15 896
127 15 898
127 15 899
127 15 900
127 15 901
127 15 903
127 15 904
45 11 506
45 11 509
45 11 511
45 11 515
45 11 517
45 11 518
45 11 520
45 11 522
45 11 523
45 11 524
45 11 528
45 11 532
45 11 534
45 11 544
45 11 559
45 11 560
45 11 563
45 11 566
45 119 565
45 119 566
45 114 638
45 114 640
45 114 641
45 114 643
45 114 644
45 114 648
45 114 649
45 114 653
45 114 658
45 114 663
45 114 666
45 114 669
45 114 670
45 114 671
45 114 705
45 114 706
45 114 708
45 114 713
45 114 715
45 114 716
45 136 668
45 136 758
45 14 708
45 14 709
45 19 716
11 113 565
11 14 567
11 74 569
33 119 529
33 119 530
33 119 533
33 119 542
33 119 544
33 119 556
33 61 567
33 61 571
33 61 573
33 61 576
33 61 577
33 61 580
33 61 581
33 61 583
33 61 586
33 61 587
33 61 588
33 61 589
33 61 590
33 61 595
33 61 599
33 61 600
33 61 601
33 61 602
33 61 603
33 61 609
33 22 567
33 22 577
33 22 578
33 22 584
33 22 593
33 22 598
33 22 599
33 22 602
33 22 603
33 22 604
33 22 609
33 136 606
61 22 535
61 22 538
61 22 539
61 22 540
61 22 545
61 22 546
61 22 547
61 22 577
61 22 578
61 22 598
61 22 605
61 22 609
61 119 542
61 119 545
61 119 546
61 119 561
61 119 570
61 119 571
61 119 583
61 119 584
61 119 585
61 119 933
61 48 935
61 72 950
61 72 1010
61 76 1003
61 76 1004
61 76 1019
61 30 1024
61 30 1034
61 30 1035
22 119 529
22 119 533
22 119 546
22 119 547
22 119 548
22 119 559
22 119 560
22 119 561
22 119 569
22 119 570
22 119 571
22 119 572
22 119 579
22 119 602
22 110 554
22 35 570
22 63 602
119 1 549
119 113 549
119 13 569
119 34 570
119 34 572
119 34 583
119 34 584
119 34 585
119 34 586
119 34 587
119 34 603
119 29 996
119 29 1000
119 29 1001
119 29 1003
119 29 1005
119 29 1006
119 29 1007
119 29 1011
119 29 1013
119 29 1015
119 29 1018
119 24 1020
29 63 927
29 63 929
29 63 930
29 63 951
29 63 952
29 63 953
29 63 955
29 63 977
29 63 980
29 63 981
29 63 987
29 63 994
29 76 940
29 76 1018
29 76 1019
29 7 967
29 72 991
29 72 993
74 1 542
74 1 543
74 1 550
74 1 551
74 1 552
74 1 553
74 1 554
74 1 556
74 1 557
74 1 562
74 1 568
74 1 569
74 1 570
74 1 571
74 1 573
74 1 575
74 1 576
74 1 577
74 1 578
74 1 579
74 1 580
74 1 581
74 1 582
74 1 583
74 1 584
74 1 585
74 1 588
74 1 589
74 1 590
74 1 591
74 1 596
74 1 613
74 1 614
74 1 625
74 1 633
74 1 636
74 1 641
74 1 642
74 1 644
74 1 645
74 1 646
74 1 648
74 1 649
74 1 650
74 1 651
74 1 652
74 1 653
74 1 654
74 1 656
74 1 657
74 1 658
74 1 659
74 113 543
74 113 545
74 113 546
74 113 548
74 113 551
74 113 552
74 113 553
74 113 554
74 113 556
74 113 566
74 113 584
74 113 586
74 113 587
74 113 588
74 113 589
74 113 593
74 113 596
74 113 602
74 113 603
74 113 606
74 113 608
74 113 609
74 113 616
74 113 619
74 113 620
74 113 632
74 113 640
74 113 641
74 113 658
74 122 546
74 122 547
74 122 549
74 122 550
74 122 551
74 122 557
74 122 566
74 122 568
74 122 578
74 122 584
74 122 594
74 122 603
74 122 606
74 122 608
74 122 615
74 122 631
74 122 632
74 122 644
74 122 646
74 122 648
74 122 649
74 122 658
74 110 550
74 6 644
74 6 648
74 75 644
74 12 651
1 113 549
1 113 550
1 113 551
1 113 552
1 113 553
1 113 554
1 113 556
1 113 557
1 113 558
1 113 561
1 113 562
1 113 566
1 113 568
1 113 569
1 113 583
1 113 584
1 113 587
1 113 589
1 113 596
1 113 600
1 113 608
1 113 618
1 113 630
1 113 656
1 113 657
1 113 658
1 122 551
1 122 556
1 122 561
1 122 562
1 122 567
1 122 568
1 122 599
1 122 616
1 122 626
1 122 631
1 122 643
1 122 646
1 122 657
1 122 658
1 110 562
1 19 597
1 145 642
1 145 643
1 48 643
1 48 646
1 6 648
1 12 655
113 114 547
113 114 549
113 114 550
113 114 551
113 114 552
113 114 554
113 114 555
113 114 557
113 114 561
113 114 562
113 114 564
113 114 565
113 114 566
113 114 567
113 114 568
113 47 638
113 110 648
116 122 545
116 122 547
116 122 548
116 122 549
116 122 551
116 122 552
116 122 553
116 122 554
116 122 556
116 122 557
116 122 566
116 122 568
116 122 593
116 122 594
116 122 603
116 122 608
116 122 615
116 122 616
116 122 617
116 122 619
116 122 620
116 122 621
116 122 622
116 122 623
116 122 624
116 122 625
116 122 627
116 122 632
116 122 633
116 122 635
116 122 638
116 122 640
116 122 652
116 122 653
116 122 656
116 122 657
116 122 658
116 114 549
116 12 655
116 62 914
116 62 915
116 62 919
116 62 925
116 62 928
116 62 931
116 62 932
116 62 948
116 62 965
116 62 966
116 62 967
116 62 968
116 62 1026
116 62 1028
116 62 1042
116 72 915
116 72 992
116 63 931
116 63 932
116 63 935
116 63 936
116 63 939
116 63 989
116 63 991
116 63 993
116 63 994
116 2 936
116 30 939
116 30 965
116 30 989
116 30 994
116 30 997
116 30 1002
116 30 1004
116 30 1010
116 30 1012
116 30 1033
116 76 943
122 110 641
122 110 644
122 110 645
122 6 648
122 23 776
122 13 817
122 145 838
114 62 638
114 62 641
114 13 716
110 6 598
110 6 601
110 6 602
110 6 603
110 6 604
110 6 606
110 6 608
110 6 619
110 6 621
110 6 622
110 6 627
110 6 629
110 6 631
110 6 633
110 6 649
110 6 658
110 6 687
110 6 688
110 6 693
110 6 699
110 6 716
110 48 640
110 48 641
110 12 648
14 34 569
14 49 618
14 3 633
24 63 562
24 63 563
24 63 564
24 63 565
24 63 566
24 63 568
24 63 600
24 63 601
24 63 626
24 63 642
24 63 927
24 63 929
24 63 955
24 63 974
24 63 985
24 63 987
24 30 927
24 30 929
24 30 930
24 30 936
24 30 939
24 30 951
24 30 952
24 30 954
24 30 959
24 30 960
24 30 962
24 30 963
24 30 964
24 30 991
24 30 1021
24 62 931
24 62 932
24 62 1010
24 72 934
24 72 949
24 72 991
24 48 935
24 76 1007
24 76 1008
24 76 1036
63 53 1015
15 19 815
15 13 818
15 145 836
145 48 568
145 48 571
145 48 573
145 48 574
145 48 575
145 48 613
145 48 614
145 48 629
145 48 632
145 48 643
145 48 658
145 48 664
145 3 631
145 142 708
145 142 711
145 142 712
145 142 713
145 142 714
145 142 715
145 142 721
145 142 724
145 142 746
145 142 748
145 142 756
145 142 757
145 142 758
145 142 763
145 142 767
145 142 768
145 142 782
145 142 783
145 142 785
145 142 789
145 142 790
145 142 792
145 142 795
145 142 796
145 93 708
145 93 709
145 93 711
145 93 713
145 93 714
145 93 715
145 93 716
145 93 717
145 93 718
145 93 719
145 93 720
145 93 721
145 93 728
145 93 757
145 93 761
145 93 763
145 93 764
145 93 767
145 93 768
145 93 790
145 93 791
145 93 792
145 93 795
145 93 796
145 93 814
145 93 827
145 93 829
145 93 830
145 23 737
48 23 717
48 23 718
48 71 718
48 71 721
48 49 909
48 49 913
48 49 935
48 49 940
48 49 942
48 49 972
48 49 994
48 7 910
48 7 932
48 7 937
48 7 958
48 7 976
48 7 979
48 7 980
48 7 994
34 35 569
34 35 570
34 35 571
34 23 719
34 23 724
34 23 725
34 23 729
34 23 731
34 23 743
34 23 745
34 23 748
34 23 751
34 23 752
34 23 755
34 23 759
34 23 761
34 23 765
34 23 766
34 23 767
34 23 775
34 23 782
34 23 786
34 23 788
34 23 789
34 23 805
34 23 809
34 23 821
34 23 822
34 23 824
34 23 826
34 23 827
34 23 832
34 23 870
34 23 871
34 23 889
34 87 795
35 136 607
35 136 608
35 136 609
35 136 615
35 136 616
35 87 731
35 62 752
35 23 762
35 23 770
35 23 771
35 23 772
35 23 773
35 23 774
35 23 781
35 23 808
35 23 811
35 23 812
35 23 838
35 23 873
35 23 888
35 23 892
13 19 581
13 19 584
13 19 585
13 19 586
13 19 588
13 19 592
13 19 593
13 19 595
13 19 596
13 19 597
13 19 598
13 19 599
13 19 601
13 19 604
13 19 606
13 19 623
13 19 624
13 19 625
13 19 633
13 19 649
13 19 650
13 19 653
13 19 654
13 19 655
13 19 656
13 19 665
13 19 667
13 19 670
13 19 671
13 19 672
13 19 675
13 19 677
13 19 679
13 19 681
13 19 685
13 19 686
13 19 687
13 19 688
13 19 689
13 19 692
13 19 694
13 19 695
13 19 696
13 19 697
13 19 698
13 19 699
13 19 700
13 19 701
13 19 703
13 19 704
13 19 705
13 19 706
13 19 709
13 19 710
13 19 711
13 19 712
13 19 713
13 19 714
13 19 715
13 19 716
13 19 717
13 19 718
13 19 729
13 19 730
13 19 731
13 19 732
13 19 733
13 19 734
13 19 735
13 19 736
13 19 737
13 19 738
13 19 739
13 19 740
13 19 741
13 19 742
13 19 743
13 19 744
13 19 745
13 19 746
13 19 747
13 19 750
13 19 751
13 19 752
13 19 753
13 19 754
13 19 755
13 19 756
13 19 758
13 19 759
13 19 760
13 19 762
13 19 763
13 19 764
13 19 765
13 19 767
13 19 768
13 19 769
13 19 770
13 19 771
13 19 772
13 19 773
13 19 777
13 19 780
13 19 781
13 19 782
13 19 783
13 19 784
13 19 785
13 19 786
13 19 787
13 19 788
13 19 790
13 19 791
13 19 795
13 19 805
13 19 806
13 19 807
13 19 808
13 19 809
13 19 820
13 19 821
13 19 825
13 19 826
13 19 827
13 19 828
13 19 829
13 3 650
13 47 651
19 71 598
19 46 651
19 93 744
142 136 586
142 136 587
142 136 592
142 136 593
142 136 594
142 136 595
142 136 596
142 136 597
142 136 601
142 136 605
142 136 608
142 136 609
142 136 610
142 136 611
142 136 612
142 136 618
142 136 619
142 136 620
142 136 621
142 136 623
142 136 628
142 136 631
142 136 646
142 136 647
142 136 648
142 136 660
142 136 754
142 136 755
142 6 680
142 6 681
142 87 757
136 75 654
136 75 655
136 6 657
136 62 757
3 6 592
3 6 618
3 6 619
3 6 706
3 6 708
3 6 711
3 6 712
3 6 713
3 6 714
3 6 715
3 6 716
6 146 679
6 146 682
71 12 634
71 12 635
71 12 636
71 12 638
71 12 639
71 12 641
71 12 642
71 12 643
71 12 644
71 12 648
71 12 650
71 12 651
71 12 655
71 12 656
71 12 660
71 12 661
71 12 665
71 12 666
71 12 667
71 12 669
71 12 671
71 12 672
71 12 675
71 12 676
71 12 677
71 12 678
71 12 680
71 12 681
71 12 682
71 12 683
71 12 685
71 12 707
71 12 710
71 12 711
71 12 712
71 12 717
71 12 718
87 93 677
87 93 689
87 93 707
87 93 710
87 93 799
87 93 841
87 93 846
87 139 747
87 139 797
87 139 884
87 149 781
87 76 909
49 7 912
49 7 915
49 7 916
49 7 919
49 7 920
49 7 921
49 7 922
49 7 923
49 7 933
49 7 934
49 7 943
49 7 950
49 7 958
49 7 962
49 7 971
49 7 973
49 7 975
49 7 976
49 7 977
49 7 978
49 7 979
49 7 980
49 7 981
49 7 987
49 7 988
49 7 989
49 7 990
49 7 993
49 7 994
49 2 937
47 12 659
47 12 674
47 2 936
47 7 936
47 7 965
47 7 970
47 7 978
47 7 981
12 64 704
12 64 705
12 64 706
12 64 707
12 64 712
12 64 714
62 46 637
62 46 638
62 46 639
62 46 640
62 46 641
62 46 661
62 2 755
62 2 756
62 2 757
62 2 758
62 2 763
62 2 764
62 2 765
62 2 767
62 2 768
62 2 769
62 2 770
62 2 771
62 2 772
62 2 773
62 2 774
62 2 775
62 2 776
62 2 779
62 2 780
62 2 781
62 2 782
62 2 783
62 2 784
62 2 786
62 2 787
62 2 792
62 2 793
62 2 794
62 2 795
62 2 796
62 2 797
62 2 798
62 2 799
62 2 800
62 2 801
62 2 802
62 2 803
62 2 804
62 2 805
62 2 806
62 2 807
62 2 808
62 2 809
62 2 810
62 2 811
62 2 812
62 2 813
62 2 814
62 2 816
62 2 818
62 2 819
62 2 820
62 2 821
62 2 822
62 2 823
62 2 824
62 2 825
62 2 826
62 2 827
62 2 828
62 2 829
62 2 830
62 2 831
62 2 832
62 2 833
62 2 834
62 2 835
62 2 836
62 2 837
62 2 838
62 2 839
62 2 840
62 2 841
62 2 842
62 2 843
62 2 844
62 2 845
62 2 846
62 2 847
62 2 848
62 2 851
62 2 852
62 2 853
62 2 854
62 2 855
62 2 856
62 2 857
62 2 858
62 2 859
62 2 860
62 2 861
62 2 862
62 2 863
62 2 864
62 2 865
62 2 866
62 2 867
62 2 868
62 2 869
62 2 870
62 2 871
62 2 872
62 2 873
62 2 874
62 2 875
62 2 876
62 2 877
62 2 878
62 2 879
62 2 880
62 2 882
62 2 883
62 2 884
62 2 885
62 2 886
62 2 887
62 2 888
62 2 889
62 2 890
62 2 891
62 2 892
62 2 893
62 2 894
62 2 895
62 2 896
62 2 897
62 2 898
62 2 899
62 2 900
62 2 901
62 2 902
62 2 903
62 2 904
62 2 905
62 2 906
62 2 907
62 2 908
62 2 909
62 2 910
62 2 911
62 2 912
62 2 913
62 2 914
62 2 915
62 2 916
62 2 917
62 2 918
62 2 919
62 2 920
62 2 921
62 2 922
62 2 923
62 2 924
62 2 925
62 2 926
62 2 927
62 2 928
62 2 929
62 2 930
62 2 931
62 2 936
62 2 937
62 2 938
62 2 939
62 2 940
62 146 757
62 93 763
62 7 975
64 93 795
64 149 795
93 139 826
139 23 735
139 149 747
139 149 770
139 149 779
139 149 780
139 149 781
139 149 836
139 149 837
139 149 838
139 149 839
139 149 840
149 2 782
149 2 784
149 2 791
2 7 939
53 72 806
53 72 815
53 72 836
53 72 837
53 72 838
53 72 839
53 72 840
53 72 843
53 72 845
53 72 847
53 72 848
53 72 860
53 72 861
53 72 862
53 72 863
53 72 864
53 72 865
53 72 866
53 72 868
53 72 871
53 72 873
53 72 880
53 72 881
53 72 883
53 72 885
53 72 888
53 72 890
53 72 891
53 72 898
53 72 899
53 72 901
53 72 903
53 72 908
53 72 909
53 72 917
53 72 918
53 72 919
7 30 977
7 30 978
