135 96 0
135 96 3
135 96 8
135 96 16
135 96 33
135 96 34
135 96 35
135 96 51
135 96 58
135 96 59
135 96 66
135 113 3
135 113 4
135 113 5
135 113 9
135 113 35
135 113 42
135 113 51
135 113 59
135 113 65
135 113 66
135 152 8
135 112 52
135 121 59
135 106 66
135 85 731
135 85 734
96 122 2
96 122 3
96 122 4
96 122 7
96 122 8
96 122 12
96 122 13
96 122 14
96 122 15
96 122 16
96 122 20
96 122 24
96 122 25
96 122 29
96 122 31
96 122 35
96 122 36
96 122 37
96 122 38
96 122 39
96 122 40
96 122 41
96 122 42
96 122 43
96 122 51
96 122 53
96 122 54
96 122 55
96 122 56
96 122 63
96 122 64
96 122 65
96 114 16
96 114 17
96 114 30
96 114 51
96 114 57
96 114 63
96 113 17
96 113 51
96 82 64
96 155 65
96 8 495
96 8 496
96 8 504
96 8 505
96 8 526
96 8 537
96 8 545
96 8 553
96 8 554
96 8 555
96 8 556
96 8 558
96 8 559
96 8 561
96 8 563
96 8 564
96 8 567
96 8 568
96 8 569
96 8 570
96 8 573
96 8 574
96 8 575
96 8 576
96 8 616
96 8 617
96 131 496
96 131 497
96 131 505
96 131 524
96 131 525
96 131 527
96 131 542
96 131 551
96 131 552
96 131 569
96 131 578
96 131 600
96 131 601
96 71 536
114 121 0
114 121 16
114 121 17
114 121 18
114 121 19
114 121 34
114 121 44
114 121 47
114 121 48
114 121 55
114 121 57
114 121 59
114 121 64
114 133 16
114 133 18
114 133 36
114 133 37
114 133 38
114 133 39
114 133 40
114 133 41
114 133 43
114 133 60
114 133 64
114 133 67
114 112 52
114 106 67
114 45 237
114 140 240
114 140 241
114 140 242
114 140 243
114 140 244
114 140 245
114 140 246
114 140 304
114 58 241
114 58 242
114 58 243
114 58 263
114 58 272
114 58 273
114 123 244
114 123 245
114 136 248
114 136 253
114 136 254
114 136 255
114 136 267
114 18 250
114 18 267
114 18 271
114 130 253
114 130 303
114 70 253
114 70 254
114 70 256
114 70 265
114 70 273
114 70 288
114 70 289
114 70 290
114 66 256
114 66 290
114 0 257
114 0 258
114 0 262
114 0 268
114 0 272
114 161 260
114 161 265
114 161 271
114 30 268
114 5 273
114 108 302
114 108 303
121 97 0
121 162 62
121 85 594
121 85 595
121 85 598
121 85 605
121 85 607
121 85 609
121 85 610
121 85 617
121 85 619
121 85 624
121 85 625
121 85 627
121 85 629
121 85 632
121 85 714
121 78 598
121 78 621
121 78 622
121 78 626
121 78 629
121 78 700
121 78 703
121 78 707
121 78 709
121 103 632
97 113 2
97 113 3
97 113 28
97 113 39
97 113 65
97 113 66
97 133 27
97 112 52
97 112 56
97 112 57
97 21 216
97 21 217
97 21 218
97 21 219
97 21 220
97 21 226
97 21 229
97 21 230
97 21 231
97 21 233
97 21 250
97 21 251
97 21 253
97 21 257
97 21 258
97 21 260
97 21 261
97 21 262
97 21 263
97 21 268
97 21 269
97 21 270
97 21 271
97 21 272
97 21 273
97 21 277
97 21 281
97 21 282
97 21 283
97 130 248
97 130 268
97 58 267
97 88 268
97 45 270
97 123 274
97 136 279
97 24 283
122 133 2
122 133 3
122 133 4
122 133 8
122 133 16
122 133 18
122 133 34
122 133 35
122 133 60
122 133 65
122 113 2
122 113 3
122 113 4
122 113 5
122 113 8
122 113 9
122 113 10
122 113 11
122 113 20
122 113 21
122 113 33
122 113 43
122 113 45
122 113 49
122 113 50
122 113 51
122 113 56
122 112 57
122 112 58
122 112 59
122 112 62
122 101 58
122 152 65
122 55 321
122 55 323
133 9 661
133 9 662
133 149 661
133 1 673
133 125 723
113 101 16
113 101 46
113 101 63
113 106 44
113 155 66
155 106 2
155 106 3
155 106 4
155 106 5
155 106 6
155 106 7
155 106 8
155 106 9
155 106 10
155 106 11
155 106 12
155 106 13
155 106 14
155 106 15
155 106 16
155 106 17
155 106 19
155 106 20
155 106 21
155 106 23
155 106 24
155 106 25
155 106 26
155 106 27
155 106 28
155 106 29
155 106 30
155 106 31
155 106 32
155 106 36
155 106 39
155 106 40
155 106 42
155 106 44
155 106 45
155 106 47
155 106 48
155 106 49
155 106 51
155 106 52
155 106 53
155 106 54
155 106 55
155 106 56
155 106 58
155 106 60
155 106 61
155 106 62
155 106 63
155 106 64
155 106 65
155 106 66
155 62 590
155 62 595
155 62 598
155 62 605
155 62 607
155 62 617
155 62 628
155 62 629
155 62 630
155 62 701
155 62 708
155 62 717
155 62 718
155 62 720
155 62 733
155 62 735
155 62 736
155 62 737
155 62 738
155 62 739
155 62 740
155 62 741
155 62 742
155 62 743
155 62 744
155 62 769
155 62 773
155 151 607
155 151 608
155 146 628
155 146 646
155 146 648
155 142 637
155 142 638
155 142 639
155 142 640
155 142 641
155 142 646
155 142 649
155 142 656
155 142 682
155 142 688
155 142 690
155 142 731
155 142 743
155 142 749
155 57 652
155 48 773
106 102 21
106 38 1203
106 38 1205
106 38 1206
106 38 1208
106 38 1209
106 38 1210
106 38 1219
106 38 1220
106 38 1222
106 38 1223
106 38 1228
106 38 1229
106 38 1235
106 38 1236
106 38 1238
106 38 1246
106 38 1253
106 38 1260
106 38 1266
106 38 1267
106 38 1268
106 38 1274
106 38 1275
106 60 1236
106 151 1236
106 81 1248
106 110 1274
106 110 1275
106 110 1276
102 112 5
102 112 6
102 112 7
102 112 8
102 112 9
102 112 10
102 112 12
102 112 13
102 112 14
102 112 15
102 112 17
102 112 20
102 112 26
102 112 28
102 112 30
102 112 37
102 112 44
102 112 45
102 112 47
102 112 57
102 112 59
102 112 60
102 112 61
102 112 62
102 112 64
102 112 65
102 112 66
102 112 67
102 112 68
102 112 307
102 112 308
102 112 309
102 112 310
102 112 311
102 112 312
102 112 313
102 112 314
102 112 315
102 112 319
102 111 295
102 41 300
112 107 41
112 77 300
112 4 301
112 84 302
152 107 37
152 107 41
152 107 46
152 107 50
152 107 57
152 107 59
152 111 53
152 9 661
152 9 664
152 9 686
152 9 687
152 9 696
152 9 701
152 9 710
152 9 717
152 9 726
152 9 736
152 9 738
167 159 15
167 159 16
167 159 17
167 159 20
167 159 24
167 159 28
167 159 29
167 159 30
167 159 31
167 159 33
167 159 35
167 159 37
167 159 39
167 159 44
167 159 45
167 159 49
167 159 50
167 159 51
167 159 56
167 159 59
167 159 61
167 159 63
167 159 65
167 159 69
167 159 70
167 159 79
167 159 80
167 159 103
167 159 113
167 159 116
167 159 117
167 159 118
167 73 18
167 73 20
167 73 23
167 73 28
167 73 29
167 73 30
167 73 48
167 73 64
167 13 18
167 13 22
167 13 23
167 13 30
167 13 31
167 13 34
167 13 35
167 13 43
167 13 49
167 13 50
167 13 51
167 13 55
167 13 56
167 13 58
167 13 65
167 13 66
167 13 67
167 13 82
167 13 91
167 13 98
167 39 20
167 39 33
167 39 35
167 39 58
167 83 23
167 83 28
167 83 33
167 83 35
167 83 43
167 83 45
167 83 49
167 83 50
167 83 72
167 83 73
167 83 74
167 83 75
167 83 77
167 83 78
167 83 79
167 83 82
167 83 83
167 83 84
167 83 86
167 146 39
167 146 68
167 146 70
167 146 82
167 146 83
167 146 84
159 82 16
159 82 18
159 82 20
159 82 23
159 82 24
159 82 29
159 82 31
159 82 32
159 82 35
159 82 36
159 82 37
159 82 38
159 82 44
159 82 45
159 82 50
159 82 70
159 82 71
159 82 78
159 82 79
159 82 82
159 82 83
159 82 84
159 82 85
159 82 86
159 82 87
159 82 88
159 82 89
159 82 103
159 82 104
159 82 110
159 82 111
159 82 112
159 82 113
159 82 115
159 73 17
159 73 19
159 73 20
159 73 25
159 73 29
159 73 30
159 73 37
159 73 40
159 73 51
159 73 63
159 73 77
159 73 89
159 73 90
159 73 95
159 73 96
159 73 97
159 73 108
159 73 109
159 73 112
159 73 113
159 73 117
159 73 118
159 40 19
159 40 29
159 40 32
159 40 40
159 40 70
159 15 23
159 15 24
159 15 25
159 15 28
159 15 31
159 15 35
159 15 36
159 15 37
159 15 39
159 15 40
159 15 44
159 15 50
159 15 61
159 15 72
159 15 82
159 15 85
159 149 70
159 149 72
159 149 74
159 149 75
159 149 76
159 100 1139
159 100 1140
159 163 1140
159 163 1141
159 81 1222
101 65 1113
101 65 1137
101 2 1132
101 2 1133
82 164 16
82 164 18
82 164 22
82 164 27
82 164 29
82 164 32
82 164 34
82 164 36
82 164 42
82 164 44
82 164 67
82 164 71
82 164 76
82 164 85
82 164 88
82 164 94
82 164 95
82 164 96
82 164 99
82 164 100
82 164 103
82 164 104
82 164 112
82 164 113
82 164 114
82 164 115
82 73 17
82 73 18
82 73 21
82 73 23
82 73 30
82 73 50
82 73 51
82 73 67
82 73 68
82 73 76
82 73 82
82 73 83
82 73 84
82 73 86
82 73 88
82 73 89
82 73 94
82 73 109
82 73 111
82 73 113
82 13 18
82 13 22
82 13 25
82 13 31
82 13 34
82 13 35
82 13 36
82 13 37
82 13 38
82 13 39
82 13 41
82 13 42
82 13 43
82 13 46
82 13 82
82 13 83
82 13 84
82 13 85
82 13 86
82 13 101
82 13 105
82 39 20
82 39 21
82 39 32
82 39 51
82 39 88
82 39 89
82 39 95
82 39 109
82 146 46
82 146 47
82 146 48
82 146 49
82 146 85
82 146 90
82 146 91
82 146 101
82 146 102
82 146 105
82 14 1317
82 14 1318
82 14 1319
82 14 1320
82 14 1321
82 14 1322
82 14 1323
82 14 1324
82 14 1326
82 14 1327
82 14 1328
82 14 1329
82 14 1330
82 14 1331
82 14 1332
82 14 1333
82 14 1334
82 14 1335
82 14 1336
82 14 1337
82 14 1338
82 14 1339
82 14 1341
82 14 1342
82 14 1343
82 14 1344
82 14 1345
82 14 1346
82 14 1347
82 14 1348
82 14 1349
82 14 1350
82 14 1351
82 14 1352
82 14 1354
82 14 1355
82 14 1356
82 14 1357
82 14 1358
82 14 1359
82 14 1360
82 14 1363
82 14 1367
82 14 1369
82 14 1371
82 14 1372
82 14 1373
82 14 1374
82 14 1376
82 14 1378
82 14 1379
82 14 1381
82 14 1382
82 14 1383
82 14 1384
82 14 1385
82 14 1386
82 14 1389
82 14 1392
82 14 1393
82 14 1395
82 14 1398
82 36 1397
82 36 1398
164 73 17
164 73 25
164 73 47
164 73 57
164 73 67
164 73 85
164 73 91
164 73 93
164 73 94
164 73 97
164 73 109
164 73 113
164 73 114
164 73 117
164 73 118
164 162 18
164 162 22
164 162 26
164 162 34
164 162 38
164 162 48
164 162 52
164 162 55
164 162 71
164 162 109
164 15 24
164 15 25
164 15 32
164 15 36
164 15 37
164 15 44
164 15 61
164 15 85
164 40 34
164 40 47
164 40 59
164 149 37
164 149 38
164 149 44
164 149 55
164 149 57
164 149 61
164 149 85
164 149 109
164 118 69
164 51 595
164 51 596
164 51 600
164 51 601
164 51 602
164 51 603
164 51 604
164 51 605
164 51 606
164 51 607
164 51 608
164 51 609
164 51 610
164 51 612
164 51 613
164 51 614
164 51 616
164 51 617
164 51 618
164 51 619
164 51 620
164 51 627
164 51 629
164 51 630
164 51 700
164 51 704
164 51 705
164 51 706
164 51 707
164 51 708
164 51 714
164 51 715
164 51 716
164 51 717
164 51 718
164 51 727
164 51 731
164 51 732
164 51 733
164 51 734
164 51 735
164 51 736
164 51 737
164 51 739
164 51 740
164 51 741
164 51 742
164 51 743
164 51 744
164 51 746
164 51 747
164 51 748
164 51 749
164 51 750
164 51 751
164 51 752
164 51 753
164 51 754
164 51 757
164 51 763
164 51 764
164 51 765
164 51 766
164 51 767
164 51 768
164 51 769
164 51 771
164 51 774
164 51 775
164 51 776
164 51 777
164 51 778
164 51 779
164 51 784
164 51 786
164 51 792
164 51 793
164 51 794
164 51 795
164 51 796
164 51 800
164 51 804
164 51 806
164 51 814
164 51 815
164 51 816
164 51 817
164 51 818
164 51 819
164 24 606
164 24 607
164 24 617
164 24 627
164 24 629
164 24 630
164 24 631
164 24 777
164 63 615
164 76 658
164 72 663
164 68 770
164 68 771
164 68 815
164 68 816
164 68 817
164 68 818
164 33 815
164 33 816
73 162 18
73 162 46
73 162 62
73 15 19
73 15 29
73 15 49
73 15 66
73 13 25
73 13 27
73 13 28
73 13 30
73 13 52
73 13 53
73 13 54
73 13 55
73 13 57
73 13 59
73 13 60
73 13 62
73 13 67
73 13 71
73 13 78
73 13 79
73 13 80
73 13 82
73 13 83
73 13 84
73 13 85
73 13 87
73 13 91
73 13 95
73 13 96
73 13 102
73 39 28
73 39 37
73 39 38
73 39 55
73 39 57
73 39 59
73 39 60
73 39 81
73 39 86
73 39 87
73 39 89
73 39 91
73 39 102
73 40 29
73 40 46
73 40 49
73 40 52
73 40 58
73 40 64
73 40 66
73 146 57
73 146 77
73 146 81
73 146 93
73 146 95
73 54 115
13 162 18
13 162 38
13 162 42
13 162 48
13 162 59
13 162 74
13 162 76
13 162 83
13 162 86
13 162 92
13 40 33
13 40 34
13 40 52
13 40 53
13 40 57
13 40 58
13 40 59
13 40 86
13 40 111
13 149 33
13 149 42
13 149 57
13 149 62
13 149 67
13 149 70
13 149 73
13 149 74
13 149 78
13 149 81
13 149 87
13 149 89
13 149 91
13 149 96
13 149 101
13 149 107
13 149 111
13 81 998
13 81 999
13 81 1000
13 81 1001
13 81 1002
13 81 1003
13 81 1004
13 81 1005
13 81 1006
13 81 1007
13 81 1008
13 81 1009
13 81 1010
13 81 1011
13 81 1012
13 81 1013
13 81 1014
13 81 1015
13 81 1016
13 81 1017
13 81 1018
13 81 1019
13 81 1020
13 81 1021
13 81 1022
13 81 1023
13 81 1024
13 81 1026
13 81 1027
13 81 1028
13 81 1029
13 81 1030
13 81 1032
13 81 1033
13 81 1035
13 81 1039
13 81 1042
13 81 1044
13 81 1045
13 81 1047
13 81 1048
13 81 1049
13 81 1050
13 81 1053
13 81 1054
13 81 1056
13 81 1060
13 81 1064
13 81 1065
13 81 1066
13 81 1069
13 81 1077
13 81 1079
13 81 1084
13 81 1087
13 81 1088
13 81 1091
13 81 1098
13 81 1100
13 81 1101
13 81 1102
13 81 1103
13 81 1104
13 81 1105
13 81 1106
13 81 1107
13 81 1108
13 81 1109
13 81 1110
13 81 1113
13 81 1114
13 81 1115
13 81 1116
13 81 1117
13 81 1118
13 81 1119
13 81 1120
13 81 1121
13 81 1122
13 81 1123
13 81 1124
13 81 1125
13 81 1126
13 81 1127
13 81 1128
13 81 1129
13 81 1130
13 81 1131
13 81 1132
13 81 1133
13 81 1134
13 81 1135
13 81 1136
13 81 1137
13 81 1138
13 81 1139
13 81 1146
13 81 1147
13 81 1148
13 81 1149
13 81 1150
13 81 1151
13 81 1152
13 81 1153
13 81 1154
13 81 1155
13 81 1156
13 81 1157
13 81 1158
13 81 1159
13 81 1160
13 81 1175
13 81 1176
13 81 1177
13 81 1178
13 81 1179
13 81 1180
13 81 1181
13 81 1183
13 81 1186
13 81 1187
13 81 1188
13 81 1190
13 81 1193
13 81 1194
13 81 1195
13 81 1196
13 81 1197
13 81 1198
13 81 1199
13 81 1200
13 81 1201
13 81 1202
13 81 1203
13 81 1204
13 81 1205
13 81 1206
13 81 1207
13 81 1211
13 81 1212
13 81 1213
13 81 1214
13 81 1216
13 81 1217
13 81 1218
13 81 1220
13 81 1221
13 81 1222
13 81 1223
13 81 1224
13 81 1225
13 81 1226
13 81 1227
13 81 1228
13 81 1230
13 81 1231
13 81 1232
13 81 1233
13 81 1234
13 81 1236
13 81 1237
13 81 1238
13 81 1245
13 81 1248
13 81 1251
13 81 1252
13 81 1253
13 81 1254
13 81 1258
13 81 1273
13 81 1274
13 81 1275
13 81 1276
13 81 1277
13 81 1278
13 81 1279
13 81 1281
13 81 1282
13 81 1283
13 81 1284
13 81 1285
13 81 1286
13 81 1287
13 81 1288
13 81 1289
13 81 1290
13 81 1291
13 81 1292
13 81 1294
13 81 1295
13 81 1297
13 81 1298
13 81 1299
13 81 1300
13 81 1301
13 81 1302
13 81 1303
13 81 1304
13 81 1305
13 60 1215
13 156 1222
162 39 20
162 39 34
162 39 45
162 39 47
162 83 22
162 83 34
162 57 634
162 52 635
162 52 640
162 52 662
162 52 663
162 52 665
162 52 666
162 52 667
162 52 670
162 52 671
162 52 680
162 27 662
162 27 670
162 27 672
162 27 673
15 39 32
15 39 40
15 39 48
15 39 49
15 39 51
15 39 56
15 39 61
15 39 103
15 39 112
15 39 113
15 146 32
15 146 50
15 146 51
15 146 56
15 146 60
15 146 71
15 146 72
15 146 88
15 146 90
15 146 103
15 146 104
15 146 108
15 146 110
15 146 112
15 146 113
15 141 507
15 141 513
15 46 507
15 46 510
15 46 513
15 46 519
15 157 507
15 157 510
15 117 508
15 117 510
15 117 511
40 146 61
40 146 71
40 146 72
40 146 73
40 146 111
40 146 112
40 146 113
40 0 230
40 83 231
40 83 232
40 161 233
40 130 235
40 77 241
40 77 242
40 77 243
40 77 244
40 77 245
40 77 249
40 77 250
40 77 252
40 77 253
40 77 254
40 77 256
40 77 257
40 77 258
40 77 260
40 77 265
40 77 292
40 123 252
40 16 271
40 16 272
40 16 275
40 16 300
40 18 273
40 18 274
40 93 281
40 24 301
40 30 306
39 111 51
39 111 69
39 81 1249
39 157 1256
39 110 1274
39 110 1275
83 153 227
83 153 228
83 153 229
83 153 230
83 153 231
83 153 232
83 66 228
83 77 233
83 77 246
83 77 255
83 77 259
83 77 263
83 77 278
83 77 281
83 77 285
83 77 287
83 6 285
83 6 298
83 4 302
146 139 613
146 63 639
146 63 646
149 11 700
149 11 702
149 11 703
149 11 704
149 11 705
149 11 706
149 11 707
149 11 708
149 11 709
149 11 711
149 11 713
149 11 714
149 11 718
149 11 739
111 117 37
111 117 39
111 117 40
111 117 42
111 117 43
111 117 48
111 117 49
111 117 51
111 117 52
111 117 53
111 117 54
111 117 56
111 117 57
111 117 58
111 117 59
111 117 60
111 117 61
111 117 62
111 117 63
111 117 64
111 117 65
111 117 66
111 117 68
111 117 70
111 117 71
111 117 72
111 117 73
111 117 75
111 117 76
111 117 77
111 117 79
111 117 80
111 117 81
111 117 83
111 117 84
111 117 85
111 117 86
111 103 296
111 103 297
111 103 298
111 103 299
111 103 300
111 103 301
111 103 302
111 103 303
111 103 305
111 41 300
111 136 305
107 93 234
107 93 236
107 93 257
107 45 236
107 45 258
107 45 262
107 45 271
107 45 272
107 45 274
107 45 280
107 45 281
107 45 283
107 123 237
107 123 240
107 123 241
107 123 268
107 123 278
107 123 279
107 123 280
107 136 241
107 136 273
107 136 274
107 136 275
107 136 276
107 136 277
107 30 241
107 18 247
107 18 254
107 18 255
107 18 297
107 130 247
107 130 248
107 16 253
107 16 254
107 16 255
107 16 257
107 50 253
107 50 254
107 50 256
107 88 258
107 88 289
107 61 260
107 61 267
107 77 268
107 77 272
107 77 273
107 161 273
107 161 275
107 161 276
107 161 277
107 161 278
107 161 279
107 66 279
107 66 280
107 140 297
107 140 298
118 32 242
118 123 246
118 77 261
118 108 274
118 108 275
118 136 275
54 145 1248
54 145 1253
54 145 1255
54 145 1262
54 145 1270
54 145 1276
54 145 1277
54 145 1283
54 145 1286
54 145 1287
54 145 1291
54 145 1292
54 145 1293
54 145 1294
54 145 1306
54 157 1251
54 151 1256
54 151 1257
54 88 1266
54 88 1269
54 93 1272
54 11 1304
54 11 1306
54 11 1307
54 81 1304
24 115 172
24 115 173
24 115 179
24 115 180
24 115 181
24 115 182
24 115 183
24 115 184
24 115 187
24 115 188
24 115 189
24 115 190
24 115 192
24 115 203
24 115 204
24 115 205
24 115 206
24 115 207
24 115 208
24 115 212
24 115 217
24 115 218
24 115 219
24 115 220
24 115 221
24 115 228
24 115 230
24 115 231
24 115 232
24 115 233
24 115 234
24 115 235
24 115 236
24 115 237
24 115 238
24 115 239
24 115 240
24 115 241
24 115 242
24 115 243
24 115 244
24 115 245
24 115 246
24 115 247
24 115 248
24 115 249
24 115 250
24 115 251
24 115 252
24 115 253
24 115 254
24 115 255
24 115 256
24 115 257
24 115 258
24 115 259
24 115 260
24 115 261
24 115 262
24 115 263
24 115 264
24 115 265
24 115 266
24 115 267
24 115 268
24 115 269
24 115 270
24 115 271
24 115 272
24 115 273
24 115 274
24 115 275
24 115 276
24 115 277
24 115 278
24 115 279
24 115 280
24 115 281
24 115 282
24 115 283
24 115 284
24 115 285
24 115 286
24 115 287
24 115 288
24 115 289
24 115 290
24 115 291
24 115 292
24 115 293
24 115 294
24 115 295
24 115 296
24 115 297
24 115 298
24 115 299
24 115 300
24 115 301
24 115 302
24 153 300
24 77 300
24 14 301
24 44 301
24 6 302
24 52 603
24 52 605
24 52 616
24 52 630
24 52 705
24 52 708
24 52 710
24 52 711
24 52 714
24 52 718
24 52 721
24 52 726
24 52 727
24 52 728
24 52 729
24 52 730
24 52 732
24 52 733
24 52 734
24 52 735
24 52 736
24 52 737
24 52 738
24 52 740
24 52 741
24 52 742
24 52 743
24 52 744
24 52 750
24 52 751
24 52 752
24 52 753
24 52 758
24 52 761
24 52 762
24 52 763
24 52 767
24 52 775
24 52 777
24 52 778
24 125 686
24 125 687
24 68 809
115 7 189
115 7 195
115 144 238
115 144 240
115 0 247
115 0 274
115 158 255
115 3 274
115 98 282
115 70 286
115 70 287
115 66 298
115 41 301
115 45 301
115 8 302
115 74 309
7 21 185
7 21 194
7 21 201
7 21 203
7 21 215
7 6 267
7 94 329
7 94 330
7 94 333
7 94 334
7 94 342
7 94 343
7 94 351
7 94 352
7 94 355
7 94 379
7 94 381
7 94 408
7 94 409
7 131 329
7 131 330
7 131 335
7 131 339
7 131 341
7 131 342
7 131 343
7 131 354
7 131 355
7 131 360
7 131 364
7 131 365
7 131 366
7 131 373
7 131 374
7 131 375
7 131 376
7 131 377
7 131 384
7 131 385
7 42 331
7 42 332
7 42 334
7 42 342
7 42 356
7 42 360
7 42 380
7 42 408
7 42 409
7 19 335
7 95 494
21 98 232
21 84 268
21 44 270
153 66 228
153 66 229
153 130 231
153 130 237
153 130 238
153 130 241
153 130 242
153 41 232
153 41 236
153 41 245
153 41 258
153 41 259
153 41 260
153 41 266
153 41 267
153 41 272
153 41 282
153 41 285
153 41 286
153 41 292
153 161 233
153 0 233
153 77 233
153 77 253
153 77 256
153 77 257
153 77 258
153 77 260
153 77 261
153 77 262
153 77 265
153 77 276
153 77 279
153 77 280
153 77 283
153 77 288
153 77 289
153 77 290
153 77 294
153 77 296
153 88 245
153 88 264
153 88 276
153 88 279
153 88 280
153 45 254
153 45 285
153 30 283
153 123 286
153 58 286
153 58 290
153 58 295
153 16 300
153 10 794
153 10 795
153 10 801
153 10 803
153 10 804
153 10 811
153 10 812
153 10 816
153 10 819
153 10 821
153 10 837
153 10 838
153 10 839
153 10 840
153 10 841
153 10 842
153 10 843
153 10 844
153 10 845
153 10 847
153 10 848
153 10 859
153 10 860
153 10 863
153 10 866
153 10 867
153 10 870
153 10 877
153 10 878
153 86 850
77 158 228
77 84 228
77 84 242
77 84 243
77 84 244
77 84 245
77 84 250
77 84 252
77 84 253
77 84 254
77 84 256
77 84 257
77 84 258
77 84 260
77 84 265
77 84 266
77 84 275
77 84 276
77 84 277
77 84 280
77 84 283
77 84 288
77 84 289
77 84 290
77 66 228
77 66 229
77 66 241
77 66 242
77 66 245
77 66 247
77 66 267
77 66 268
77 66 269
77 66 270
77 0 229
77 0 236
77 0 238
77 0 280
77 0 283
77 161 232
77 41 233
77 41 240
77 41 246
77 41 247
77 41 255
77 41 259
77 41 278
77 41 285
77 41 291
77 156 234
77 156 255
77 156 259
77 156 263
77 156 281
77 156 285
77 156 287
77 156 295
77 156 300
77 50 236
77 50 238
77 50 240
77 50 246
77 50 247
77 50 291
77 130 237
77 130 238
77 49 237
77 49 241
77 49 242
77 49 243
77 49 244
77 49 245
77 49 249
77 49 250
77 123 266
77 123 268
77 123 269
77 123 270
77 123 271
77 123 292
77 123 295
77 144 267
77 44 269
77 44 272
77 44 294
77 61 269
77 61 292
77 6 274
77 6 277
77 6 279
77 4 276
77 70 277
77 88 279
77 88 289
77 88 293
77 28 283
77 8 285
77 74 290
77 74 294
77 93 295
158 66 228
158 66 229
158 156 229
158 156 234
158 156 235
158 156 236
158 156 237
158 156 238
158 156 239
158 156 240
158 156 241
158 156 242
158 156 243
158 156 244
158 156 245
158 156 246
158 156 247
158 156 248
158 156 249
158 8 230
158 41 235
158 130 241
158 136 242
158 136 254
158 136 255
158 136 272
158 136 273
158 136 274
158 136 275
158 136 276
158 136 277
158 136 278
158 136 279
158 136 281
158 136 282
158 136 284
158 136 285
158 136 286
158 136 292
158 136 294
158 136 295
158 136 296
158 136 303
158 136 304
158 136 305
158 136 306
158 45 242
158 45 256
158 45 274
158 45 275
158 123 252
158 123 253
158 123 278
158 123 279
158 58 254
158 58 255
158 63 591
158 63 599
158 63 600
158 63 601
158 63 602
158 63 603
158 63 604
158 63 608
158 63 615
158 63 618
158 63 638
158 63 639
158 63 640
158 63 643
158 63 646
158 63 647
158 63 653
158 63 659
158 63 660
158 63 663
158 63 678
158 63 679
158 63 686
158 63 692
158 63 699
158 63 709
158 63 711
158 63 719
158 63 721
158 63 727
158 63 728
158 139 592
158 139 606
158 139 607
158 139 613
158 139 614
158 139 701
158 139 738
158 139 770
158 139 773
84 41 236
84 41 237
84 41 238
84 41 239
84 41 240
84 41 243
84 41 244
84 41 245
84 41 246
84 41 247
84 41 249
84 41 252
84 41 261
84 41 278
84 41 290
84 41 291
84 156 256
84 156 257
84 156 258
84 156 260
84 156 264
84 156 265
84 156 270
84 156 271
84 156 272
84 156 273
84 156 275
84 156 276
84 156 277
84 156 278
84 156 280
84 156 281
84 156 283
84 156 285
84 156 287
84 147 261
84 147 293
84 147 294
84 147 428
84 147 432
84 147 448
84 147 456
84 147 473
84 147 539
84 123 265
84 123 293
84 123 294
84 123 404
84 123 423
84 123 455
84 123 463
84 123 494
84 123 496
84 123 497
84 123 500
84 123 501
84 123 533
84 123 544
84 123 545
84 123 548
84 123 549
84 88 277
84 70 279
84 70 302
84 30 283
84 0 283
84 0 294
84 18 287
84 18 404
84 18 422
84 18 426
84 18 438
84 18 447
84 18 448
84 18 458
84 18 459
84 18 460
84 18 475
84 18 481
84 18 487
84 18 488
84 18 489
84 18 490
84 18 491
84 18 493
84 18 494
84 18 502
84 130 295
84 130 297
84 58 297
84 144 300
84 119 397
84 119 411
84 119 415
84 119 416
84 119 418
84 119 421
84 119 423
84 119 435
84 119 458
84 119 459
84 119 460
84 119 522
84 119 523
84 119 525
84 119 545
84 119 546
84 119 551
84 56 400
84 56 422
84 56 432
84 56 440
84 56 470
84 50 408
84 50 409
84 50 415
84 50 432
84 50 439
84 50 443
84 50 453
84 50 456
84 50 472
84 50 473
84 50 475
84 50 476
84 50 477
84 50 478
84 50 487
84 50 496
84 50 498
84 50 500
84 50 501
84 78 408
84 78 411
84 78 412
84 78 427
84 78 428
84 78 433
84 78 477
84 78 478
84 78 517
84 78 551
84 78 560
84 78 563
84 78 564
84 78 566
84 78 571
84 78 584
84 78 585
84 78 608
84 78 611
84 78 628
84 78 640
84 78 641
84 78 642
84 78 644
84 78 645
84 78 646
84 78 650
84 78 651
84 78 652
84 78 653
84 78 657
84 78 658
84 78 659
84 78 660
84 78 661
84 78 662
84 78 663
84 78 664
84 78 666
84 78 668
84 78 669
84 78 670
84 78 671
84 78 678
84 78 681
84 78 686
84 78 687
84 78 690
84 78 691
84 78 692
84 78 694
84 78 697
84 78 698
84 78 709
84 71 412
84 71 428
84 71 436
84 71 466
84 75 412
84 75 443
84 75 461
84 75 472
84 75 476
84 75 477
84 75 491
84 75 494
84 75 517
84 75 519
84 75 547
84 103 447
84 103 448
84 103 558
84 103 559
84 103 563
84 103 564
84 103 565
84 103 611
84 142 451
84 142 453
84 142 458
84 142 485
84 142 487
84 142 488
84 142 489
84 142 490
84 23 455
84 23 456
84 23 461
84 23 464
84 23 496
84 23 500
84 23 501
84 23 502
84 23 533
84 98 544
84 120 560
84 120 561
84 120 562
84 120 563
84 120 564
84 120 565
84 120 567
84 120 568
84 120 569
84 120 570
84 120 574
84 120 575
84 120 576
84 120 577
84 120 580
84 120 584
84 120 587
84 120 588
84 120 589
84 120 591
84 120 592
84 120 599
84 120 606
84 120 608
84 120 628
84 120 636
84 120 637
84 120 638
84 120 639
84 120 640
84 120 641
84 120 642
84 120 643
84 120 645
84 120 658
84 120 659
84 120 660
84 120 661
84 120 662
84 120 663
84 120 665
84 120 668
84 120 669
84 120 670
84 120 676
84 120 708
84 120 709
84 120 710
84 120 711
84 120 712
66 4 233
66 4 238
66 4 241
66 4 244
66 4 263
66 70 233
66 70 234
66 70 241
66 70 242
66 70 245
66 70 246
66 70 247
66 70 248
66 70 289
66 70 290
66 0 238
66 88 242
66 50 242
66 50 253
66 6 248
66 6 263
66 58 252
66 58 255
66 58 302
66 123 254
66 123 255
66 123 256
66 123 257
66 123 261
66 123 263
66 123 268
66 123 269
66 123 270
66 123 273
66 123 275
66 123 276
66 123 277
66 123 279
66 123 280
66 123 281
66 123 282
66 123 285
66 45 254
66 161 254
66 136 278
66 136 279
66 74 309
0 130 229
0 130 231
0 130 235
0 130 237
0 130 238
0 130 253
0 130 255
0 130 272
0 130 294
0 41 229
0 41 231
0 41 234
0 129 230
0 49 230
0 88 231
0 88 237
0 88 248
0 88 255
0 88 280
0 88 282
0 88 298
0 161 233
0 161 234
0 6 233
0 6 237
0 156 234
0 156 235
0 156 283
0 50 235
0 50 263
0 50 264
0 45 247
0 45 248
0 123 248
0 123 289
0 18 253
0 18 260
0 18 264
0 18 267
0 18 270
0 18 272
0 18 278
0 18 280
0 18 288
0 18 289
0 18 290
0 18 293
0 18 294
0 18 296
0 18 299
0 136 253
0 30 253
0 30 255
0 30 257
0 30 258
0 30 267
0 30 268
0 30 269
0 30 270
0 30 281
0 30 283
0 30 285
0 30 286
0 30 287
0 30 288
0 30 289
0 30 290
0 30 293
0 30 294
0 30 295
0 4 255
0 4 298
0 70 257
0 70 267
0 70 269
0 70 274
0 70 275
0 3 257
0 3 272
0 5 264
0 140 268
0 140 269
0 140 270
0 140 274
0 140 277
0 140 285
0 140 286
0 140 287
0 140 288
0 140 290
0 140 293
0 108 293
0 144 299
130 49 238
130 49 251
130 70 242
130 70 272
130 70 273
130 70 293
130 70 294
130 4 242
130 3 244
130 3 247
130 28 245
130 28 254
130 28 255
130 28 272
130 28 276
130 28 291
130 14 248
130 14 262
130 14 263
130 14 265
130 14 268
130 89 254
130 89 255
130 89 260
130 89 269
130 137 257
130 137 278
130 137 279
130 137 300
130 137 301
130 58 270
130 16 291
130 94 354
130 94 355
130 94 356
130 42 361
130 42 362
130 42 403
41 49 237
41 49 238
41 49 244
41 49 246
41 49 249
41 49 250
41 49 288
41 49 289
41 49 290
41 70 246
41 4 269
41 4 273
41 4 277
41 14 270
41 14 273
41 14 301
41 6 273
41 6 285
41 6 286
41 6 287
41 58 284
41 58 287
41 58 288
41 58 290
41 44 288
41 44 292
41 44 293
41 44 296
41 44 301
41 44 306
41 61 294
41 160 306
41 94 329
41 94 330
41 94 346
41 94 360
41 94 380
41 94 381
41 94 385
41 94 386
41 94 387
41 94 388
41 94 392
41 94 393
41 94 405
41 94 408
41 94 409
41 131 329
41 131 332
41 131 339
41 131 356
41 131 359
41 131 388
156 4 244
156 70 246
156 70 247
156 70 248
156 70 249
156 70 278
156 6 247
156 6 264
156 3 277
156 91 1091
156 91 1092
156 91 1093
156 91 1094
156 91 1095
156 91 1096
156 91 1097
156 91 1100
156 91 1101
156 91 1103
156 91 1104
156 91 1108
156 91 1109
156 91 1112
156 91 1117
156 91 1118
156 91 1121
156 91 1122
156 91 1123
156 91 1124
156 91 1128
156 91 1129
156 91 1130
156 91 1136
156 91 1139
156 91 1140
156 91 1141
156 91 1142
156 91 1143
156 91 1144
156 91 1145
156 91 1146
156 91 1147
156 91 1148
156 91 1149
156 91 1152
156 91 1153
156 91 1155
156 91 1156
156 91 1158
156 91 1159
156 91 1160
156 91 1161
156 91 1162
156 91 1163
156 91 1164
156 91 1165
156 91 1166
156 91 1168
156 91 1169
156 91 1170
156 91 1171
156 91 1173
156 91 1174
156 91 1175
156 91 1176
156 91 1177
156 91 1178
156 91 1180
156 91 1182
156 91 1183
156 91 1184
156 91 1185
156 91 1186
156 91 1189
156 91 1190
156 91 1191
156 91 1192
156 91 1193
156 91 1194
156 91 1195
156 91 1199
156 91 1200
156 91 1201
156 91 1204
156 91 1205
156 91 1206
156 91 1207
156 91 1208
156 91 1209
156 91 1210
156 91 1211
156 91 1212
156 91 1213
156 91 1214
156 91 1215
156 91 1216
156 91 1217
156 91 1218
156 91 1219
156 91 1225
156 91 1226
156 35 1095
156 35 1096
156 35 1099
156 35 1100
156 35 1101
156 35 1103
156 38 1134
156 166 1147
156 166 1152
156 166 1158
156 166 1159
156 166 1160
156 166 1161
156 166 1162
156 166 1163
156 166 1168
156 166 1169
156 166 1170
156 166 1171
156 166 1175
156 166 1179
156 166 1180
156 166 1182
156 166 1183
156 166 1184
156 166 1188
156 166 1189
156 166 1190
156 166 1195
156 105 1147
156 154 1212
156 69 1220
129 18 244
129 18 248
129 18 273
129 18 292
129 16 247
129 136 253
129 30 253
129 30 259
129 30 275
129 30 289
129 30 292
129 140 256
129 140 258
129 140 259
129 140 275
129 140 292
129 123 289
129 88 1229
129 88 1244
129 88 1246
129 88 1247
129 88 1249
129 88 1251
129 88 1254
129 88 1258
129 88 1260
129 88 1264
129 88 1266
129 88 1269
129 88 1281
129 88 1285
129 88 1289
129 88 1293
129 88 1294
129 88 1303
129 88 1312
129 88 1314
129 88 1315
129 88 1317
129 88 1322
129 157 1317
49 93 254
49 30 259
49 30 262
49 30 264
49 30 270
49 18 261
49 18 262
49 18 263
49 18 264
49 136 269
49 45 285
49 45 288
49 45 289
49 144 293
49 27 1035
49 27 1036
49 27 1037
49 27 1038
49 27 1040
49 27 1041
49 27 1043
49 27 1044
49 27 1046
49 27 1047
49 27 1048
49 27 1049
49 27 1053
49 27 1054
49 27 1056
49 27 1057
49 27 1058
49 27 1059
49 27 1060
49 27 1061
49 27 1062
49 27 1063
49 27 1064
49 27 1065
49 27 1066
49 27 1067
49 27 1068
49 27 1069
49 27 1075
49 27 1076
49 27 1077
49 27 1078
49 27 1079
49 27 1083
49 27 1085
49 27 1086
49 27 1089
49 27 1090
49 27 1094
49 27 1095
49 27 1098
49 27 1101
49 27 1102
49 27 1103
8 14 258
8 132 496
8 132 504
8 132 505
8 132 508
8 132 509
8 132 510
8 132 518
8 132 519
8 132 521
8 132 523
8 132 524
8 132 525
8 132 534
8 132 545
8 132 549
8 132 552
8 132 553
8 132 554
8 132 555
8 132 556
8 132 557
8 132 558
8 132 568
8 132 569
8 132 571
8 132 595
8 132 596
8 132 602
8 132 608
8 132 609
8 132 615
8 132 616
8 132 617
8 132 621
8 157 507
8 57 620
88 6 233
88 6 234
88 6 236
88 6 237
88 6 238
88 6 239
88 6 240
88 6 241
88 6 242
88 6 247
88 6 253
88 6 254
88 6 255
88 6 256
88 6 258
88 6 259
88 6 260
88 6 261
88 6 263
88 6 264
88 6 265
88 6 269
88 6 270
88 6 271
88 6 272
88 6 274
88 6 275
88 6 278
88 6 279
88 6 280
88 6 281
88 6 283
88 6 284
88 6 285
88 6 288
88 6 293
88 6 296
88 6 297
88 4 235
88 4 236
88 4 238
88 4 239
88 4 240
88 4 241
88 4 242
88 4 253
88 4 255
88 4 256
88 4 259
88 4 260
88 4 261
88 4 262
88 4 270
88 4 271
88 4 272
88 4 273
88 4 274
88 4 275
88 4 291
88 4 294
88 4 295
88 4 296
88 4 304
88 70 235
88 70 239
88 70 242
88 70 245
88 70 247
88 70 277
88 70 278
88 3 246
88 58 248
88 58 249
88 44 248
88 44 287
88 44 288
88 61 251
88 14 268
88 14 273
88 16 276
88 144 296
88 160 1317
6 70 231
6 70 239
6 70 277
6 70 295
6 89 232
6 136 244
6 74 244
6 58 248
6 58 281
6 58 286
6 58 295
6 58 296
6 16 253
6 108 258
6 108 290
6 14 258
6 14 259
6 14 273
6 14 290
6 123 263
6 123 294
6 123 297
6 5 267
6 61 275
6 18 276
6 45 287
6 103 301
70 4 232
70 4 235
70 4 236
70 4 237
70 4 295
70 4 296
70 4 302
70 4 304
70 136 253
70 136 254
70 136 255
70 136 257
70 136 260
70 136 261
70 58 254
70 58 255
70 58 262
70 58 267
70 58 296
70 16 255
70 16 274
70 161 255
70 161 258
70 161 265
70 123 256
70 123 298
70 30 257
70 3 257
70 3 267
70 3 268
70 140 263
70 50 265
70 74 267
70 74 268
70 18 268
70 18 269
161 46 508
161 157 508
161 157 509
161 17 509
4 18 256
4 18 276
4 50 256
4 50 284
4 16 260
4 16 272
4 123 261
4 123 262
4 123 291
4 123 298
4 61 276
4 5 285
4 147 296
4 144 299
4 103 301
4 141 1019
4 141 1020
4 141 1021
4 141 1025
4 141 1027
4 141 1033
4 141 1047
4 141 1048
4 141 1051
4 141 1055
4 141 1059
4 141 1061
4 141 1062
4 141 1063
4 141 1068
4 141 1069
4 141 1070
4 141 1071
4 141 1072
4 141 1077
4 141 1081
4 141 1082
4 141 1088
4 141 1095
4 81 1019
4 20 1019
4 20 1020
4 20 1024
4 20 1025
4 20 1026
4 20 1027
4 20 1028
4 20 1029
4 20 1030
4 20 1031
4 20 1032
4 20 1033
4 20 1036
4 20 1046
4 20 1048
4 20 1050
4 20 1051
4 20 1052
4 20 1053
4 20 1060
4 20 1061
4 20 1068
4 20 1069
4 20 1070
4 20 1071
4 20 1077
4 20 1078
4 20 1079
4 20 1080
4 20 1081
4 20 1082
4 20 1085
4 20 1086
4 20 1087
4 20 1089
4 20 1093
4 34 1027
4 34 1028
89 136 248
89 136 258
89 136 271
89 18 253
89 18 256
89 123 261
89 123 262
89 123 263
89 123 294
89 123 298
89 16 272
89 16 289
89 59 646
89 59 647
89 59 648
89 59 649
89 59 650
89 59 651
89 59 652
89 59 653
89 59 654
89 59 655
89 59 656
89 59 657
89 59 658
89 59 659
89 59 660
89 59 661
89 59 662
89 59 664
89 59 665
89 59 666
89 59 667
89 59 668
89 59 669
89 59 670
89 59 671
89 59 672
89 59 674
89 59 675
89 59 676
89 59 677
89 59 678
89 59 680
89 59 681
89 59 683
89 59 684
89 59 685
89 59 686
89 59 688
89 59 689
89 59 691
89 59 692
89 59 693
89 59 694
89 59 695
89 59 696
89 59 697
89 59 698
89 59 699
89 59 700
89 59 701
89 59 715
89 59 716
89 59 717
89 59 718
89 59 724
89 59 725
89 59 729
89 59 730
89 59 733
89 59 734
89 59 737
89 59 739
89 59 740
89 59 741
89 59 742
89 59 743
89 59 746
89 59 747
89 59 748
89 59 751
89 59 752
89 59 753
89 59 755
89 59 756
89 59 757
89 59 758
89 59 759
89 59 760
89 59 762
89 59 763
89 59 764
89 59 768
89 59 775
89 59 778
89 59 782
89 59 783
89 59 784
89 59 788
89 59 797
89 59 798
89 59 807
89 59 808
89 59 809
89 59 811
89 59 814
89 59 815
89 59 818
89 59 819
89 59 820
89 59 821
89 59 826
89 59 827
89 59 828
89 59 829
89 59 830
89 59 831
89 59 833
89 59 845
89 59 846
89 59 847
89 59 848
89 59 849
89 59 851
89 59 853
89 59 855
89 59 857
89 59 858
89 59 859
89 59 861
89 59 862
89 59 864
89 59 865
89 59 866
89 59 868
89 59 869
89 59 870
89 59 872
89 59 873
89 59 874
89 59 875
89 59 876
89 59 877
89 59 879
89 59 880
89 59 881
89 59 882
89 59 883
89 59 884
89 59 885
89 59 886
89 59 887
89 59 888
89 59 889
89 59 890
89 59 891
89 59 892
89 59 893
89 59 894
89 1 659
89 1 667
89 36 659
89 63 675
89 108 687
89 126 864
89 68 864
89 68 866
89 68 868
89 68 869
89 68 870
89 68 884
89 68 887
98 61 248
98 75 425
98 71 427
98 145 427
98 145 492
98 20 495
98 20 499
98 141 512
98 46 512
108 14 233
108 14 236
108 14 237
108 14 240
108 14 241
108 14 244
108 14 246
108 14 248
108 14 256
108 14 258
108 74 257
108 33 633
108 33 634
108 33 644
108 33 654
108 33 673
108 33 677
108 33 679
108 33 689
108 33 692
108 33 694
108 33 695
108 33 697
108 33 698
108 72 633
108 72 634
108 72 635
108 72 638
108 72 643
108 72 644
108 72 649
108 72 651
108 72 654
108 72 655
108 72 657
108 72 659
108 72 662
108 72 667
108 72 673
108 72 679
108 72 680
108 72 681
108 72 682
108 72 686
108 72 687
108 72 691
108 72 692
108 72 698
108 67 635
108 67 636
108 67 637
108 67 639
108 67 644
108 67 645
108 67 646
108 67 647
108 67 648
108 67 650
108 67 651
108 125 638
108 125 639
108 125 656
108 125 657
108 125 679
108 125 680
108 125 683
108 125 684
108 125 694
108 125 698
108 37 660
108 37 668
108 37 677
108 37 678
108 37 681
108 37 683
108 37 684
108 37 687
108 37 688
108 37 689
108 37 696
108 62 664
14 123 236
14 123 237
14 123 238
14 93 238
14 30 239
14 32 244
14 74 246
14 74 298
14 18 248
14 18 253
14 18 274
14 18 289
14 58 269
14 144 298
14 45 298
14 45 301
14 61 299
14 116 301
14 35 1398
14 35 1399
93 44 234
93 61 251
93 3 263
93 58 269
44 18 239
44 18 241
44 18 242
44 18 243
44 18 244
44 18 306
44 123 240
44 123 248
44 123 280
44 136 240
44 136 243
44 136 256
44 136 274
44 119 246
44 30 246
44 30 306
44 32 254
44 16 293
44 144 298
44 151 1104
44 151 1105
44 151 1106
44 151 1115
44 151 1116
44 151 1118
44 151 1120
44 151 1122
44 151 1123
44 151 1126
44 151 1127
44 151 1129
44 151 1137
44 151 1138
44 151 1155
44 151 1159
44 151 1161
44 151 1162
44 151 1164
44 151 1165
44 151 1166
44 151 1169
44 151 1177
44 151 1188
44 151 1203
44 151 1205
44 151 1227
44 151 1228
44 151 1258
44 151 1259
44 151 1260
44 151 1261
44 69 1104
44 69 1106
44 69 1110
44 69 1112
44 69 1113
44 69 1114
44 69 1116
44 69 1117
44 69 1118
44 69 1119
44 69 1121
44 69 1122
44 69 1123
44 69 1124
44 69 1125
44 69 1126
44 69 1127
44 69 1128
44 69 1129
44 69 1131
44 69 1132
44 69 1133
44 69 1134
44 69 1136
44 69 1137
44 69 1140
44 60 1105
44 60 1108
44 60 1113
44 60 1117
44 60 1120
44 60 1121
44 60 1122
44 60 1123
44 60 1124
44 60 1125
44 60 1126
44 60 1127
44 60 1128
44 60 1129
44 60 1137
44 60 1138
44 60 1139
44 60 1155
44 60 1156
44 60 1164
44 60 1165
44 60 1167
44 60 1168
44 60 1169
44 60 1176
44 60 1177
44 60 1183
44 60 1184
44 60 1205
44 60 1206
44 60 1207
44 60 1208
44 60 1209
44 60 1223
44 60 1226
44 60 1227
44 60 1238
44 60 1245
44 60 1246
44 60 1260
44 60 1261
44 52 1106
44 87 1177
50 5 263
50 5 264
50 5 265
50 58 273
50 58 274
50 58 275
50 58 276
50 58 277
50 58 278
50 58 279
50 58 280
50 58 281
50 58 282
50 58 283
50 58 288
50 58 290
50 74 396
50 75 397
50 75 450
50 75 453
50 71 398
50 71 399
50 71 410
50 71 417
50 71 418
50 71 419
50 71 422
50 71 423
50 71 424
50 71 427
50 71 431
50 71 433
50 71 444
50 71 449
50 71 454
50 71 458
50 71 459
50 71 460
50 71 462
50 71 464
50 71 465
50 71 536
50 104 398
50 104 410
50 104 411
50 104 412
50 104 413
50 104 415
50 104 423
50 104 437
50 104 438
50 104 443
50 104 444
50 104 454
50 104 465
50 104 540
50 104 541
50 104 551
50 145 403
50 145 416
50 145 417
50 145 438
50 145 452
50 145 459
50 145 503
50 145 512
50 124 413
50 124 434
50 124 499
50 124 539
50 124 540
50 78 418
50 20 425
50 20 437
50 20 438
50 20 439
50 20 456
50 20 463
50 20 486
50 20 487
50 20 506
50 20 507
50 20 508
50 20 509
50 20 510
50 20 511
50 20 519
50 20 522
50 20 529
50 20 530
50 20 531
50 20 532
50 20 533
50 20 534
50 20 539
50 20 540
50 20 542
50 20 543
50 26 504
50 26 505
50 26 506
50 26 508
123 28 238
123 28 239
123 28 240
123 28 246
123 134 242
123 134 277
123 134 278
123 134 279
123 3 244
123 137 245
123 61 268
123 61 291
123 61 292
123 16 288
123 58 295
123 58 296
123 58 303
123 58 304
123 74 304
123 55 320
123 55 328
123 55 338
123 55 352
123 22 353
123 29 353
123 26 403
123 26 409
123 26 412
123 26 433
123 26 455
123 26 463
123 26 464
123 26 472
123 26 473
123 26 475
123 26 484
123 26 486
123 26 487
123 26 493
123 26 496
123 26 500
123 145 404
123 145 411
123 145 422
123 145 468
123 145 501
123 71 405
123 71 411
123 71 412
123 71 421
123 71 423
123 71 540
123 51 411
123 51 412
123 51 423
123 51 497
123 51 500
123 51 501
123 51 502
123 104 412
123 104 541
123 104 542
123 78 414
123 78 435
123 56 428
123 56 441
123 150 454
123 75 458
123 75 459
123 20 494
123 120 543
136 16 236
136 16 257
136 3 236
136 3 239
136 144 236
136 61 241
136 61 242
136 61 245
136 61 246
136 61 251
136 31 243
136 74 244
136 74 245
136 74 246
136 74 258
136 137 248
136 137 260
136 137 261
136 137 264
136 58 251
136 58 252
136 58 255
136 58 257
136 58 258
136 58 271
136 69 1236
16 94 245
16 94 255
16 3 247
16 61 250
16 74 254
16 74 260
16 74 261
16 5 267
16 58 274
16 58 275
16 140 280
16 140 291
16 30 290
16 30 291
3 18 236
3 18 241
3 18 242
3 18 244
3 18 268
3 18 269
3 18 272
3 18 273
3 18 274
3 18 282
3 147 236
3 45 241
3 45 242
3 45 244
3 140 255
3 140 267
3 58 269
3 58 272
3 80 850
3 80 851
3 80 855
3 80 856
3 80 857
3 80 858
3 80 859
3 80 860
3 80 861
3 80 862
3 80 863
3 80 864
3 80 865
3 80 866
3 80 867
3 80 868
3 80 869
3 80 870
3 80 871
3 80 872
3 80 873
3 80 874
3 80 875
3 80 876
3 80 877
3 80 878
3 80 880
3 80 882
3 80 883
3 59 858
3 64 862
3 25 871
3 86 877
144 140 240
144 140 241
144 58 241
18 134 239
18 134 241
18 134 256
18 134 267
18 61 240
18 61 243
18 61 245
18 61 256
18 61 275
18 137 248
18 137 266
18 137 268
18 137 288
18 137 289
18 137 292
18 137 293
18 5 264
18 58 269
18 58 271
18 28 288
18 28 289
18 28 292
18 28 293
18 28 295
18 28 306
18 160 306
18 145 411
18 145 422
18 145 428
18 145 449
18 145 483
18 145 484
18 145 485
18 145 486
18 145 488
18 145 490
18 145 492
18 145 493
18 145 499
18 145 523
18 145 530
18 104 422
18 104 430
18 104 432
18 104 445
18 124 425
18 124 507
18 124 537
18 71 453
18 71 454
18 71 458
18 71 467
18 71 535
18 71 540
18 78 464
18 78 469
18 78 472
18 78 474
18 78 475
18 78 476
18 78 485
18 78 490
18 78 492
18 78 493
18 26 506
45 61 239
45 61 242
45 61 274
45 58 244
45 58 248
45 58 253
45 58 254
45 58 287
45 58 288
45 58 294
45 74 295
45 74 296
45 74 297
45 160 306
45 17 506
45 17 520
45 141 512
45 141 513
45 141 518
45 141 519
45 141 520
147 74 292
147 26 403
147 26 515
147 71 403
147 71 428
147 71 459
147 71 531
147 71 532
147 71 534
147 71 535
147 71 538
147 71 539
147 71 546
147 104 410
147 104 417
147 104 421
147 104 422
147 104 423
147 104 426
147 104 433
147 104 434
147 104 450
147 104 465
147 104 470
147 104 530
147 104 531
147 104 532
147 104 533
147 104 534
147 104 544
147 104 547
147 104 548
147 104 552
147 124 413
147 124 414
147 124 416
147 124 417
147 124 429
147 124 442
147 124 508
147 124 516
147 124 517
147 124 518
147 124 537
147 51 413
147 51 429
147 51 465
147 51 466
147 51 469
147 51 471
147 51 536
147 56 421
147 56 422
147 56 423
147 56 430
147 56 431
147 56 432
147 56 443
147 56 472
147 20 422
147 20 448
147 20 526
147 20 537
147 75 424
147 75 425
147 75 446
147 75 447
147 75 450
147 75 464
147 75 466
147 75 471
147 145 431
147 145 441
147 145 476
147 78 469
28 140 268
28 140 290
28 140 291
28 109 841
61 74 238
61 74 302
61 32 248
61 140 253
61 140 254
74 58 267
74 58 271
74 58 304
74 5 268
74 137 309
74 119 396
134 34 1063
134 34 1064
134 34 1065
134 34 1066
134 163 1105
134 163 1106
134 163 1108
134 163 1111
134 163 1112
134 163 1115
134 163 1120
134 163 1130
134 163 1131
134 163 1132
134 163 1134
134 163 1135
134 163 1136
134 163 1137
134 163 1138
134 163 1139
134 163 1140
134 163 1141
134 163 1142
134 43 1247
134 43 1250
134 151 1247
134 35 1388
30 58 249
30 160 306
30 26 512
30 26 544
30 145 544
140 58 241
140 58 242
140 58 244
140 58 265
140 58 266
140 58 267
140 58 299
140 58 302
140 48 783
140 48 786
140 48 790
140 48 791
140 48 792
140 48 793
140 48 796
140 48 797
140 48 804
140 48 805
140 48 806
140 48 813
140 48 814
140 48 816
140 48 830
140 48 843
140 48 845
140 48 850
140 48 857
140 48 858
140 48 859
140 48 860
140 48 861
140 48 863
140 48 864
140 48 865
140 48 866
140 48 867
140 48 868
140 48 869
140 48 871
140 48 872
140 48 874
140 48 875
140 48 876
140 48 879
140 48 880
140 48 885
140 48 886
140 48 887
140 48 893
140 48 895
140 48 896
140 48 897
140 48 899
140 48 900
140 48 901
140 48 902
140 48 904
140 48 907
140 48 922
140 48 935
140 48 940
140 48 942
140 48 944
140 48 968
140 48 969
140 48 976
140 48 977
140 68 902
140 68 904
140 68 905
140 90 908
140 90 930
140 90 954
140 90 975
32 67 631
32 125 638
32 125 643
32 125 645
32 125 646
32 125 647
32 125 648
32 125 659
32 125 663
32 125 667
32 125 669
32 125 687
32 125 692
32 125 694
32 125 695
32 125 697
32 125 698
31 131 507
137 51 656
137 90 672
137 90 673
137 90 683
137 59 679
137 59 680
137 59 682
137 1 691
137 1 692
137 72 691
137 78 719
137 9 726
137 9 727
137 86 730
119 78 395
119 78 396
119 78 397
119 78 398
119 78 414
119 78 423
119 78 458
119 78 464
119 78 470
119 78 536
119 78 540
119 78 542
119 51 396
119 51 397
119 51 437
119 51 438
119 51 449
119 51 463
119 51 464
119 51 516
119 51 527
119 51 530
119 51 531
119 51 549
119 75 397
119 75 404
119 75 427
119 75 451
119 75 452
119 75 491
119 71 398
119 71 447
119 71 448
119 71 449
119 71 450
119 71 451
119 71 452
119 71 453
119 71 454
119 71 466
119 71 467
119 71 468
119 71 469
119 71 472
119 71 473
119 71 474
119 71 476
119 71 477
119 71 478
119 71 479
119 71 480
119 71 481
119 71 482
119 71 483
119 71 485
119 71 486
119 71 487
119 71 488
119 71 489
119 71 490
119 71 491
119 71 492
119 71 502
119 71 503
119 71 504
119 71 527
119 71 535
119 71 540
119 71 545
119 71 546
119 71 547
119 104 398
119 104 401
119 104 405
119 104 435
119 104 437
119 104 438
119 104 471
119 104 488
119 104 493
119 104 494
119 104 495
119 104 497
119 104 498
119 104 499
119 104 500
119 104 501
119 104 502
119 104 503
119 104 504
119 104 506
119 104 509
119 104 522
119 104 523
119 104 524
119 104 525
119 104 536
119 104 547
119 20 402
119 20 410
119 20 414
119 20 415
119 20 418
119 20 419
119 20 420
119 20 421
119 20 437
119 20 454
119 20 458
119 20 459
119 20 460
119 20 461
119 20 462
119 20 464
119 20 465
119 20 467
119 20 468
119 20 516
119 20 526
119 20 528
119 20 530
119 20 531
119 20 540
119 56 405
119 56 412
119 56 414
119 56 425
119 56 445
119 56 446
119 56 447
119 56 448
119 56 449
119 56 451
119 56 475
119 145 409
119 145 411
119 145 412
119 145 427
119 145 438
119 145 464
119 145 483
119 145 489
119 145 492
119 145 524
119 124 423
119 124 424
119 124 515
119 124 521
119 124 536
119 150 427
119 150 469
119 150 470
119 150 472
119 150 514
119 150 524
119 150 525
119 150 526
119 150 536
119 150 537
119 150 540
119 150 547
119 99 493
103 145 403
103 145 417
103 145 418
103 145 419
103 145 452
103 145 464
103 145 469
103 145 492
103 145 493
103 145 530
103 145 531
103 124 405
103 124 406
103 124 417
103 124 429
103 124 517
103 120 406
103 120 425
103 120 450
103 120 492
103 120 505
103 120 508
103 120 511
103 120 538
103 51 414
103 51 466
103 51 522
103 51 523
103 51 524
103 51 525
103 56 425
103 56 429
103 56 461
103 20 431
103 20 437
103 20 446
103 20 447
103 20 448
103 20 453
103 20 511
103 20 535
103 71 431
103 71 447
103 71 448
103 71 450
103 71 452
103 71 453
103 71 515
103 71 519
103 71 531
103 71 532
103 71 544
103 71 547
103 150 463
103 150 466
103 150 469
103 150 516
103 150 517
103 150 518
103 150 523
103 150 524
103 150 525
103 150 526
103 78 630
103 78 701
103 78 702
103 78 704
103 78 705
103 78 708
103 78 721
103 78 725
116 141 504
116 141 505
116 141 506
116 141 508
116 141 509
116 141 514
116 141 515
116 141 516
116 141 518
116 141 519
116 141 520
116 17 506
116 17 512
116 17 514
116 17 520
116 157 506
116 157 507
116 157 508
116 157 510
116 157 513
116 157 519
116 157 520
116 163 508
116 46 510
116 46 514
116 46 515
116 46 516
116 46 517
116 46 518
116 46 519
116 46 520
131 71 536
131 71 537
42 22 449
42 22 450
42 22 451
42 22 453
42 22 455
42 22 456
42 22 457
42 22 458
42 22 459
42 22 460
42 22 461
42 22 469
42 22 477
42 22 478
42 22 480
42 22 481
42 22 482
42 22 483
42 22 484
42 22 486
42 22 487
42 22 488
42 22 489
42 22 490
42 22 491
42 22 492
42 22 493
42 22 494
42 22 495
42 22 496
42 22 497
42 22 503
42 22 504
42 22 505
42 22 512
42 22 513
42 22 514
42 22 516
42 22 518
42 22 519
42 22 520
42 22 521
42 22 529
42 22 533
42 22 534
42 22 536
42 22 541
42 22 544
42 22 545
42 22 547
42 22 551
42 22 553
42 22 554
42 22 555
42 22 556
42 22 557
42 22 559
42 22 561
42 22 562
42 22 563
42 22 564
42 22 565
42 22 566
42 22 568
42 22 569
42 22 571
42 22 572
42 22 577
42 22 578
42 22 597
42 22 598
42 22 599
42 22 600
42 22 601
42 22 602
42 22 603
42 22 604
42 22 605
42 22 606
42 22 607
42 22 610
42 22 619
42 22 620
42 22 625
42 22 628
42 22 629
42 22 631
42 22 632
42 22 633
42 22 634
42 22 637
42 22 638
42 22 639
42 22 640
42 22 641
42 22 642
42 22 643
42 22 644
42 22 645
42 22 646
42 22 649
42 22 651
42 22 652
42 22 658
42 22 659
42 22 661
42 22 662
42 22 666
42 22 668
42 22 669
42 22 671
42 22 672
42 22 673
42 22 674
42 22 675
42 22 676
42 22 677
42 22 678
42 22 679
42 22 680
42 22 681
42 22 682
42 22 689
42 22 700
42 22 701
42 22 702
42 22 704
42 22 708
42 22 716
42 22 719
42 22 720
42 22 724
42 22 725
42 22 726
42 22 727
42 22 730
42 22 739
42 22 740
42 22 746
42 22 747
42 22 748
42 22 749
42 22 750
42 22 751
42 22 756
42 22 757
42 22 758
42 22 759
42 22 760
42 22 761
42 22 762
42 22 765
42 22 777
42 22 782
42 22 784
42 22 785
42 22 786
42 22 787
42 22 788
42 22 789
42 22 791
42 22 792
42 22 793
42 22 794
42 22 795
42 22 796
42 22 797
42 22 798
42 22 799
42 22 800
42 22 801
42 22 802
42 22 803
42 22 804
42 22 805
42 22 806
42 22 807
42 22 808
42 22 809
42 22 810
42 22 811
42 22 812
42 22 813
42 22 814
42 22 815
42 22 816
42 22 817
42 22 818
42 22 819
42 22 820
42 22 821
42 22 822
42 22 823
42 22 824
42 22 825
42 22 826
42 22 827
42 22 828
42 22 829
42 22 830
42 22 831
42 22 832
42 22 833
42 22 834
42 22 836
42 22 838
42 22 839
42 22 840
42 22 842
42 22 843
42 22 845
42 22 846
42 22 847
42 22 850
42 22 851
42 22 852
42 22 853
42 22 854
42 22 855
42 22 856
42 22 857
42 22 858
42 22 859
42 22 860
42 22 861
42 22 862
42 22 863
42 22 865
42 22 867
42 22 868
42 22 869
42 22 870
42 22 871
42 22 873
42 22 875
42 22 876
42 22 877
42 22 891
19 29 333
19 29 334
19 29 335
19 29 336
19 29 337
19 29 338
19 29 341
19 29 344
19 29 345
19 29 346
19 29 353
19 29 361
19 29 363
19 29 364
19 29 365
19 29 371
19 29 373
19 22 334
19 22 335
19 22 343
19 22 361
19 22 365
19 22 373
19 125 690
19 68 893
19 68 894
29 25 334
29 25 337
29 25 338
29 25 339
29 25 348
29 25 349
29 25 350
29 25 351
29 25 352
29 25 353
29 25 354
29 25 355
29 25 356
29 25 357
29 25 359
29 25 360
29 25 363
29 25 364
29 25 365
29 25 366
29 25 367
29 25 368
29 25 371
29 25 372
29 25 373
29 9 369
29 48 1104
29 48 1105
29 48 1106
29 48 1107
29 48 1108
29 48 1109
29 48 1111
29 48 1112
29 48 1117
29 48 1124
29 34 1126
29 34 1127
22 59 671
22 59 891
22 59 892
22 59 893
22 59 894
22 51 677
22 36 689
22 90 703
22 90 891
22 90 892
22 90 893
22 90 894
9 17 338
9 17 369
9 125 683
9 1 683
17 154 506
17 154 514
17 154 515
17 154 516
17 154 517
17 154 520
17 138 506
17 138 514
78 51 396
78 51 397
78 51 398
78 51 417
78 51 419
78 51 429
78 51 449
78 51 450
78 51 519
78 51 527
78 51 530
78 51 531
78 51 533
78 51 539
78 51 540
78 75 397
78 75 410
78 75 459
78 75 460
78 75 461
78 75 462
78 75 494
78 75 495
78 75 496
78 75 497
78 75 498
78 75 499
78 75 509
78 75 510
78 75 511
78 75 512
78 75 517
78 71 398
78 71 406
78 71 408
78 71 418
78 71 419
78 71 437
78 71 451
78 71 452
78 71 458
78 71 459
78 71 465
78 71 467
78 71 468
78 71 469
78 71 470
78 71 471
78 71 472
78 71 478
78 71 500
78 71 501
78 71 502
78 71 504
78 71 505
78 71 506
78 71 507
78 71 508
78 71 512
78 71 513
78 71 515
78 71 517
78 71 519
78 71 522
78 71 523
78 71 524
78 71 525
78 71 526
78 71 527
78 71 540
78 71 545
78 71 546
78 71 547
78 104 398
78 104 406
78 104 408
78 104 423
78 104 428
78 104 430
78 104 433
78 104 434
78 104 454
78 104 536
78 104 537
78 104 540
78 104 545
78 104 546
78 104 547
78 104 548
78 104 551
78 104 560
78 104 562
78 104 563
78 104 564
78 104 565
78 104 569
78 104 579
78 104 583
78 104 585
78 104 629
78 104 631
78 104 632
78 104 633
78 104 634
78 104 635
78 104 636
78 104 637
78 104 638
78 104 639
78 104 640
78 104 641
78 104 643
78 104 644
78 104 645
78 104 646
78 104 648
78 104 649
78 104 650
78 104 651
78 104 653
78 104 654
78 104 655
78 104 656
78 104 657
78 104 658
78 104 659
78 104 660
78 104 661
78 104 662
78 104 663
78 104 664
78 104 665
78 104 666
78 104 667
78 104 668
78 104 669
78 104 670
78 104 671
78 104 672
78 104 673
78 104 674
78 104 675
78 104 676
78 104 677
78 104 678
78 104 679
78 104 680
78 104 681
78 104 682
78 104 683
78 104 684
78 104 685
78 104 686
78 104 687
78 104 688
78 104 689
78 104 690
78 104 691
78 104 692
78 104 693
78 104 694
78 104 695
78 104 696
78 104 697
78 104 698
78 104 699
78 104 700
78 104 703
78 104 706
78 104 719
78 56 405
78 56 412
78 56 414
78 56 417
78 56 418
78 56 419
78 56 430
78 56 433
78 56 434
78 56 436
78 56 437
78 85 405
78 85 406
78 85 407
78 85 410
78 85 413
78 85 414
78 85 461
78 85 462
78 85 467
78 85 474
78 85 475
78 85 476
78 85 485
78 85 535
78 85 598
78 85 599
78 85 604
78 85 605
78 85 606
78 85 609
78 85 610
78 85 614
78 85 617
78 85 621
78 85 622
78 85 627
78 85 629
78 85 630
78 85 631
78 85 701
78 85 702
78 85 703
78 85 704
78 85 705
78 20 406
78 20 458
78 20 467
78 20 468
78 20 471
78 20 478
78 20 479
78 20 484
78 20 486
78 20 487
78 20 488
78 20 489
78 20 491
78 20 519
78 20 530
78 20 531
78 20 533
78 20 537
78 20 538
78 145 407
78 145 410
78 145 417
78 145 431
78 145 507
78 120 407
78 120 410
78 120 424
78 120 454
78 120 465
78 120 468
78 120 513
78 120 530
78 120 531
78 120 535
78 120 537
78 120 538
78 120 547
78 120 549
78 120 559
78 120 560
78 120 561
78 120 562
78 120 563
78 120 568
78 120 572
78 120 573
78 120 584
78 120 599
78 120 604
78 120 606
78 120 608
78 120 609
78 120 617
78 120 618
78 120 625
78 120 627
78 120 628
78 120 630
78 120 633
78 120 634
78 120 636
78 120 637
78 120 639
78 120 641
78 120 645
78 120 646
78 120 647
78 120 648
78 120 649
78 120 650
78 120 651
78 120 652
78 120 653
78 120 656
78 120 657
78 120 658
78 120 659
78 120 660
78 120 661
78 120 664
78 120 665
78 120 666
78 120 667
78 120 668
78 120 669
78 120 670
78 120 671
78 120 672
78 120 673
78 120 674
78 120 675
78 120 676
78 120 677
78 120 678
78 120 679
78 120 680
78 120 681
78 120 682
78 120 683
78 120 684
78 120 685
78 120 686
78 120 687
78 120 688
78 120 689
78 120 690
78 120 691
78 120 692
78 120 693
78 120 694
78 120 695
78 120 696
78 120 697
78 120 698
78 120 699
78 120 701
78 120 702
78 120 704
78 120 705
78 120 708
78 150 417
78 150 427
78 150 428
78 150 429
78 150 430
78 150 431
78 150 432
78 150 433
78 150 434
78 150 470
78 150 522
78 150 523
78 150 524
78 150 545
78 150 547
78 150 548
78 150 549
78 23 423
78 23 459
78 23 460
78 23 461
78 124 424
78 124 427
78 124 462
78 124 537
78 26 462
78 26 513
78 10 580
78 125 725
51 56 399
51 56 406
51 56 407
51 56 409
51 56 418
51 56 421
51 56 449
51 56 450
51 56 451
51 23 412
51 23 417
51 23 418
51 23 422
51 23 424
51 23 425
51 23 426
51 23 498
51 23 499
51 23 500
51 23 501
51 23 502
51 23 503
51 85 425
51 85 434
51 85 474
51 85 479
51 85 482
51 85 503
51 85 504
51 85 505
51 85 508
51 85 509
51 85 510
51 85 511
51 85 517
51 85 518
51 85 519
51 85 522
51 85 526
51 75 525
51 27 607
51 27 612
51 27 621
51 27 628
51 27 629
51 27 631
51 27 655
51 27 659
51 27 660
51 27 661
51 27 662
51 27 663
51 27 672
51 27 673
51 27 678
51 27 679
51 27 680
51 27 681
51 27 683
51 27 684
51 27 698
51 27 706
51 27 707
51 27 709
51 27 715
51 27 716
51 27 717
51 27 720
51 27 722
51 76 614
51 68 814
51 68 815
51 68 816
51 68 817
51 68 818
51 68 819
51 34 814
51 34 815
75 104 399
75 104 400
75 104 401
75 104 452
75 104 454
75 104 515
75 124 405
75 124 442
75 145 406
75 145 448
75 145 456
75 145 457
75 145 507
75 71 411
75 71 468
75 71 469
75 71 470
75 71 471
75 71 517
75 56 411
75 56 441
75 56 442
75 120 428
75 120 453
75 26 457
75 85 462
75 85 471
71 85 398
71 85 423
71 85 433
71 85 469
71 85 519
71 85 547
71 56 399
71 56 411
71 56 419
71 56 428
71 56 429
71 56 431
71 56 435
71 56 437
71 56 447
71 56 448
71 56 449
71 56 450
71 56 451
71 26 403
71 26 514
71 124 403
71 124 429
71 124 518
71 124 539
71 124 541
71 104 411
71 104 412
71 104 430
71 104 432
71 104 436
71 104 438
71 104 444
71 104 449
71 104 451
71 104 533
71 104 534
71 104 539
71 104 541
71 104 542
71 104 543
71 104 546
71 23 418
71 23 421
71 23 422
71 23 423
71 23 424
71 23 425
71 23 426
71 145 421
71 145 422
71 145 430
71 145 438
71 20 429
71 20 430
71 20 431
71 20 456
71 20 459
71 20 460
71 20 461
71 20 462
71 20 468
71 20 518
71 20 519
71 20 539
71 120 505
71 120 511
71 120 513
71 150 518
71 150 521
71 150 522
71 150 523
71 150 524
71 142 531
85 56 406
85 56 410
85 145 407
85 145 450
85 145 452
85 145 469
85 145 471
85 145 483
85 145 484
85 145 486
85 145 524
85 145 525
85 145 526
85 145 532
85 104 408
85 104 410
85 104 422
85 104 424
85 104 446
85 104 451
85 104 469
85 104 470
85 104 512
85 104 522
85 104 523
85 104 528
85 104 617
85 104 629
85 104 631
85 104 633
85 104 634
85 104 635
85 104 636
85 104 637
85 104 638
85 104 639
85 104 640
85 104 641
85 104 642
85 104 643
85 104 644
85 104 645
85 104 646
85 104 647
85 104 648
85 104 649
85 104 650
85 104 651
85 104 654
85 104 655
85 104 656
85 104 658
85 104 659
85 104 660
85 104 661
85 120 410
85 120 417
85 120 420
85 120 434
85 120 537
85 150 419
85 150 471
85 150 526
85 150 535
85 150 538
85 124 424
85 124 434
85 124 456
85 124 462
85 124 495
85 124 499
85 124 505
85 124 506
85 124 507
85 124 511
85 124 528
85 124 532
85 20 446
85 20 482
85 20 492
85 20 508
85 20 509
85 20 510
85 20 511
85 20 512
85 20 513
85 20 515
85 20 517
85 20 518
85 20 519
85 20 522
85 20 523
85 20 524
85 20 525
85 20 526
85 20 535
85 26 499
85 26 503
85 26 505
85 26 506
85 26 507
85 26 508
85 26 512
85 26 532
85 163 562
85 126 864
85 126 865
85 126 866
85 126 869
85 126 871
85 126 872
85 126 873
85 126 875
85 126 878
85 126 880
85 126 882
85 126 885
85 126 892
85 126 895
85 126 907
85 126 915
85 126 918
85 126 919
85 126 920
85 126 921
85 126 922
85 126 926
85 126 929
85 126 941
85 126 949
85 126 950
85 126 956
85 126 959
85 126 971
85 126 972
85 126 974
85 126 976
85 126 983
85 126 985
85 126 986
85 126 987
85 126 988
85 126 990
85 126 992
85 126 993
85 126 994
85 126 995
85 126 996
85 126 997
85 126 998
85 126 1000
85 126 1001
85 126 1002
85 126 1003
85 126 1004
85 126 1005
85 126 1006
85 126 1008
85 126 1009
85 126 1011
85 126 1012
85 126 1013
85 126 1014
85 126 1016
85 126 1017
85 126 1019
85 126 1021
85 126 1024
85 126 1027
85 126 1029
85 126 1034
85 126 1035
85 126 1037
85 126 1038
85 126 1040
85 126 1041
85 126 1042
85 126 1043
85 126 1044
85 126 1045
85 126 1048
85 126 1049
85 126 1051
85 126 1052
85 126 1054
85 126 1055
85 126 1056
85 126 1057
85 126 1060
85 126 1063
85 126 1065
85 126 1067
85 126 1068
85 126 1072
85 47 892
85 34 907
104 142 404
104 142 420
104 142 438
104 56 410
104 56 411
104 56 421
104 56 422
104 56 423
104 56 426
104 23 417
104 120 559
104 120 560
104 120 564
104 120 593
104 120 607
104 120 628
104 120 630
104 120 633
104 120 634
104 120 635
104 120 636
104 120 637
104 120 638
104 120 639
104 120 640
104 120 641
104 120 642
104 120 643
104 120 645
104 120 646
104 120 647
104 120 648
104 120 649
104 120 650
104 120 651
104 120 653
104 120 654
104 120 655
104 120 656
104 120 657
104 120 658
104 120 659
104 120 705
104 138 1096
104 138 1097
104 138 1102
104 138 1104
104 138 1105
104 138 1106
104 138 1107
104 138 1108
104 138 1110
104 138 1111
104 138 1112
104 138 1113
104 138 1116
104 138 1117
104 138 1118
104 138 1119
104 138 1123
104 138 1124
104 138 1125
104 138 1127
104 138 1130
104 138 1131
104 138 1135
104 138 1136
104 138 1138
104 138 1141
104 138 1147
104 138 1148
104 138 1149
104 138 1151
104 138 1152
104 138 1153
104 138 1155
104 138 1158
104 138 1159
104 138 1160
104 138 1161
104 138 1163
104 138 1164
104 138 1165
104 138 1167
104 138 1168
104 138 1169
104 138 1170
104 138 1171
104 138 1172
104 138 1173
104 138 1176
104 138 1177
104 138 1178
104 138 1181
104 138 1182
104 138 1184
104 138 1185
104 138 1187
104 138 1190
104 138 1191
104 138 1196
104 35 1101
104 35 1102
104 38 1130
104 38 1137
104 166 1136
104 166 1150
56 20 403
56 20 404
56 20 414
56 20 415
56 20 427
56 20 429
56 20 430
56 20 432
56 20 480
56 120 406
56 120 450
56 120 453
56 145 411
56 145 412
56 145 423
56 145 431
56 145 442
56 145 456
56 145 469
56 145 471
56 145 476
56 145 483
56 23 415
56 23 416
56 23 427
56 23 464
56 23 465
56 23 467
56 23 468
56 124 439
56 124 442
56 124 465
56 26 466
20 23 425
20 23 428
20 23 449
20 23 450
20 23 494
20 23 495
20 23 505
20 23 507
20 142 524
20 142 525
20 142 528
20 166 1085
20 166 1086
20 166 1087
26 142 429
26 142 457
26 142 481
26 142 510
26 142 538
26 90 961
26 90 962
124 142 406
124 142 410
124 142 430
124 142 512
124 142 519
124 23 407
124 23 410
124 23 413
124 23 416
124 23 417
124 23 420
124 23 444
124 23 471
124 23 474
124 23 476
124 23 485
124 23 495
124 23 497
124 23 499
124 23 501
124 23 502
124 23 506
124 23 507
124 23 515
124 23 519
124 1 700
145 23 413
145 23 414
145 23 427
145 23 428
145 23 449
145 23 458
145 23 469
145 23 473
145 23 502
145 23 503
145 23 535
145 23 539
145 23 543
145 23 544
142 120 507
142 63 640
142 63 653
142 63 673
142 63 686
142 63 687
142 63 688
142 63 689
142 63 690
142 63 691
142 63 692
142 63 694
142 63 695
142 63 696
142 63 697
142 63 698
142 63 699
142 63 715
150 23 404
150 23 410
150 23 427
150 23 435
150 23 441
150 23 445
150 63 791
150 63 804
150 63 817
150 63 854
150 63 855
150 63 856
150 63 857
150 63 858
150 63 859
150 63 863
150 63 867
150 63 871
150 63 873
150 63 874
150 63 875
150 63 876
150 63 877
150 63 878
150 12 800
150 12 807
150 12 846
23 120 434
23 120 465
23 81 1018
23 141 1019
23 141 1026
23 141 1027
23 141 1028
23 141 1030
23 141 1042
23 141 1051
23 141 1055
23 141 1057
23 141 1066
23 141 1068
23 141 1069
23 141 1070
23 141 1087
23 141 1096
23 141 1097
23 141 1098
23 141 1099
23 141 1102
23 141 1103
23 141 1105
23 141 1106
23 141 1108
23 141 1127
23 141 1129
23 141 1130
23 141 1131
23 141 1137
23 141 1141
23 141 1142
23 48 1104
23 2 1113
23 2 1114
23 2 1134
23 2 1137
23 2 1138
23 2 1139
23 2 1140
23 2 1141
23 2 1142
23 163 1139
23 34 1141
120 76 620
120 57 620
99 47 578
99 47 584
99 47 585
99 47 586
99 47 587
99 47 588
99 47 589
99 47 590
99 47 591
99 47 592
99 47 594
99 47 599
99 47 601
99 47 602
99 47 603
99 47 604
99 47 605
99 47 606
99 47 607
99 47 608
99 47 610
99 47 619
99 47 621
99 47 626
99 47 630
99 47 632
99 47 633
99 47 638
99 62 605
99 151 615
99 151 644
99 151 645
99 151 646
99 151 647
99 151 648
99 151 649
99 151 650
99 151 651
99 151 652
95 132 517
95 132 518
132 166 1061
132 166 1062
132 166 1063
132 166 1064
132 166 1066
132 166 1067
132 166 1068
132 166 1069
132 166 1070
132 166 1071
132 166 1072
132 166 1073
132 166 1075
132 166 1076
132 166 1079
132 166 1082
132 166 1084
132 166 1085
132 166 1086
132 166 1087
132 166 1088
132 166 1089
132 166 1090
132 166 1091
132 166 1092
132 166 1093
132 166 1094
132 166 1095
132 166 1096
132 166 1097
132 166 1098
132 166 1099
132 166 1100
132 166 1101
132 166 1102
132 166 1144
132 166 1146
132 166 1147
132 166 1148
132 166 1154
132 166 1155
132 166 1158
132 166 1163
132 166 1164
132 166 1168
132 166 1170
132 166 1171
132 166 1175
132 166 1177
132 166 1179
132 166 1184
132 166 1185
132 166 1195
132 166 1199
132 166 1200
132 166 1201
132 166 1202
132 166 1203
132 166 1204
132 166 1205
132 166 1207
132 166 1208
132 166 1209
132 166 1210
132 166 1211
132 166 1212
132 166 1213
132 166 1218
132 166 1219
132 166 1220
132 166 1221
132 166 1223
132 166 1226
132 166 1230
132 166 1231
132 166 1232
132 166 1233
132 166 1234
132 166 1235
132 166 1246
132 166 1247
132 166 1248
132 166 1249
132 166 1250
132 166 1251
132 166 1253
141 154 507
141 154 508
141 154 509
141 154 512
141 154 519
141 154 520
154 46 506
154 46 512
154 46 513
154 46 519
154 46 520
154 60 1103
154 60 1104
154 60 1105
154 60 1106
154 60 1107
154 60 1108
154 60 1109
154 60 1111
154 60 1112
154 60 1113
154 60 1114
154 60 1116
154 60 1117
154 60 1121
154 60 1123
154 60 1124
154 60 1125
154 60 1126
154 60 1127
154 60 1128
154 60 1129
154 60 1131
154 60 1132
154 60 1133
154 60 1134
154 60 1135
154 60 1136
154 60 1138
154 60 1139
154 60 1141
154 60 1142
154 60 1157
154 60 1164
154 60 1175
154 60 1179
154 60 1186
154 60 1188
154 60 1191
154 60 1206
154 60 1212
154 60 1217
154 60 1219
154 60 1221
154 60 1222
154 60 1223
154 60 1224
154 60 1226
154 60 1228
154 60 1229
154 60 1238
154 60 1239
154 60 1247
154 60 1249
154 60 1251
154 60 1260
154 69 1105
154 69 1106
154 69 1114
154 69 1117
154 69 1118
154 69 1119
154 69 1122
154 69 1123
154 69 1125
154 69 1126
154 69 1127
154 69 1128
154 69 1131
154 69 1206
154 69 1226
154 100 1113
154 100 1114
154 100 1115
154 100 1116
154 100 1117
154 127 1165
154 127 1178
154 127 1179
154 43 1202
154 43 1204
154 43 1206
154 43 1226
154 11 1206
138 100 1116
138 87 1159
46 62 609
157 92 1241
157 92 1242
157 92 1243
157 92 1244
157 92 1245
157 92 1246
157 92 1247
157 92 1248
157 92 1249
157 92 1251
157 92 1252
157 92 1253
157 92 1264
157 92 1266
157 92 1270
157 92 1271
157 92 1272
157 92 1276
157 92 1277
157 92 1281
157 92 1282
157 92 1283
157 92 1284
157 92 1285
157 92 1286
157 92 1292
157 92 1293
157 92 1302
157 92 1303
157 92 1305
157 92 1306
157 92 1308
157 92 1309
157 92 1310
157 92 1311
157 92 1313
157 92 1315
157 92 1319
157 92 1320
157 92 1324
157 92 1325
157 92 1335
157 92 1336
157 92 1338
157 92 1340
157 92 1341
157 65 1249
157 65 1251
157 87 1276
163 62 507
163 38 1133
62 143 596
62 143 628
62 76 658
62 139 700
62 139 701
62 139 702
62 139 703
62 139 720
62 139 722
62 139 730
62 139 731
62 139 734
62 139 742
62 139 743
62 139 744
62 139 745
62 139 748
62 139 763
62 139 764
62 139 769
62 139 773
47 68 903
47 68 906
10 63 791
10 63 793
10 63 794
10 63 804
10 63 852
10 63 854
10 63 855
10 63 857
10 63 863
10 63 872
10 63 874
10 63 875
10 63 876
10 63 877
10 68 879
63 100 606
63 100 642
63 151 608
63 27 611
63 52 611
63 52 651
63 76 615
139 48 773
139 105 1203
139 105 1205
139 105 1206
139 105 1207
139 105 1211
139 105 1214
139 105 1215
139 105 1216
139 105 1217
139 105 1218
139 105 1222
139 105 1223
139 105 1224
139 105 1225
139 105 1226
139 105 1227
139 105 1228
139 105 1229
139 105 1230
139 105 1231
139 105 1232
139 105 1235
139 105 1236
139 105 1237
139 105 1238
139 105 1239
139 105 1243
139 105 1245
139 105 1246
139 105 1248
139 105 1252
139 105 1253
139 105 1254
139 105 1263
139 105 1266
139 105 1267
139 105 1270
139 105 1271
139 105 1272
139 105 1274
139 105 1275
139 38 1204
139 38 1205
139 38 1209
139 38 1210
139 38 1212
139 38 1213
139 38 1214
139 38 1215
139 38 1216
139 38 1219
139 38 1220
139 38 1221
139 38 1222
139 38 1223
139 38 1224
139 38 1225
139 38 1226
139 38 1228
139 38 1229
139 38 1235
139 38 1238
139 38 1245
139 38 1246
139 38 1248
139 38 1249
139 38 1250
139 38 1251
139 38 1252
139 38 1253
139 38 1254
139 38 1256
139 38 1257
139 38 1259
139 38 1260
139 38 1262
139 38 1263
139 38 1264
139 38 1265
139 38 1266
139 38 1267
139 38 1268
139 38 1270
139 38 1273
139 38 1274
139 38 1275
139 151 1236
139 110 1274
139 110 1275
143 2 1106
143 2 1107
143 2 1109
143 2 1113
143 2 1114
143 2 1115
143 2 1121
143 2 1122
143 2 1123
143 2 1130
143 2 1131
143 2 1132
143 2 1133
143 2 1136
143 2 1137
143 2 1138
143 2 1141
143 2 1142
143 34 1142
52 57 617
52 57 626
52 57 631
52 57 632
52 57 634
52 57 648
52 57 649
52 64 1144
52 64 1155
52 64 1157
52 64 1160
52 64 1161
52 64 1162
52 64 1163
52 64 1164
52 64 1166
52 64 1167
52 64 1168
100 76 640
100 72 643
100 60 1112
100 60 1117
100 60 1124
100 35 1116
100 35 1117
100 35 1118
100 35 1119
100 35 1120
100 35 1121
100 35 1122
100 91 1139
100 86 1149
27 91 1105
76 57 607
76 57 608
76 57 610
76 57 611
76 57 613
76 57 614
76 57 615
76 57 617
76 57 618
76 57 619
76 57 621
76 57 622
76 57 623
76 57 624
76 57 625
76 57 626
76 57 628
76 57 630
76 57 631
76 57 635
76 57 646
76 57 664
76 57 668
76 57 669
76 57 671
76 57 672
76 57 673
76 57 674
76 57 679
57 148 622
57 72 670
57 125 671
57 33 671
151 35 1115
151 35 1116
151 35 1117
151 53 1137
151 60 1143
151 60 1144
151 60 1145
151 60 1146
151 60 1147
151 60 1148
151 60 1149
151 60 1150
151 60 1151
151 60 1152
151 60 1153
151 60 1154
151 60 1155
151 60 1156
151 60 1158
151 60 1159
151 60 1160
151 60 1161
151 60 1162
151 60 1163
151 60 1165
151 60 1166
151 60 1168
151 60 1169
151 60 1170
151 60 1171
151 60 1172
151 60 1173
151 60 1176
151 60 1177
151 60 1178
151 60 1180
151 60 1182
151 60 1183
151 60 1184
151 60 1185
151 60 1187
151 60 1214
151 60 1216
151 60 1218
151 60 1225
151 60 1227
151 60 1230
151 60 1231
151 60 1232
151 60 1233
151 60 1234
151 60 1235
151 60 1236
151 60 1237
151 60 1241
151 60 1244
151 60 1245
151 60 1246
151 60 1248
151 60 1250
151 60 1252
151 60 1253
151 60 1254
151 60 1256
151 60 1257
151 60 1259
151 60 1261
151 69 1155
151 69 1157
151 69 1158
151 69 1159
151 69 1160
151 69 1161
151 69 1162
151 69 1163
151 69 1164
151 69 1165
151 69 1168
151 69 1169
151 69 1177
151 69 1178
151 69 1179
151 69 1201
151 69 1205
151 69 1227
151 69 1231
151 69 1238
151 69 1239
151 69 1240
151 69 1243
151 69 1245
151 69 1246
151 69 1259
151 69 1260
148 11 1306
67 109 632
67 125 634
67 125 637
67 125 638
67 125 639
67 125 642
67 125 646
67 125 650
67 33 634
67 33 635
67 33 636
67 33 638
67 33 639
67 33 640
67 33 641
67 33 642
67 33 643
67 33 644
67 33 649
67 1 634
67 1 637
67 1 638
67 1 641
67 1 642
67 1 643
67 1 644
67 1 646
67 1 647
67 1 652
67 1 653
67 1 654
67 1 655
67 72 635
67 72 636
67 72 637
67 72 644
67 72 646
67 72 654
67 37 639
67 37 640
67 37 653
67 37 656
109 1 645
109 1 652
109 1 653
109 1 654
109 1 668
109 1 669
109 1 670
109 1 673
109 1 674
109 1 675
109 1 676
109 1 678
109 1 679
109 1 680
109 1 694
109 1 698
109 126 728
109 126 736
109 126 744
109 126 758
109 126 764
109 126 766
109 126 769
109 126 779
109 126 789
109 126 791
109 126 792
109 126 793
109 126 794
109 126 795
109 126 801
109 126 804
109 126 805
109 126 806
109 126 807
109 126 808
109 126 809
109 126 810
109 126 813
109 126 815
109 126 816
109 126 821
109 126 825
109 126 829
109 126 836
109 126 837
33 1 633
33 1 634
33 1 637
33 1 641
33 1 642
33 1 643
33 1 647
33 1 648
33 1 649
33 1 650
33 1 651
33 1 659
33 1 666
33 1 667
33 1 668
33 1 677
33 1 682
33 1 694
33 1 698
33 72 633
33 72 654
33 72 673
33 72 674
33 72 675
33 72 676
33 72 687
33 72 689
33 72 690
33 72 691
33 72 692
33 72 693
33 72 698
33 36 639
33 36 643
33 36 658
33 36 673
33 36 674
33 36 675
33 36 676
33 36 679
33 36 689
33 36 694
33 59 659
33 59 662
33 68 752
33 68 757
33 68 761
33 68 762
33 68 763
33 68 771
33 68 772
33 68 776
33 68 777
33 68 783
33 68 787
33 68 791
33 68 792
33 68 793
33 68 794
33 68 795
33 68 796
33 68 797
33 68 798
33 68 799
33 68 800
33 68 801
33 68 802
33 68 803
33 68 804
33 68 805
33 68 806
33 68 807
33 68 808
33 68 809
33 68 810
33 68 811
33 68 812
33 68 813
33 68 814
33 68 815
33 68 816
1 72 634
1 72 636
1 72 639
1 72 641
1 72 642
1 72 646
1 72 649
1 72 650
1 72 652
1 72 653
1 72 654
1 72 677
1 72 682
1 72 683
1 72 688
1 72 689
1 72 693
1 72 694
1 72 698
1 125 635
1 125 641
1 125 643
1 125 647
1 125 658
1 125 659
1 125 660
1 125 661
1 125 662
1 125 665
1 125 666
1 125 667
1 125 669
1 125 675
1 125 680
1 125 681
1 125 685
1 125 689
1 125 690
1 125 692
1 125 693
1 125 694
1 125 697
1 125 698
1 37 636
1 37 644
1 37 653
1 37 655
1 37 656
1 37 659
1 37 676
1 37 678
1 37 679
1 37 681
72 125 637
72 125 638
72 125 644
72 125 645
72 125 646
72 125 675
72 125 677
72 125 679
72 125 681
72 125 687
72 125 689
72 125 698
72 37 639
72 37 664
72 37 666
72 37 667
72 37 669
72 37 670
72 37 671
72 37 672
72 37 673
72 37 674
72 37 675
125 36 642
125 36 643
125 36 668
125 36 680
125 36 681
125 36 695
125 110 711
125 110 718
125 110 722
125 110 729
125 110 732
125 110 733
125 110 734
125 110 737
125 110 742
125 110 743
125 110 747
125 110 768
125 110 774
125 110 778
125 110 788
125 110 790
125 110 802
125 110 803
125 110 811
125 110 812
125 110 814
125 110 822
125 110 823
125 110 824
125 110 826
125 110 827
125 110 828
125 110 831
125 110 832
125 2 732
37 59 659
37 86 1188
59 90 702
59 90 723
59 90 738
59 90 789
59 90 806
59 90 812
59 90 854
59 90 856
59 90 860
59 90 863
59 90 867
59 90 871
59 90 878
59 68 863
59 68 864
59 68 865
59 68 866
59 68 867
59 68 868
59 68 869
59 68 870
59 68 871
59 68 872
59 68 873
59 68 874
59 68 875
59 68 876
59 68 877
59 68 878
59 68 879
59 68 880
59 68 881
59 68 882
59 68 883
59 68 884
59 68 885
59 68 886
59 68 887
59 68 888
59 68 889
59 68 890
59 68 891
59 68 893
59 68 894
59 43 891
59 43 892
59 43 893
90 68 784
90 68 863
90 68 865
90 68 867
90 68 885
90 68 886
90 68 888
90 68 889
90 68 890
90 68 891
90 68 893
90 68 894
90 43 892
90 43 893
11 35 1021
11 35 1026
11 80 1034
11 80 1036
11 80 1037
11 80 1038
11 80 1040
11 80 1041
11 80 1043
11 80 1046
11 80 1051
11 80 1052
11 80 1061
11 80 1063
11 80 1067
11 80 1068
11 80 1080
11 80 1081
11 80 1082
11 80 1083
11 80 1085
11 80 1086
11 80 1092
11 80 1093
11 80 1094
11 80 1095
11 80 1096
11 80 1097
11 80 1099
11 91 1213
11 60 1213
11 60 1214
110 48 958
110 127 1071
110 65 1275
2 86 728
2 86 729
2 86 730
2 86 732
2 86 733
2 86 735
2 86 757
2 86 761
2 86 778
2 86 780
2 86 792
2 86 793
2 86 794
2 86 798
2 86 799
2 86 800
2 86 806
2 68 828
2 68 829
2 68 830
2 166 1087
2 35 1141
86 43 783
86 12 811
86 79 858
86 79 877
86 127 863
86 127 870
86 127 879
86 127 881
86 127 883
86 127 884
86 127 893
86 127 894
86 127 903
86 127 906
86 127 908
86 127 909
86 127 916
86 127 917
86 127 924
86 127 925
86 127 935
86 127 938
86 127 946
86 127 947
86 127 948
86 127 955
86 127 957
86 127 958
86 127 963
86 127 965
86 127 967
86 127 969
86 127 975
86 127 977
86 127 979
86 127 980
86 127 984
86 127 989
86 127 991
86 127 999
86 127 1007
86 127 1010
86 127 1015
86 127 1018
86 127 1020
86 127 1022
86 127 1023
86 127 1025
86 127 1026
86 127 1028
86 127 1030
86 127 1031
86 127 1032
86 127 1033
86 127 1036
86 127 1039
86 127 1046
86 127 1047
86 127 1050
86 127 1053
86 127 1058
86 127 1059
86 127 1061
86 127 1062
86 127 1064
86 127 1066
86 127 1069
86 127 1084
86 127 1086
86 127 1087
86 127 1089
86 127 1090
86 127 1091
86 127 1101
86 127 1147
86 127 1149
86 127 1151
86 127 1155
86 127 1157
86 127 1163
86 127 1172
86 127 1173
86 127 1175
86 127 1176
86 127 1178
86 127 1180
86 127 1181
86 127 1182
86 127 1183
86 127 1184
86 127 1186
86 127 1188
86 68 864
86 166 1071
86 34 1086
86 34 1087
126 68 864
126 12 876
126 79 877
68 79 794
68 79 795
68 34 829
68 165 830
68 80 849
68 91 907
48 80 873
48 91 910
48 91 915
48 91 916
48 91 917
48 91 918
48 91 922
48 91 926
48 91 928
48 91 930
48 91 933
48 91 934
48 91 937
48 91 938
48 91 939
48 91 940
48 91 941
48 91 942
48 91 943
48 91 945
48 91 946
48 91 954
48 91 964
48 91 965
48 91 973
48 166 1088
48 35 1127
43 69 1103
43 69 1143
43 69 1144
43 69 1145
43 69 1147
43 69 1148
43 69 1149
43 69 1150
43 69 1151
43 69 1153
43 69 1156
43 69 1157
43 69 1158
43 69 1164
43 69 1165
43 69 1166
43 69 1167
43 69 1168
43 69 1170
43 69 1172
43 69 1173
43 69 1175
43 69 1176
43 69 1179
43 69 1186
43 69 1189
43 69 1190
43 69 1191
43 69 1192
43 69 1199
43 69 1201
43 69 1204
43 69 1206
43 69 1209
43 69 1210
43 69 1212
43 69 1215
43 69 1217
43 69 1218
43 69 1219
43 69 1220
43 69 1222
43 69 1223
43 69 1227
43 69 1228
43 69 1231
43 69 1232
43 69 1234
43 69 1235
43 69 1236
43 69 1237
43 69 1241
43 69 1247
43 69 1249
43 69 1250
43 69 1251
43 69 1257
43 69 1258
43 69 1260
43 69 1261
43 35 1116
43 128 1177
12 64 853
12 64 862
12 81 1366
12 81 1377
12 81 1388
34 165 830
34 166 1063
34 166 1065
34 128 1085
34 128 1088
127 69 1176
127 60 1178
127 38 1188
91 81 1216
81 128 1134
81 53 1165
81 60 1214
35 87 1085
35 87 1088
35 92 1095
35 92 1096
35 65 1111
166 92 1144
166 92 1145
166 92 1147
128 87 1083
128 87 1085
128 87 1088
128 87 1102
128 87 1103
128 87 1104
128 87 1105
128 87 1106
128 87 1107
128 87 1108
128 87 1109
128 87 1110
128 87 1111
128 87 1112
128 87 1113
128 87 1114
128 87 1115
128 87 1116
128 87 1117
128 87 1118
128 87 1119
128 87 1120
128 87 1121
128 87 1124
128 87 1125
128 87 1126
128 87 1135
128 87 1136
128 87 1137
128 87 1156
128 87 1158
128 87 1164
128 87 1165
128 87 1166
128 87 1174
128 87 1177
128 87 1185
128 87 1187
128 87 1227
128 87 1228
128 87 1230
128 87 1231
128 87 1233
128 87 1234
128 87 1235
128 87 1236
128 87 1241
128 87 1242
128 87 1243
128 87 1245
128 87 1248
128 87 1250
128 87 1252
128 87 1255
128 87 1256
128 87 1257
128 87 1261
128 87 1262
128 87 1263
128 87 1265
128 87 1267
128 87 1270
128 87 1271
128 87 1274
128 87 1275
128 87 1276
128 87 1277
128 87 1278
128 87 1279
128 87 1283
128 87 1286
128 87 1291
128 87 1292
128 87 1296
128 87 1297
128 87 1298
128 87 1299
128 87 1300
128 87 1301
128 87 1302
128 87 1304
128 87 1305
128 87 1306
128 87 1311
128 87 1319
128 87 1320
128 87 1321
128 60 1174
128 60 1177
128 69 1242
87 60 1118
87 53 1256
87 53 1267
87 53 1279
92 69 1220
92 60 1221
69 60 1104
69 60 1105
69 60 1106
69 60 1108
69 60 1109
69 60 1116
69 60 1119
69 60 1120
69 60 1121
69 60 1122
69 60 1124
69 60 1125
69 60 1126
69 60 1127
69 60 1128
69 60 1129
69 60 1130
69 60 1131
69 60 1155
69 60 1156
69 60 1158
69 60 1159
69 60 1160
69 60 1164
69 60 1165
69 60 1166
69 60 1167
69 60 1168
69 60 1176
69 60 1177
69 60 1191
69 60 1192
69 60 1205
69 60 1212
69 60 1223
69 60 1225
69 60 1226
69 60 1227
69 60 1228
69 60 1232
69 60 1238
69 60 1239
69 60 1245
69 60 1246
69 60 1257
69 60 1259
69 60 1260
69 60 1261
69 53 1129
60 38 1131
60 53 1137
53 65 1107
53 65 1111
53 65 1112
53 65 1117
53 65 1273
65 105 1268
