11 159 0
11 159 2
11 159 3
11 159 4
11 159 5
11 159 6
11 159 7
11 159 9
11 159 18
11 159 20
11 159 22
11 159 23
11 159 24
11 159 26
11 159 27
11 159 89
11 159 90
11 159 92
11 159 93
11 81 5
11 81 6
11 144 5
11 144 6
11 139 25
11 139 26
11 110 81
11 110 85
11 79 84
11 79 88
11 79 89
11 89 366
11 89 404
11 89 413
11 89 417
11 163 380
11 163 393
11 163 418
11 14 401
11 14 406
11 14 407
11 14 408
11 14 422
11 152 410
11 77 411
11 181 412
11 66 446
11 66 447
11 106 455
11 106 516
11 90 497
11 90 498
11 90 499
11 90 500
11 90 508
11 90 509
11 90 510
11 90 511
11 90 513
11 90 514
11 90 515
11 90 518
11 90 526
11 90 535
11 90 539
11 90 540
11 90 546
11 90 556
11 90 575
11 90 576
11 90 587
11 90 588
11 90 592
11 90 593
11 90 596
11 9 499
11 126 500
11 91 505
11 84 507
11 109 507
11 109 578
11 175 537
11 118 541
11 112 596
159 151 4
159 47 259
159 47 261
159 47 262
159 47 263
159 47 267
159 47 268
159 47 269
159 47 273
159 47 275
159 47 276
159 47 277
159 47 283
159 47 284
159 47 285
159 47 288
159 47 289
159 47 290
159 47 295
159 47 296
159 47 297
159 47 304
159 47 306
159 47 307
159 47 308
159 47 314
159 47 330
159 47 332
159 47 334
159 47 335
159 47 336
159 47 354
159 47 356
159 47 357
159 47 358
159 47 364
159 47 365
159 47 369
159 47 370
159 47 375
159 47 377
159 47 383
159 47 509
159 178 262
159 127 262
159 179 428
159 179 433
159 179 434
159 179 435
159 179 436
159 179 437
159 179 440
159 179 441
159 179 442
159 179 446
159 75 431
159 122 462
159 122 463
166 10 1
166 10 8
166 10 10
166 10 13
166 10 14
166 10 19
166 10 21
166 10 28
166 10 29
166 10 30
166 10 31
166 10 32
166 10 33
166 10 34
166 10 35
166 10 36
166 10 37
166 10 38
166 10 39
166 10 40
166 10 41
166 10 42
166 10 46
166 10 47
166 10 61
166 10 64
166 10 67
166 10 71
166 10 84
166 10 86
166 10 91
166 81 5
166 81 6
166 81 46
166 144 5
166 144 6
166 144 11
166 31 630
10 151 4
10 83 10
10 83 47
10 175 739
10 175 740
10 132 743
10 132 746
10 132 753
10 132 754
10 132 768
10 132 769
10 132 770
10 132 771
10 132 772
10 132 773
10 132 777
10 116 759
151 81 59
151 81 64
151 81 65
151 81 78
151 81 79
151 81 80
151 81 81
151 81 87
151 81 95
151 81 96
151 81 97
151 81 98
151 81 99
151 81 100
151 108 1027
151 108 1028
151 108 1029
151 108 1031
151 108 1038
151 108 1039
151 108 1040
151 108 1042
151 108 1044
151 108 1045
151 108 1047
151 108 1048
151 108 1049
151 108 1050
151 108 1051
151 108 1052
151 108 1098
151 108 1099
151 108 1100
151 108 1105
151 108 1106
151 108 1107
151 108 1109
151 108 1119
151 108 1120
151 108 1121
151 32 1050
151 32 1051
151 32 1054
151 32 1055
151 32 1056
151 32 1070
151 34 1051
151 34 1053
151 34 1055
151 34 1056
151 34 1068
151 98 1082
151 98 1084
151 98 1085
151 98 1088
151 98 1089
151 131 1084
151 131 1085
151 131 1088
151 131 1093
151 68 1092
151 58 1095
151 162 1095
81 110 60
81 110 61
81 110 62
81 110 69
81 110 70
81 110 71
81 110 73
81 110 85
81 110 108
81 110 117
81 110 123
81 110 124
81 110 126
81 128 86
81 125 100
81 145 100
81 105 106
81 26 108
81 40 120
81 40 123
81 40 124
144 83 5
144 83 6
144 83 9
144 83 10
144 83 11
144 83 12
144 83 13
144 83 14
144 83 15
144 83 16
144 83 18
144 83 19
144 83 20
144 83 21
144 83 22
144 83 23
144 83 24
144 83 25
144 83 26
144 83 27
144 83 28
144 83 29
144 83 30
144 83 31
144 83 32
144 83 33
144 83 35
144 83 36
144 83 37
144 83 38
144 83 39
144 83 40
144 83 41
144 83 42
144 83 45
144 83 53
144 83 54
144 83 55
144 83 56
144 83 57
144 83 58
144 83 60
144 83 61
144 83 62
144 83 63
144 83 77
144 125 100
144 145 100
144 30 1181
144 30 1182
144 30 1183
144 30 1184
144 30 1185
144 30 1186
144 30 1187
144 30 1189
144 30 1190
144 30 1191
144 30 1192
144 30 1194
144 30 1195
144 30 1197
144 30 1200
144 30 1201
144 30 1202
144 30 1203
144 30 1204
144 30 1208
144 30 1209
144 30 1216
144 30 1217
144 30 1218
144 30 1219
144 30 1220
144 30 1221
144 30 1222
144 30 1223
144 30 1224
144 30 1225
144 30 1226
144 30 1228
144 30 1229
144 30 1230
144 30 1231
144 30 1233
144 30 1234
144 30 1235
144 30 1236
144 30 1237
144 30 1238
144 30 1240
144 30 1241
144 30 1242
144 30 1243
144 30 1244
144 30 1245
144 30 1246
144 30 1247
144 30 1248
144 30 1250
144 30 1251
144 30 1252
144 30 1253
144 30 1254
144 30 1255
144 30 1256
144 30 1257
144 30 1258
144 30 1259
144 30 1260
144 30 1261
144 30 1262
144 30 1269
144 30 1270
144 30 1271
144 30 1272
144 30 1273
144 30 1274
144 30 1275
144 30 1276
144 30 1277
144 30 1278
144 30 1279
144 30 1280
144 30 1281
144 30 1282
144 30 1283
144 30 1284
144 30 1285
144 30 1286
144 30 1287
144 30 1288
144 30 1289
144 30 1290
144 30 1291
144 30 1293
144 30 1294
144 30 1295
144 30 1296
144 30 1297
144 30 1298
144 30 1299
144 30 1300
144 30 1301
144 30 1302
144 126 1187
144 90 1190
144 90 1191
144 90 1192
144 90 1194
144 78 1202
144 55 1292
144 55 1293
144 59 1302
144 130 1302
83 141 638
83 141 639
83 160 639
117 79 12
117 79 13
117 79 14
117 79 18
117 79 19
117 79 23
117 79 25
117 79 26
117 79 27
117 79 28
117 79 29
117 79 30
117 79 31
117 79 32
117 79 33
117 79 34
117 79 36
117 79 37
117 79 38
117 79 39
117 79 40
117 79 41
117 79 42
117 79 43
117 79 44
117 79 48
117 79 50
117 79 52
117 79 63
117 79 64
117 79 65
117 79 66
117 79 67
117 79 83
117 79 97
117 79 107
117 79 110
117 79 115
117 79 116
117 79 118
117 79 119
117 79 125
117 84 507
117 78 518
117 78 524
117 41 531
117 41 535
117 41 537
117 41 557
117 41 558
117 41 559
117 41 560
117 41 561
117 41 562
117 41 563
117 41 564
117 41 565
117 41 566
117 171 531
117 171 532
79 40 66
79 40 71
79 2 108
79 114 914
79 114 918
79 114 919
79 114 920
79 114 924
79 114 925
79 114 926
79 114 927
79 114 933
79 114 936
79 114 938
79 114 940
79 114 948
79 114 950
79 114 951
79 114 952
79 114 953
79 114 954
79 114 955
79 114 957
79 114 997
79 114 999
79 104 916
79 104 917
79 104 918
79 104 920
79 104 921
79 104 922
79 104 925
79 104 926
79 104 929
79 104 934
79 104 937
79 104 945
79 104 948
79 104 999
79 104 1000
79 64 926
79 64 929
79 64 932
79 64 934
79 64 935
79 64 936
79 64 940
79 64 950
79 64 951
79 64 952
79 64 955
79 64 999
125 139 18
125 139 19
125 139 27
125 139 29
125 139 42
125 139 46
125 139 47
125 139 50
125 139 51
125 139 53
125 139 54
125 139 55
125 139 56
125 139 57
125 139 58
125 139 62
125 139 64
125 139 65
125 139 66
125 139 67
125 139 70
125 139 78
125 139 82
125 139 93
125 139 100
125 139 101
125 23 574
125 23 575
125 23 576
125 23 578
125 23 579
125 23 581
125 23 585
125 23 589
125 23 590
125 23 591
125 23 592
125 23 593
125 23 595
125 23 603
125 23 606
125 23 612
125 23 614
125 23 615
125 23 619
125 23 624
125 23 625
125 23 626
125 23 627
125 23 628
125 23 642
125 23 652
125 23 655
125 101 579
125 101 606
125 101 612
125 101 614
125 101 615
125 49 580
125 49 588
125 49 589
125 49 608
125 49 610
125 49 611
125 49 624
125 49 628
125 49 660
125 49 663
125 49 677
125 49 678
125 49 679
125 49 682
125 49 685
125 49 686
125 49 712
125 49 723
125 49 737
125 49 741
125 49 748
125 49 750
125 49 754
125 49 755
125 49 764
125 49 765
125 49 784
125 49 786
125 49 789
125 49 790
125 49 791
125 49 796
125 49 797
125 138 581
125 138 624
125 138 632
125 138 635
125 138 655
125 138 663
125 138 672
125 138 674
125 138 677
125 138 678
125 138 692
125 138 694
125 138 697
125 138 700
125 138 701
125 138 702
125 138 703
125 138 705
125 138 706
125 138 707
125 138 713
125 138 715
125 138 716
125 138 721
125 138 726
125 138 727
125 138 728
125 138 730
125 138 731
125 138 732
125 138 733
125 138 734
125 138 735
125 138 736
125 138 737
125 138 779
125 138 782
125 138 786
125 138 793
125 138 794
125 138 798
125 0 581
125 0 588
125 0 589
125 0 610
125 0 611
125 0 658
125 0 796
125 0 797
125 90 584
125 59 589
125 59 593
125 59 594
125 59 595
125 59 600
125 59 603
125 59 607
125 59 632
125 59 635
125 59 658
125 59 660
125 59 661
125 59 662
125 59 663
125 59 665
125 59 671
125 59 687
125 59 688
125 59 689
125 59 691
125 59 696
125 59 703
125 59 704
125 59 706
125 59 707
125 59 711
125 59 716
125 59 721
125 59 722
125 59 723
125 59 724
125 59 725
125 59 726
125 59 727
125 59 728
125 59 729
125 59 730
125 59 767
125 59 770
125 59 771
125 59 772
125 59 773
125 59 774
125 59 783
125 59 784
125 59 790
125 59 791
125 59 792
125 59 793
125 59 795
125 59 796
125 59 797
125 112 593
125 160 606
125 160 607
125 109 608
125 63 660
125 63 661
125 119 661
125 28 696
125 20 720
125 20 731
125 20 734
125 20 735
125 20 736
125 20 746
125 20 757
125 169 730
125 4 787
125 165 787
139 36 975
139 36 977
139 36 983
139 36 985
139 36 986
139 36 987
139 36 988
139 36 990
139 143 980
139 143 984
139 143 990
139 38 984
139 38 986
139 38 987
139 38 990
19 164 50
19 164 51
19 164 55
19 164 56
19 164 58
19 164 61
19 164 63
19 164 64
19 164 65
19 164 66
19 164 71
19 164 72
19 164 73
19 164 74
19 164 81
19 164 88
19 164 89
19 164 90
19 164 91
19 164 95
19 164 97
19 164 98
19 164 99
19 164 100
19 164 102
19 164 103
19 164 104
19 164 105
19 164 106
19 164 107
19 164 108
19 164 109
19 164 112
19 164 114
19 164 116
19 164 118
19 164 119
19 164 120
19 164 121
19 164 122
19 164 124
19 164 126
19 164 127
19 164 128
19 164 130
19 164 131
19 164 132
19 164 133
19 164 135
19 164 136
19 164 137
19 164 139
19 164 140
19 164 141
19 164 146
19 164 147
19 164 150
19 164 154
19 164 156
19 164 160
19 164 164
19 164 165
19 164 188
19 164 189
19 164 190
19 164 192
19 164 195
19 164 196
19 164 197
19 164 198
19 40 61
19 40 62
19 40 67
19 26 112
19 26 118
19 123 115
19 123 116
19 173 159
19 148 391
19 181 391
19 181 392
19 181 393
19 181 396
19 181 398
19 181 401
19 181 404
19 181 405
19 181 408
19 181 414
19 181 416
19 181 418
19 181 423
19 181 425
19 181 427
19 181 428
19 181 429
19 181 430
19 181 431
19 181 432
19 181 433
19 181 434
19 172 396
19 12 400
19 77 419
19 14 422
19 106 428
164 128 115
164 100 688
164 100 712
164 31 699
164 31 700
164 48 708
164 132 746
110 25 108
110 69 109
110 40 120
110 63 767
110 63 768
110 63 770
110 63 773
110 63 774
110 63 775
110 63 778
110 63 787
110 63 790
110 63 796
110 63 805
110 63 807
110 63 809
110 63 810
110 63 814
110 63 820
110 63 821
110 63 822
110 63 824
110 63 825
110 63 828
110 63 830
110 63 833
110 63 837
110 63 840
110 63 850
110 63 851
110 53 768
110 53 770
110 53 773
110 53 775
110 113 778
110 113 790
110 154 813
40 18 65
40 26 127
40 26 159
40 2 139
40 8 204
40 6 268
40 104 270
40 104 271
40 42 271
145 120 63
145 148 464
145 148 510
120 132 760
120 9 761
120 9 766
120 63 778
120 103 780
120 103 788
120 103 789
120 154 817
18 2 112
18 2 114
18 2 115
18 2 122
18 61 119
18 113 119
18 13 197
18 72 1128
18 72 1129
18 72 1131
18 72 1132
18 72 1134
18 72 1135
18 72 1136
18 72 1137
18 72 1139
18 72 1140
18 72 1141
18 72 1142
18 72 1143
18 72 1144
18 72 1145
18 72 1148
18 72 1149
18 72 1150
18 72 1151
18 72 1152
18 72 1153
18 72 1157
18 72 1158
18 72 1159
18 72 1160
18 72 1161
18 72 1164
18 72 1165
18 72 1166
18 72 1167
18 72 1169
18 72 1170
18 72 1171
18 72 1172
18 72 1173
18 72 1174
18 72 1175
18 72 1177
18 72 1178
18 72 1180
18 72 1181
18 72 1182
18 72 1183
18 72 1187
18 72 1189
2 68 76
2 68 77
2 68 78
2 68 81
2 68 82
2 68 83
2 68 84
2 68 86
2 68 87
2 68 89
2 68 91
2 68 93
2 68 94
2 68 96
2 68 97
2 68 98
2 68 101
2 68 102
2 68 103
2 68 104
2 68 115
2 68 116
2 68 117
2 68 118
2 68 125
2 68 131
2 68 132
2 68 133
2 68 134
2 68 139
2 68 140
2 68 142
2 68 145
2 68 146
2 68 148
2 68 150
2 68 151
2 68 152
2 68 153
2 68 155
2 68 156
2 68 157
2 68 158
2 68 159
2 68 160
2 68 161
2 68 162
2 68 163
2 68 164
2 68 166
2 68 167
2 68 168
2 123 77
2 123 80
2 123 81
2 123 82
2 123 84
2 123 85
2 123 86
2 123 87
2 123 88
2 123 89
2 123 94
2 123 95
2 123 112
2 123 114
2 123 115
2 123 117
2 123 118
2 123 122
2 123 133
2 123 134
2 123 135
2 123 136
2 123 137
2 123 138
2 123 139
2 123 140
2 123 142
2 123 143
2 123 144
2 123 145
2 123 146
2 123 155
2 123 156
2 123 158
2 123 159
2 123 160
2 123 161
2 123 162
2 123 168
2 26 79
2 26 82
2 26 83
2 26 86
2 26 94
2 26 96
2 26 97
2 26 98
2 26 100
2 26 101
2 26 102
2 26 103
2 26 104
2 26 105
2 26 106
2 26 111
2 26 112
2 26 115
2 26 116
2 26 118
2 26 119
2 26 121
2 26 125
2 26 155
2 26 159
2 26 161
2 26 162
2 26 163
2 26 167
2 26 168
2 26 169
2 51 1078
2 51 1084
2 51 1085
2 51 1088
2 51 1089
2 51 1092
2 51 1094
2 51 1095
2 51 1096
2 51 1097
2 51 1098
2 51 1099
2 51 1101
2 51 1103
2 51 1104
2 51 1105
2 51 1106
68 128 76
68 126 1005
68 126 1006
68 126 1008
68 126 1009
68 126 1010
68 126 1011
68 126 1012
68 126 1030
68 126 1037
68 126 1045
68 126 1048
68 126 1050
68 126 1051
68 126 1053
68 126 1072
68 126 1074
68 126 1087
68 126 1090
68 126 1091
68 126 1092
68 126 1093
68 126 1094
68 126 1097
68 126 1098
68 126 1102
68 126 1105
68 126 1106
68 126 1107
68 126 1108
68 126 1109
68 126 1110
68 126 1111
68 126 1112
68 126 1113
68 126 1114
68 126 1115
68 126 1118
68 126 1119
68 126 1120
68 126 1129
68 126 1130
68 126 1131
68 126 1138
68 126 1143
68 126 1144
68 126 1145
68 126 1146
68 126 1147
68 126 1148
68 126 1153
68 126 1154
68 126 1155
68 126 1156
68 126 1166
68 126 1167
68 126 1168
68 126 1169
68 126 1171
68 126 1172
68 126 1173
68 126 1174
68 126 1177
68 126 1178
68 126 1179
68 126 1180
68 126 1181
68 126 1182
68 126 1184
68 126 1185
68 126 1186
68 126 1204
68 126 1206
68 126 1207
68 126 1208
68 126 1209
68 126 1210
68 126 1211
68 90 1005
68 90 1006
68 90 1007
68 90 1008
68 90 1012
68 90 1013
68 90 1016
68 90 1017
68 90 1030
68 90 1039
68 90 1040
68 90 1041
68 90 1042
68 90 1043
68 90 1092
68 90 1093
68 90 1097
68 90 1106
68 90 1107
68 90 1108
68 90 1109
68 90 1110
68 90 1111
68 90 1112
68 90 1113
68 90 1114
68 90 1115
68 90 1118
68 90 1119
68 90 1120
68 90 1124
68 90 1125
68 90 1126
68 90 1127
68 90 1128
68 90 1129
68 90 1130
68 90 1131
68 90 1132
68 90 1133
68 90 1134
68 90 1135
68 90 1136
68 90 1137
68 90 1143
68 90 1144
68 90 1145
68 90 1146
68 90 1147
68 90 1148
68 90 1149
68 90 1150
68 90 1151
68 90 1152
68 90 1153
68 90 1154
68 90 1155
68 90 1156
68 90 1157
68 90 1158
68 90 1161
68 90 1162
68 90 1163
68 90 1165
68 90 1166
68 90 1167
68 90 1168
68 90 1169
68 90 1170
68 90 1171
68 90 1172
68 90 1173
68 90 1174
68 90 1175
68 90 1177
68 90 1178
68 90 1181
68 90 1182
68 90 1183
68 90 1184
68 90 1186
68 90 1187
68 90 1188
68 90 1189
68 90 1198
68 90 1203
68 90 1204
68 90 1211
68 134 1030
68 134 1053
68 54 1041
68 155 1041
68 24 1053
68 38 1076
68 22 1078
68 30 1187
68 46 1189
68 78 1189
68 78 1190
68 78 1192
68 78 1193
68 78 1195
68 78 1198
68 78 1202
68 3 1200
68 3 1203
68 50 1204
128 26 79
128 26 82
128 26 83
128 26 119
128 26 120
128 26 161
128 26 162
128 26 168
128 26 169
128 7 399
128 70 401
128 152 414
128 156 414
128 12 422
128 62 430
128 62 431
128 62 433
128 62 434
128 62 435
123 69 77
123 69 81
123 69 82
123 69 83
123 69 84
123 69 86
123 69 87
123 69 89
123 69 91
123 69 92
123 69 95
123 69 96
123 69 101
123 69 107
123 69 108
123 69 109
123 69 110
123 69 111
123 69 113
123 69 114
123 69 115
123 69 123
123 69 131
123 69 133
123 69 135
123 69 136
123 69 139
123 69 140
123 69 155
123 69 156
123 69 159
123 69 160
123 69 161
123 69 162
123 69 163
123 69 164
123 69 168
123 89 662
123 89 667
123 89 668
123 89 669
123 89 671
123 89 674
123 89 675
123 89 677
123 89 679
123 89 683
123 89 684
123 89 686
123 89 704
123 89 705
123 89 706
123 89 707
123 89 708
123 89 723
123 89 726
123 89 734
123 89 735
123 89 738
123 89 739
123 89 743
123 89 746
123 89 752
123 89 754
123 89 757
123 162 662
123 162 664
123 162 667
123 162 671
123 162 674
123 162 675
123 162 677
123 162 679
123 162 681
123 162 683
123 162 684
123 162 686
123 162 704
123 162 705
123 162 706
123 162 707
123 162 708
123 162 723
123 162 726
123 162 734
123 162 735
123 162 739
123 162 743
123 162 746
123 162 748
123 162 752
123 162 754
123 162 757
123 100 752
123 100 753
123 66 761
123 66 764
123 66 767
69 26 79
69 26 82
69 26 83
69 26 84
69 26 85
69 26 87
69 26 95
69 26 97
69 26 101
69 26 102
69 26 103
69 26 105
69 26 106
69 26 116
69 26 130
69 26 132
69 26 133
69 26 140
69 26 141
69 26 142
69 26 147
69 26 148
69 26 151
69 26 152
69 26 157
69 26 159
69 26 160
69 26 161
69 26 162
69 26 163
69 26 166
69 26 168
69 105 92
69 105 93
69 35 399
69 35 400
69 35 403
69 35 404
69 35 406
69 35 416
69 35 417
69 35 428
69 35 431
69 35 462
69 35 474
69 35 477
69 35 482
69 35 489
69 35 493
69 35 499
69 35 516
69 35 519
69 35 523
69 35 524
69 35 525
69 35 526
69 35 527
69 35 531
69 35 532
69 35 539
69 35 540
69 35 542
69 35 544
69 35 545
69 35 549
69 35 555
69 35 557
69 35 562
69 35 563
69 35 564
69 35 566
69 35 567
69 35 568
69 35 570
69 35 571
69 35 572
69 35 573
69 35 575
69 35 576
69 35 578
69 35 579
69 35 580
69 35 582
69 35 583
69 35 586
69 35 589
69 35 590
69 35 592
69 133 402
69 42 415
69 42 421
69 42 482
69 42 489
69 42 495
69 42 502
69 42 503
69 42 549
69 42 551
69 42 552
69 42 553
69 42 555
69 42 562
69 42 564
69 42 566
69 42 580
69 42 595
69 42 596
69 77 457
69 148 480
69 163 509
69 15 536
69 15 537
69 171 543
26 113 118
26 155 1085
26 32 1087
26 73 1107
26 73 1108
26 73 1114
26 59 1108
61 105 86
61 105 97
61 105 101
61 105 105
61 105 107
61 105 109
61 105 110
61 105 111
61 105 114
61 105 115
61 105 116
61 105 118
61 105 119
61 105 127
61 147 86
61 147 87
61 147 88
61 147 90
61 147 93
61 147 94
61 147 95
61 147 97
61 147 98
61 147 99
61 147 103
61 147 104
61 147 107
61 147 115
61 147 120
61 147 122
61 147 124
61 147 125
61 147 127
61 147 134
61 45 420
61 45 421
61 45 422
61 45 423
61 45 424
61 45 426
61 45 427
61 45 428
61 45 429
61 45 430
61 45 432
61 45 433
61 45 438
61 45 439
61 45 440
61 45 441
61 45 442
61 45 443
61 45 444
61 45 445
61 45 446
61 45 448
61 45 449
61 45 450
61 45 451
61 45 454
61 45 455
61 45 456
61 45 457
61 45 458
61 45 459
61 45 460
61 45 462
61 45 463
61 45 464
61 45 465
61 45 466
61 45 467
61 45 468
61 45 469
61 45 470
61 45 471
61 45 480
61 45 481
61 45 482
61 45 483
61 45 484
61 45 487
61 45 488
61 45 489
61 45 490
61 45 491
61 45 492
61 45 493
61 45 494
61 45 495
61 45 496
61 45 497
61 45 498
61 45 499
61 45 501
61 45 502
61 45 503
61 45 504
61 45 505
61 45 506
61 133 432
61 106 439
61 106 440
61 148 460
61 48 465
61 153 483
105 115 226
105 12 235
105 12 257
105 178 264
105 178 267
105 178 268
105 178 269
105 178 270
105 178 272
105 178 275
105 178 276
105 178 278
105 178 279
105 178 283
105 178 284
105 178 285
105 178 286
105 178 287
105 178 289
105 178 291
147 113 91
147 113 93
147 113 96
147 113 103
147 113 107
147 113 110
147 113 112
147 113 113
147 113 114
147 113 115
147 113 123
147 113 124
147 113 133
147 113 134
147 88 141
147 88 142
147 88 143
147 88 144
147 88 146
147 88 149
147 88 150
147 88 154
147 88 156
147 88 159
147 88 161
147 88 163
147 88 169
147 88 170
147 88 171
147 88 172
147 88 177
147 88 178
147 88 180
147 88 181
147 88 186
147 88 188
147 88 189
147 88 190
147 88 191
147 27 190
113 60 93
113 60 96
113 60 98
113 60 102
113 60 103
113 60 104
113 60 106
113 60 108
113 60 112
113 60 113
113 60 117
113 60 122
113 60 123
113 60 124
113 60 126
113 60 128
113 60 129
113 60 131
113 60 132
113 60 133
113 60 134
113 165 779
113 165 785
113 165 786
113 130 787
113 55 789
113 64 806
60 25 93
60 130 1073
60 130 1074
60 130 1104
60 130 1107
60 130 1115
60 130 1296
60 130 1302
60 73 1105
60 73 1108
60 73 1109
25 47 1227
25 47 1228
25 52 1227
25 52 1228
25 80 1228
88 8 172
88 8 186
88 98 203
88 92 306
8 118 144
8 118 145
8 118 146
8 118 148
8 118 149
8 118 150
8 118 151
8 118 152
8 118 153
8 118 154
8 118 155
8 118 157
8 118 158
8 118 159
8 118 160
8 118 161
8 118 162
8 118 163
8 118 165
8 118 166
8 118 167
8 118 168
8 118 169
8 118 171
8 118 172
8 118 173
8 118 175
8 118 176
8 118 177
8 118 178
8 118 179
8 118 180
8 118 181
8 118 182
8 118 183
8 118 184
8 118 185
8 118 186
8 118 187
8 118 190
8 118 191
8 118 192
8 118 194
8 118 195
8 118 196
8 118 197
8 118 198
8 118 199
8 118 200
8 118 201
8 118 202
8 118 203
8 118 204
8 118 205
8 118 206
8 118 207
8 118 208
8 118 209
8 118 210
8 118 211
8 118 212
8 118 213
8 118 215
8 118 531
8 141 171
8 141 186
8 3 499
8 3 508
8 3 509
8 126 499
8 126 501
8 126 508
8 126 514
8 84 500
8 91 500
8 91 501
8 91 517
8 91 519
8 91 520
8 91 530
8 91 532
8 91 535
8 91 536
8 171 500
8 171 506
8 171 508
8 171 528
8 109 502
8 109 503
8 109 504
8 109 507
8 109 508
8 109 531
8 109 535
8 109 539
8 53 507
8 168 507
8 168 509
8 168 517
8 168 519
8 168 520
8 168 525
8 168 544
8 124 509
8 124 522
8 124 541
8 78 518
8 146 520
8 146 537
8 15 522
8 15 525
8 35 543
8 35 548
8 41 546
8 41 552
8 41 553
118 95 186
118 34 505
118 34 506
118 34 507
118 34 508
118 34 509
118 34 510
118 34 514
118 34 523
118 34 525
118 34 527
118 34 529
118 34 531
118 34 534
118 14 517
118 37 518
118 37 525
118 37 537
118 37 541
118 37 546
118 37 547
118 37 553
118 37 555
118 37 556
118 37 557
118 179 519
118 124 527
118 76 537
118 76 553
118 76 555
118 76 563
173 35 601
141 180 190
141 153 629
141 153 638
180 27 182
180 27 184
180 27 185
180 27 187
180 27 188
180 27 189
180 27 190
180 27 192
180 27 193
180 27 194
180 27 195
180 27 196
180 27 197
180 27 198
180 27 199
180 27 200
180 27 201
180 27 203
180 27 205
180 27 206
180 27 207
180 27 208
180 27 209
180 27 210
180 27 211
180 27 212
180 27 213
180 27 214
180 27 216
180 27 217
180 27 218
180 27 220
180 27 228
180 27 230
180 27 231
180 27 232
180 27 233
180 27 234
180 27 235
180 27 236
180 27 237
180 27 238
180 27 239
180 27 240
180 27 241
180 27 242
180 27 243
180 27 244
180 27 245
180 27 247
180 27 248
180 27 253
180 27 258
180 27 259
27 59 1302
27 130 1302
95 4 785
95 4 786
95 4 787
95 4 795
95 4 797
95 4 799
95 4 800
95 4 801
95 4 802
95 4 803
95 4 804
95 4 805
95 4 806
95 4 807
95 4 808
95 4 809
95 4 810
95 4 811
95 4 814
95 4 817
95 4 818
95 4 819
95 4 820
95 4 821
95 4 822
95 4 827
95 4 828
95 4 829
95 4 832
95 4 833
95 4 834
95 4 845
95 4 846
95 4 847
95 4 848
95 4 849
95 4 850
95 4 851
95 4 852
95 4 853
95 4 854
95 4 855
95 4 856
95 4 857
95 4 858
95 4 859
95 4 860
95 4 861
95 4 862
95 4 865
95 4 869
95 4 872
95 4 887
95 4 888
95 4 889
95 4 890
95 4 891
95 4 892
95 4 893
95 4 894
95 4 895
95 4 896
95 4 897
95 4 898
95 4 899
95 4 900
95 4 901
95 4 902
95 4 903
95 4 904
95 4 905
95 4 906
95 4 907
95 4 908
95 4 909
95 4 910
95 4 911
95 4 912
95 4 913
95 4 914
95 4 915
95 4 916
95 4 917
95 4 918
95 4 919
95 4 920
95 4 921
95 4 922
95 4 923
95 4 924
95 4 925
95 4 926
95 4 927
95 4 928
95 4 929
95 4 930
13 98 230
13 98 245
13 98 246
13 98 247
13 98 259
13 98 260
13 89 315
13 89 317
13 89 337
13 89 339
13 89 340
13 89 341
13 89 347
13 89 348
13 89 357
13 89 364
13 89 393
13 89 394
13 89 395
13 89 402
13 89 416
13 89 417
13 89 427
13 89 430
13 89 433
13 89 436
13 89 437
13 89 438
13 89 439
13 89 440
13 89 451
13 89 468
13 89 469
13 89 471
13 89 472
13 100 317
13 100 318
13 100 320
13 100 331
13 100 332
13 100 338
13 100 340
13 100 341
13 100 344
13 100 345
13 100 347
13 100 349
13 100 357
13 100 359
13 100 361
13 100 362
13 100 374
13 100 375
13 100 393
13 100 394
13 100 395
13 100 413
13 100 416
13 100 417
13 100 430
13 100 445
13 100 447
13 100 449
13 100 451
13 100 453
13 100 457
13 100 460
13 100 463
13 100 467
13 100 470
13 100 471
13 100 472
13 6 338
13 12 367
13 12 368
13 12 374
13 12 377
13 12 378
13 12 410
13 12 411
13 12 417
13 152 409
13 77 417
13 148 430
13 178 430
98 184 265
98 184 271
98 184 282
98 184 288
98 132 266
98 126 1005
98 126 1006
98 126 1008
98 126 1009
98 126 1010
98 126 1011
98 126 1012
98 126 1018
98 126 1030
98 126 1031
98 126 1041
98 126 1043
98 126 1051
98 126 1053
98 126 1059
98 126 1060
98 126 1066
98 126 1072
98 126 1074
98 126 1078
98 126 1079
98 126 1080
98 126 1083
98 126 1084
98 126 1086
98 126 1087
98 126 1088
98 126 1089
98 126 1090
98 126 1091
98 126 1092
98 126 1093
98 126 1094
98 126 1095
98 126 1096
98 126 1097
98 126 1098
98 126 1099
98 126 1100
98 126 1101
98 126 1102
98 126 1105
98 126 1106
98 126 1107
98 126 1109
98 126 1110
98 126 1111
98 126 1112
98 126 1113
98 126 1114
98 126 1115
98 126 1116
98 126 1117
98 126 1118
98 126 1119
98 126 1120
98 126 1126
98 126 1128
98 126 1129
98 126 1130
98 126 1131
98 126 1132
98 126 1133
98 126 1134
98 126 1135
98 126 1136
98 126 1137
98 126 1138
98 126 1139
98 126 1141
98 126 1143
98 126 1144
98 126 1145
98 126 1146
98 126 1147
98 126 1148
98 126 1149
98 126 1150
98 126 1151
98 126 1152
98 126 1153
98 126 1154
98 126 1155
98 126 1156
98 126 1157
98 126 1158
98 126 1159
98 126 1162
98 126 1163
98 126 1164
98 126 1166
98 126 1167
98 126 1168
98 126 1169
98 126 1171
98 126 1172
98 126 1173
98 126 1174
98 126 1176
98 126 1177
98 126 1178
98 126 1181
98 126 1182
98 126 1184
98 126 1185
98 126 1186
98 126 1188
98 126 1198
98 126 1203
98 126 1204
98 126 1210
98 126 1211
98 24 1061
98 24 1062
98 67 1066
98 67 1073
98 67 1074
98 67 1086
98 67 1098
98 67 1102
98 36 1076
98 38 1076
98 22 1078
98 101 1091
98 30 1187
98 30 1190
98 30 1191
98 30 1192
98 30 1194
98 30 1198
98 3 1204
115 6 287
115 6 295
115 6 296
115 6 299
115 6 300
115 6 303
115 6 305
115 6 306
115 6 307
115 6 312
115 6 313
115 6 314
115 6 317
115 6 320
115 6 321
115 6 322
115 6 323
115 6 325
115 62 631
115 62 633
115 62 634
115 62 635
115 62 647
115 62 651
115 62 652
115 62 683
115 62 686
115 112 633
115 112 634
115 112 635
115 112 636
115 112 638
115 112 639
115 112 640
115 112 646
115 112 655
115 112 665
115 112 666
115 112 686
12 47 308
12 179 380
12 122 438
12 34 513
12 131 584
48 152 255
48 152 256
48 152 257
48 152 258
48 152 260
48 152 265
48 152 266
48 152 272
48 152 274
48 152 279
48 152 280
48 152 281
48 152 286
48 152 292
48 152 293
48 152 305
48 152 309
48 152 310
48 152 311
48 152 312
48 152 315
48 152 316
48 152 317
48 152 318
48 152 319
48 152 320
48 152 321
48 152 322
48 152 324
48 152 325
48 152 326
48 152 327
48 152 328
48 152 329
48 152 331
48 152 333
48 152 340
48 152 342
48 152 361
48 152 362
48 152 363
48 152 378
48 152 379
48 152 380
48 152 381
48 152 382
48 152 384
48 152 387
48 152 393
48 152 394
48 152 398
48 152 401
48 152 402
48 152 404
48 152 405
48 152 406
48 152 407
48 152 412
48 152 419
48 152 422
48 152 423
48 152 426
48 152 427
48 152 428
48 152 429
48 152 430
48 152 433
48 152 434
48 152 435
48 152 436
48 152 437
48 152 438
48 152 439
48 152 440
48 152 441
48 152 446
48 152 447
48 152 457
48 152 461
48 152 462
48 152 463
48 152 464
48 152 465
48 152 467
48 152 468
48 152 470
48 152 471
48 152 474
48 152 477
48 152 478
48 152 481
48 152 482
48 152 491
48 152 492
48 152 508
48 152 520
48 152 521
48 152 522
48 152 523
48 152 524
48 152 525
48 152 527
48 152 528
48 152 529
48 152 531
48 127 267
48 179 428
48 179 433
48 179 434
48 179 435
48 179 436
48 179 437
48 179 438
48 179 439
48 179 440
48 179 441
48 179 445
48 179 446
48 122 463
48 153 581
48 138 595
48 138 598
48 101 625
48 101 626
48 101 635
48 101 636
48 130 629
48 130 676
152 167 330
152 76 335
152 149 357
152 149 358
152 149 359
152 149 360
152 149 361
152 149 362
152 149 363
152 149 366
152 149 367
152 149 368
152 149 369
152 149 370
152 149 371
152 149 372
152 149 373
152 149 374
152 149 381
152 149 382
152 149 383
152 149 384
152 149 385
152 149 386
152 149 387
152 149 388
152 149 389
152 149 391
152 149 392
152 149 393
152 149 394
152 149 395
152 149 397
152 149 398
152 149 400
152 149 401
152 149 402
152 149 411
152 149 413
152 149 414
152 149 415
152 149 416
152 149 417
152 149 418
152 149 419
152 149 420
152 149 422
152 149 423
152 149 424
152 149 426
152 149 427
152 149 428
152 149 429
152 149 430
152 149 431
152 149 432
152 149 434
152 149 435
152 149 438
152 149 440
152 149 441
152 43 392
152 7 396
152 47 429
152 153 467
132 178 257
132 178 278
132 178 305
132 178 313
132 178 333
132 178 335
132 178 336
132 74 348
132 74 350
132 74 364
132 74 374
132 74 377
132 64 762
132 55 766
132 55 769
132 157 769
178 76 333
184 127 258
184 127 261
184 127 262
184 127 263
184 127 271
184 127 277
184 127 279
184 127 282
184 127 283
184 127 284
184 127 285
184 127 288
184 127 292
184 127 293
184 127 294
184 127 296
184 127 297
184 127 298
184 127 300
184 127 301
184 127 306
184 127 307
184 127 308
184 127 314
184 127 316
184 127 317
184 127 318
184 127 319
184 127 320
184 127 321
184 127 323
184 127 324
184 127 325
184 127 326
184 127 327
184 127 328
184 127 330
184 127 334
127 97 309
127 171 310
127 171 312
127 171 335
127 171 341
127 171 344
127 171 345
127 171 353
127 171 360
127 167 320
127 74 335
127 76 346
127 76 347
127 76 361
127 76 367
127 76 376
127 124 568
47 6 336
47 106 492
47 106 493
47 106 494
47 106 507
47 106 508
47 126 1190
47 78 1190
47 78 1206
47 78 1207
47 78 1216
47 78 1221
47 78 1224
47 78 1225
47 78 1226
47 78 1227
47 78 1228
47 78 1229
47 78 1230
47 78 1231
47 78 1236
47 78 1240
47 78 1242
47 78 1245
47 78 1246
47 67 1190
47 30 1198
47 3 1214
176 122 267
176 122 275
176 122 309
176 122 311
176 122 313
176 122 314
176 122 315
176 122 316
176 122 317
176 122 318
176 122 319
176 122 320
176 122 321
176 122 322
176 122 323
176 122 329
176 122 332
176 122 333
176 122 334
176 122 336
176 122 346
176 122 347
176 122 349
176 122 357
176 122 362
176 122 393
176 122 394
176 122 435
176 122 436
176 122 437
176 122 438
176 122 444
176 122 445
176 122 446
176 122 451
176 122 452
176 122 454
176 122 455
176 122 456
176 122 465
176 122 471
176 122 475
176 122 478
176 122 479
176 122 485
176 122 488
176 122 491
176 122 492
176 122 495
176 122 498
176 122 501
176 122 502
176 122 503
176 122 504
176 122 505
176 122 506
176 122 507
176 122 508
176 122 509
176 122 512
176 122 514
176 122 515
176 122 526
176 122 527
176 122 528
176 122 545
176 97 267
176 97 275
176 6 326
176 172 396
176 14 400
176 163 408
176 77 411
122 104 274
122 104 275
122 104 279
122 104 280
122 104 302
122 104 311
122 104 312
122 104 313
122 104 315
122 104 322
122 104 325
122 104 326
122 6 298
122 6 304
122 6 310
122 6 316
122 6 318
122 6 319
122 6 324
122 6 325
122 66 308
122 167 330
122 7 394
122 181 396
122 45 466
122 62 466
122 41 553
122 41 554
122 41 555
122 41 556
122 41 557
122 41 558
122 41 559
122 41 560
122 41 561
122 41 562
122 41 563
122 41 564
122 41 565
122 41 566
122 41 567
122 41 568
122 41 569
122 9 553
122 124 556
122 124 557
122 124 558
122 124 559
122 124 560
122 124 561
122 124 562
122 124 563
122 124 564
122 124 565
122 124 566
122 175 568
122 126 568
122 126 569
97 82 277
97 82 328
97 82 329
97 43 328
97 43 329
97 116 659
97 116 660
97 116 661
97 116 663
97 116 665
97 116 672
97 116 676
97 116 678
97 116 680
97 116 682
97 116 685
97 116 687
97 116 689
97 116 690
97 116 691
97 116 692
97 116 693
97 116 694
97 116 695
97 116 696
97 116 697
97 116 698
97 116 700
97 116 701
97 116 702
97 116 703
97 116 724
97 116 725
97 116 730
97 116 731
97 116 732
97 116 733
97 116 736
97 116 737
97 116 740
97 116 741
97 116 742
97 116 744
97 116 745
97 116 747
97 116 749
97 116 753
97 116 755
97 116 756
97 116 758
97 116 761
97 116 762
97 116 763
97 116 764
97 116 765
97 116 766
97 116 767
97 116 768
97 116 769
97 133 730
97 66 761
97 66 762
97 66 764
97 66 765
97 66 766
97 66 768
97 66 769
97 167 761
97 167 762
97 167 763
97 167 764
97 167 765
97 167 766
97 167 767
97 167 768
97 167 769
6 93 338
82 42 270
82 42 271
82 42 272
82 42 273
82 42 274
82 42 275
82 42 276
82 42 277
82 42 278
82 42 280
82 42 290
82 42 292
82 42 295
82 42 297
82 42 300
82 42 310
82 42 316
82 42 317
82 42 319
82 42 320
82 42 324
82 42 325
82 42 327
82 42 328
82 42 329
82 160 320
82 160 321
82 53 501
82 53 516
82 168 504
82 146 514
82 45 516
42 104 277
42 119 415
42 119 432
42 119 445
42 119 462
42 119 479
42 119 482
42 119 485
42 119 499
42 119 500
42 119 503
42 119 504
42 119 506
42 119 507
42 119 519
42 119 532
42 119 542
42 119 545
42 119 549
42 119 552
42 119 562
42 119 563
42 119 565
42 119 566
42 119 581
42 119 582
42 119 583
42 119 584
42 119 591
42 119 594
42 119 596
42 179 478
42 44 494
104 171 280
104 121 916
104 121 926
104 121 927
104 121 929
104 121 939
104 121 946
104 121 949
104 121 962
104 121 967
104 121 997
104 121 999
104 65 918
104 65 925
104 65 934
104 65 945
104 65 947
104 65 948
104 65 949
104 65 967
104 65 968
104 65 971
104 65 974
104 65 979
104 65 995
104 65 998
104 65 999
104 65 1000
104 143 921
104 143 922
104 143 923
104 143 924
104 143 925
104 143 926
104 143 928
104 143 931
104 143 932
104 143 933
104 143 934
104 143 935
104 143 936
104 143 937
104 143 938
104 143 939
104 143 943
104 143 949
104 143 951
104 143 953
104 143 966
104 143 998
104 143 999
104 56 998
171 34 502
171 34 511
171 34 524
171 34 534
171 34 535
171 121 502
171 121 503
171 121 504
171 121 505
171 121 506
171 121 507
171 121 509
171 121 513
171 121 515
171 121 516
171 121 517
171 121 521
171 121 522
171 121 523
171 121 525
171 121 532
171 121 537
171 121 540
171 121 541
171 121 542
171 121 543
171 121 545
171 121 546
171 121 547
171 121 548
171 121 549
171 121 550
171 121 551
171 121 552
171 121 553
171 121 554
171 121 555
171 121 556
171 121 557
171 121 558
171 121 559
171 121 560
171 121 561
171 121 562
171 121 563
171 121 564
171 121 565
171 4 504
171 111 516
171 111 518
171 111 534
171 179 519
171 170 520
171 170 550
171 170 551
171 170 552
171 170 553
171 170 554
171 170 555
171 170 556
171 170 557
171 170 562
171 170 563
171 170 565
171 86 521
171 37 522
171 37 523
171 14 523
171 76 526
171 106 532
171 124 536
171 124 549
171 124 550
171 124 553
171 124 554
171 124 555
171 124 556
171 124 557
171 124 561
171 124 562
171 124 563
171 124 565
43 80 282
43 80 283
43 80 284
43 80 299
43 135 306
43 160 320
43 160 321
43 148 321
43 7 355
43 7 359
43 7 366
43 7 367
43 7 369
43 7 381
80 46 1186
80 46 1187
80 46 1188
80 46 1203
80 46 1204
80 46 1205
80 46 1209
80 46 1211
80 46 1217
80 46 1237
80 46 1238
80 46 1243
80 46 1244
80 46 1247
80 30 1191
80 30 1198
80 90 1198
66 135 301
66 135 304
66 135 308
66 135 313
66 135 314
66 135 330
66 135 331
66 135 332
66 135 335
66 93 323
66 85 323
66 169 761
66 169 762
66 169 763
66 169 765
66 169 766
66 169 767
66 169 768
66 169 769
66 169 776
66 174 761
66 174 767
66 174 768
66 174 769
66 174 776
135 59 1105
135 59 1108
135 59 1113
135 73 1106
135 73 1107
135 73 1109
135 22 1112
135 22 1113
135 146 1113
135 29 1113
140 65 303
140 65 307
140 65 315
140 65 316
140 65 317
140 65 319
140 65 320
140 65 321
140 65 324
140 65 325
140 65 333
140 65 336
140 65 337
140 91 504
140 91 512
140 175 504
140 114 512
140 109 547
65 167 318
65 114 914
65 114 915
65 114 917
65 114 920
65 114 922
65 114 923
65 114 925
65 114 931
65 114 939
65 114 948
65 114 949
65 114 951
65 114 952
65 114 953
65 114 954
65 114 955
65 114 957
65 114 958
65 114 959
65 114 960
65 114 977
65 114 993
65 114 996
65 114 1000
65 138 914
65 138 918
65 138 925
65 138 949
65 138 957
65 138 958
65 138 959
65 138 960
65 138 962
65 138 963
65 138 965
65 138 968
65 77 914
65 77 916
65 77 927
65 77 930
65 77 931
65 77 933
65 77 941
65 77 948
65 77 953
65 77 954
65 77 957
65 77 962
65 77 963
65 77 965
65 77 966
65 77 971
65 77 998
65 77 1000
65 16 966
92 124 567
92 131 594
167 148 311
167 148 313
167 148 314
167 148 334
167 67 747
167 169 765
167 169 766
167 169 767
167 169 768
167 169 769
148 174 384
148 174 385
148 174 386
148 174 387
148 174 388
148 174 389
148 174 390
148 174 391
148 174 392
148 174 393
148 174 394
148 174 395
148 174 397
148 174 398
148 174 399
148 174 400
148 174 403
148 174 404
148 174 405
148 174 406
148 174 408
148 174 409
148 174 410
148 174 411
148 174 412
148 174 413
148 174 416
148 174 417
148 174 418
148 174 419
148 174 421
148 174 424
148 174 425
148 174 426
148 174 427
148 174 429
148 174 432
148 174 433
148 174 440
148 174 441
148 174 442
148 174 443
148 174 444
148 174 446
148 174 447
148 174 448
148 174 449
148 174 450
148 174 451
148 174 452
148 174 453
148 174 454
148 174 458
148 174 459
148 174 460
148 174 463
148 174 464
148 174 465
148 174 466
148 174 467
148 174 468
148 174 469
148 174 470
148 174 472
148 174 476
148 174 480
148 174 481
148 174 486
148 174 488
148 174 490
148 174 491
148 174 494
148 174 495
148 174 496
148 174 497
148 174 498
148 174 501
148 174 503
148 174 505
148 174 509
148 174 510
148 174 513
148 44 459
148 44 460
89 93 348
89 93 351
89 93 363
89 93 387
89 93 388
89 93 389
89 93 391
89 93 392
89 93 393
89 93 394
89 93 395
89 93 396
89 93 398
89 93 400
89 93 401
89 93 402
89 93 403
89 93 405
89 93 414
89 93 415
89 93 416
89 93 417
89 93 418
89 93 420
89 93 426
89 93 429
89 93 430
89 93 431
89 93 468
89 93 469
89 93 471
89 169 658
89 169 659
89 169 660
89 169 661
89 169 662
89 169 663
89 169 664
89 169 665
89 169 667
89 169 668
89 169 669
89 169 670
89 169 671
89 169 674
89 169 675
89 169 676
89 169 677
89 169 678
89 169 679
89 169 680
89 169 681
89 169 683
89 169 684
89 169 685
89 169 686
89 169 687
89 169 688
89 169 689
89 169 690
89 169 691
89 169 692
89 169 693
89 169 694
89 169 695
89 169 696
89 169 697
89 169 698
89 169 699
89 169 700
89 169 701
89 169 702
89 169 703
89 169 704
89 169 705
89 169 706
89 169 707
89 169 708
89 169 709
89 169 710
89 169 711
89 169 712
89 169 713
89 169 714
89 169 715
89 169 716
89 169 717
89 169 718
89 169 720
89 169 721
89 169 722
89 169 723
89 169 724
89 169 725
89 169 726
89 169 729
89 169 730
89 169 731
89 169 732
89 169 733
89 169 734
89 169 735
89 169 736
89 169 737
89 169 739
89 169 740
89 169 741
89 169 742
89 169 746
89 169 747
89 169 748
89 169 749
89 169 750
89 169 751
89 169 752
89 169 753
89 169 754
89 169 755
89 169 756
89 169 757
89 169 758
89 169 761
89 169 762
89 169 763
89 169 764
89 169 765
89 169 766
89 169 767
89 169 768
89 169 769
89 134 731
89 20 731
89 161 757
155 160 316
155 160 317
155 160 319
155 160 324
155 160 325
155 160 328
155 160 329
155 56 998
155 56 999
155 56 1000
155 56 1001
155 56 1002
155 56 1004
155 56 1005
155 56 1006
155 56 1007
155 56 1008
155 56 1009
155 56 1011
155 56 1012
155 56 1016
155 56 1017
155 56 1022
155 56 1023
155 56 1024
155 56 1025
155 56 1028
155 56 1032
155 56 1033
155 56 1034
155 56 1036
155 56 1040
155 56 1041
155 56 1042
155 56 1043
155 56 1044
155 56 1062
155 56 1064
155 56 1068
155 56 1069
155 56 1070
155 56 1082
155 56 1084
155 56 1088
155 56 1089
155 56 1093
155 56 1096
155 56 1097
155 56 1099
155 56 1100
155 56 1101
155 116 1001
155 116 1016
155 116 1034
155 116 1035
155 116 1036
155 116 1037
155 116 1042
155 116 1044
155 116 1100
155 94 1007
155 165 1011
155 24 1018
155 24 1042
155 131 1040
155 131 1041
155 36 1084
155 58 1084
155 58 1099
155 58 1100
160 131 599
160 131 603
160 0 600
160 94 601
160 23 605
160 112 635
160 136 639
100 85 316
100 85 318
100 85 319
100 85 321
100 85 328
100 85 340
100 85 343
100 85 347
100 85 349
100 85 350
100 85 357
100 85 359
100 85 364
100 85 365
100 85 366
100 85 378
100 85 379
100 85 380
100 37 580
100 37 586
100 28 602
100 28 615
100 28 623
100 28 631
100 28 632
100 28 633
100 28 634
100 28 652
100 28 659
100 28 664
100 28 669
100 28 692
100 28 694
100 28 695
100 28 696
100 28 697
100 28 698
100 28 700
100 28 712
100 28 713
100 28 729
100 28 732
100 28 737
100 28 738
100 28 749
100 28 799
100 149 621
100 63 680
100 130 696
100 130 710
100 130 724
100 130 725
100 20 722
100 134 722
100 49 723
100 59 724
100 157 733
100 157 765
85 14 319
85 14 321
85 14 325
85 14 400
85 14 401
85 14 403
85 14 414
85 14 418
85 14 419
85 14 421
85 14 422
85 14 424
85 14 425
85 14 426
85 14 428
85 14 429
85 14 464
85 185 376
85 142 615
85 153 638
14 93 319
14 93 321
14 93 324
14 93 325
14 93 326
14 93 327
14 93 330
14 93 334
14 93 348
14 93 360
14 93 396
14 93 397
14 93 400
14 93 403
14 93 414
14 93 415
14 93 418
14 93 419
14 93 420
14 93 426
14 93 429
14 93 444
14 93 446
14 93 448
14 93 452
14 93 456
14 93 459
14 93 462
14 93 464
14 149 382
14 78 489
14 78 496
14 78 497
14 78 502
14 78 517
14 78 518
14 78 523
14 45 502
14 153 505
14 114 513
14 114 524
14 175 513
14 175 538
14 175 541
14 9 517
14 9 518
14 9 523
14 9 524
14 124 518
14 168 524
14 168 545
14 146 534
14 3 538
14 91 545
93 133 421
93 175 698
76 15 486
76 15 495
76 15 504
76 15 509
76 15 511
76 15 516
76 15 519
76 185 508
76 185 509
76 185 511
76 168 516
76 168 526
76 114 521
76 114 547
76 114 556
76 114 560
76 9 522
76 9 535
76 124 526
76 146 527
76 146 528
76 146 529
76 146 564
76 109 535
76 109 539
74 109 1405
74 109 1410
74 109 1411
74 109 1412
74 109 1414
74 109 1431
74 109 1450
7 44 361
7 44 362
7 44 399
7 44 400
7 179 379
149 52 599
149 52 600
149 52 601
149 52 602
149 52 603
149 52 604
149 52 605
149 52 606
149 52 608
149 52 612
149 52 614
149 52 615
149 52 616
149 52 617
149 52 618
149 52 619
149 52 620
149 52 621
149 52 622
149 52 623
149 52 624
149 52 628
149 52 629
149 52 630
149 52 632
149 52 633
149 52 634
149 52 635
149 52 636
149 52 637
149 52 638
149 52 643
149 52 644
149 52 646
149 52 647
149 52 649
149 52 650
149 52 651
149 52 652
149 52 653
149 52 654
149 52 655
149 52 656
149 52 657
149 52 658
149 112 644
149 23 648
149 23 658
149 175 654
149 94 658
44 62 419
44 62 425
44 62 431
44 153 483
44 37 591
163 179 361
163 179 362
163 179 363
163 179 364
163 179 366
163 179 368
163 179 369
163 179 370
163 179 371
163 179 372
163 179 373
163 179 374
163 179 375
163 179 376
163 179 377
163 179 378
163 179 379
163 179 380
163 179 381
163 179 382
163 179 385
163 179 395
163 179 416
163 179 420
163 179 425
163 179 426
163 179 429
163 179 430
163 179 446
163 179 447
163 179 448
163 179 449
163 179 450
163 179 451
163 179 453
163 179 460
163 179 461
163 179 462
163 179 463
163 179 464
163 179 465
163 179 466
163 179 467
163 179 468
163 179 469
163 179 470
163 179 471
163 179 472
163 179 473
163 179 474
163 179 476
163 179 477
163 179 479
163 179 481
163 179 483
163 179 490
163 179 493
163 179 494
163 179 495
163 179 498
163 179 500
163 179 502
163 179 503
163 179 516
163 179 517
163 179 520
163 179 521
163 179 522
163 28 420
163 28 475
163 84 500
163 84 501
163 53 501
163 53 502
163 53 512
163 53 513
163 168 501
163 168 510
163 168 511
163 168 512
163 168 513
163 109 507
163 109 508
163 45 516
163 37 519
163 15 522
163 15 525
163 15 544
163 35 526
163 41 527
163 41 528
163 41 529
163 41 530
163 41 531
163 41 568
163 91 544
179 133 418
179 45 471
179 45 525
179 45 526
179 45 527
179 153 475
179 35 478
179 35 479
179 15 509
179 106 512
179 177 658
185 28 418
185 28 475
185 75 450
185 119 479
185 119 480
185 119 482
185 124 518
185 4 519
185 37 519
174 77 403
174 116 761
174 116 762
174 116 763
174 116 764
174 116 765
174 116 766
174 116 767
174 116 768
174 116 769
96 28 389
96 28 393
96 28 394
96 28 396
96 28 399
96 28 401
96 28 402
96 28 403
96 28 411
96 28 413
96 28 414
96 28 415
96 28 416
96 28 418
96 28 419
96 28 427
96 28 428
96 28 430
96 28 432
96 28 439
96 28 445
96 28 446
96 75 418
96 183 1194
96 183 1195
96 183 1196
96 183 1197
96 183 1198
96 183 1199
96 183 1202
96 183 1203
96 183 1204
96 183 1205
96 183 1206
96 183 1207
96 183 1210
28 156 415
28 133 421
28 153 449
28 153 450
28 153 452
28 153 453
28 153 456
28 153 458
28 153 460
28 153 462
28 153 463
28 153 467
28 153 469
28 153 470
28 153 472
28 153 473
28 153 474
28 153 475
28 153 476
28 153 477
28 153 478
28 153 480
28 153 481
28 153 482
28 153 484
28 153 485
28 153 486
28 153 489
28 153 490
28 153 491
28 153 492
28 153 494
28 153 495
28 153 496
28 153 497
28 153 498
28 153 500
28 153 506
28 153 511
28 153 512
28 153 513
28 153 514
28 153 515
28 153 516
28 153 517
28 153 518
28 153 519
28 153 520
28 153 521
28 153 522
28 153 523
28 153 524
28 153 525
28 153 526
28 153 527
28 153 528
28 153 529
28 153 530
28 153 531
28 153 532
28 153 533
28 153 534
28 153 535
28 153 536
28 153 537
28 153 538
28 153 539
28 153 540
28 153 541
28 153 542
28 153 543
28 153 544
28 153 546
28 153 547
28 153 548
28 153 552
28 153 553
28 153 554
28 153 555
28 153 556
28 153 557
28 153 558
28 153 559
28 153 560
28 153 561
28 153 562
28 153 563
28 153 566
28 153 567
28 153 568
28 153 569
28 153 570
28 153 571
28 153 572
28 153 573
28 153 574
28 153 575
28 153 576
28 153 577
28 153 578
28 153 579
28 153 580
28 153 581
28 153 582
28 153 583
28 153 584
28 62 482
28 62 483
28 99 485
28 78 504
28 126 546
28 37 579
28 49 581
28 71 581
28 177 582
28 23 582
28 138 583
28 131 586
28 0 798
181 75 419
181 165 433
172 37 584
172 37 586
172 37 587
172 37 588
172 37 591
172 37 593
172 37 594
172 37 597
172 45 591
172 35 595
35 119 400
35 119 401
35 119 405
35 119 412
35 119 418
35 119 431
35 119 432
35 119 433
35 119 434
35 119 435
35 119 436
35 119 439
35 119 440
35 119 441
35 119 442
35 119 443
35 119 444
35 119 445
35 119 446
35 119 452
35 119 453
35 119 454
35 119 455
35 119 459
35 119 460
35 119 461
35 119 462
35 119 464
35 119 482
35 119 484
35 119 485
35 119 486
35 119 515
35 119 520
35 119 524
35 119 525
35 119 526
35 119 527
35 119 528
35 119 531
35 119 532
35 119 537
35 119 540
35 119 545
35 119 563
35 119 564
35 119 565
35 119 567
35 119 568
35 119 569
35 119 570
35 119 571
35 119 572
35 119 573
35 119 574
35 119 575
35 119 579
35 119 587
35 119 588
35 119 589
35 119 592
35 41 402
35 41 424
35 41 479
35 41 533
35 86 533
35 161 533
35 107 608
119 70 400
119 70 402
119 70 403
119 70 404
119 70 405
119 70 406
119 70 407
119 70 408
119 70 409
119 70 410
119 70 411
119 70 412
119 70 415
119 70 416
119 70 417
119 70 424
119 70 428
119 70 429
119 70 430
119 70 447
119 70 461
119 70 464
119 70 466
119 70 469
119 70 470
119 70 479
119 70 484
119 70 486
119 70 489
119 70 490
119 70 492
119 70 493
119 70 498
119 70 499
119 70 500
119 70 501
119 70 502
119 70 503
119 70 504
119 70 505
119 70 506
119 70 507
119 70 508
119 70 509
119 70 510
119 70 511
119 70 512
119 70 513
119 70 514
119 70 515
119 70 516
119 70 518
119 70 519
119 70 520
119 70 521
119 70 522
119 70 523
119 70 524
119 70 525
119 70 526
119 70 527
119 70 528
119 70 531
119 70 532
119 70 545
119 70 547
119 70 549
119 70 551
119 70 552
119 70 561
119 70 567
119 70 568
119 70 570
119 70 571
119 70 572
119 70 573
119 70 575
119 70 576
119 70 578
119 70 579
119 70 580
119 70 582
119 70 583
119 70 585
119 70 586
119 70 589
119 70 590
119 70 591
119 70 592
119 70 594
119 70 596
119 15 537
119 107 631
119 107 642
119 62 631
119 62 633
119 62 636
119 62 638
119 62 640
119 62 642
119 62 647
119 62 653
119 62 654
119 62 656
119 62 667
119 62 668
119 62 674
119 62 686
119 153 634
70 75 458
70 37 573
70 37 575
70 37 576
70 37 579
70 37 580
70 37 581
70 37 582
70 37 584
70 37 585
70 37 588
70 138 575
70 107 580
70 177 592
41 161 505
41 170 509
41 170 510
41 170 511
41 170 568
41 86 535
41 121 568
41 121 569
133 37 572
133 71 576
133 23 576
133 23 580
133 23 589
133 23 592
133 23 602
133 23 603
133 23 608
133 23 612
133 23 613
133 23 614
133 23 615
133 23 616
133 23 617
133 23 618
133 23 619
133 23 620
133 23 621
133 23 622
133 23 644
133 23 645
133 23 646
133 23 647
133 23 648
133 23 649
133 23 650
133 130 580
133 130 602
133 130 603
133 130 606
133 130 608
133 130 610
133 130 611
133 130 612
133 130 613
133 130 614
133 130 615
133 130 621
133 130 623
133 130 628
133 130 629
133 130 631
133 130 633
133 130 634
133 130 636
133 130 637
133 130 638
133 130 640
133 130 641
133 130 656
133 130 657
133 130 660
133 130 662
133 130 664
133 130 675
133 130 676
133 130 679
133 130 691
133 130 695
133 130 696
133 130 698
133 130 699
133 130 704
133 130 712
133 130 714
133 130 720
133 130 764
133 130 766
133 130 767
133 130 769
133 130 770
133 130 771
133 130 772
133 130 774
133 130 775
133 130 776
133 130 777
133 130 778
133 130 780
133 130 781
133 130 785
133 130 789
133 130 790
133 130 791
133 130 792
133 130 795
133 130 796
133 130 797
133 153 583
133 59 585
133 59 587
133 59 589
133 59 600
133 59 603
133 59 607
133 59 617
133 59 618
133 59 619
133 59 621
133 59 627
133 59 629
133 59 630
133 59 631
133 59 647
133 59 651
133 59 654
133 59 659
133 59 660
133 59 662
133 59 666
133 59 668
133 59 669
133 59 683
133 59 686
133 59 687
133 59 688
133 59 691
133 59 696
133 59 698
133 59 699
133 59 704
133 59 708
133 59 724
133 59 725
133 59 738
133 59 759
133 59 760
133 59 762
133 59 763
133 59 765
133 59 766
133 59 767
133 59 768
133 59 769
133 59 770
133 59 771
133 59 772
133 59 773
133 59 774
133 59 775
133 59 776
133 59 778
133 59 790
133 59 791
133 59 792
133 59 795
133 59 796
133 59 797
133 0 594
133 0 609
133 0 610
133 0 611
133 0 675
133 0 676
133 0 691
133 0 698
133 0 699
133 0 708
133 0 796
133 0 797
133 49 597
133 49 609
133 49 610
133 49 624
133 49 659
133 49 660
133 49 668
133 49 679
133 49 686
133 49 729
133 49 760
133 49 765
133 49 790
133 49 791
133 49 793
133 49 796
133 49 797
133 101 604
133 101 606
133 101 612
133 101 613
133 101 614
133 101 615
133 101 619
133 101 622
133 101 623
133 107 696
133 169 729
133 169 730
133 20 732
133 20 734
133 20 735
133 20 736
133 20 758
133 20 767
133 20 768
133 20 769
133 20 771
133 20 774
133 20 775
133 20 777
133 20 780
133 20 781
133 20 782
133 20 783
133 134 762
133 134 763
133 4 787
77 156 436
77 99 451
77 143 914
77 143 915
77 143 917
77 143 918
77 143 919
77 143 920
77 143 921
77 143 922
77 143 923
77 143 924
77 143 925
77 143 926
77 143 934
77 143 936
77 143 940
77 143 942
77 143 946
77 143 954
77 143 956
77 143 962
77 143 963
77 143 965
77 143 971
77 143 978
77 143 979
77 143 981
77 143 983
77 143 985
77 143 986
77 143 988
77 143 989
77 143 997
77 143 998
77 143 999
77 143 1000
77 111 958
77 111 963
77 111 998
77 121 996
77 121 1000
156 153 473
75 146 1110
75 146 1117
75 3 1298
75 3 1299
75 3 1300
75 22 1300
45 121 516
45 31 594
45 31 595
45 31 596
45 31 597
45 31 606
45 72 901
45 72 902
45 72 903
45 72 904
45 72 905
45 72 906
45 72 907
45 72 909
45 72 910
45 72 914
45 72 916
45 72 917
45 72 918
45 72 920
45 72 923
45 72 925
45 72 930
45 72 945
45 72 948
45 72 953
45 72 954
45 72 958
45 72 959
45 72 961
45 72 963
106 146 510
106 146 511
106 146 565
106 146 566
106 146 571
106 168 510
106 168 516
106 168 534
165 84 757
165 84 759
165 84 779
165 84 780
165 84 781
165 84 784
165 84 793
165 84 801
165 84 802
165 84 803
165 84 805
165 84 828
165 84 833
165 84 851
165 84 856
165 84 857
165 84 858
165 84 859
165 84 861
165 84 862
165 84 863
165 84 864
165 84 865
165 84 866
165 84 867
165 84 868
165 84 869
165 84 870
165 84 871
165 84 872
165 84 873
165 84 880
165 84 885
165 84 886
165 84 890
165 84 891
165 84 895
165 84 896
165 84 897
165 84 898
165 84 900
165 84 901
165 84 902
165 84 903
165 84 904
165 84 906
165 84 907
165 84 912
165 84 913
165 84 922
165 84 923
165 84 927
165 84 928
165 84 930
165 84 931
165 84 932
165 84 933
165 84 934
165 84 935
165 84 936
165 84 937
165 84 938
165 84 940
165 84 941
165 84 944
165 84 945
165 84 948
165 84 949
165 84 950
165 84 951
165 84 981
165 84 992
165 84 1002
165 84 1003
165 84 1004
165 84 1005
165 84 1006
165 84 1007
165 84 1008
165 84 1018
165 84 1019
165 154 757
153 99 456
153 99 459
153 91 485
153 121 546
153 23 582
153 101 602
153 136 602
99 15 528
91 51 500
91 51 504
91 121 501
91 121 528
91 121 530
91 121 534
91 121 535
91 121 544
91 170 504
91 170 505
91 170 516
91 170 517
91 170 519
91 170 528
91 124 505
91 124 509
91 124 510
91 124 511
91 124 515
91 124 516
91 124 521
91 124 524
91 124 525
91 124 536
91 124 541
91 37 506
91 37 517
91 34 509
91 34 510
91 34 511
91 34 512
91 34 513
91 34 517
91 34 518
91 34 529
91 34 532
91 34 534
91 34 535
91 111 510
91 111 511
91 111 512
91 111 513
91 111 521
91 111 529
91 161 519
91 161 520
91 161 522
91 161 529
91 161 541
91 161 542
91 161 545
91 4 522
91 4 539
15 86 515
15 86 516
15 86 526
15 86 540
15 102 515
15 102 818
15 161 516
15 161 525
15 161 526
15 161 527
15 121 522
15 121 544
15 124 526
15 124 527
15 124 541
15 111 527
15 34 527
15 4 529
15 4 536
15 4 540
15 134 812
78 161 501
78 121 523
78 121 524
78 4 524
78 37 527
78 37 529
78 37 530
78 37 531
78 37 533
78 37 534
78 37 535
78 37 536
78 37 537
78 37 538
78 37 539
78 37 540
78 37 541
78 37 547
78 37 548
78 37 552
78 37 557
78 37 558
78 37 559
78 102 533
78 102 534
78 102 538
78 5 1186
78 5 1187
78 5 1188
78 5 1189
78 5 1190
78 5 1191
78 5 1192
78 5 1196
78 5 1198
78 5 1202
78 5 1204
78 5 1205
78 5 1206
78 5 1207
78 5 1208
78 5 1209
78 5 1210
78 5 1211
78 5 1212
78 5 1213
78 5 1214
78 5 1215
78 5 1216
78 5 1217
78 5 1219
78 5 1221
78 5 1222
78 5 1223
78 5 1224
78 5 1225
78 5 1226
78 5 1227
78 5 1228
78 5 1229
78 5 1231
78 5 1232
78 5 1233
78 5 1237
78 5 1238
78 5 1239
78 5 1241
78 5 1242
78 5 1247
78 52 1214
90 37 501
90 124 503
90 170 537
90 131 584
90 131 1007
90 131 1013
90 131 1016
90 131 1029
90 131 1035
90 131 1036
90 131 1040
90 131 1044
90 131 1085
90 131 1103
90 131 1104
90 131 1170
90 56 1041
90 24 1041
90 108 1079
90 108 1081
90 108 1089
90 158 1080
90 158 1081
90 158 1083
90 158 1086
90 158 1087
90 158 1090
90 57 1203
90 52 1204
3 121 497
3 121 499
3 121 501
3 121 504
3 121 506
3 121 508
3 121 518
3 121 519
3 124 526
3 124 540
3 52 1197
3 52 1198
3 52 1199
3 52 1200
3 52 1201
3 52 1204
3 52 1205
3 52 1206
3 52 1207
3 52 1208
3 52 1212
3 52 1214
3 52 1222
3 52 1224
3 52 1225
3 52 1226
3 52 1248
3 52 1251
3 52 1253
3 52 1258
3 52 1260
3 52 1264
3 57 1197
3 57 1198
3 57 1199
3 57 1200
3 57 1201
3 57 1202
3 57 1203
3 57 1204
3 57 1207
3 57 1209
3 57 1215
3 57 1217
3 57 1218
3 57 1221
3 57 1222
3 57 1224
3 57 1225
3 57 1226
3 57 1233
3 57 1252
3 57 1253
3 57 1259
3 57 1260
3 57 1272
3 57 1273
3 57 1275
3 131 1204
3 5 1214
121 109 501
121 109 530
121 109 531
121 84 504
121 84 506
121 84 516
121 146 506
121 53 515
121 168 523
121 168 530
121 168 536
121 175 527
121 175 528
121 175 548
121 175 550
121 175 551
121 175 552
121 175 553
121 175 554
121 175 555
121 175 557
121 175 558
121 175 559
121 175 564
121 175 565
121 175 568
121 114 531
121 64 924
121 64 929
121 64 950
121 64 956
121 64 961
121 64 975
121 64 992
121 64 999
146 51 498
146 86 500
146 86 501
146 86 513
146 86 519
146 86 520
146 111 505
146 111 506
146 111 555
146 111 556
146 161 513
146 37 521
146 37 529
146 37 550
146 37 551
146 37 552
146 37 555
146 37 556
146 37 557
146 37 558
146 170 523
146 170 524
146 170 545
146 124 523
146 124 524
146 124 545
146 102 549
146 102 565
146 22 1105
146 22 1108
146 22 1109
146 22 1114
146 22 1115
146 22 1117
146 22 1118
146 38 1107
146 38 1109
51 84 500
51 84 502
51 84 503
51 84 504
51 84 513
51 168 502
51 168 509
51 168 511
51 168 512
126 34 502
126 34 503
126 34 504
126 34 505
126 34 507
126 34 510
126 34 511
126 34 512
126 37 523
126 37 526
126 124 532
126 124 548
126 124 549
126 124 550
126 124 553
126 124 554
126 124 555
126 124 557
126 124 558
126 124 559
126 124 562
126 124 565
126 124 566
126 124 568
126 24 1041
126 24 1053
126 56 1074
126 158 1080
126 158 1082
126 158 1083
126 158 1086
126 158 1087
126 158 1089
126 158 1090
126 5 1198
126 5 1202
9 37 502
9 37 503
9 34 516
9 34 523
9 34 526
9 34 531
9 34 536
9 34 537
9 34 552
9 124 535
9 124 536
9 64 764
9 157 769
86 53 505
86 84 506
86 109 527
86 109 530
86 157 758
86 157 763
86 157 768
86 157 775
86 157 776
86 63 837
86 63 838
86 63 839
84 4 504
84 4 506
84 170 514
53 111 503
53 111 504
53 124 505
53 124 507
53 170 505
53 170 506
53 170 507
53 170 508
53 170 509
53 170 510
53 170 511
53 170 512
53 170 513
53 102 508
53 161 510
53 161 769
53 107 771
53 64 777
53 64 780
53 64 786
53 64 788
53 64 801
53 64 804
53 64 806
53 64 813
161 109 507
161 109 530
161 109 531
161 109 532
161 157 758
161 116 758
161 137 785
161 137 788
161 63 842
161 63 843
109 34 501
109 34 515
109 37 505
109 37 506
109 37 509
109 37 511
109 37 512
109 37 513
109 37 533
109 37 534
109 37 535
109 37 539
109 37 544
109 37 545
109 37 547
109 37 548
109 37 549
109 37 550
109 37 556
109 37 557
109 37 558
109 37 559
109 37 560
109 37 561
109 37 563
109 37 564
109 37 568
109 37 569
109 37 571
109 37 572
109 37 575
109 37 577
109 37 578
109 37 579
109 37 581
109 37 584
109 37 586
109 37 602
109 37 606
109 37 610
109 37 611
109 37 612
109 111 515
109 111 527
109 111 528
109 111 535
109 111 547
109 111 567
109 4 526
109 0 606
34 124 504
34 124 520
34 124 543
34 124 545
34 124 546
34 124 547
34 124 552
34 168 511
34 168 531
34 168 533
34 168 535
34 175 516
34 175 520
34 129 516
34 129 517
34 36 914
34 36 926
34 36 927
34 36 929
34 36 930
34 36 932
34 36 941
34 36 943
34 36 946
34 36 947
34 36 948
34 36 949
34 36 951
34 36 953
34 36 955
34 36 959
34 36 961
34 36 962
34 36 964
34 36 965
34 36 966
34 36 967
34 36 969
34 36 970
34 36 971
34 36 973
34 36 975
34 36 978
34 36 979
34 36 980
34 36 982
34 36 999
34 36 1000
34 36 1001
34 36 1010
34 36 1012
34 36 1013
34 36 1027
34 36 1031
34 36 1033
34 36 1036
34 36 1037
34 36 1040
34 36 1041
34 36 1044
34 36 1051
34 36 1054
34 36 1082
34 36 1085
34 36 1088
34 36 1089
34 134 975
34 134 982
34 134 983
34 134 985
34 143 978
34 143 980
34 143 982
34 101 1051
37 124 501
37 124 502
37 30 501
37 30 524
37 168 526
37 129 534
37 114 537
37 0 572
37 0 573
37 0 574
37 0 580
37 57 577
37 131 580
37 131 582
37 131 585
37 131 593
37 131 594
37 94 582
37 94 584
37 94 594
37 23 584
37 23 608
168 111 504
168 4 506
168 4 507
168 4 522
168 4 523
168 4 539
168 50 850
168 50 853
168 50 886
168 50 891
168 50 893
168 50 895
168 50 900
168 50 901
168 50 902
168 50 905
168 50 906
168 50 907
168 50 911
168 50 920
168 50 921
168 50 942
168 50 947
168 50 948
124 175 501
124 175 502
124 175 503
124 175 504
124 175 506
124 175 515
124 175 516
124 175 517
124 175 518
124 175 523
124 175 524
124 175 525
124 175 529
124 175 537
124 175 541
124 175 542
124 175 548
124 175 549
124 175 550
124 175 555
124 175 557
124 175 562
124 175 567
124 175 568
124 102 509
124 114 510
124 170 519
124 170 520
124 170 536
175 4 539
175 182 640
175 182 644
175 182 645
175 182 646
175 182 647
175 182 648
175 182 649
175 182 650
175 182 652
175 182 653
175 182 655
175 182 656
175 182 659
175 182 661
175 182 662
175 182 663
175 182 665
175 182 667
175 182 668
175 182 671
175 182 672
175 182 673
175 182 674
175 182 675
175 182 676
175 182 677
175 182 678
175 182 681
175 182 685
175 182 686
175 182 687
175 182 688
175 182 689
175 182 690
175 182 691
175 182 692
175 182 694
175 182 695
175 182 696
175 182 697
175 182 698
175 182 699
175 182 700
175 182 701
175 182 702
175 182 703
175 182 704
175 182 705
175 182 706
175 182 707
175 182 708
175 182 709
175 182 710
175 182 711
175 182 712
175 182 713
175 182 714
175 182 715
175 182 716
175 182 717
175 182 718
175 182 719
175 182 720
175 182 721
175 182 722
175 182 723
175 182 724
175 182 725
175 182 726
175 182 727
175 182 728
175 182 729
175 182 730
175 182 731
175 182 732
175 182 733
175 182 734
175 182 735
175 182 736
175 49 682
175 137 741
30 103 1183
30 5 1189
30 5 1191
30 5 1192
30 5 1195
30 5 1196
30 5 1197
30 5 1198
30 52 1254
30 57 1292
111 114 915
111 114 918
111 114 919
111 114 920
111 114 924
111 114 925
111 114 931
111 114 935
111 114 938
111 114 942
111 114 944
111 114 954
111 114 958
111 114 963
111 114 992
111 64 978
111 64 992
4 157 786
4 57 788
4 103 802
4 103 825
4 103 826
4 103 827
4 20 804
4 63 825
4 63 826
4 49 864
4 49 870
4 1 868
4 1 869
4 1 870
4 1 871
4 1 876
4 1 877
4 1 878
4 1 879
4 1 880
4 1 881
4 1 882
4 1 883
4 1 884
4 1 885
4 1 886
4 21 873
170 29 1062
102 33 570
102 33 573
102 33 576
102 33 580
102 33 589
102 33 592
102 20 804
102 63 817
114 143 916
114 143 919
114 143 924
114 143 925
114 143 926
114 143 927
114 143 928
114 143 936
114 143 939
114 143 940
114 143 944
114 143 946
114 143 947
114 143 949
114 143 955
114 143 958
114 143 959
114 143 960
114 143 967
114 143 996
114 143 997
114 143 998
114 143 999
114 143 1000
114 17 967
129 20 704
129 20 705
129 20 707
129 20 708
129 20 720
129 20 763
129 20 780
129 20 788
129 20 795
129 20 797
129 20 799
129 59 760
129 59 763
129 49 780
112 87 565
112 87 581
112 87 582
112 31 567
112 23 592
112 23 593
112 23 640
112 23 641
112 57 593
112 63 635
112 63 641
112 63 646
112 63 652
112 63 661
112 63 662
112 63 663
112 63 665
112 63 666
112 63 671
112 63 672
112 63 673
112 63 676
112 63 680
112 63 682
112 63 683
112 107 665
112 107 666
87 55 1224
87 50 1231
87 169 1251
87 169 1252
107 31 566
107 31 567
107 31 568
107 31 569
107 31 570
107 31 571
107 31 572
107 31 573
107 31 574
107 31 575
107 31 576
107 31 577
107 31 578
107 31 579
107 31 580
107 31 587
107 31 588
107 31 589
107 31 590
107 31 591
107 31 592
107 31 593
107 31 594
107 31 595
107 31 596
107 31 597
107 31 598
107 31 599
107 31 600
107 31 601
107 31 603
107 31 604
107 31 605
107 31 606
107 31 607
107 31 609
107 31 610
107 31 612
107 31 613
107 31 616
107 31 617
107 31 620
107 31 621
107 31 622
107 31 624
107 31 626
107 31 628
107 31 653
107 31 658
107 31 660
107 31 662
107 31 663
107 31 665
107 31 666
107 31 680
107 31 683
107 31 684
107 31 731
107 31 733
107 31 734
107 31 739
107 31 740
107 31 744
107 31 745
107 31 747
107 31 750
107 31 773
107 31 787
107 31 793
107 31 796
107 31 797
107 31 798
107 63 665
107 63 666
107 63 771
107 103 771
31 71 580
31 0 580
31 49 696
33 39 1361
33 39 1363
33 39 1364
33 39 1365
33 39 1366
33 39 1367
33 39 1368
33 39 1373
33 39 1374
33 39 1375
33 39 1376
33 39 1377
33 39 1378
33 39 1379
33 39 1380
33 39 1382
33 39 1383
33 39 1384
33 39 1385
33 39 1386
33 39 1387
33 39 1388
33 39 1389
33 39 1391
33 39 1392
138 57 571
138 57 574
138 57 586
138 57 598
138 57 620
138 57 622
138 57 623
138 57 632
138 57 633
138 57 634
138 57 635
138 57 638
138 57 646
138 57 649
138 57 650
138 57 652
138 57 653
138 57 655
138 57 663
138 57 664
138 57 665
138 57 667
138 57 680
138 57 681
138 57 690
138 57 692
138 57 694
138 57 697
138 57 700
138 57 701
138 57 702
138 57 703
138 57 705
138 57 706
138 57 707
138 57 710
138 57 713
138 57 716
138 57 722
138 57 726
138 57 728
138 57 729
138 57 733
138 57 779
138 57 780
138 57 783
138 57 784
138 57 785
138 57 787
138 57 793
138 23 574
138 23 575
138 23 579
138 23 590
138 23 591
138 131 578
138 0 588
138 0 642
138 0 677
138 0 689
138 0 690
138 0 705
138 0 706
138 0 707
138 0 733
138 0 734
138 0 798
57 49 596
57 49 598
57 49 605
57 49 606
57 49 624
57 49 660
57 49 661
57 49 668
57 49 669
57 49 686
57 49 687
57 49 694
57 49 696
57 49 697
57 49 699
57 49 700
57 49 701
57 49 706
57 49 723
57 49 729
57 49 765
57 49 790
57 49 791
57 49 792
57 49 793
57 49 794
57 49 795
57 49 796
57 49 797
57 130 602
57 130 620
57 130 621
57 130 622
57 130 633
57 130 634
57 130 643
57 130 644
57 130 647
57 130 649
57 130 657
57 130 664
57 130 676
57 130 777
57 130 780
57 130 785
57 23 615
57 23 617
57 23 619
57 23 620
57 23 621
57 23 622
57 23 647
57 23 648
57 23 649
57 23 650
57 23 651
57 23 655
57 101 620
57 101 622
57 20 722
57 20 733
57 20 734
57 20 735
57 20 737
57 20 738
57 20 739
57 20 740
57 20 741
57 20 742
57 20 743
57 20 744
57 20 745
57 20 746
57 20 747
57 20 748
57 20 749
57 20 750
57 20 751
57 20 752
57 20 753
57 20 754
57 20 755
57 20 756
57 20 757
57 20 759
57 20 777
57 20 778
57 20 779
57 20 780
57 20 781
57 20 782
57 20 783
57 134 751
57 46 1214
59 0 571
59 0 574
59 0 643
59 0 658
59 0 659
59 0 699
59 0 707
59 0 729
59 0 796
59 0 797
59 0 798
59 23 574
59 23 576
59 23 578
59 23 588
59 23 589
59 23 591
59 23 592
59 23 593
59 23 594
59 23 595
59 23 596
59 23 603
59 23 605
59 23 612
59 94 605
59 20 758
59 20 760
59 20 762
59 20 763
59 20 765
59 20 767
59 20 768
59 20 769
59 20 770
59 20 771
59 20 772
59 20 773
59 20 774
59 20 775
59 20 776
59 63 787
59 5 789
59 22 1113
59 22 1148
59 154 1147
0 23 576
0 23 585
0 23 586
0 23 588
0 23 642
0 23 653
0 131 580
0 131 585
0 94 581
0 94 583
0 94 585
0 94 586
0 49 582
0 49 585
0 49 588
0 49 589
0 49 593
0 49 595
0 49 596
0 49 607
0 49 610
0 49 611
0 49 670
0 49 677
0 49 678
0 49 693
0 49 694
0 49 695
0 49 696
0 49 709
0 49 712
0 49 713
0 49 729
0 49 741
0 49 747
0 49 749
0 49 751
0 49 796
0 130 597
0 130 634
0 130 635
0 130 639
0 130 640
0 130 641
0 130 653
0 130 657
0 130 667
0 130 668
0 130 669
0 130 674
0 130 676
0 130 677
0 130 678
0 130 679
0 130 681
0 130 682
0 130 686
0 130 689
0 130 690
0 130 691
0 130 692
0 130 693
0 130 694
0 130 697
0 130 698
0 130 699
0 130 703
0 130 704
0 130 706
0 130 707
0 130 708
0 130 710
0 130 712
0 130 713
0 130 714
0 130 736
0 130 749
0 130 750
0 130 798
0 71 602
23 101 580
23 101 583
23 101 584
23 101 585
23 101 586
23 101 603
23 101 604
23 101 606
23 101 609
23 101 610
23 101 611
23 101 612
23 101 613
23 101 614
23 101 615
23 101 617
23 101 619
23 101 620
23 101 621
23 101 622
23 101 629
23 101 631
23 101 635
23 101 636
23 101 639
23 101 656
23 101 657
23 101 658
23 131 580
23 131 582
23 71 581
23 71 583
23 71 584
23 49 585
23 49 586
23 49 604
23 49 605
23 130 594
23 130 597
23 130 602
23 130 613
23 130 617
23 130 618
23 130 620
23 130 621
23 130 622
23 130 643
23 130 644
23 130 645
23 54 658
49 131 575
49 131 602
49 131 603
49 94 579
49 94 585
49 94 586
49 94 603
49 94 609
49 162 729
49 154 778
131 101 575
131 101 576
131 101 577
131 101 578
131 101 579
131 101 580
131 101 582
131 101 590
131 101 592
131 101 595
131 101 597
131 101 598
131 101 600
131 130 575
131 130 579
131 130 584
131 130 585
131 71 578
131 71 582
131 71 589
131 71 603
131 71 604
131 71 605
131 71 606
131 71 607
131 71 608
131 71 609
131 71 610
131 54 604
131 67 1007
131 67 1029
131 67 1039
131 67 1052
131 67 1103
131 67 1104
131 67 1170
131 67 1205
131 134 1053
131 24 1055
101 158 1022
101 158 1025
101 158 1026
101 158 1030
101 158 1032
101 158 1034
101 158 1035
101 158 1041
101 158 1074
101 158 1075
101 158 1077
101 158 1078
101 158 1079
101 158 1091
101 158 1094
101 158 1095
101 158 1096
101 32 1053
101 58 1096
130 94 613
130 94 617
130 94 620
130 94 623
130 20 781
130 63 787
130 38 1107
130 154 1114
71 94 578
71 94 593
71 94 600
71 46 915
71 46 919
71 46 921
71 46 924
71 46 926
71 46 928
71 46 929
71 46 946
71 46 947
71 46 955
71 46 956
94 177 593
94 54 658
94 16 954
94 16 955
94 16 958
94 16 959
94 16 960
94 16 962
94 16 963
94 16 964
94 16 965
94 16 966
94 16 967
94 16 968
94 16 969
94 16 971
94 16 977
94 16 978
94 16 979
94 16 980
94 16 981
94 16 982
94 16 983
94 16 984
94 16 985
94 16 986
94 16 989
94 16 990
94 16 991
94 16 992
94 16 993
94 16 994
94 16 995
94 16 996
94 16 997
94 16 998
94 16 999
94 16 1000
94 16 1001
94 16 1002
94 16 1003
94 16 1004
94 16 1005
94 16 1006
94 16 1007
94 16 1008
52 55 1197
52 55 1198
52 55 1199
52 55 1200
52 55 1201
52 55 1205
52 55 1207
52 55 1209
52 55 1211
52 55 1215
52 55 1225
52 55 1229
52 55 1241
52 55 1242
52 55 1245
52 55 1246
52 55 1247
52 55 1251
52 55 1253
52 55 1256
52 55 1257
52 55 1261
52 55 1262
52 55 1263
52 55 1264
52 55 1265
52 55 1266
52 55 1267
52 55 1268
52 55 1283
52 55 1290
52 55 1291
52 55 1294
52 55 1295
52 55 1296
52 46 1215
54 162 1029
54 162 1030
54 162 1031
54 162 1038
54 162 1039
54 162 1046
54 162 1059
54 162 1063
54 162 1066
54 162 1067
54 162 1072
54 162 1073
54 162 1074
54 162 1083
54 162 1086
54 162 1087
54 36 1085
54 36 1096
54 58 1097
54 58 1100
142 154 750
142 154 751
142 154 752
142 154 753
142 154 754
142 154 755
142 154 756
142 154 757
142 154 758
142 154 759
142 154 760
142 154 761
142 154 762
142 154 763
142 154 764
142 154 765
142 154 766
142 154 767
142 154 768
142 154 769
142 154 770
142 154 771
142 154 772
142 154 773
142 154 774
142 154 775
142 154 776
142 154 777
142 154 784
142 154 786
142 154 790
142 154 791
142 154 793
142 154 794
142 154 795
142 154 796
142 154 809
142 154 810
142 154 811
142 154 812
142 154 813
142 154 814
142 154 816
142 154 819
142 154 820
142 154 821
142 154 822
142 154 823
142 154 824
142 154 825
142 154 826
142 154 827
142 154 829
142 154 830
142 154 831
142 154 833
142 154 836
142 154 839
142 154 840
142 154 843
142 154 844
142 154 845
142 154 846
142 154 847
142 154 848
142 154 849
142 154 850
142 154 851
142 157 758
142 157 763
63 55 766
63 55 767
63 55 768
63 55 770
63 55 771
63 55 776
63 55 778
63 55 795
63 55 796
63 55 802
63 55 805
63 55 810
63 55 811
63 55 819
63 55 821
63 55 822
63 55 823
63 55 824
63 55 837
63 55 838
63 55 845
63 55 847
63 55 849
63 55 852
63 55 854
63 20 810
63 16 820
169 116 659
169 116 660
169 116 661
169 116 663
169 116 665
169 116 670
169 116 673
169 116 676
169 116 678
169 116 680
169 116 685
169 116 687
169 116 688
169 116 689
169 116 690
169 116 691
169 116 692
169 116 694
169 116 695
169 116 696
169 116 697
169 116 698
169 116 700
169 116 701
169 116 703
169 116 709
169 116 718
169 116 724
169 116 725
169 116 729
169 116 730
169 116 731
169 116 732
169 116 733
169 116 736
169 116 737
169 116 740
169 116 742
169 116 744
169 116 745
169 116 747
169 116 749
169 116 750
169 116 753
169 116 755
169 116 756
169 116 758
169 116 761
169 116 762
169 116 763
169 116 764
169 116 765
169 116 766
169 116 767
169 116 768
169 116 769
169 20 731
169 150 777
116 134 731
116 67 762
116 67 763
116 67 765
116 67 766
116 67 768
116 67 769
162 67 738
162 157 776
162 108 1002
162 108 1017
162 108 1038
162 108 1039
162 108 1043
162 108 1061
162 108 1079
162 108 1080
162 108 1086
162 108 1099
162 32 1086
134 20 702
134 20 703
134 20 712
134 20 713
134 20 715
134 20 717
134 20 718
134 20 729
134 20 732
134 20 733
134 20 759
134 20 787
134 20 802
134 20 805
134 20 811
134 20 812
134 20 814
134 150 966
134 150 969
134 150 995
134 150 1014
134 150 1015
134 150 1021
134 150 1027
134 150 1051
134 150 1062
134 150 1065
134 32 974
134 32 978
134 32 980
134 32 984
134 32 989
134 24 1016
134 24 1017
134 24 1018
20 103 806
20 103 810
20 55 810
20 16 812
67 154 757
67 5 1192
67 5 1193
67 5 1195
137 154 749
137 64 813
154 64 813
154 73 1062
154 73 1063
154 73 1064
154 73 1065
154 73 1066
154 73 1067
154 73 1103
154 73 1105
154 73 1109
154 73 1119
154 73 1126
64 103 769
64 103 771
64 103 772
64 103 779
64 103 780
64 103 788
64 103 793
64 103 795
64 103 798
64 103 802
64 103 808
64 103 811
64 103 812
64 103 813
64 103 818
64 103 823
64 103 826
64 103 827
64 103 829
64 103 832
64 103 838
64 103 841
64 103 845
64 103 846
64 103 847
64 103 849
64 103 853
64 103 854
64 103 855
64 5 791
64 1 851
64 1 852
64 143 915
64 143 924
64 143 926
64 143 934
64 143 955
64 143 964
64 143 969
64 143 972
64 143 999
55 103 767
55 103 769
55 103 771
55 103 772
55 103 777
55 103 778
55 103 779
55 103 780
55 103 786
55 103 788
55 103 789
55 103 795
55 103 802
55 103 803
55 103 804
55 103 807
55 103 809
55 103 810
55 103 811
55 103 813
55 103 814
55 103 818
55 103 820
55 103 821
55 103 822
55 103 823
55 103 832
55 103 837
55 103 838
55 103 840
55 103 841
55 103 843
55 103 845
55 103 846
55 103 849
55 103 850
55 103 851
55 103 852
55 103 853
55 103 854
55 103 855
55 1 852
55 1 854
103 1 852
103 1 854
150 36 976
150 36 977
150 36 978
150 36 979
150 36 985
150 36 987
150 36 988
150 36 989
150 38 979
150 38 981
150 38 984
150 38 985
150 38 986
150 38 987
150 24 1014
150 24 1015
5 46 1185
5 46 1186
5 46 1188
5 46 1189
5 46 1190
5 46 1191
5 46 1192
5 46 1195
5 46 1196
5 46 1197
5 46 1198
5 46 1202
5 46 1204
5 46 1205
5 46 1206
5 46 1208
5 46 1209
5 46 1210
5 46 1211
5 46 1213
5 46 1215
5 46 1216
5 46 1217
5 46 1218
5 46 1219
5 46 1220
5 46 1222
5 46 1225
5 46 1226
5 46 1227
5 46 1228
5 46 1229
5 46 1230
5 46 1231
5 46 1232
5 46 1233
5 46 1234
5 46 1236
5 46 1240
5 46 1241
5 46 1242
5 46 1243
5 46 1244
5 46 1245
5 46 1246
5 46 1247
16 143 978
21 1 848
21 1 849
21 1 851
21 1 852
21 1 872
21 1 887
21 1 888
21 1 889
21 1 890
21 1 891
21 1 893
21 1 895
21 1 900
21 1 901
21 1 902
21 1 903
21 1 904
21 1 905
21 1 906
21 1 907
21 1 908
21 1 909
21 1 910
21 1 911
21 1 912
21 1 928
21 1 929
21 1 931
21 1 932
21 1 933
21 1 935
21 1 936
21 1 937
21 1 938
21 1 939
21 1 942
21 1 943
21 1 944
21 1 948
21 1 949
21 1 963
21 1 964
21 1 966
21 1 967
21 1 968
21 1 969
21 1 971
21 1 973
21 1 977
21 1 978
21 24 976
1 50 861
1 50 863
1 50 864
1 32 901
1 17 963
1 24 976
50 58 919
50 58 925
32 38 899
32 38 900
32 38 901
32 38 902
32 38 903
32 38 904
32 38 907
32 38 908
32 38 909
32 38 911
32 38 912
32 38 913
32 38 915
32 38 924
32 38 925
32 38 928
32 38 931
32 38 933
32 38 940
32 38 942
32 38 944
32 38 945
32 38 950
32 38 952
32 38 954
32 38 956
32 38 957
32 38 958
32 38 960
32 38 963
32 38 968
32 38 972
32 38 974
32 38 976
32 38 977
32 38 981
32 38 984
32 38 986
32 38 990
32 38 997
32 38 998
32 38 1002
32 38 1009
32 38 1011
32 38 1015
32 38 1021
32 38 1022
32 38 1023
32 38 1028
32 38 1029
32 38 1030
32 38 1032
32 38 1035
32 38 1038
32 38 1039
32 38 1042
32 38 1043
32 38 1045
32 38 1046
32 38 1047
32 38 1048
32 38 1049
32 38 1050
32 38 1052
32 38 1053
32 38 1055
32 38 1072
32 38 1073
32 38 1074
32 38 1075
32 38 1076
32 38 1077
32 38 1078
32 38 1079
32 38 1081
32 38 1083
32 38 1084
32 38 1086
32 38 1087
32 38 1091
32 38 1101
32 38 1104
32 143 980
32 143 982
32 143 984
32 143 986
32 183 1075
32 183 1076
32 58 1089
38 72 902
38 72 903
38 72 905
38 158 1050
38 158 1052
38 158 1057
38 158 1058
38 158 1060
38 158 1061
38 158 1062
38 158 1063
38 158 1065
38 158 1066
38 158 1067
38 158 1069
38 158 1070
38 158 1071
38 158 1072
38 158 1074
38 108 1052
38 108 1072
38 29 1058
38 29 1060
38 29 1061
38 29 1062
38 29 1063
38 29 1064
38 29 1066
38 29 1067
38 29 1068
38 29 1069
38 29 1071
38 29 1072
38 29 1074
38 29 1076
38 29 1077
38 29 1078
38 29 1080
38 29 1084
38 29 1085
38 29 1086
38 29 1087
38 29 1088
38 29 1089
38 29 1096
38 29 1098
38 29 1103
38 29 1104
38 29 1107
38 29 1108
38 29 1109
38 29 1111
38 29 1112
38 29 1116
38 29 1117
38 73 1107
38 22 1110
38 22 1111
72 58 909
58 24 976
58 108 1083
58 108 1099
58 108 1100
36 108 1051
36 108 1056
36 108 1057
36 108 1059
36 108 1073
36 108 1074
36 56 1056
36 56 1057
36 56 1058
36 56 1060
36 56 1061
36 56 1063
36 56 1064
36 56 1065
36 56 1066
36 56 1067
36 56 1070
36 56 1072
36 56 1073
36 56 1074
36 56 1075
36 56 1076
36 56 1077
36 56 1078
36 56 1079
36 56 1080
36 56 1083
36 56 1084
36 56 1091
36 56 1092
36 56 1094
36 56 1097
36 56 1098
36 56 1099
36 158 1057
36 158 1058
36 158 1059
36 158 1060
36 158 1071
36 158 1073
36 158 1074
17 183 1172
17 73 1186
56 108 1016
56 108 1020
56 108 1042
56 108 1043
56 108 1067
56 108 1072
56 108 1099
56 108 1100
56 29 1085
158 183 1162
29 39 1360
29 39 1362
73 22 1102
73 22 1105
73 22 1113
