55 69 0
55 69 1
55 69 2
55 69 3
55 69 4
55 69 5
55 69 6
55 69 7
55 69 8
55 69 9
55 69 10
55 69 11
55 69 13
55 69 14
55 69 15
55 69 16
55 69 17
55 69 18
55 69 19
55 69 21
55 69 22
55 69 23
55 69 24
55 69 25
55 69 26
55 69 27
55 69 28
55 69 29
55 69 30
55 69 31
55 69 32
55 69 33
55 69 35
55 69 36
55 69 37
55 69 38
55 69 39
55 69 40
55 69 41
55 69 43
55 69 44
55 69 45
55 69 46
55 69 48
55 69 49
55 69 50
55 69 52
55 69 53
55 69 54
55 69 56
55 69 57
55 69 59
55 69 60
55 69 61
55 69 62
55 69 63
55 69 64
55 69 71
55 69 72
55 69 73
55 69 83
55 69 84
55 69 86
55 69 89
55 69 90
55 69 91
55 69 93
55 69 109
55 69 112
55 69 115
55 69 142
55 69 148
55 69 151
55 69 152
55 69 153
55 69 154
55 69 155
55 69 156
55 69 157
55 69 159
55 69 160
55 69 162
55 69 166
55 69 167
55 69 168
55 69 169
55 69 170
55 69 171
55 69 179
55 69 180
55 69 181
55 69 182
55 69 183
55 69 184
55 69 185
55 69 186
55 69 187
55 69 191
55 69 193
55 69 194
55 69 195
55 69 196
55 69 197
55 69 198
55 69 203
55 69 204
55 69 207
55 69 208
55 69 210
55 69 211
55 69 215
55 69 217
55 69 219
55 69 220
55 69 221
55 69 222
55 69 223
55 69 224
55 69 225
55 69 226
55 69 229
55 69 230
55 69 231
55 69 234
55 69 236
55 69 238
55 69 241
55 69 242
55 69 243
55 69 244
55 69 245
55 69 246
55 69 248
55 69 249
55 69 250
55 69 251
55 69 252
55 69 253
55 31 42
55 31 43
55 90 198
55 66 202
55 25 206
55 47 305
55 47 340
55 44 347
55 44 368
55 44 369
55 44 378
55 44 401
55 44 402
69 6 11
69 29 16
69 29 37
69 29 111
69 41 226
69 41 227
69 41 228
69 41 229
69 41 231
69 41 234
69 19 228
69 39 228
69 68 234
69 7 246
69 7 249
69 20 257
69 20 258
69 51 614
69 51 615
69 51 629
69 51 632
69 51 636
69 51 652
69 51 669
69 51 671
69 51 679
69 51 681
69 51 682
69 51 686
6 29 12
6 29 13
6 29 14
6 29 15
6 29 16
6 29 17
6 29 18
6 29 19
6 29 20
6 29 21
6 29 23
6 29 24
6 29 27
6 29 31
6 29 32
6 29 33
6 29 34
6 29 35
6 29 37
6 29 39
6 29 40
6 29 41
6 29 42
6 29 43
6 29 44
6 29 46
6 29 47
6 29 49
6 29 50
6 29 51
6 29 52
6 29 53
6 29 54
6 29 55
6 29 56
6 29 57
6 29 60
6 29 61
6 29 62
6 29 63
6 29 64
6 29 65
6 29 66
6 29 67
6 29 68
6 29 69
6 29 70
6 29 71
6 29 72
6 29 73
6 29 76
6 29 77
6 29 80
6 29 82
6 29 85
6 29 86
6 29 87
6 29 88
6 29 89
6 29 90
6 29 91
6 29 92
6 29 93
6 29 94
6 29 95
6 29 96
6 29 97
6 29 98
6 29 101
6 29 102
6 29 103
6 29 106
6 29 107
6 29 108
6 29 109
6 29 110
6 29 111
6 29 113
6 29 114
6 29 115
6 29 116
6 29 117
6 29 118
6 29 129
6 29 131
6 29 132
6 29 133
6 29 134
6 29 140
6 29 142
6 29 143
6 29 144
6 29 145
6 29 146
6 29 147
6 29 148
6 29 149
6 29 150
6 29 151
6 29 152
6 29 153
6 29 154
6 29 155
6 29 156
6 18 21
6 18 23
6 18 24
6 18 25
6 18 27
6 18 30
6 18 31
6 18 32
6 18 33
6 18 34
6 18 35
6 18 36
6 18 37
6 18 38
6 18 39
6 18 40
6 18 41
6 18 43
6 18 44
6 18 45
6 18 46
6 18 47
6 18 48
6 18 49
6 18 50
6 18 51
6 18 52
6 18 54
6 18 57
6 18 72
6 18 74
6 18 75
6 18 76
6 18 77
6 18 78
6 18 79
6 18 80
6 18 81
6 18 82
6 18 83
6 18 84
6 18 85
6 18 88
6 18 89
6 18 90
6 18 91
6 18 93
6 18 94
6 18 95
6 18 96
6 18 98
6 18 99
6 18 100
6 18 101
6 18 102
6 18 103
6 18 104
6 18 105
6 18 106
6 18 108
6 18 110
6 18 111
6 18 112
6 18 113
6 18 132
6 18 136
6 18 142
6 18 143
6 18 144
6 18 145
6 18 146
6 18 147
6 18 148
6 18 149
6 18 150
6 18 151
6 18 152
6 18 153
6 18 154
6 18 155
6 18 156
6 62 56
6 57 57
6 4 106
6 4 107
6 4 108
6 4 109
6 4 110
6 4 111
6 35 107
6 35 109
6 35 110
6 79 142
6 79 143
6 79 144
6 79 145
6 79 146
6 79 147
6 79 148
6 79 149
6 79 150
6 79 151
6 79 152
6 79 153
6 79 154
6 79 155
6 79 156
29 19 15
29 19 16
29 19 17
29 19 18
29 19 19
29 19 20
29 66 396
29 66 421
29 66 428
29 66 429
29 81 396
29 81 408
29 81 409
29 81 410
29 81 414
29 81 415
29 81 416
29 81 417
29 81 429
29 81 447
29 81 448
29 81 449
29 81 450
29 81 451
29 91 397
29 91 398
29 91 409
29 91 418
29 91 420
29 91 428
29 91 429
29 91 436
29 91 439
29 91 441
29 91 442
29 91 446
29 91 447
29 91 449
29 91 450
29 91 451
29 91 452
29 91 453
29 91 456
29 91 457
29 91 458
29 91 459
29 91 460
29 91 461
29 91 462
29 91 463
29 91 464
29 91 465
29 91 466
29 91 467
29 91 468
29 91 469
29 91 470
29 91 471
29 91 472
29 91 473
29 91 474
29 91 475
29 91 478
29 91 479
29 91 481
29 91 488
29 91 491
29 91 493
29 91 494
29 91 495
29 91 496
29 91 497
29 91 498
29 91 499
29 91 501
29 91 502
29 91 503
29 91 504
29 91 505
29 91 506
29 91 507
29 91 508
29 91 515
29 91 517
29 91 520
29 91 522
29 91 523
29 91 525
29 91 526
3 19 13
3 19 14
3 19 15
3 19 16
3 19 17
3 19 18
3 19 19
3 19 20
3 64 1209
3 64 1210
3 64 1211
3 64 1212
3 64 1213
3 64 1214
3 64 1215
3 64 1216
3 64 1217
3 64 1218
3 64 1219
3 64 1220
3 64 1221
3 64 1222
3 64 1225
3 64 1226
3 64 1227
3 64 1228
3 64 1229
3 64 1230
3 64 1231
3 64 1232
3 64 1233
3 64 1234
3 64 1235
3 64 1236
3 64 1237
3 64 1238
3 64 1239
3 64 1240
3 64 1241
3 64 1242
3 64 1243
3 64 1244
3 64 1245
3 64 1246
3 64 1247
3 64 1248
3 64 1249
3 64 1250
3 64 1251
3 64 1252
3 64 1253
3 64 1254
3 64 1255
3 64 1256
3 64 1257
3 64 1258
3 64 1259
3 64 1260
3 64 1261
3 64 1262
3 64 1263
3 64 1264
3 64 1265
3 64 1266
3 64 1267
3 64 1268
3 64 1269
3 64 1270
3 64 1271
3 64 1272
3 64 1273
3 64 1274
3 64 1275
3 64 1276
3 64 1277
3 64 1278
3 64 1279
3 64 1280
3 64 1281
3 64 1282
3 64 1283
3 64 1284
3 64 1285
3 64 1286
3 64 1287
3 64 1288
3 64 1289
3 64 1290
3 64 1291
3 64 1292
3 64 1293
3 64 1294
3 64 1295
3 64 1296
3 64 1297
3 64 1298
3 64 1299
3 64 1300
3 64 1301
3 64 1302
3 64 1303
3 64 1304
3 64 1305
3 64 1306
3 64 1307
3 64 1308
3 64 1309
3 64 1310
3 64 1311
3 64 1312
3 64 1313
3 64 1314
3 64 1315
3 64 1316
3 64 1317
3 64 1318
3 64 1319
3 64 1320
3 64 1321
3 64 1322
3 64 1323
3 64 1324
3 64 1336
3 64 1338
3 64 1339
3 64 1340
3 64 1341
3 64 1342
3 64 1343
3 64 1344
3 64 1345
3 64 1346
3 64 1348
3 64 1350
3 64 1351
3 64 1352
3 64 1353
3 64 1354
3 64 1355
3 64 1356
3 64 1358
3 64 1359
3 64 1360
3 64 1361
3 64 1362
3 64 1363
3 64 1364
3 64 1365
3 64 1366
3 64 1367
3 64 1368
3 64 1369
3 64 1370
3 64 1373
3 64 1374
3 64 1375
3 64 1376
3 64 1377
3 64 1379
3 64 1380
3 64 1381
3 64 1382
3 64 1384
3 64 1388
3 70 1220
19 25 19
19 25 20
19 25 37
19 25 47
19 25 171
19 66 19
19 66 120
19 40 21
19 40 22
19 40 23
19 40 24
19 40 25
19 40 26
19 40 28
19 40 29
19 40 30
19 40 32
19 40 35
19 40 36
19 40 37
19 40 38
19 40 39
19 40 78
19 40 79
19 40 80
19 40 87
19 40 88
19 40 89
19 40 90
19 40 91
19 40 92
19 40 94
19 40 106
19 40 107
19 40 108
19 40 109
19 40 110
19 40 111
19 40 115
19 40 118
19 40 120
19 40 121
19 40 140
19 40 160
19 40 161
19 40 165
19 40 168
19 40 218
19 40 219
19 40 220
19 40 221
19 40 222
19 40 230
19 40 231
19 40 232
19 8 110
19 10 111
19 94 120
19 79 143
19 79 144
19 79 145
19 79 146
19 79 147
19 79 148
19 79 149
19 79 150
19 79 151
19 79 152
19 79 153
19 79 154
19 79 155
19 79 156
19 39 161
38 25 18
38 25 19
38 20 18
38 20 19
38 62 21
38 62 22
38 62 28
38 62 65
38 62 66
38 62 67
38 62 71
38 62 72
38 62 73
38 62 74
38 62 109
38 62 148
38 62 153
38 62 214
38 62 215
38 62 220
38 62 221
38 63 29
38 63 30
38 63 31
38 63 156
38 66 30
38 66 37
38 66 49
38 66 59
38 66 65
38 66 66
38 66 68
38 66 69
38 66 70
38 66 71
38 66 72
38 66 73
38 66 176
38 66 212
38 40 38
38 40 161
38 40 222
38 8 84
38 8 87
38 8 88
38 8 144
38 8 149
38 8 153
38 8 225
38 8 226
38 8 227
38 8 230
38 57 106
38 57 130
38 33 138
38 33 139
38 33 144
38 33 145
38 33 146
38 33 147
38 33 148
38 33 172
38 33 222
38 68 140
38 0 203
38 90 225
38 90 227
38 90 229
38 90 232
38 90 233
38 90 234
38 90 235
38 77 1033
38 77 1034
38 77 1035
38 77 1036
38 77 1037
38 77 1069
38 84 1037
38 84 1040
38 84 1054
38 84 1112
38 84 1186
38 84 1191
38 84 1194
38 84 1280
38 84 1281
38 84 1283
38 84 1284
38 51 1108
25 39 19
25 39 20
25 90 19
25 90 166
25 58 20
25 36 41
25 36 210
25 11 42
25 11 44
25 11 45
25 11 46
25 11 47
25 11 48
25 11 49
25 11 59
25 11 171
25 11 177
25 11 178
25 11 196
25 76 71
25 16 90
25 41 96
25 17 131
25 17 133
25 17 163
25 17 171
25 17 177
25 17 184
25 17 261
25 9 132
25 9 157
25 9 158
25 9 159
25 9 160
25 9 161
25 9 163
25 9 167
25 9 169
25 9 228
25 9 232
25 9 233
25 9 250
25 9 251
25 9 254
25 9 255
25 9 257
25 10 138
25 10 153
25 83 152
25 65 234
25 65 255
25 96 885
25 96 886
25 96 890
25 96 891
25 96 892
25 96 893
25 96 894
25 96 895
25 96 897
25 96 898
25 96 900
25 96 902
25 96 910
25 96 911
25 96 925
25 96 931
25 96 932
25 96 935
25 96 937
25 96 939
25 96 940
25 96 942
25 96 947
25 96 948
25 96 949
25 96 950
25 96 951
25 96 954
25 96 958
25 96 959
25 96 960
25 96 961
25 96 962
25 96 965
25 96 969
25 96 972
25 96 975
25 96 981
25 96 982
25 96 983
25 96 985
25 96 986
25 96 987
25 96 988
25 96 989
25 96 990
25 96 992
25 96 995
25 96 1010
25 96 1011
25 96 1012
25 96 1013
25 96 1014
25 96 1015
25 96 1018
25 96 1019
25 96 1021
25 96 1022
25 96 1024
25 96 1025
25 60 986
25 2 1083
25 2 1093
25 67 1089
25 67 1094
20 39 19
20 39 20
20 10 32
20 16 118
20 11 119
20 9 130
20 17 143
20 17 144
20 17 218
20 80 231
20 79 261
20 79 264
20 79 265
20 79 270
20 79 271
20 79 286
20 79 288
20 79 298
20 79 300
20 79 304
20 79 308
20 79 321
20 79 324
20 79 332
20 41 264
20 41 265
20 41 266
20 41 274
20 41 275
20 41 277
20 41 283
20 41 288
20 41 293
20 41 298
20 41 301
20 41 302
20 41 304
20 41 305
20 41 308
20 41 309
20 41 315
20 41 322
20 41 328
20 41 332
20 41 336
20 41 337
20 41 338
20 41 339
20 36 281
20 36 285
58 94 19
58 66 19
58 66 21
58 66 22
58 66 28
58 66 59
58 66 60
58 66 61
58 66 63
58 66 66
58 66 76
58 66 84
58 66 87
58 66 106
58 66 107
58 66 134
58 66 144
58 66 165
58 66 167
58 66 168
58 66 174
58 66 175
58 66 209
58 66 212
58 66 214
58 66 216
58 66 227
58 66 231
58 66 232
58 66 265
58 66 266
58 66 268
58 66 269
58 66 270
58 66 275
58 66 280
58 66 281
58 66 283
58 66 286
58 66 289
58 63 27
58 63 28
58 63 115
58 40 36
58 40 37
58 40 38
58 64 131
58 8 145
58 8 153
58 33 165
58 68 195
58 68 219
58 68 223
58 68 224
58 68 252
58 68 253
58 68 257
58 68 258
58 68 260
58 34 230
58 44 284
58 44 308
58 44 312
58 44 330
58 44 346
58 44 347
58 44 352
58 44 364
58 44 368
58 44 374
58 44 375
58 44 389
58 44 397
58 44 401
58 44 402
58 53 287
58 53 288
58 53 289
58 53 290
58 53 291
58 53 292
58 53 293
58 53 295
58 53 296
58 53 298
58 53 299
58 53 302
58 53 303
58 53 304
58 53 306
58 53 307
58 53 311
58 53 312
58 53 313
58 53 317
58 53 327
58 53 330
58 53 331
58 53 335
58 53 336
58 53 339
58 53 340
58 53 342
58 53 343
58 53 345
58 53 347
58 53 348
58 53 352
58 53 353
58 53 354
58 53 355
58 53 357
58 53 358
58 53 359
58 53 360
58 53 361
58 53 362
58 53 363
58 53 364
58 53 365
58 53 366
58 53 367
58 53 368
58 53 369
58 53 370
58 53 371
58 53 372
58 53 373
58 53 374
58 53 375
58 53 376
58 53 377
58 53 378
58 53 379
58 53 380
58 53 381
58 53 382
58 53 383
58 53 384
58 53 385
58 53 386
58 53 387
58 53 388
58 53 389
58 53 390
58 53 392
58 53 396
58 53 397
58 53 398
58 53 399
58 53 400
58 53 401
58 53 402
58 47 305
58 47 326
58 47 334
58 35 305
58 35 331
58 35 340
58 7 331
58 7 333
94 76 25
94 76 231
94 17 34
94 17 110
94 17 111
94 17 117
94 17 119
94 17 120
94 17 165
94 36 36
94 36 47
94 9 44
94 9 45
94 9 48
94 11 65
94 11 110
94 11 119
94 11 120
94 23 73
94 23 197
94 65 75
94 41 122
94 41 238
94 41 308
94 41 328
94 41 329
94 79 122
94 83 169
94 87 288
94 87 294
94 87 295
94 87 296
94 87 297
94 87 304
94 87 307
94 87 308
94 87 309
94 87 315
94 87 316
94 87 318
94 87 320
94 87 321
94 87 324
94 87 333
66 90 19
66 90 21
66 90 65
66 90 119
66 23 20
66 23 24
66 23 29
66 23 30
66 23 31
66 23 41
66 23 42
66 23 43
66 23 44
66 23 57
66 23 58
66 23 59
66 23 60
66 23 61
66 23 75
66 23 76
66 23 77
66 23 81
66 23 84
66 23 85
66 23 86
66 23 87
66 23 88
66 23 91
66 23 99
66 23 106
66 23 107
66 23 140
66 23 153
66 23 154
66 23 155
66 23 156
66 23 163
66 23 167
66 23 216
66 23 219
66 23 220
66 23 221
66 23 223
66 23 227
66 23 229
66 23 231
66 23 232
66 23 233
66 23 234
66 23 265
66 23 266
66 23 267
66 23 268
66 23 269
66 23 270
66 23 271
66 23 272
66 23 282
66 23 283
66 23 284
66 23 285
66 23 286
66 23 287
66 23 288
66 23 289
66 56 22
66 56 26
66 56 45
66 56 46
66 56 49
66 56 144
66 59 23
66 59 28
66 59 30
66 59 40
66 59 107
66 10 32
66 10 35
66 10 85
66 10 129
66 10 153
66 17 37
66 17 61
66 17 62
66 17 63
66 17 64
66 17 106
66 17 134
66 17 135
66 17 136
66 17 137
66 17 138
66 17 139
66 17 165
66 17 180
66 17 195
66 17 200
66 17 264
66 9 41
66 9 42
66 9 56
66 9 114
66 9 126
66 9 127
66 9 128
66 9 129
66 9 130
66 9 131
66 9 132
66 9 166
66 9 167
66 9 168
66 9 172
66 9 180
66 9 181
66 9 182
66 9 193
66 9 194
66 9 196
66 9 197
66 9 198
66 9 199
66 9 206
66 9 207
66 9 208
66 9 209
66 9 210
66 9 211
66 9 212
66 9 216
66 9 217
66 9 258
66 9 259
66 9 260
66 9 261
66 9 262
66 9 263
66 68 51
66 68 155
66 68 156
66 68 169
66 68 172
66 68 173
66 68 176
66 68 210
66 68 222
66 36 56
66 36 157
66 16 56
66 16 57
66 16 86
66 11 57
66 11 58
66 11 61
66 11 62
66 11 94
66 11 101
66 11 102
66 11 103
66 11 104
66 11 105
66 11 112
66 11 124
66 11 129
66 11 130
66 11 134
66 11 135
66 11 136
66 11 156
66 11 185
66 11 186
66 11 187
66 11 188
66 11 189
66 11 190
66 11 191
66 11 192
66 11 194
66 33 60
66 33 68
66 33 69
66 33 70
66 33 71
66 33 72
66 33 191
66 33 199
66 0 60
66 0 63
66 76 66
66 76 67
66 39 85
66 39 118
66 39 185
66 39 188
66 39 189
66 39 191
66 65 90
66 65 115
66 65 118
66 65 158
66 65 185
66 65 198
66 65 202
66 65 246
66 5 92
66 5 94
66 5 144
66 5 147
66 5 150
66 5 151
66 5 166
66 5 172
66 41 94
66 41 101
66 41 106
66 41 109
66 41 177
66 83 136
66 83 140
66 83 156
66 83 161
66 83 182
66 83 222
66 31 170
66 31 172
66 31 202
66 26 219
66 4 260
66 4 261
66 4 263
66 88 393
66 88 401
66 88 437
66 88 447
66 88 448
66 88 456
66 88 492
66 88 510
66 88 513
66 88 514
66 88 517
66 88 554
66 88 557
66 88 565
66 88 579
66 88 581
33 57 19
33 57 65
33 57 66
33 0 19
33 0 27
33 0 165
33 0 166
33 0 195
33 0 196
33 63 21
33 63 66
33 63 68
33 9 24
33 9 25
33 9 28
33 9 32
33 9 33
33 9 35
33 9 39
33 9 40
33 9 52
33 9 57
33 9 74
33 9 137
33 9 139
33 9 140
33 9 164
33 9 172
33 9 179
33 9 182
33 9 184
33 9 194
33 9 196
33 9 219
33 9 226
33 40 25
33 40 155
33 40 178
33 36 26
33 36 27
33 36 33
33 36 34
33 36 35
33 36 36
33 36 38
33 36 55
33 36 69
33 36 71
33 36 93
33 36 94
33 36 96
33 36 135
33 36 136
33 36 141
33 36 142
33 36 149
33 36 150
33 36 151
33 36 209
33 36 218
33 65 28
33 65 29
33 65 31
33 65 32
33 65 33
33 65 34
33 65 35
33 65 39
33 65 42
33 65 75
33 65 90
33 65 181
33 65 201
33 65 202
33 90 32
33 90 38
33 90 41
33 90 42
33 90 44
33 90 47
33 90 48
33 90 49
33 90 50
33 90 51
33 90 52
33 90 77
33 90 78
33 90 79
33 90 80
33 90 207
33 90 221
33 90 223
33 90 232
33 90 233
33 90 234
33 90 235
33 90 236
33 90 237
33 90 237
33 90 238
33 90 239
33 90 240
33 90 240
33 90 241
33 90 242
33 90 243
33 90 244
33 90 245
33 90 248
33 90 255
33 90 257
33 90 257
33 90 258
33 90 258
33 90 259
33 90 260
33 90 260
33 90 261
33 90 262
33 90 263
33 90 264
33 90 265
33 90 289
33 90 345
33 90 348
33 90 349
33 90 352
33 90 378
33 90 438
33 90 444
33 5 40
33 5 42
33 5 76
33 5 127
33 5 131
33 5 147
33 5 167
33 5 171
33 5 172
33 83 41
33 83 55
33 83 56
33 83 74
33 83 93
33 83 94
33 83 95
33 83 97
33 83 99
33 83 100
33 83 101
33 83 102
33 83 103
33 83 104
33 83 105
33 83 116
33 83 117
33 83 118
33 83 119
33 83 120
33 83 121
33 83 122
33 83 123
33 83 124
33 83 125
33 83 127
33 83 128
33 83 129
33 83 130
33 83 135
33 83 141
33 83 142
33 83 143
33 83 156
33 83 157
33 83 158
33 83 159
33 83 160
33 83 161
33 83 163
33 83 164
33 83 165
33 83 166
33 83 170
33 83 171
33 83 178
33 83 179
33 83 180
33 83 181
33 83 182
33 83 183
33 83 184
33 83 207
33 83 208
33 83 209
33 83 218
33 83 220
33 60 44
33 60 45
33 60 46
33 60 47
33 60 48
33 60 49
33 60 50
33 34 50
33 11 55
33 11 93
33 11 176
33 11 177
33 11 179
33 17 56
33 17 134
33 17 181
33 16 81
33 16 83
33 10 83
33 10 156
33 41 87
33 41 235
33 41 237
33 41 307
33 41 308
33 41 318
33 41 320
33 41 327
33 41 328
33 41 329
33 59 96
33 68 126
33 68 127
33 68 130
33 68 131
33 68 132
33 68 133
33 68 144
33 68 149
33 68 150
33 68 151
33 68 152
33 68 153
33 68 154
33 68 169
33 68 171
33 68 182
33 68 184
33 68 203
33 68 225
33 56 136
33 56 143
33 56 144
33 62 143
33 62 201
33 78 154
33 78 155
33 71 155
33 86 155
33 39 169
33 39 170
33 39 196
33 39 199
33 39 223
33 39 237
33 8 208
33 8 237
33 8 238
33 8 240
33 8 245
33 8 247
33 8 248
33 8 258
33 8 368
33 8 380
33 8 381
33 8 386
33 8 392
33 8 393
33 8 395
33 8 409
33 8 420
33 8 421
33 8 424
33 8 426
33 8 444
33 76 219
33 76 227
33 76 229
33 76 230
33 76 231
33 76 232
33 76 254
33 76 255
33 76 256
33 37 237
33 37 240
33 37 242
33 37 260
33 37 263
33 37 264
33 37 265
33 37 409
33 37 419
33 37 420
33 37 421
33 37 424
33 37 431
33 37 434
33 37 436
33 37 438
33 37 440
33 37 441
33 37 442
33 37 443
33 74 349
33 74 350
33 74 352
33 74 353
33 74 354
33 74 355
33 74 358
33 74 359
33 74 361
33 74 364
33 74 365
33 74 366
33 74 382
33 74 387
33 74 389
33 74 395
33 74 409
33 74 412
33 74 426
33 74 429
33 74 430
33 74 436
33 74 437
33 74 438
33 74 440
33 74 441
33 74 442
33 74 443
33 74 444
33 44 447
57 90 24
57 90 25
57 90 32
57 23 30
57 23 59
57 23 60
57 23 65
57 17 34
57 17 36
57 17 77
57 17 111
57 11 38
57 11 41
57 11 62
57 11 76
57 11 77
57 11 78
57 11 111
57 16 39
57 16 40
57 16 41
57 16 42
57 16 43
57 16 44
57 41 72
57 41 73
57 41 74
57 36 79
57 36 80
57 36 82
57 36 126
57 36 127
57 36 128
57 36 129
57 36 130
57 36 131
57 36 140
57 36 141
57 9 86
57 9 87
57 9 88
57 9 89
57 9 92
57 9 93
57 9 94
57 9 95
57 9 96
57 9 97
57 9 99
57 9 100
57 9 101
57 9 112
57 9 113
57 9 114
57 9 115
57 9 117
57 9 118
57 79 87
57 79 88
57 79 117
57 79 118
57 79 119
57 79 120
57 87 112
57 76 117
57 76 1029
57 76 1054
57 76 1196
57 76 1199
57 76 1200
57 83 143
57 10 145
57 10 146
57 47 1027
57 47 1041
57 47 1097
57 47 1138
57 47 1145
57 47 1157
57 47 1221
57 47 1231
57 47 1246
57 47 1247
57 30 1052
57 30 1150
57 30 1249
57 53 1077
57 53 1089
57 53 1092
57 53 1148
57 53 1156
0 11 20
0 11 27
0 11 53
0 11 56
0 11 57
0 11 58
0 11 60
0 11 62
0 11 75
0 11 76
0 11 77
0 11 78
0 11 80
0 11 87
0 11 91
0 11 92
0 11 120
0 11 156
0 11 157
0 11 158
0 11 159
0 11 160
0 11 162
0 11 164
0 11 169
0 11 182
0 11 200
0 11 201
0 11 203
0 11 204
0 11 210
0 11 211
0 11 212
0 11 213
0 11 214
0 11 215
0 11 216
0 11 217
0 11 218
0 11 219
0 11 220
0 11 221
0 11 223
0 11 225
0 11 226
0 11 227
0 11 228
0 11 242
0 11 261
0 11 273
0 11 274
0 11 275
0 11 276
0 11 287
0 11 362
0 11 370
0 11 409
0 11 413
0 11 415
0 11 427
0 11 429
0 11 435
0 11 436
0 10 21
0 10 142
0 17 23
0 17 25
0 17 27
0 17 29
0 17 30
0 17 31
0 17 32
0 17 33
0 17 34
0 17 39
0 17 48
0 17 49
0 17 51
0 17 52
0 17 53
0 17 54
0 17 55
0 17 57
0 17 58
0 17 77
0 17 78
0 17 87
0 17 96
0 17 97
0 17 98
0 17 108
0 17 110
0 17 116
0 17 117
0 17 120
0 17 139
0 17 141
0 17 167
0 17 173
0 17 178
0 17 180
0 17 191
0 17 192
0 17 195
0 17 200
0 17 206
0 17 207
0 17 218
0 17 219
0 17 221
0 17 222
0 17 223
0 17 224
0 17 225
0 17 226
0 17 229
0 17 231
0 17 232
0 17 233
0 17 242
0 17 243
0 17 251
0 17 252
0 17 257
0 17 274
0 17 278
0 17 279
0 17 280
0 17 291
0 17 292
0 17 294
0 17 295
0 17 296
0 17 297
0 17 298
0 17 299
0 17 300
0 17 301
0 17 302
0 17 303
0 17 304
0 17 305
0 17 306
0 17 307
0 17 308
0 17 309
0 17 310
0 17 311
0 17 312
0 17 313
0 17 314
0 17 315
0 17 316
0 17 317
0 17 318
0 17 319
0 17 320
0 17 321
0 17 322
0 17 323
0 17 324
0 17 325
0 17 326
0 17 327
0 17 328
0 17 329
0 17 330
0 17 331
0 17 332
0 17 333
0 17 334
0 17 335
0 17 336
0 17 337
0 17 338
0 17 339
0 17 340
0 17 341
0 17 343
0 17 344
0 17 345
0 17 349
0 17 350
0 17 351
0 17 352
0 17 353
0 17 354
0 17 355
0 17 356
0 17 357
0 17 358
0 17 359
0 17 360
0 17 361
0 17 362
0 17 363
0 17 364
0 17 365
0 17 367
0 17 368
0 17 369
0 17 370
0 17 371
0 17 372
0 17 373
0 17 374
0 17 375
0 17 376
0 17 377
0 17 378
0 17 379
0 17 380
0 17 381
0 17 382
0 17 383
0 17 384
0 17 385
0 17 386
0 17 387
0 17 388
0 17 389
0 17 390
0 17 391
0 17 392
0 17 393
0 17 394
0 17 395
0 17 396
0 17 397
0 17 398
0 17 399
0 17 400
0 17 401
0 17 402
0 17 403
0 17 404
0 17 405
0 17 406
0 17 407
0 17 408
0 17 409
0 17 410
0 17 411
0 17 429
0 17 430
0 17 431
0 17 433
0 17 435
0 9 26
0 9 204
0 9 207
0 9 208
0 56 56
0 56 77
0 36 57
0 36 58
0 36 83
0 36 84
0 83 83
0 83 87
0 83 144
0 83 168
0 83 201
0 16 85
0 68 93
0 68 143
0 68 146
0 68 176
0 68 204
0 68 205
0 68 218
0 68 220
0 90 118
0 63 139
0 62 173
0 62 176
0 62 177
0 62 179
0 62 261
0 40 176
0 40 179
0 40 197
0 40 198
0 5 191
0 5 196
0 5 203
0 8 193
0 8 194
0 23 261
39 63 23
39 63 110
39 63 111
39 63 115
39 63 116
39 76 25
39 76 35
39 76 36
39 76 66
39 76 67
39 76 79
39 76 80
39 76 81
39 76 83
39 76 182
39 76 235
39 76 239
39 23 29
39 23 206
39 23 218
39 90 32
39 90 35
39 17 35
39 17 58
39 17 59
39 17 87
39 17 88
39 17 92
39 16 37
39 36 37
39 36 85
39 36 86
39 36 87
39 36 90
39 36 106
39 36 111
39 36 112
39 36 117
39 36 118
39 36 120
39 36 121
39 36 122
39 36 123
39 36 124
39 36 130
39 36 158
39 36 159
39 36 160
39 36 161
39 36 172
39 36 200
39 36 230
39 36 232
39 36 234
39 36 235
39 36 236
39 68 39
39 68 50
39 68 51
39 68 55
39 68 96
39 68 155
39 68 165
39 68 171
39 68 173
39 68 239
39 9 54
39 9 55
39 9 56
39 9 138
39 9 139
39 9 140
39 9 173
39 9 174
39 9 175
39 9 220
39 9 221
39 11 59
39 11 63
39 11 89
39 11 140
39 34 79
39 83 90
39 64 92
39 41 177
90 17 24
90 17 56
90 17 79
90 17 80
90 17 81
90 17 87
90 17 90
90 17 91
90 17 135
90 17 141
90 17 168
90 17 170
90 17 171
90 17 172
90 17 174
90 17 175
90 17 176
90 17 181
90 17 201
90 17 202
90 17 217
90 17 218
90 40 24
90 40 225
90 40 226
90 23 29
90 23 221
90 34 29
90 34 35
90 9 35
90 9 40
90 9 49
90 9 50
90 9 51
90 9 52
90 9 72
90 9 73
90 9 75
90 9 76
90 9 77
90 9 78
90 9 93
90 9 169
90 9 176
90 9 177
90 9 178
90 9 179
90 9 180
90 9 182
90 9 184
90 9 193
90 68 39
90 68 40
90 68 41
90 68 42
90 68 44
90 68 130
90 68 131
90 68 133
90 68 144
90 68 145
90 68 146
90 68 155
90 68 184
90 68 196
90 68 197
90 68 198
90 68 201
90 68 202
90 68 222
90 68 223
90 68 237
90 68 239
90 68 407
90 68 409
90 68 412
90 68 413
90 68 414
90 68 415
90 68 416
90 68 423
90 68 425
90 68 426
90 68 430
90 68 437
90 68 439
90 68 444
90 68 447
90 68 448
90 68 449
90 68 456
90 68 457
90 64 44
90 64 45
90 64 50
90 36 47
90 36 48
90 36 49
90 36 50
90 36 51
90 36 52
90 36 53
90 36 54
90 36 55
90 36 56
90 36 61
90 36 65
90 36 68
90 36 83
90 36 90
90 36 91
90 36 92
90 36 142
90 36 143
90 36 144
90 36 208
90 36 209
90 36 220
90 36 229
90 36 232
90 36 233
90 36 234
90 36 236
90 36 239
90 36 242
90 36 243
90 36 253
90 36 259
90 36 261
90 36 262
90 36 273
90 36 275
90 36 277
90 36 281
90 36 284
90 36 286
90 36 291
90 36 292
90 36 294
90 36 296
90 36 297
90 36 299
90 36 300
90 36 301
90 36 304
90 36 312
90 36 329
90 36 330
90 36 343
90 36 345
90 36 347
90 36 350
90 36 360
90 36 361
90 36 362
90 36 367
90 36 373
90 36 375
90 36 378
90 36 379
90 36 381
90 36 382
90 36 415
90 36 416
90 36 419
90 36 421
90 36 422
90 36 423
90 36 437
90 36 438
90 36 439
90 36 440
90 36 441
90 36 442
90 36 444
90 36 445
90 36 447
90 36 454
90 36 455
90 36 456
90 36 457
90 65 47
90 41 80
90 41 170
90 41 171
90 11 80
90 11 84
90 11 87
90 11 89
90 11 90
90 11 214
90 11 215
90 10 81
90 8 117
90 76 147
90 76 148
90 76 235
90 76 238
90 76 243
90 76 244
90 76 245
90 76 246
90 76 247
90 76 248
90 76 251
90 76 252
90 76 258
90 76 270
90 76 274
90 76 275
90 76 276
90 76 277
90 76 278
90 76 279
90 76 280
90 76 281
90 76 282
90 76 283
90 76 284
90 76 285
90 76 288
90 76 298
90 76 302
90 76 304
90 76 329
90 76 330
90 76 331
90 76 332
90 76 333
90 76 334
90 76 335
90 76 336
90 76 337
90 76 338
90 76 339
90 76 340
90 76 341
90 76 342
90 76 343
90 76 344
90 76 345
90 76 346
90 76 347
90 76 348
90 76 349
90 76 350
90 76 351
90 76 352
90 76 353
90 76 354
90 76 355
90 76 356
90 76 358
90 76 359
90 76 360
90 76 361
90 76 362
90 76 363
90 76 364
90 76 365
90 76 366
90 76 367
90 76 368
90 76 370
90 76 371
90 76 372
90 76 373
90 76 375
90 76 376
90 76 377
90 76 378
90 76 379
90 76 380
90 76 381
90 76 382
90 76 383
90 76 384
90 26 222
90 5 414
90 5 416
59 34 20
59 34 67
59 34 76
59 64 58
59 68 86
59 8 109
59 8 159
59 8 164
59 88 664
59 88 665
59 88 666
59 88 667
59 88 668
59 88 669
59 88 670
59 88 671
59 88 672
59 88 673
59 88 674
59 88 676
59 88 677
59 88 678
59 88 679
59 88 680
59 88 682
59 88 683
59 88 685
59 88 687
59 88 688
59 88 689
59 88 690
59 88 697
59 88 698
59 88 703
59 88 706
59 88 711
59 88 712
59 88 717
59 88 721
59 88 728
59 88 730
59 88 731
59 88 732
59 88 734
59 88 765
59 88 766
59 88 767
59 88 768
59 88 769
59 88 770
59 88 771
59 88 772
59 88 773
59 88 776
59 88 777
59 88 778
59 88 779
59 88 783
59 88 786
59 88 787
59 88 788
59 88 789
59 88 790
59 88 791
59 88 792
59 88 793
59 88 796
59 88 797
59 88 799
59 88 802
59 88 803
59 88 804
59 88 805
59 88 808
59 88 811
59 88 814
59 88 816
59 92 702
59 92 758
59 24 761
34 83 24
34 83 25
34 83 26
34 83 27
34 83 28
34 83 29
34 83 30
34 83 165
34 83 166
34 83 173
34 83 220
34 83 254
34 83 259
34 83 261
34 83 266
34 83 267
34 83 270
34 83 274
34 83 275
34 83 276
34 83 278
34 83 279
34 83 281
34 83 282
34 83 286
34 83 287
34 83 298
34 83 304
34 83 305
34 83 345
34 83 425
34 83 439
34 56 24
34 56 37
34 56 38
34 56 160
34 31 28
34 31 165
34 31 225
34 5 35
34 5 167
34 5 235
34 5 244
34 5 254
34 5 259
34 5 266
34 5 269
34 5 270
34 5 290
34 5 291
34 5 292
34 5 307
34 5 324
34 5 325
34 5 326
34 5 327
34 5 328
34 5 334
34 5 363
34 5 375
34 5 379
34 5 390
34 5 391
34 5 394
34 5 407
34 5 408
34 5 417
34 5 422
34 65 36
34 65 165
34 62 42
34 62 67
34 62 92
34 62 93
34 62 102
34 62 166
34 62 190
34 4 46
34 4 47
34 4 51
34 4 64
34 4 83
34 4 93
34 4 94
34 4 95
34 4 96
34 4 97
34 4 98
34 4 106
34 4 107
34 4 108
34 4 109
34 4 110
34 12 50
34 41 87
34 41 234
34 9 106
34 9 108
34 9 111
34 9 142
34 9 143
34 9 147
34 9 177
34 9 196
34 9 197
34 9 229
34 17 147
34 11 166
34 11 177
34 11 188
34 11 194
34 11 195
34 23 198
34 23 229
34 23 282
34 36 209
34 36 219
34 36 223
34 36 224
34 36 259
34 36 261
34 36 266
34 36 274
34 36 275
34 36 276
34 36 277
34 36 278
34 36 279
34 36 280
34 36 281
34 36 285
34 36 290
34 36 294
34 36 314
34 36 315
34 36 317
34 36 318
34 36 396
34 36 417
34 36 422
34 36 423
34 36 435
34 68 224
34 68 225
34 68 226
34 68 227
34 68 228
34 68 231
34 68 234
34 68 235
34 68 240
34 68 241
34 68 242
34 68 245
34 68 246
34 68 247
34 68 248
34 68 251
34 68 254
34 68 255
34 68 256
34 68 257
34 68 258
34 68 259
34 68 260
34 68 261
34 68 262
34 68 263
34 68 264
34 68 265
34 68 266
34 68 267
34 68 268
34 68 269
34 68 270
34 68 274
34 68 275
34 68 276
34 68 277
34 68 278
34 68 279
34 68 280
34 68 281
34 68 282
34 68 283
34 68 285
34 68 286
34 68 287
34 68 288
34 68 289
34 68 290
34 68 292
34 68 293
34 68 294
34 68 295
34 68 297
34 68 298
34 68 299
34 68 300
34 68 301
34 68 302
34 68 304
34 68 305
34 68 306
34 68 307
34 68 308
34 68 309
34 68 310
34 68 311
34 68 312
34 68 313
34 68 316
34 68 317
34 68 318
34 68 319
34 68 320
34 68 321
34 68 322
34 68 323
34 68 328
34 68 335
34 68 340
34 68 347
34 68 348
34 68 351
34 68 357
34 68 360
34 68 390
34 68 391
34 68 396
34 68 397
34 68 407
34 68 408
34 68 410
34 68 416
34 68 423
34 68 425
34 68 439
34 87 232
34 76 238
34 76 242
34 76 245
34 76 251
34 76 258
34 76 270
34 76 281
34 76 285
34 76 293
34 76 301
34 76 304
34 76 305
34 76 306
34 76 307
34 76 308
34 76 309
34 76 310
34 76 311
34 76 312
34 76 313
34 76 314
34 76 315
34 76 316
34 76 317
34 76 318
34 76 319
34 76 321
34 76 322
34 76 324
34 76 325
34 76 326
34 76 327
34 76 328
34 76 379
34 76 385
17 14 20
17 14 77
17 14 116
17 14 120
17 14 121
17 14 123
17 14 126
17 14 129
17 14 133
17 14 134
17 14 135
17 14 136
17 14 137
17 14 139
17 14 178
17 14 270
17 14 274
17 14 286
17 14 291
17 36 24
17 36 56
17 36 57
17 36 58
17 36 88
17 36 90
17 36 100
17 36 101
17 36 106
17 36 107
17 36 108
17 36 209
17 36 210
17 16 25
17 16 33
17 16 34
17 16 76
17 16 117
17 68 26
17 68 27
17 68 81
17 68 93
17 68 95
17 68 96
17 68 101
17 68 102
17 68 103
17 68 104
17 68 105
17 68 107
17 68 110
17 68 122
17 68 157
17 68 200
17 68 201
17 68 219
17 63 35
17 63 36
17 63 56
17 63 59
17 63 60
17 63 76
17 9 36
17 9 97
17 9 98
17 9 102
17 9 103
17 9 142
17 9 144
17 9 145
17 9 147
17 9 152
17 9 153
17 9 154
17 9 155
17 9 156
17 9 158
17 9 174
17 9 176
17 62 37
17 62 131
17 62 136
17 62 165
17 11 46
17 11 47
17 11 52
17 11 53
17 11 54
17 11 57
17 11 58
17 11 59
17 11 66
17 11 72
17 11 74
17 11 75
17 11 76
17 11 78
17 11 87
17 11 88
17 11 95
17 11 98
17 11 99
17 11 100
17 11 108
17 11 110
17 11 111
17 11 112
17 11 114
17 11 115
17 11 119
17 11 122
17 11 124
17 11 125
17 11 138
17 11 164
17 11 173
17 11 218
17 11 219
17 11 221
17 11 222
17 11 223
17 11 225
17 11 226
17 11 227
17 11 228
17 11 229
17 11 234
17 11 235
17 11 236
17 11 237
17 11 240
17 11 241
17 11 242
17 11 243
17 11 244
17 11 245
17 11 248
17 11 249
17 11 250
17 11 251
17 11 252
17 11 256
17 11 257
17 11 260
17 11 261
17 11 262
17 11 267
17 11 268
17 11 269
17 11 271
17 11 272
17 11 273
17 11 279
17 11 281
17 11 282
17 11 283
17 11 285
17 11 287
17 11 435
17 10 49
17 10 76
17 8 79
17 8 86
17 8 88
17 8 89
17 8 94
17 8 95
17 8 107
17 8 112
17 8 116
17 8 117
17 8 123
17 8 171
17 8 181
17 8 184
17 8 195
17 40 79
17 40 137
17 40 138
17 40 139
17 40 140
17 40 143
17 40 144
17 40 146
17 40 153
17 40 178
17 40 180
17 40 184
17 40 185
17 40 189
17 40 190
17 40 195
17 40 202
17 40 203
17 40 204
17 43 80
17 12 80
17 12 143
17 12 146
17 12 148
17 12 149
17 12 150
17 12 202
17 41 81
17 41 170
17 76 101
17 76 129
17 64 131
14 16 37
14 16 38
14 16 40
14 16 41
14 16 42
14 16 43
14 16 45
14 16 46
14 16 48
14 16 51
14 16 113
14 36 56
14 36 57
14 36 58
14 36 82
14 36 108
14 36 110
14 36 140
14 41 74
14 41 131
14 9 77
14 9 78
14 9 81
14 9 104
14 9 112
14 9 113
14 9 114
14 9 122
14 9 130
14 9 140
14 9 141
14 9 210
14 9 211
14 9 212
14 9 213
14 9 214
14 76 116
14 79 122
14 68 123
14 68 202
14 10 124
14 10 129
14 10 141
14 2 1046
14 2 1101
14 2 1102
14 67 1047
14 67 1054
14 67 1055
14 67 1056
14 67 1057
14 67 1060
14 67 1067
14 67 1072
14 67 1073
14 67 1074
14 67 1076
14 67 1077
14 67 1079
14 67 1080
14 67 1081
14 67 1082
14 67 1083
14 67 1084
14 67 1087
14 67 1101
14 67 1114
14 67 1117
11 40 34
11 40 80
11 40 139
11 40 155
11 40 177
11 40 180
11 40 185
11 40 186
11 40 187
11 40 188
11 40 189
11 40 190
11 40 191
11 40 192
11 40 193
11 40 194
11 40 195
11 40 196
11 62 37
11 62 38
11 62 48
11 62 117
11 16 39
11 16 44
11 16 49
11 16 50
11 16 54
11 16 55
11 16 65
11 16 66
11 16 68
11 16 73
11 16 168
11 8 81
11 8 87
11 8 88
11 8 89
11 8 108
11 8 111
11 8 112
11 8 113
11 8 114
11 8 115
11 8 116
11 8 117
11 8 167
11 8 196
11 63 95
11 63 96
11 63 97
11 63 98
11 63 101
11 63 106
11 93 113
11 68 129
11 68 159
11 44 167
11 44 282
11 71 173
11 71 179
11 78 176
23 62 23
23 62 24
23 62 36
23 62 37
23 62 58
23 62 76
23 62 77
23 62 78
23 62 80
23 62 81
23 62 82
23 62 87
23 62 90
23 62 91
23 62 92
23 62 164
23 62 167
23 62 168
23 62 226
23 62 228
23 62 231
23 62 232
23 62 237
23 62 238
23 62 243
23 62 245
23 62 246
23 62 253
23 62 254
23 62 255
23 62 256
23 62 257
23 62 258
23 62 260
23 62 261
23 62 263
23 62 265
23 62 266
23 62 267
23 62 268
23 62 269
23 62 270
23 62 271
23 62 272
23 62 273
23 62 282
23 62 283
23 62 284
23 62 285
23 62 286
23 62 287
23 62 288
23 62 289
23 63 31
23 63 33
23 63 34
23 63 35
23 40 37
23 40 39
23 40 40
23 40 41
23 40 42
23 40 93
23 40 94
23 40 105
23 40 141
23 40 157
23 64 72
23 64 131
23 64 132
23 16 89
23 68 155
23 68 223
23 68 224
23 68 225
23 68 226
23 68 228
23 68 229
23 68 251
23 68 252
23 68 257
23 68 258
23 28 218
23 28 219
23 91 533
16 37 21
16 68 21
16 13 23
16 13 34
16 13 83
16 13 109
16 13 172
16 10 36
16 10 63
16 10 72
16 10 81
16 10 82
16 10 107
16 10 108
16 10 110
16 10 111
16 10 120
16 10 130
16 10 161
16 10 163
16 10 164
16 10 165
16 10 166
16 10 167
16 10 170
16 10 171
16 63 39
16 41 80
16 41 81
16 9 92
16 8 117
37 68 27
37 68 30
37 68 38
37 68 84
37 68 85
37 68 97
37 68 98
37 68 105
37 68 144
37 68 145
37 68 146
37 68 147
37 68 148
37 68 149
37 68 151
37 68 168
37 68 173
37 68 195
37 68 294
37 68 297
37 68 298
37 68 299
37 68 300
37 68 301
37 68 317
37 68 318
37 68 395
37 68 396
37 68 408
37 68 409
37 68 412
37 68 413
37 68 414
37 68 415
37 68 416
37 68 417
37 68 418
37 68 420
37 68 423
37 68 426
37 68 437
37 68 438
37 68 439
37 68 440
37 68 441
37 68 442
37 68 443
37 68 445
37 68 447
37 68 448
37 68 449
37 68 453
37 68 456
37 68 457
37 9 27
37 9 77
37 9 135
37 76 234
37 76 271
37 76 276
37 76 277
37 76 314
37 76 366
37 76 381
37 83 353
37 83 390
37 83 391
37 83 412
37 83 420
37 91 1030
37 91 1031
37 91 1033
37 91 1034
37 91 1035
37 91 1036
37 91 1038
37 91 1039
37 91 1045
37 91 1055
37 91 1056
37 91 1060
37 91 1061
37 91 1070
37 91 1071
37 91 1080
37 91 1107
37 91 1108
37 91 1113
37 91 1117
37 91 1135
37 91 1150
37 91 1163
37 91 1165
37 91 1180
37 91 1183
37 91 1184
37 91 1185
37 91 1187
37 91 1188
37 91 1189
37 91 1190
37 91 1192
37 91 1193
37 91 1195
37 53 1045
37 53 1160
68 36 21
68 36 23
68 36 24
68 36 26
68 36 27
68 36 29
68 36 31
68 36 36
68 36 47
68 36 48
68 36 78
68 8 25
68 8 26
68 8 30
68 8 39
68 8 40
68 8 44
68 8 47
68 8 57
68 8 75
68 8 76
68 8 77
68 8 78
68 8 79
68 8 93
68 8 107
68 8 119
68 8 120
68 8 122
68 8 123
68 8 124
68 8 125
68 8 127
68 8 128
68 8 130
68 8 131
68 8 132
68 8 133
68 8 137
68 8 139
68 8 142
68 8 143
68 8 170
68 8 175
68 8 182
68 8 201
68 8 202
68 8 203
68 8 207
68 8 208
68 8 222
68 8 223
68 8 224
68 8 235
68 8 236
68 8 254
68 8 255
68 8 259
68 8 267
68 8 276
68 8 277
68 8 278
68 8 301
68 8 407
68 8 408
68 8 409
68 8 412
68 8 413
68 8 415
68 8 423
68 8 425
68 8 426
68 8 438
68 8 439
68 8 444
68 8 445
68 8 448
68 8 449
68 9 26
68 9 29
68 9 32
68 9 35
68 9 36
68 9 37
68 9 38
68 9 39
68 9 40
68 9 49
68 9 50
68 9 58
68 9 59
68 9 76
68 9 86
68 9 106
68 9 137
68 9 155
68 9 177
68 9 181
68 9 182
68 9 192
68 9 193
68 9 194
68 9 208
68 9 218
68 9 219
68 9 220
68 9 223
68 9 224
68 9 226
68 9 227
68 9 237
68 9 243
68 9 247
68 9 251
68 9 252
68 9 253
68 9 262
68 9 264
68 9 265
68 31 27
68 31 163
68 31 194
68 83 31
68 83 32
68 83 42
68 83 155
68 83 165
68 83 166
68 83 181
68 83 195
68 83 203
68 12 33
68 12 34
68 12 35
68 12 39
68 12 40
68 12 46
68 12 47
68 12 52
68 12 53
68 12 54
68 12 55
68 12 58
68 12 65
68 12 73
68 12 74
68 12 157
68 12 174
68 12 209
68 56 35
68 56 86
68 5 40
68 5 45
68 5 57
68 5 208
68 63 56
68 63 155
68 52 57
68 87 82
68 43 90
68 43 234
68 82 98
68 82 198
68 82 199
68 82 248
68 82 250
68 82 258
68 82 259
68 82 269
68 82 270
68 82 277
68 82 279
68 82 280
68 82 282
68 82 304
68 82 305
68 82 306
68 82 310
68 82 311
68 82 313
68 82 317
68 82 318
68 79 111
68 40 115
68 40 176
68 40 247
68 62 116
68 62 117
68 62 123
68 62 129
68 62 159
68 62 162
68 62 171
68 62 181
68 62 194
68 62 196
68 62 201
68 62 208
68 62 224
68 62 228
68 62 229
68 62 229
68 62 230
68 62 245
68 62 263
68 13 119
68 13 144
68 13 146
68 13 155
68 41 130
68 64 137
68 64 138
68 64 139
68 85 154
68 76 208
68 93 232
68 2 247
68 4 260
68 4 262
68 4 263
10 40 34
10 40 35
10 40 134
10 40 136
10 40 138
10 93 75
10 64 102
10 62 142
10 62 144
10 8 144
10 8 145
10 8 146
10 8 147
10 8 148
10 8 149
10 8 152
10 35 236
10 35 245
10 35 250
10 35 251
10 35 252
10 35 253
10 35 254
10 35 255
10 35 256
10 35 257
10 35 264
10 35 265
10 35 282
10 35 284
10 35 288
10 35 300
10 35 314
10 35 315
10 35 321
10 35 328
10 35 329
10 35 332
10 35 333
10 35 339
10 35 340
10 35 341
10 35 342
10 35 344
10 35 345
10 73 285
36 12 24
36 12 26
36 12 36
36 12 48
36 12 49
36 12 75
36 12 76
36 8 47
36 8 48
36 8 51
36 8 52
36 8 53
36 8 54
36 8 81
36 8 87
36 8 155
36 8 222
36 8 232
36 8 233
36 8 234
36 8 235
36 8 237
36 8 239
36 8 240
36 8 242
36 8 243
36 8 277
36 8 278
36 8 286
36 8 295
36 8 327
36 8 328
36 8 336
36 8 342
36 8 349
36 8 354
36 8 356
36 8 360
36 8 361
36 8 362
36 8 363
36 8 371
36 8 372
36 8 373
36 8 374
36 8 375
36 8 379
36 8 380
36 8 381
36 8 382
36 8 391
36 8 392
36 8 393
36 8 395
36 8 396
36 8 397
36 8 404
36 8 405
36 8 406
36 8 408
36 8 409
36 8 410
36 8 411
36 8 412
36 8 413
36 8 414
36 8 415
36 8 416
36 8 418
36 8 423
36 8 425
36 8 441
36 8 448
36 40 83
36 40 161
36 63 95
36 63 96
36 13 114
36 13 115
36 86 140
36 77 153
36 7 235
36 7 237
36 7 238
36 7 239
36 7 241
36 7 242
36 7 243
36 7 246
36 7 263
36 7 266
36 7 267
36 7 272
36 7 275
36 7 276
36 7 277
36 7 278
36 7 279
36 7 285
36 7 289
36 7 317
36 7 320
36 7 322
36 7 330
36 7 331
36 7 336
36 7 337
36 7 338
36 47 237
36 47 238
36 47 266
36 47 275
36 47 276
36 47 277
36 47 278
36 47 279
36 47 281
36 47 285
36 47 287
36 47 301
36 47 305
36 47 306
36 47 307
36 47 317
36 47 318
36 47 322
36 47 325
36 47 330
36 47 336
36 47 337
36 47 338
36 4 243
36 2 347
36 74 436
36 74 446
36 74 451
36 74 452
36 74 455
18 31 23
18 31 24
18 31 25
18 31 31
18 31 32
18 31 33
18 31 34
18 31 35
18 31 36
18 31 37
18 31 38
18 31 40
18 31 42
18 31 43
18 31 44
18 31 45
18 31 47
18 31 48
18 31 49
18 31 50
18 31 51
18 31 52
18 31 89
18 31 90
18 31 97
18 31 98
18 31 111
18 31 112
18 31 114
18 31 115
18 31 116
18 31 118
18 31 119
18 31 142
18 31 143
18 31 144
18 31 145
18 31 146
18 31 147
18 31 148
18 31 149
18 31 150
18 31 151
18 31 152
18 31 153
18 31 154
18 31 155
18 31 156
18 45 597
18 45 598
18 45 599
18 45 601
18 45 625
18 45 635
40 56 22
40 56 24
40 56 26
40 83 25
40 83 202
40 83 204
40 62 26
40 62 120
40 62 186
40 62 187
40 62 190
40 62 192
40 9 79
40 9 142
40 9 143
40 9 146
40 9 155
40 9 156
40 9 169
40 9 196
40 9 201
40 9 202
40 9 205
40 9 218
40 41 94
40 41 109
40 5 202
40 80 231
40 70 237
40 70 239
40 70 241
40 70 242
40 70 243
40 70 244
40 70 245
40 70 249
40 70 250
40 70 253
40 70 254
40 70 255
40 70 282
40 70 287
40 70 290
40 70 291
40 70 293
40 70 294
40 70 295
40 70 296
40 70 297
40 70 298
40 70 299
40 70 300
40 70 301
40 70 319
40 70 320
40 70 321
40 70 323
40 70 324
40 70 325
40 70 326
40 70 327
40 70 328
40 70 330
40 70 331
40 70 334
40 70 335
40 70 336
40 70 337
40 70 339
40 70 341
40 70 343
40 70 345
40 70 346
40 70 347
62 63 26
62 63 27
62 63 29
62 63 31
62 63 32
62 63 33
62 63 35
62 63 64
62 63 67
62 63 145
62 63 146
62 76 66
62 76 67
62 76 155
62 76 157
62 41 89
62 41 90
62 41 109
62 8 109
62 8 145
62 8 146
62 8 148
62 8 149
62 8 152
62 8 153
62 8 154
62 8 155
62 9 115
62 9 163
62 9 167
62 9 168
62 9 169
62 9 216
62 9 219
62 9 220
62 9 221
62 9 222
62 9 223
62 9 224
62 9 225
62 9 226
62 9 228
62 9 230
62 9 231
62 9 232
62 9 252
62 9 256
62 9 257
62 56 122
62 56 144
62 79 134
62 83 136
62 5 144
62 26 221
62 65 254
62 65 256
62 65 261
62 4 260
63 76 25
63 56 26
63 56 31
63 56 36
63 56 61
63 56 62
63 56 63
63 56 64
63 56 70
63 56 71
63 56 72
63 56 73
63 56 86
63 56 90
63 56 91
63 56 101
63 56 102
63 56 119
63 56 120
63 56 121
63 56 122
63 56 124
63 56 138
63 56 139
63 56 144
63 56 151
63 56 152
63 56 159
63 56 167
63 56 170
63 56 171
63 5 55
63 5 163
63 9 56
63 9 76
63 9 78
63 9 79
63 9 80
63 9 85
63 9 86
63 9 89
63 9 92
63 9 93
63 9 94
63 9 95
63 9 101
63 9 102
63 9 112
63 9 113
63 9 115
63 9 125
63 41 72
63 41 73
63 41 74
63 41 75
63 65 84
63 65 85
63 65 118
63 79 88
63 79 120
63 79 121
63 79 138
63 83 133
63 78 152
63 2 1044
63 2 1050
63 2 1051
63 2 1059
63 2 1062
63 2 1067
63 2 1068
63 2 1072
63 2 1089
63 2 1090
63 2 1093
63 2 1101
63 2 1102
63 2 1131
63 2 1132
56 8 81
56 8 84
56 8 154
56 8 158
56 8 159
56 8 162
56 8 164
56 41 226
56 41 227
56 41 231
56 41 232
13 41 77
13 41 81
13 41 129
13 9 129
13 9 141
13 76 147
13 76 148
13 45 570
13 45 584
13 45 585
13 45 608
13 45 610
13 45 613
13 45 615
13 45 642
13 45 656
13 45 657
13 45 659
31 8 56
31 8 57
31 8 75
31 8 126
31 8 132
31 8 146
31 8 148
31 8 156
31 8 169
31 8 182
31 8 219
31 8 462
31 8 464
31 52 121
31 41 129
31 79 143
31 79 144
31 79 145
31 79 146
31 79 147
31 79 148
31 79 149
31 79 150
31 79 151
31 79 152
31 79 153
31 79 154
31 79 155
31 79 156
12 65 85
12 65 235
12 65 254
12 65 261
12 65 266
12 76 116
12 76 117
12 76 118
12 76 119
12 41 130
12 44 447
12 44 454
12 44 455
12 44 456
12 44 457
12 44 460
12 44 463
12 44 465
12 44 466
12 44 470
12 44 471
12 44 472
12 44 473
12 44 474
12 44 478
12 44 479
12 44 480
12 44 481
12 44 489
12 44 492
12 44 498
12 44 500
12 44 501
12 44 503
12 44 505
12 44 507
12 44 508
12 44 509
12 44 523
12 44 524
12 44 525
12 44 526
12 44 527
12 44 529
9 8 47
9 8 50
9 8 57
9 8 74
9 8 164
9 8 165
9 8 166
9 8 203
9 54 58
9 64 72
9 86 86
9 86 87
9 86 90
9 86 91
9 86 99
9 86 101
9 86 117
9 86 118
9 86 119
9 86 120
9 86 122
9 86 123
9 86 124
9 86 133
9 86 134
9 86 140
9 93 112
9 93 113
9 93 114
9 93 115
9 28 221
9 42 247
9 5 247
9 70 247
9 7 261
9 7 263
83 8 31
83 8 34
83 8 35
83 8 36
83 8 37
83 8 39
83 8 48
83 8 49
83 8 50
83 8 51
83 8 52
83 8 53
83 8 54
83 8 56
83 8 84
83 8 86
83 8 89
83 8 128
83 8 130
83 8 131
83 8 132
83 8 133
83 8 169
83 8 182
83 8 201
83 8 202
83 8 221
83 8 225
83 8 226
83 8 227
83 8 228
83 8 231
83 8 232
83 8 233
83 8 234
83 8 235
83 8 237
83 8 238
83 8 239
83 8 240
83 8 244
83 8 245
83 8 246
83 8 247
83 8 248
83 8 249
83 8 254
83 8 255
83 8 257
83 8 258
83 8 259
83 8 260
83 8 261
83 8 262
83 8 263
83 8 264
83 8 265
83 8 266
83 8 267
83 8 268
83 8 269
83 8 270
83 8 271
83 8 272
83 8 273
83 8 274
83 8 275
83 8 276
83 8 277
83 8 278
83 8 279
83 8 280
83 8 281
83 8 282
83 8 283
83 8 284
83 8 285
83 8 286
83 8 287
83 8 288
83 8 289
83 8 291
83 8 292
83 8 293
83 8 294
83 8 295
83 8 296
83 8 297
83 8 298
83 8 299
83 8 301
83 8 302
83 8 303
83 8 304
83 8 305
83 8 306
83 8 307
83 8 308
83 8 309
83 8 310
83 8 320
83 8 323
83 8 324
83 8 325
83 8 326
83 8 327
83 8 328
83 8 329
83 8 332
83 8 333
83 8 335
83 8 336
83 8 337
83 8 338
83 8 339
83 8 340
83 8 341
83 8 342
83 8 343
83 8 344
83 8 345
83 8 346
83 8 347
83 8 348
83 8 349
83 8 350
83 8 351
83 8 352
83 8 353
83 8 354
83 8 355
83 8 356
83 8 357
83 8 358
83 8 359
83 8 360
83 8 361
83 8 362
83 8 363
83 8 364
83 8 365
83 8 366
83 8 367
83 8 368
83 8 369
83 8 370
83 8 371
83 8 372
83 8 373
83 8 374
83 8 375
83 8 376
83 8 377
83 8 378
83 8 379
83 8 380
83 8 381
83 8 382
83 8 383
83 8 384
83 8 385
83 8 386
83 8 387
83 8 388
83 8 389
83 8 390
83 8 391
83 8 392
83 8 393
83 8 394
83 8 395
83 8 396
83 8 398
83 8 399
83 8 401
83 8 404
83 8 405
83 8 408
83 8 409
83 8 410
83 8 411
83 8 412
83 8 413
83 8 415
83 8 417
83 8 418
83 8 420
83 8 421
83 8 422
83 8 423
83 8 424
83 8 427
83 8 438
83 8 439
83 8 447
83 8 448
83 74 408
83 74 436
83 74 446
83 74 455
83 28 1032
83 28 1039
83 28 1053
83 28 1056
83 28 1064
83 28 1071
83 28 1072
83 28 1075
83 28 1076
83 28 1077
83 28 1078
83 28 1081
83 28 1082
83 28 1085
83 28 1087
83 28 1088
83 28 1089
83 28 1097
83 28 1098
83 28 1099
83 28 1100
83 28 1106
83 28 1107
83 28 1108
83 28 1109
83 28 1110
83 28 1112
83 28 1113
83 28 1116
83 28 1117
83 28 1118
83 28 1119
83 28 1120
83 28 1148
83 28 1250
83 28 1252
83 28 1253
83 28 1256
83 28 1260
83 28 1261
83 28 1271
83 28 1272
83 28 1273
83 75 1041
83 75 1042
83 75 1043
83 75 1044
83 75 1045
83 75 1046
83 75 1047
83 75 1048
83 75 1055
83 75 1058
83 75 1076
83 70 1049
83 70 1067
83 70 1068
83 70 1070
83 70 1071
83 70 1099
83 70 1100
83 70 1193
8 65 46
8 65 47
8 65 48
8 41 92
8 41 101
8 76 102
8 76 103
8 76 137
8 76 143
8 76 152
8 76 234
8 76 243
8 76 244
8 76 246
8 76 247
8 76 248
8 76 251
8 76 252
8 76 258
8 76 259
8 76 260
8 76 262
8 76 267
8 76 268
8 76 269
8 76 270
8 76 275
8 76 276
8 76 277
8 76 278
8 76 279
8 76 281
8 76 283
8 76 285
8 76 286
8 76 289
8 76 290
8 76 291
8 76 292
8 76 296
8 76 325
8 76 326
8 76 327
8 76 328
8 76 329
8 76 330
8 76 331
8 76 332
8 76 333
8 76 334
8 76 335
8 76 336
8 76 337
8 76 338
8 76 339
8 76 340
8 76 341
8 76 342
8 76 343
8 76 344
8 76 345
8 76 346
8 76 347
8 76 348
8 76 349
8 76 350
8 76 351
8 76 352
8 76 353
8 76 354
8 76 355
8 76 356
8 76 357
8 76 358
8 76 359
8 76 360
8 76 361
8 76 362
8 76 363
8 76 364
8 76 365
8 76 366
8 76 367
8 76 368
8 76 369
8 76 370
8 76 371
8 76 372
8 76 373
8 76 374
8 76 375
8 76 376
8 76 377
8 76 378
8 76 379
8 76 380
8 76 381
8 76 382
8 76 383
8 76 384
8 60 139
8 92 176
8 48 245
8 48 246
8 48 247
76 86 117
76 71 392
76 88 392
76 75 1031
76 75 1032
76 75 1054
76 75 1075
76 75 1076
76 75 1190
76 75 1195
76 75 1196
76 75 1201
76 75 1209
76 75 1221
76 75 1235
76 75 1245
76 75 1246
76 82 1038
76 77 1050
76 77 1069
76 77 1072
76 77 1077
76 77 1078
76 77 1081
76 77 1251
76 77 1252
76 28 1060
76 28 1068
76 28 1072
76 28 1077
76 28 1078
76 28 1080
76 28 1084
76 28 1100
76 28 1102
76 28 1109
76 28 1110
76 28 1111
76 28 1112
76 28 1113
76 28 1114
76 28 1115
76 28 1117
76 28 1119
76 28 1122
76 28 1123
76 28 1126
76 28 1127
76 28 1128
76 28 1136
76 28 1137
76 28 1143
76 28 1145
76 28 1148
76 28 1211
76 28 1252
76 51 1074
76 51 1154
76 51 1166
76 51 1168
76 51 1169
76 51 1201
76 51 1205
76 51 1235
76 51 1237
76 22 1074
76 22 1154
76 22 1161
76 22 1167
76 22 1168
76 22 1169
76 22 1202
76 43 1201
65 93 235
65 43 235
65 7 261
65 54 1112
65 54 1113
65 54 1114
65 54 1115
65 54 1116
65 54 1117
65 54 1118
65 54 1119
65 54 1120
65 54 1121
65 54 1122
65 54 1123
65 54 1124
65 54 1125
65 54 1126
65 54 1127
65 54 1128
65 54 1129
65 54 1130
65 54 1131
65 54 1132
65 54 1133
65 54 1134
65 54 1135
65 54 1136
65 54 1137
65 54 1138
65 54 1139
65 54 1140
65 54 1141
65 54 1144
65 54 1150
65 54 1151
65 54 1153
65 54 1154
65 54 1156
65 54 1157
65 54 1158
65 54 1159
65 54 1160
65 54 1161
65 54 1162
65 54 1163
65 54 1164
65 54 1165
65 54 1166
65 54 1167
65 54 1168
65 54 1169
65 54 1170
65 54 1172
65 54 1174
65 54 1175
65 54 1176
65 54 1178
65 54 1179
65 54 1185
65 54 1191
65 54 1194
65 54 1195
65 54 1196
65 54 1197
65 54 1198
65 54 1200
65 54 1201
65 54 1202
65 54 1205
65 54 1206
65 54 1207
65 77 1124
65 51 1192
65 51 1196
5 47 234
5 47 344
5 4 239
5 7 240
5 30 245
5 35 346
64 41 178
64 41 179
64 87 179
60 89 851
60 89 853
60 89 859
60 89 863
60 89 864
60 89 866
60 89 873
60 89 874
60 89 876
60 89 877
60 89 904
60 89 905
60 89 906
60 89 907
60 89 912
60 89 913
60 89 917
60 89 923
60 89 924
60 89 925
60 89 926
60 89 952
60 89 956
60 89 957
60 89 971
60 89 975
60 89 980
60 89 981
60 89 982
60 89 987
60 89 1009
60 89 1010
60 89 1012
52 89 51
52 89 55
52 89 83
52 89 84
52 89 86
52 89 106
52 89 146
52 89 158
52 42 732
52 42 739
52 42 774
52 42 801
52 42 818
52 42 820
52 42 829
54 41 118
54 47 1196
54 53 1196
41 93 68
41 93 71
41 93 72
41 93 73
41 93 77
41 93 78
41 93 79
41 93 81
41 93 82
41 93 83
41 93 84
41 93 85
41 93 86
41 93 87
41 93 88
41 93 89
41 93 91
41 93 94
41 93 103
41 93 109
41 93 117
41 93 118
41 93 120
41 93 122
41 93 126
41 93 127
41 93 128
41 93 130
41 93 131
41 93 132
41 93 145
41 93 146
41 93 149
41 93 150
41 93 151
41 93 152
41 93 153
41 93 159
41 93 161
41 93 163
41 93 165
41 93 167
41 93 168
41 93 169
41 93 170
41 93 171
41 93 172
41 93 173
41 93 174
41 93 175
41 93 176
41 93 177
41 93 179
41 93 184
41 93 189
41 93 190
41 93 191
41 93 192
41 93 209
41 93 210
41 93 219
41 93 220
41 93 222
41 93 223
41 93 224
41 93 234
41 93 235
41 93 238
41 93 241
41 93 244
41 93 245
41 93 246
41 93 258
41 93 260
41 93 261
41 93 279
41 93 287
41 93 294
41 93 295
41 93 296
41 93 297
41 93 298
41 93 300
41 93 301
41 93 302
41 93 303
41 93 304
41 93 305
41 93 306
41 93 308
41 93 309
41 93 310
41 93 311
41 93 312
41 93 313
41 93 314
41 93 315
41 93 317
41 93 319
41 93 320
41 93 321
41 93 322
41 93 323
41 93 324
41 93 325
41 93 326
41 93 327
41 93 331
41 93 334
41 93 335
41 93 336
41 93 337
41 93 343
41 93 344
41 93 345
41 93 418
41 28 225
41 28 226
41 73 266
41 73 270
41 73 275
41 73 276
41 73 281
41 73 284
41 73 285
41 73 286
41 73 287
41 73 288
41 73 294
41 73 301
41 73 305
41 73 306
41 73 309
41 73 312
41 73 316
41 73 317
41 73 318
41 73 321
41 73 322
41 73 323
41 73 324
41 73 325
41 73 326
41 73 328
41 73 337
41 73 338
41 35 279
41 35 280
41 35 281
41 47 281
41 7 282
41 2 321
93 27 1026
93 27 1027
93 27 1028
93 27 1029
93 27 1030
93 27 1032
93 27 1033
93 27 1036
93 27 1038
93 27 1039
93 27 1041
93 27 1043
93 27 1044
93 27 1045
93 27 1046
93 27 1048
93 27 1049
93 27 1052
93 27 1053
93 27 1056
93 27 1062
93 27 1064
93 27 1087
93 27 1091
93 27 1092
93 27 1094
93 27 1095
93 27 1097
93 27 1104
93 27 1125
93 27 1126
93 27 1130
93 27 1131
93 24 1051
93 53 1051
93 67 1093
43 87 351
43 87 361
43 87 362
43 87 363
43 87 364
43 87 367
43 87 369
43 87 370
43 87 371
43 87 372
43 87 392
43 87 393
43 87 398
43 87 403
43 87 417
43 53 1027
43 53 1039
43 53 1085
43 53 1141
43 53 1153
43 53 1155
43 53 1164
43 53 1170
43 53 1171
43 53 1172
43 53 1173
43 53 1175
43 53 1176
43 53 1177
43 53 1236
43 53 1240
43 30 1232
87 7 288
79 35 282
79 35 284
79 7 282
79 7 284
79 47 282
78 77 95
78 77 97
78 77 100
78 77 112
78 77 115
78 77 116
78 77 118
78 77 141
78 77 147
78 77 165
78 77 168
78 92 97
78 92 99
78 92 100
78 92 101
78 92 102
78 92 103
78 92 104
78 92 105
78 92 106
78 92 107
78 92 108
78 92 109
78 92 110
78 92 111
78 92 112
78 92 113
78 92 114
78 92 115
78 92 116
78 92 117
78 92 118
78 92 119
78 92 121
78 92 122
78 92 123
78 92 124
78 92 125
78 92 126
78 92 127
78 92 128
78 92 129
78 92 132
78 92 134
78 92 135
78 92 136
78 92 137
78 92 139
78 92 140
78 92 141
78 92 142
78 92 147
78 92 148
78 92 149
78 92 150
78 92 151
78 92 152
78 92 155
78 92 160
78 92 163
78 92 164
78 92 165
78 92 166
78 92 167
78 92 177
78 92 179
78 92 180
78 92 181
78 92 182
78 92 183
78 35 244
78 35 245
77 91 1032
77 91 1033
77 91 1034
77 91 1035
77 91 1036
77 91 1037
77 91 1077
77 91 1079
77 61 1039
77 61 1055
77 61 1056
77 61 1057
77 61 1063
77 61 1064
77 61 1067
77 61 1237
77 61 1244
77 30 1052
77 30 1055
77 30 1067
77 30 1083
77 30 1086
77 30 1096
77 30 1233
77 30 1234
77 30 1235
77 30 1245
77 30 1249
77 53 1054
77 53 1233
77 24 1055
77 24 1056
77 24 1061
77 24 1233
77 24 1238
71 92 96
71 92 97
71 92 99
71 92 101
71 92 102
71 92 103
71 92 116
71 92 122
71 92 125
71 92 126
71 92 127
71 92 128
71 92 130
71 92 133
71 92 135
71 92 139
71 92 140
71 92 141
71 92 145
71 92 149
71 92 150
71 92 151
71 92 153
71 92 154
71 92 155
71 92 163
71 92 165
71 92 166
71 92 167
71 92 168
71 92 169
71 92 170
71 92 171
71 92 172
71 92 174
71 92 175
71 92 176
71 92 177
71 92 180
71 92 181
71 92 182
71 92 183
71 85 98
71 85 99
71 85 101
71 85 102
71 85 110
71 85 114
71 85 119
71 85 121
71 85 122
71 85 126
71 85 128
71 85 129
71 85 133
71 85 135
71 85 136
71 85 137
71 85 138
71 85 139
71 85 140
71 85 142
71 85 145
71 85 146
71 85 148
71 85 149
71 85 150
71 85 155
71 85 160
71 85 161
71 85 162
71 85 163
71 85 164
71 85 166
71 85 170
71 85 173
71 85 174
71 85 177
71 85 180
71 85 181
71 85 182
71 85 183
71 91 391
71 91 392
71 91 393
71 91 394
71 91 396
71 91 397
71 91 400
71 91 401
71 91 402
71 91 404
71 91 405
71 91 406
71 91 413
71 91 414
71 91 428
71 91 430
71 91 434
71 91 435
71 91 436
71 91 437
71 91 438
71 91 439
71 91 440
71 91 441
71 91 448
71 91 515
71 91 517
71 91 518
71 91 520
71 91 521
71 91 522
71 91 523
71 91 526
71 91 533
71 91 535
71 91 538
71 91 539
71 91 540
71 91 541
71 91 542
71 91 543
71 91 554
71 91 555
71 91 564
71 91 572
71 91 580
71 91 581
71 27 394
71 27 427
71 27 430
71 27 487
71 27 495
71 27 509
71 27 511
71 27 516
71 27 521
71 81 394
71 81 395
71 81 439
71 81 450
71 81 455
71 81 476
71 81 495
71 81 506
71 81 515
71 81 516
71 81 548
71 81 564
71 81 572
71 81 574
71 81 575
71 81 576
71 81 577
71 81 580
71 81 584
71 48 424
71 21 424
92 51 627
92 51 628
92 51 629
92 51 631
92 51 638
92 51 639
92 51 641
92 75 628
92 75 629
92 75 631
92 75 632
92 75 633
92 80 711
92 80 715
92 80 717
92 1 714
92 1 715
92 1 729
92 1 731
92 26 761
92 26 778
92 26 780
92 26 781
92 26 782
92 26 792
92 26 796
92 26 797
92 26 802
92 26 803
92 26 805
92 26 811
82 91 392
85 84 1344
85 84 1345
85 84 1370
85 84 1377
85 84 1378
85 84 1389
85 84 1392
85 84 1393
85 84 1402
85 84 1409
85 84 1411
85 84 1412
85 84 1418
85 84 1419
35 49 250
35 49 264
35 49 265
35 49 270
35 49 282
35 49 286
35 49 290
35 49 291
35 49 297
35 49 300
35 49 302
35 49 308
35 49 314
35 49 324
35 49 329
35 49 332
35 49 339
35 49 340
35 49 341
35 49 343
35 49 344
35 49 345
35 21 284
35 70 346
35 42 346
44 21 316
72 32 199
72 32 207
72 32 208
72 32 209
72 32 213
72 32 214
72 32 217
72 32 219
72 32 223
72 32 224
72 32 232
72 32 234
72 32 235
72 32 246
72 32 247
72 32 1036
72 32 1037
72 32 1038
72 32 1039
72 32 1054
72 32 1059
72 32 1060
72 32 1061
72 32 1062
72 32 1063
72 32 1068
72 32 1069
72 32 1070
32 30 1194
28 24 1028
28 24 1206
28 61 1043
28 61 1047
28 61 1048
28 61 1056
28 61 1060
28 61 1153
28 61 1154
28 61 1155
28 61 1156
28 61 1157
28 61 1191
28 61 1195
28 81 1057
28 81 1207
28 81 1209
28 81 1211
28 53 1157
28 53 1207
28 47 1208
28 47 1209
80 49 288
80 1 689
80 1 691
80 1 697
80 1 699
80 1 702
47 7 275
47 21 281
47 21 285
47 21 317
47 70 301
47 70 1026
47 70 1027
47 70 1028
47 70 1046
47 70 1175
47 70 1235
47 70 1236
47 70 1237
47 70 1238
47 75 1026
47 75 1039
47 75 1098
47 75 1099
47 75 1100
47 75 1211
47 75 1220
47 75 1221
47 75 1230
47 75 1231
47 75 1246
47 75 1247
47 75 1248
47 75 1250
47 22 1027
47 22 1037
47 22 1039
47 22 1040
47 22 1041
47 22 1042
47 22 1043
47 22 1044
47 22 1045
47 22 1046
47 22 1048
47 22 1138
47 22 1145
47 22 1154
47 22 1155
47 22 1172
47 22 1174
47 22 1175
47 22 1177
47 22 1194
47 22 1202
47 22 1221
47 22 1222
47 22 1228
47 22 1231
47 22 1232
47 22 1233
47 22 1234
47 22 1236
47 22 1248
47 22 1249
47 22 1250
47 51 1040
47 51 1041
47 51 1086
47 51 1103
47 51 1138
47 51 1139
47 51 1142
47 51 1143
47 51 1154
47 51 1157
47 51 1174
47 51 1194
47 51 1198
47 51 1201
47 51 1210
47 51 1211
47 51 1220
47 51 1221
47 51 1230
47 51 1231
47 51 1233
47 51 1234
47 51 1238
47 51 1241
47 51 1245
47 51 1248
47 51 1250
47 51 1251
47 67 1203
7 49 238
7 49 241
7 49 242
7 49 264
7 49 265
7 49 267
7 49 268
7 49 270
7 49 275
7 49 276
7 49 277
7 49 278
7 49 279
7 49 282
7 49 285
7 49 286
7 49 287
7 49 290
7 49 291
7 49 292
7 49 293
7 49 294
7 49 296
7 49 297
7 49 299
7 49 300
7 49 301
7 49 305
7 49 307
7 49 308
7 49 309
7 49 310
7 49 311
7 49 312
7 49 314
7 49 317
7 49 319
7 49 320
7 49 322
7 49 323
7 49 324
7 49 325
7 49 328
7 49 329
7 49 331
7 49 332
7 49 333
7 49 334
7 49 335
7 49 336
7 49 337
7 49 338
7 49 339
7 49 340
7 49 341
7 49 342
7 49 345
7 2 238
2 70 236
2 70 239
2 70 240
2 70 242
2 70 244
2 70 245
2 70 246
2 70 249
2 70 250
2 70 253
2 70 255
2 70 271
2 70 272
2 70 274
2 70 275
2 70 276
2 70 277
2 70 279
2 70 280
2 70 282
2 70 290
2 70 291
2 70 292
2 70 295
2 70 296
2 70 297
2 70 298
2 70 301
2 70 302
2 70 322
2 70 323
2 70 324
2 70 325
2 70 326
2 70 327
2 70 328
2 70 329
2 70 330
2 70 331
2 70 335
2 70 336
2 70 337
2 70 338
2 70 339
2 70 341
2 70 342
2 70 343
2 70 344
2 70 345
2 70 346
2 70 347
2 42 236
2 42 237
2 42 238
2 42 241
2 42 242
2 42 244
2 42 245
2 42 246
2 42 247
2 42 248
2 42 249
2 42 250
2 42 251
2 42 252
2 42 253
2 42 254
2 42 255
2 42 281
2 42 282
2 42 283
2 42 284
2 42 285
2 42 291
2 42 292
2 42 293
2 42 295
2 42 296
2 42 297
2 42 300
2 42 301
2 42 302
2 42 303
2 42 304
2 42 305
2 42 306
2 42 307
2 42 308
2 42 309
2 42 310
2 42 311
2 42 312
2 42 313
2 42 314
2 42 315
2 42 316
2 42 317
2 42 318
2 42 322
2 42 323
2 42 324
2 42 325
2 42 326
2 42 327
2 42 328
2 42 329
2 42 330
2 42 331
2 42 334
2 42 335
2 42 337
2 42 341
2 42 343
2 42 344
2 42 345
2 42 346
2 42 347
2 42 348
70 81 1026
70 81 1027
70 81 1193
70 81 1194
70 81 1197
70 81 1203
70 81 1219
70 81 1236
70 91 1039
70 53 1044
70 53 1075
70 53 1077
70 53 1164
70 53 1165
70 53 1236
70 24 1045
70 24 1046
70 24 1047
70 24 1053
70 24 1075
70 24 1203
70 24 1219
70 24 1233
70 24 1235
70 61 1047
70 61 1067
70 61 1077
70 61 1152
70 61 1220
70 61 1238
70 61 1247
70 30 1067
70 30 1086
70 30 1198
70 30 1220
70 30 1233
70 30 1234
70 30 1244
49 73 285
49 75 620
49 75 621
49 75 626
49 75 628
49 75 631
49 75 633
49 75 637
49 75 653
49 75 655
49 75 656
49 75 658
49 75 665
49 75 667
49 75 668
49 75 670
49 75 680
49 75 687
48 22 364
48 22 368
48 22 369
48 22 380
48 22 385
48 22 386
48 22 388
48 22 389
48 22 399
48 22 400
48 22 401
48 22 402
48 22 404
48 22 405
48 22 406
48 22 407
48 22 408
48 22 417
48 22 419
48 22 420
48 22 421
48 22 422
48 22 423
48 22 424
48 22 426
48 22 427
48 22 428
48 22 429
48 22 431
48 22 432
48 22 436
48 22 437
48 22 438
48 22 439
48 22 442
48 22 446
48 22 448
48 22 449
48 22 451
48 22 452
48 22 454
48 22 455
48 22 457
48 22 458
48 22 478
48 22 479
48 22 480
48 22 481
48 22 482
48 88 454
30 51 1055
30 51 1232
30 51 1233
73 21 258
73 21 263
73 21 266
73 21 272
73 21 273
73 21 274
73 21 275
73 21 276
73 21 278
73 21 279
73 21 280
73 21 281
73 21 285
73 21 287
73 21 301
73 21 306
73 21 309
73 21 316
73 21 317
73 21 318
73 21 319
73 21 322
73 21 323
73 21 326
73 21 327
73 21 331
73 21 336
73 21 337
73 21 338
73 15 1179
73 15 1180
73 15 1183
73 15 1184
73 15 1185
73 15 1186
73 15 1187
73 15 1188
73 15 1189
73 15 1202
73 15 1203
73 15 1209
73 15 1212
73 15 1216
73 15 1217
73 15 1218
73 15 1219
73 15 1221
73 15 1225
73 15 1231
73 15 1232
73 15 1233
73 15 1234
73 15 1235
73 15 1236
73 15 1237
73 15 1245
73 15 1246
73 15 1247
73 15 1248
73 15 1249
73 15 1251
73 15 1253
73 15 1254
73 15 1255
73 15 1256
73 15 1257
73 15 1258
73 15 1259
73 51 1202
73 51 1204
73 51 1205
73 75 1204
21 50 363
21 50 365
21 50 367
21 50 370
21 50 372
21 50 378
21 50 379
21 50 387
21 50 390
21 50 403
21 50 413
21 50 433
21 50 459
53 75 1027
53 75 1039
53 75 1040
53 75 1048
53 75 1051
53 75 1052
53 75 1054
53 75 1055
53 75 1057
53 75 1058
53 75 1059
53 75 1063
53 75 1070
53 75 1071
53 75 1073
53 75 1080
53 75 1081
53 75 1082
53 75 1083
53 75 1084
53 75 1087
53 75 1199
53 75 1203
53 75 1211
53 75 1220
53 75 1236
53 75 1250
53 22 1027
53 22 1039
53 22 1042
53 22 1044
53 22 1046
53 22 1048
53 22 1051
53 22 1056
53 22 1058
53 22 1059
53 22 1064
53 22 1065
53 22 1068
53 22 1071
53 22 1075
53 22 1084
53 22 1088
53 22 1094
53 22 1097
53 22 1098
53 22 1099
53 22 1141
53 22 1146
53 22 1148
53 22 1152
53 22 1153
53 22 1156
53 22 1158
53 22 1160
53 22 1164
53 22 1165
53 22 1172
53 22 1173
53 22 1176
53 22 1177
53 22 1193
53 22 1236
53 84 1045
53 84 1046
53 61 1177
53 61 1193
53 15 1203
74 1 636
74 1 637
74 1 638
74 1 639
74 1 640
74 1 641
74 1 642
74 1 644
74 1 645
74 1 646
74 1 647
74 1 648
74 1 649
74 1 650
74 1 651
74 1 652
74 1 656
74 1 658
74 1 659
74 1 663
74 1 666
74 1 667
74 1 668
74 1 669
74 1 670
74 1 671
74 1 672
74 1 673
74 1 675
74 1 676
74 1 677
74 1 678
74 1 682
74 1 683
74 1 684
74 1 685
74 1 686
74 1 688
74 1 690
74 1 692
74 1 694
74 1 695
74 1 696
74 1 698
74 1 703
74 1 713
74 1 714
74 1 715
74 1 717
74 1 718
74 1 719
74 1 720
74 1 721
74 1 722
74 1 723
74 1 724
74 1 726
74 1 727
74 1 728
74 1 729
74 1 730
74 1 731
74 1 732
74 1 733
74 1 734
74 1 735
74 1 736
74 1 737
74 1 738
74 1 739
74 1 740
74 1 741
74 1 742
74 1 743
74 1 744
74 1 747
74 1 748
74 1 749
74 1 750
74 1 752
74 1 753
74 1 754
74 1 755
74 1 756
74 1 757
74 1 758
74 1 759
74 1 760
74 1 761
74 1 762
74 1 763
74 1 764
74 1 765
74 1 766
74 1 767
74 1 768
74 1 769
74 1 771
74 1 772
74 1 773
74 1 774
74 1 776
74 1 780
74 1 781
74 1 782
74 1 783
74 1 784
74 1 785
74 1 786
74 1 787
74 1 788
74 1 789
50 46 733
50 46 740
50 46 746
50 46 752
50 46 753
50 46 760
50 46 761
50 46 762
50 46 777
50 46 778
50 46 783
50 46 788
50 46 791
50 46 792
50 46 793
50 46 796
50 46 797
50 46 798
50 46 799
50 46 802
50 46 805
50 46 806
50 46 807
50 46 808
50 46 809
50 46 814
50 46 816
50 46 824
50 46 825
50 46 826
22 61 1028
22 61 1040
22 61 1041
22 61 1077
22 61 1083
22 61 1084
22 61 1088
22 61 1092
22 61 1106
22 61 1140
22 61 1141
22 61 1150
22 61 1156
22 61 1220
22 61 1239
22 61 1247
22 61 1250
27 88 390
27 88 391
27 88 392
27 88 394
27 88 397
27 88 398
27 88 411
27 88 413
27 88 418
27 88 452
27 88 458
27 88 459
27 88 463
27 88 465
27 88 466
27 88 468
27 88 469
27 88 470
27 88 471
27 88 472
27 88 473
27 88 474
27 88 475
27 88 494
27 88 495
27 88 497
27 88 516
27 88 522
27 88 523
27 88 524
27 88 525
88 91 391
88 91 394
88 91 396
88 91 397
88 91 398
88 91 399
88 91 400
88 91 401
88 91 404
88 91 405
88 91 406
88 91 407
88 91 408
88 91 409
88 91 410
88 91 411
88 91 413
88 91 416
88 91 417
88 91 418
88 91 419
88 91 420
88 91 421
88 91 422
88 91 423
88 91 424
88 91 428
88 91 430
88 91 441
88 91 444
88 91 446
88 91 447
88 91 448
88 91 449
88 91 450
88 91 451
88 91 452
88 91 458
88 91 459
88 91 460
88 91 461
88 91 462
88 91 463
88 91 464
88 91 465
88 91 466
88 91 467
88 91 468
88 91 469
88 91 470
88 91 471
88 91 472
88 91 473
88 91 474
88 91 475
88 91 476
88 91 481
88 91 482
88 91 483
88 91 484
88 91 485
88 91 494
88 91 495
88 91 496
88 91 497
88 91 498
88 91 509
88 91 510
88 91 511
88 91 515
88 91 517
88 91 521
88 91 525
88 91 531
88 91 534
88 91 538
88 91 540
88 91 542
88 91 547
88 91 548
88 91 555
88 91 563
88 91 564
88 91 565
88 91 566
88 91 571
88 91 572
88 91 574
88 91 575
88 91 581
88 91 582
88 91 583
81 51 1038
81 51 1041
81 51 1061
81 51 1072
81 51 1079
81 51 1201
81 51 1202
81 51 1205
81 51 1215
81 51 1231
81 51 1245
81 51 1246
81 46 1049
51 24 1040
51 24 1041
51 24 1043
51 24 1052
51 24 1054
51 24 1057
51 24 1066
51 24 1072
51 24 1074
51 24 1081
51 24 1083
51 24 1086
51 24 1090
51 24 1091
51 24 1093
51 24 1095
51 24 1096
51 24 1107
51 24 1108
51 24 1109
51 24 1130
51 24 1139
51 24 1140
51 24 1142
51 24 1143
51 24 1145
51 24 1154
51 24 1163
51 24 1168
51 24 1169
51 24 1174
51 24 1196
51 24 1197
51 24 1199
51 24 1201
51 24 1202
51 24 1215
51 24 1230
51 24 1237
51 24 1238
51 24 1249
51 24 1250
51 61 1040
51 61 1041
51 61 1072
51 61 1079
51 61 1083
51 61 1091
51 61 1106
51 61 1130
51 61 1131
51 61 1139
51 61 1145
51 61 1231
51 61 1245
51 61 1246
51 61 1248
51 61 1249
51 61 1250
51 15 1202
75 61 1031
75 61 1040
75 61 1041
75 61 1049
75 61 1052
75 61 1053
75 61 1054
75 61 1055
75 61 1068
75 61 1069
75 61 1072
75 61 1073
75 61 1077
75 61 1079
75 61 1081
75 61 1083
75 61 1086
75 61 1087
75 61 1196
75 61 1197
75 61 1198
75 61 1207
75 61 1213
75 61 1231
75 61 1244
75 61 1245
75 61 1247
75 24 1039
75 24 1040
75 24 1041
75 24 1049
75 24 1051
75 24 1052
75 24 1057
75 24 1063
75 24 1071
75 24 1072
75 24 1075
75 24 1076
75 24 1079
75 24 1080
75 24 1083
75 24 1084
75 24 1085
75 24 1201
75 24 1202
75 24 1206
75 24 1209
75 24 1211
75 24 1217
75 24 1237
75 24 1250
46 61 1030
46 61 1039
24 95 801
24 95 818
24 95 824
24 95 826
24 95 828
24 95 836
24 61 1193
