224 107 0
224 107 1
224 107 2
224 107 6
224 107 7
224 107 8
224 107 9
224 107 10
224 107 60
224 107 61
224 107 64
224 107 85
224 107 123
224 107 133
224 107 136
224 107 142
224 107 143
107 162 7
107 162 8
107 109 119
107 38 132
107 38 133
107 128 132
107 149 138
107 17 445
107 136 450
107 119 452
107 119 458
107 13 452
107 130 453
107 117 453
107 140 454
107 140 457
107 140 460
107 140 465
107 140 468
107 140 470
107 143 454
107 143 467
107 143 468
107 143 469
107 143 470
107 143 471
107 143 472
107 143 473
107 57 457
107 91 477
107 91 486
107 91 488
107 91 489
107 192 479
107 160 484
107 160 493
107 96 486
162 79 6
162 79 7
162 79 8
162 79 9
162 79 10
162 79 94
162 89 83
162 81 1053
162 67 1307
79 181 107
79 181 108
79 181 109
79 181 111
79 181 115
79 181 116
79 149 108
79 128 116
79 78 1183
79 78 1184
79 78 1186
79 78 1187
79 78 1188
79 78 1193
79 78 1197
79 78 1198
79 78 1199
79 78 1200
79 78 1202
79 78 1205
79 78 1209
79 78 1210
79 78 1216
79 78 1218
79 78 1229
79 78 1230
79 78 1257
79 78 1259
79 78 1521
79 78 1522
79 78 1525
79 78 1526
79 78 1533
79 221 1194
79 69 1207
79 202 1524
79 202 1526
79 61 1524
79 61 1525
79 61 1526
79 9 1525
83 158 11
83 158 12
83 158 13
83 158 14
83 158 15
83 158 16
83 158 17
83 158 18
83 158 19
83 158 21
83 158 22
83 158 23
83 158 24
83 158 26
83 158 27
83 158 28
83 158 33
83 158 37
83 158 47
83 158 48
83 158 49
83 158 50
83 158 55
83 158 56
83 158 57
83 158 58
83 158 59
83 158 60
83 158 67
83 158 71
83 158 72
83 158 73
83 158 74
83 158 75
83 158 76
83 158 77
83 158 78
83 158 80
83 158 81
83 158 82
83 158 83
83 158 84
83 158 85
83 158 87
83 158 88
83 158 89
83 158 90
83 158 91
83 158 93
83 158 95
83 158 96
83 158 107
83 158 108
83 158 109
83 158 110
83 158 111
83 158 112
83 158 113
83 158 114
83 158 115
83 158 116
83 158 117
83 158 118
83 158 119
83 158 120
83 62 51
83 152 83
83 89 85
83 184 1192
83 184 1193
83 184 1194
83 184 1195
83 184 1196
83 184 1197
83 184 1199
83 184 1200
83 184 1201
83 184 1202
83 184 1203
83 184 1204
83 184 1205
83 184 1207
83 184 1208
83 184 1209
83 184 1210
83 184 1211
83 184 1212
83 184 1213
83 184 1214
83 184 1215
83 184 1223
83 184 1224
83 184 1225
83 184 1226
83 184 1228
83 184 1229
83 184 1230
83 184 1231
83 184 1232
83 184 1233
83 184 1234
83 184 1235
83 184 1236
83 184 1237
83 184 1238
83 184 1246
83 184 1248
83 184 1255
83 184 1256
83 184 1257
83 184 1258
83 184 1259
83 184 1260
83 184 1261
83 184 1262
83 184 1263
83 184 1264
83 184 1265
83 184 1266
83 184 1268
83 184 1269
83 184 1270
83 184 1271
83 184 1272
83 184 1273
83 184 1274
83 184 1276
83 184 1279
83 184 1295
83 184 1300
83 184 1301
83 184 1302
83 184 1304
83 184 1305
83 184 1306
83 184 1307
83 184 1308
83 184 1309
83 184 1310
83 184 1311
83 184 1312
83 184 1313
83 184 1314
83 184 1315
83 184 1316
83 184 1319
83 184 1320
83 184 1321
83 184 1322
83 184 1323
83 184 1324
83 184 1325
83 184 1326
83 184 1327
83 184 1328
83 184 1329
83 184 1330
83 184 1331
83 184 1334
83 184 1335
83 184 1340
83 184 1341
83 184 1342
83 184 1345
83 184 1346
83 184 1347
83 184 1349
83 184 1350
83 184 1351
83 184 1352
83 184 1353
83 184 1359
83 184 1361
83 184 1362
83 184 1363
83 184 1364
83 184 1365
83 184 1366
83 184 1367
83 184 1368
83 184 1369
83 184 1370
83 184 1371
83 184 1372
83 184 1373
83 184 1374
83 184 1375
83 184 1376
83 184 1377
83 184 1378
83 184 1379
83 184 1380
83 184 1381
83 119 1204
83 192 1225
83 39 1231
83 226 1251
83 207 1256
83 67 1360
83 67 1361
83 67 1362
83 67 1363
83 67 1364
83 67 1365
83 67 1366
83 67 1367
83 67 1368
83 67 1369
83 67 1370
83 67 1371
83 67 1372
83 67 1373
83 67 1374
83 67 1375
83 67 1376
83 67 1377
83 67 1378
83 67 1379
83 67 1380
83 67 1381
83 67 1382
158 109 98
158 181 107
158 181 108
158 181 113
158 181 114
158 181 115
158 181 116
158 149 107
158 149 108
158 149 109
158 149 110
158 149 111
158 128 116
158 161 677
158 73 678
158 73 680
158 73 690
158 73 726
158 73 729
158 73 737
158 73 738
158 73 739
158 103 686
158 103 687
158 103 688
158 103 724
158 103 726
158 103 727
158 103 729
158 103 730
158 103 731
158 103 732
158 103 738
158 34 709
158 189 709
158 18 712
158 26 733
112 219 11
112 219 14
112 219 15
112 219 16
112 219 17
112 219 18
112 219 19
112 219 20
112 219 21
112 219 22
112 219 23
112 219 24
112 219 31
112 219 32
112 219 33
112 219 34
112 219 35
112 219 39
112 219 40
112 219 41
112 219 42
112 219 44
112 219 45
112 219 46
112 219 47
112 219 48
112 219 49
112 219 50
112 219 51
112 219 52
112 219 54
112 219 55
112 219 56
112 219 57
112 219 58
112 219 59
112 219 62
112 219 63
112 219 65
112 219 66
112 219 67
112 219 68
112 219 69
112 219 72
112 219 73
112 219 78
112 219 79
112 219 81
112 219 84
112 219 86
112 219 87
112 219 88
112 219 95
112 219 96
112 219 99
112 219 100
112 219 101
112 219 103
112 219 104
112 219 114
112 219 115
112 219 116
112 219 119
112 219 120
112 219 121
112 219 135
112 219 141
112 89 101
112 3 102
112 152 102
112 174 412
112 174 433
112 174 477
112 174 482
112 200 414
112 225 417
112 225 431
112 72 419
112 72 424
112 72 428
112 72 437
112 72 439
112 72 441
112 72 443
112 72 463
112 72 467
112 72 473
112 72 474
112 72 475
112 72 476
112 72 482
112 72 486
112 72 487
112 72 488
112 72 490
112 129 423
112 129 424
112 129 430
112 195 453
112 110 453
112 110 457
112 110 464
112 110 467
112 4 457
112 65 465
112 13 473
112 13 474
112 13 479
112 41 493
219 140 33
219 64 50
219 38 63
219 38 65
219 38 70
219 188 468
219 49 472
219 149 494
219 30 494
219 210 503
219 108 574
38 62 22
38 62 23
38 62 24
38 62 27
38 62 28
38 62 29
38 62 30
38 62 31
38 62 32
38 62 33
38 62 34
38 62 37
38 62 40
38 62 42
38 62 43
38 62 45
38 62 46
38 62 47
38 62 48
38 62 54
38 62 55
38 62 56
38 62 57
38 62 58
38 62 59
38 62 60
38 62 61
38 62 110
38 62 111
38 62 114
38 62 115
38 62 116
38 62 117
38 62 118
38 62 119
38 62 121
38 62 123
38 62 124
38 62 135
38 62 147
38 62 150
38 62 170
38 62 174
38 62 192
38 62 194
38 62 196
38 62 222
38 62 226
38 62 233
38 62 234
38 62 244
38 62 245
38 62 269
38 62 270
38 62 279
38 62 280
38 62 281
38 62 282
38 62 284
38 62 289
38 62 290
38 62 291
38 62 292
38 62 293
38 62 294
38 62 295
38 62 296
38 29 31
38 137 63
38 137 64
38 137 65
38 137 66
38 137 68
38 137 69
38 137 70
38 137 71
38 137 74
38 137 75
38 137 76
38 137 78
38 137 79
38 137 80
38 137 81
38 137 82
38 137 83
38 137 86
38 137 87
38 137 89
38 137 90
38 137 91
38 137 93
38 137 95
38 137 96
38 137 97
38 137 98
38 137 99
38 137 100
38 137 101
38 137 102
38 137 103
38 137 104
38 137 105
38 137 107
38 137 108
38 101 110
38 90 147
38 125 289
38 125 292
38 125 295
38 125 296
38 16 289
38 16 290
38 16 291
38 16 292
38 16 293
38 16 294
38 16 295
38 16 296
38 184 1246
62 106 110
62 194 289
62 194 295
62 17 289
62 17 290
62 17 291
62 17 292
62 17 293
62 17 294
62 17 295
62 17 296
62 206 1062
62 206 1064
62 206 1066
62 206 1068
62 206 1070
62 206 1074
62 206 1076
102 29 26
102 29 27
102 29 28
102 29 29
102 29 31
102 29 49
102 29 52
102 29 53
102 29 56
102 29 57
102 29 58
102 29 59
102 29 62
102 29 63
102 29 92
102 29 94
102 29 97
102 29 98
102 29 100
102 29 101
102 29 102
102 29 103
102 29 104
102 29 105
102 29 106
102 29 111
102 29 113
102 29 114
102 29 115
102 29 120
102 29 121
102 29 122
102 29 123
102 29 124
102 29 125
102 29 126
102 29 127
102 29 128
102 29 129
102 29 130
102 29 131
102 29 133
102 29 135
102 29 136
102 29 138
102 29 139
102 29 140
102 29 142
102 29 143
102 29 144
102 29 145
102 29 146
102 29 147
102 29 148
102 29 149
102 29 150
102 29 152
102 29 153
102 29 154
102 29 155
102 29 156
102 29 157
102 29 158
102 29 159
102 29 160
102 29 161
102 29 162
102 29 163
102 29 164
102 29 165
102 29 166
102 29 167
102 29 168
102 29 175
102 29 176
102 29 180
102 29 181
102 29 184
102 29 185
102 29 191
102 29 193
102 29 195
102 29 197
102 29 198
102 29 209
102 29 210
102 29 211
102 29 213
102 29 215
102 29 217
102 29 219
102 29 227
102 29 228
102 29 236
102 29 243
102 29 246
102 29 248
102 29 249
102 80 147
102 124 215
102 124 228
102 50 217
102 50 219
102 15 219
102 15 228
102 15 237
102 143 443
102 143 444
102 143 453
102 143 455
102 143 456
102 143 464
102 143 475
102 103 444
102 103 446
102 103 449
102 103 451
102 103 453
102 103 457
102 103 458
102 103 464
102 103 465
102 103 466
102 103 467
102 103 468
102 103 469
102 103 470
102 103 471
102 103 472
102 103 473
102 103 474
102 103 475
102 103 477
102 103 478
102 103 479
102 103 480
102 103 481
102 103 482
102 103 483
102 103 484
102 103 495
102 178 444
102 146 446
102 146 447
102 146 464
102 146 466
102 146 475
102 94 452
102 94 463
102 94 492
102 185 454
102 8 455
102 21 461
102 195 464
102 134 470
102 134 471
102 134 472
102 134 473
102 134 474
102 134 475
102 129 484
102 129 485
102 100 485
102 25 490
102 25 492
102 206 492
102 13 495
29 64 31
29 64 35
29 133 46
29 133 49
29 133 52
29 89 75
29 52 201
29 52 202
29 52 204
29 52 218
29 52 219
29 124 214
29 124 215
29 124 228
29 124 229
29 124 230
29 124 237
29 193 218
29 16 228
29 16 229
29 16 237
29 125 247
64 137 69
64 137 70
64 137 87
64 125 289
64 125 290
64 125 295
64 190 538
64 190 539
64 55 557
64 196 604
64 21 605
64 21 608
64 21 658
64 167 606
64 60 608
64 60 625
64 60 626
64 60 629
64 60 630
64 60 632
64 60 635
64 49 650
64 49 652
64 49 655
64 49 665
64 49 666
64 19 652
64 19 653
64 19 655
64 19 657
64 19 658
64 19 660
64 19 661
64 19 662
64 19 663
64 19 664
64 19 665
64 19 666
140 37 94
140 134 446
140 134 451
140 134 456
140 134 462
140 134 486
140 134 492
140 199 449
140 146 455
140 146 463
140 146 475
140 146 476
140 146 480
140 146 482
140 59 457
140 103 464
140 103 465
140 103 476
140 94 465
140 1 478
140 53 480
133 98 48
133 98 49
133 84 122
133 37 1395
133 37 1400
133 37 1401
133 37 1402
133 37 1403
133 37 1404
133 37 1415
133 37 1420
133 37 1429
98 193 210
98 193 216
98 193 217
98 193 218
98 193 219
98 141 629
52 191 48
52 191 50
52 191 52
52 191 65
52 191 72
52 191 76
52 191 77
52 191 78
52 191 83
52 191 84
52 191 85
52 191 106
52 84 112
52 89 123
52 39 279
52 67 299
52 67 302
52 67 325
52 67 332
52 67 355
52 67 357
52 67 371
52 67 374
52 67 375
52 67 376
52 67 377
52 67 378
52 67 379
52 67 380
52 67 381
52 67 382
52 67 383
52 67 384
52 67 385
52 67 386
52 67 387
52 67 388
52 67 389
52 67 390
52 67 391
52 67 392
52 67 393
52 67 394
52 67 395
52 67 396
52 67 397
52 67 398
52 67 399
52 67 400
52 67 401
52 67 402
52 67 403
52 67 404
52 67 405
52 67 406
52 67 407
52 67 408
52 67 409
52 67 410
52 67 411
52 67 413
52 67 414
52 67 415
52 67 416
52 67 417
52 67 418
52 67 420
52 166 300
52 139 300
52 126 400
52 126 401
52 126 402
52 126 404
52 126 417
52 126 418
52 126 424
52 126 425
52 126 426
52 126 432
52 126 437
52 126 438
52 126 446
52 126 448
52 126 450
52 126 451
52 126 460
52 126 461
52 126 462
52 126 465
52 126 470
52 126 473
52 126 474
52 126 475
52 126 476
52 126 477
52 126 478
52 126 479
52 126 480
52 44 406
52 44 409
52 44 411
52 44 413
52 44 416
52 173 411
52 4 413
52 30 416
52 30 417
52 63 417
52 153 418
52 136 421
52 176 466
52 190 473
191 3 123
191 42 867
191 204 887
191 74 1022
193 50 53
193 50 64
193 50 66
193 50 73
193 50 74
193 50 75
193 50 86
193 50 95
193 50 97
193 50 98
193 50 99
193 50 104
193 50 105
193 50 107
193 50 108
193 50 109
193 50 110
193 50 116
193 50 117
193 50 125
193 50 126
193 50 135
193 50 137
193 50 138
193 50 139
193 50 140
193 50 143
193 50 147
193 50 148
193 50 149
193 50 150
193 50 151
193 50 152
193 50 153
193 50 154
193 50 155
193 50 156
193 50 157
193 50 159
193 50 160
193 50 161
193 50 162
193 50 163
193 50 164
193 50 165
193 50 166
193 50 167
193 50 168
193 50 169
193 50 170
193 50 171
193 50 172
193 50 173
193 50 174
193 50 177
193 50 178
193 50 181
193 50 182
193 50 183
193 50 184
193 50 185
193 50 186
193 50 187
193 50 188
193 50 189
193 50 190
193 50 191
193 50 192
193 50 193
193 50 194
193 50 198
193 50 199
193 50 200
193 50 201
193 50 202
193 50 218
193 50 219
193 50 220
193 50 221
193 50 222
193 50 223
193 50 224
193 89 97
193 89 123
193 124 187
193 124 216
193 15 217
193 15 218
193 15 223
193 99 1313
193 99 1314
193 99 1318
193 99 1319
193 99 1321
193 99 1324
193 99 1331
193 99 1332
193 99 1333
193 99 1334
193 99 1335
193 99 1336
193 99 1337
193 99 1338
193 99 1339
193 99 1340
193 99 1341
193 99 1342
193 99 1344
193 99 1346
193 99 1348
193 99 1349
193 99 1356
193 99 1358
193 99 1370
193 99 1385
193 99 1386
193 99 1396
193 99 1397
193 99 1398
193 99 1402
193 99 1403
193 99 1404
193 99 1405
193 99 1406
193 99 1407
193 99 1408
193 99 1409
193 99 1410
193 99 1416
193 99 1417
193 99 1422
193 99 1427
193 99 1428
193 99 1429
193 99 1430
193 99 1431
193 99 1432
193 99 1433
193 220 1461
193 220 1462
50 40 135
50 198 297
50 46 404
50 46 405
50 46 407
50 46 408
50 46 410
50 46 414
50 46 415
50 46 417
50 46 418
50 46 419
50 46 420
50 129 413
50 180 419
50 145 1378
50 145 1380
50 145 1382
50 145 1383
50 145 1384
50 145 1385
50 145 1386
50 145 1387
50 145 1388
50 145 1390
50 145 1392
50 145 1393
50 145 1397
50 145 1398
50 145 1399
50 145 1400
50 145 1401
50 145 1402
50 145 1407
50 145 1409
50 145 1410
50 145 1413
50 145 1422
50 145 1425
50 145 1427
50 145 1431
50 145 1432
50 145 1433
50 145 1446
50 145 1452
50 145 1454
50 145 1455
50 145 1456
50 145 1457
50 145 1458
50 145 1459
50 121 1394
50 187 1436
50 187 1437
50 187 1438
50 187 1439
50 187 1440
50 187 1441
50 187 1442
50 187 1443
50 187 1444
50 187 1445
50 187 1446
50 187 1447
50 187 1448
50 187 1449
50 187 1450
50 187 1451
50 187 1452
50 187 1454
50 187 1458
50 187 1459
50 2 1454
3 89 58
3 89 59
3 89 60
3 89 61
3 89 62
3 89 63
3 89 66
3 89 68
3 89 69
3 89 71
3 89 72
3 89 73
3 89 74
3 89 75
3 89 76
3 89 77
3 89 80
3 89 81
3 89 82
3 89 83
3 89 84
3 89 85
3 89 86
3 89 96
3 89 97
3 89 99
3 89 101
3 89 102
3 89 103
3 89 107
3 89 109
3 89 110
3 89 111
3 89 112
3 89 116
3 89 117
3 89 118
3 89 120
3 89 121
3 89 122
3 89 123
3 89 124
3 89 125
3 89 127
3 89 128
3 89 129
3 89 130
3 89 131
3 89 132
3 152 58
3 152 59
3 152 61
3 152 63
3 152 64
3 152 65
3 152 71
3 152 72
3 152 73
3 152 74
3 152 75
3 152 77
3 152 81
3 152 82
3 152 84
3 152 85
3 152 86
3 152 87
3 152 88
3 152 90
3 152 94
3 152 97
3 152 124
3 152 125
3 152 130
3 152 131
3 152 132
3 169 58
3 169 61
3 169 62
3 169 63
3 169 71
3 169 74
3 169 75
3 169 76
3 169 78
3 169 79
3 169 81
3 169 84
3 169 86
3 169 98
3 169 99
3 169 104
3 169 105
3 169 106
3 169 116
3 169 117
3 169 118
3 169 120
3 169 121
3 169 131
3 169 132
3 155 91
3 155 92
3 155 95
3 155 96
3 155 98
3 155 99
3 155 102
3 155 103
3 155 104
3 155 105
3 155 106
3 155 107
3 155 116
3 155 118
3 155 121
3 137 125
3 101 127
89 172 85
89 172 113
89 172 115
89 172 130
89 172 131
89 155 96
89 155 103
89 155 107
89 155 113
89 155 114
89 155 115
89 155 116
89 155 120
89 155 121
89 181 122
89 149 122
89 122 545
89 122 565
89 122 589
89 122 590
89 122 591
89 122 598
89 122 606
89 122 607
89 122 609
89 122 611
89 122 625
89 122 626
89 122 642
89 122 643
89 122 653
89 122 654
89 122 660
89 122 661
89 122 668
89 122 669
89 122 670
89 122 673
89 122 676
89 122 690
89 122 697
89 122 699
89 82 622
89 144 699
89 26 728
152 92 58
152 92 59
152 92 60
152 92 62
152 92 71
152 92 72
152 92 73
152 92 74
152 92 75
152 92 76
152 92 78
152 92 79
152 92 80
152 92 81
152 92 82
152 92 84
152 92 97
152 92 124
152 92 127
152 92 130
152 92 131
152 92 132
152 172 58
152 172 63
152 172 67
152 172 73
152 172 74
152 172 75
152 172 81
152 172 82
152 172 83
152 172 97
152 172 128
152 172 129
152 172 130
152 172 131
152 11 490
152 11 491
152 11 493
152 11 494
152 11 495
152 11 496
152 11 497
152 11 498
152 11 499
152 11 501
152 11 502
152 11 503
152 11 504
152 11 505
152 11 506
152 11 507
152 11 508
152 11 509
152 11 510
152 11 514
152 11 515
152 11 516
152 11 517
152 11 518
152 11 519
152 11 520
152 11 521
152 11 522
152 11 523
152 11 524
152 11 525
152 11 526
152 11 527
152 11 528
152 11 529
152 11 530
152 11 531
152 11 532
152 11 533
152 11 534
152 11 535
152 11 536
152 11 537
152 11 538
152 11 539
152 11 540
152 11 541
152 11 542
152 11 543
152 11 550
152 11 551
152 11 552
152 11 553
152 11 554
152 11 555
152 11 556
152 11 557
152 11 575
152 11 576
152 11 577
152 11 579
152 188 515
152 168 534
152 168 535
169 92 58
169 92 61
169 92 62
169 92 72
169 92 73
169 92 76
169 92 80
169 92 81
169 92 114
169 92 116
169 92 117
169 92 120
169 92 127
169 92 132
169 155 61
169 155 68
169 155 69
169 155 72
169 155 77
169 155 78
169 155 84
169 155 86
169 155 87
169 155 88
169 155 91
169 155 92
169 155 95
169 155 98
169 155 104
169 155 106
169 155 108
169 155 109
169 155 112
169 155 113
169 155 114
169 155 115
169 155 116
169 155 121
169 155 127
169 40 126
169 139 298
169 139 314
169 139 323
169 139 340
169 139 344
169 139 351
169 139 367
169 139 376
169 139 378
169 175 309
169 175 313
169 175 326
169 175 330
169 175 331
169 175 334
169 175 341
169 175 352
169 175 375
169 116 329
92 101 126
92 101 1079
92 101 1080
92 101 1081
92 101 1084
92 101 1087
92 101 1088
92 101 1089
92 101 1090
92 101 1091
92 101 1092
92 101 1093
92 101 1094
92 101 1095
92 101 1096
92 101 1097
92 101 1099
92 101 1100
92 101 1101
92 101 1102
92 101 1103
92 101 1105
92 101 1106
92 101 1107
92 101 1108
92 101 1109
92 101 1110
92 101 1111
92 101 1112
92 101 1113
92 101 1114
92 101 1115
92 101 1116
92 101 1117
92 101 1119
92 101 1120
92 101 1121
92 101 1122
92 101 1123
92 101 1124
92 101 1125
92 101 1126
92 101 1127
92 101 1128
92 101 1129
92 101 1130
92 101 1131
92 101 1132
92 101 1133
92 101 1134
92 101 1135
92 101 1136
92 101 1137
92 101 1138
92 101 1139
92 101 1140
92 101 1141
92 101 1142
92 101 1143
92 101 1144
92 101 1145
92 101 1146
92 101 1147
92 101 1148
92 101 1149
92 101 1150
92 101 1151
92 101 1152
92 101 1153
92 101 1154
92 101 1155
92 101 1156
92 101 1158
92 101 1159
92 101 1160
92 101 1161
92 101 1162
92 101 1163
92 101 1164
92 101 1165
92 101 1166
92 101 1170
92 101 1171
92 101 1172
92 101 1173
92 101 1174
92 101 1175
92 101 1176
92 101 1177
92 101 1179
92 101 1180
92 101 1182
92 101 1183
92 101 1187
92 101 1190
92 101 1191
92 101 1199
92 101 1200
92 101 1201
92 101 1203
92 101 1204
92 101 1209
92 101 1210
92 101 1214
92 101 1215
92 101 1216
92 101 1218
92 101 1219
92 101 1220
92 101 1221
92 101 1222
92 101 1223
92 101 1224
92 101 1228
92 101 1229
92 101 1230
92 101 1231
92 101 1232
92 101 1239
92 101 1243
92 101 1244
92 101 1245
92 101 1247
92 32 1078
92 32 1079
92 32 1080
92 32 1081
92 32 1088
92 32 1089
92 32 1096
92 32 1097
92 32 1230
92 122 1081
92 122 1089
92 122 1096
92 122 1097
92 122 1100
92 202 1084
92 111 1088
92 22 1088
92 192 1100
92 192 1101
92 192 1102
92 192 1171
92 192 1228
92 192 1229
92 192 1230
92 192 1231
92 192 1232
92 212 1195
92 168 1196
92 168 1197
92 226 1200
92 207 1211
92 207 1212
92 207 1213
92 207 1214
92 10 1245
172 15 133
172 15 134
172 15 135
172 15 136
172 15 137
172 15 152
172 15 154
172 15 155
172 15 157
172 15 158
172 15 159
172 15 160
172 15 161
172 15 162
172 15 163
172 15 164
172 15 165
172 15 168
172 15 169
172 15 170
172 15 171
172 84 170
172 93 170
155 226 1149
155 226 1162
155 226 1163
155 226 1188
155 226 1189
155 226 1190
137 128 138
137 149 146
137 15 155
137 2 1402
137 145 1429
137 36 1442
137 36 1443
106 104 81
106 104 91
106 104 92
106 104 93
106 104 94
106 104 95
106 104 96
106 104 97
106 104 100
106 104 101
106 104 102
106 104 103
106 104 104
106 104 105
106 104 106
106 104 107
106 104 108
106 104 109
106 104 110
106 104 112
106 104 113
106 104 114
106 104 115
106 104 116
106 104 117
106 104 118
106 104 120
106 104 121
106 104 122
106 104 124
106 104 127
106 104 1004
106 104 1005
106 104 1008
106 104 1009
106 104 1010
106 115 122
106 22 1001
106 22 1005
106 22 1093
106 22 1125
106 22 1132
106 22 1147
106 22 1156
106 22 1158
106 22 1162
106 22 1163
106 22 1165
106 22 1166
106 22 1169
106 22 1170
106 22 1172
106 22 1215
106 22 1257
106 22 1263
106 22 1273
106 22 1274
106 22 1276
106 22 1343
106 22 1368
106 22 1371
106 22 1417
106 22 1421
106 22 1423
106 22 1428
106 45 1425
104 21 998
104 21 1000
104 21 1007
104 21 1008
104 21 1010
104 21 1048
181 146 91
181 146 92
181 146 96
181 146 98
181 146 99
181 146 100
181 146 101
181 146 102
181 146 105
181 146 106
181 146 107
181 146 108
181 146 109
181 146 120
181 146 121
181 146 122
181 146 145
181 80 147
181 150 291
181 177 304
181 177 390
181 175 329
181 175 400
181 175 404
181 120 342
181 120 354
181 120 355
181 120 369
181 120 371
181 198 369
181 198 375
146 163 428
146 7 455
146 7 462
146 199 455
146 130 456
146 130 459
146 130 460
146 130 463
146 130 480
146 130 481
146 130 485
146 99 476
146 63 480
146 138 488
146 13 492
37 149 141
37 149 142
37 149 143
37 194 289
37 194 290
37 194 291
37 194 292
37 194 293
37 194 294
37 194 295
37 40 297
149 180 97
149 180 123
149 180 125
149 180 126
149 180 127
149 180 128
149 180 129
149 180 131
149 180 132
149 180 133
149 180 136
149 180 137
149 180 138
149 180 143
149 180 144
149 180 146
149 180 149
149 180 150
149 180 151
149 180 152
149 180 153
149 80 147
149 60 526
149 53 532
149 53 533
149 53 534
149 12 544
149 12 545
149 12 549
149 12 558
149 12 559
149 12 560
149 12 561
149 12 562
149 12 563
149 12 564
149 12 565
149 12 566
149 12 567
149 12 568
149 12 569
149 12 570
149 12 571
149 12 572
149 12 573
149 12 574
180 44 419
180 28 421
180 28 433
180 28 436
180 28 440
180 28 447
180 28 454
180 119 423
180 119 431
180 119 439
180 119 456
180 119 466
180 170 426
180 170 473
180 211 426
180 211 436
180 211 447
180 211 473
180 81 433
180 81 486
180 30 435
180 30 436
180 40 435
180 17 438
180 17 443
180 20 445
180 160 445
180 138 447
180 143 448
180 96 473
180 117 474
180 117 480
180 131 485
180 131 486
180 71 488
180 201 491
109 115 121
109 115 122
109 101 123
109 101 128
109 101 129
109 220 1350
109 220 1357
109 220 1415
109 220 1440
109 220 1441
109 220 1443
109 220 1444
109 220 1461
109 220 1462
109 2 1350
109 2 1357
109 2 1377
109 2 1390
109 2 1392
109 2 1401
109 2 1426
109 2 1433
109 2 1440
109 2 1445
109 2 1450
109 2 1459
109 197 1461
109 197 1462
101 190 1072
101 190 1230
101 190 1231
101 190 1232
101 190 1233
101 202 1213
101 202 1214
101 202 1218
101 32 1228
101 32 1230
101 88 1245
84 90 142
84 90 154
84 90 156
84 90 157
84 90 165
84 90 168
84 90 170
84 14 170
128 44 386
128 218 397
128 218 398
128 218 400
128 221 397
128 221 398
128 221 400
128 221 405
128 221 407
128 221 417
128 214 398
128 214 407
128 214 415
128 214 417
128 206 407
128 187 430
115 213 384
115 213 392
115 0 387
115 0 407
115 209 392
115 209 393
115 209 398
115 108 393
115 108 396
115 216 398
115 216 399
115 216 400
115 154 398
115 154 399
115 163 402
115 12 418
40 183 449
15 90 170
93 80 140
93 80 141
93 80 147
93 80 152
93 80 153
93 80 158
93 80 164
93 80 169
93 124 155
93 124 156
93 33 397
93 33 398
93 218 415
93 218 416
93 218 454
93 187 421
93 187 454
80 0 381
80 0 382
80 0 383
80 0 388
80 0 412
80 0 413
80 0 414
80 0 416
80 0 430
80 156 393
80 156 394
80 156 395
80 156 397
80 156 398
80 156 399
80 156 400
80 156 401
80 156 403
80 156 404
80 156 405
80 156 406
80 156 407
80 131 396
80 24 396
80 201 416
80 201 417
90 189 823
90 189 824
90 189 826
124 88 174
124 16 216
124 16 217
124 16 218
124 16 219
124 16 220
124 16 221
124 16 222
124 16 223
124 16 227
124 16 228
124 16 238
124 16 240
124 25 621
124 25 622
124 25 624
124 25 625
124 25 627
124 25 628
124 25 630
124 184 631
124 184 655
14 182 442
14 182 448
14 136 442
14 199 448
14 12 449
14 170 465
14 28 466
14 22 466
88 36 1130
88 36 1131
88 36 1133
88 36 1134
88 36 1138
88 36 1150
88 36 1169
88 36 1170
88 36 1171
88 36 1172
88 36 1173
88 36 1174
88 36 1175
88 36 1176
88 36 1177
88 36 1178
88 36 1179
88 36 1180
88 36 1181
88 36 1182
88 36 1185
88 36 1194
88 36 1199
88 36 1200
88 36 1201
88 36 1205
88 36 1207
88 36 1210
88 36 1211
88 36 1212
88 36 1213
88 36 1219
88 36 1221
88 36 1223
88 36 1224
88 36 1225
88 36 1260
88 36 1261
88 36 1264
88 36 1271
88 36 1279
88 36 1280
88 36 1281
88 82 1224
16 194 248
16 194 249
16 194 251
16 194 252
16 194 255
16 194 256
16 194 258
16 194 259
16 194 260
16 194 261
16 194 262
16 194 263
16 194 264
16 194 265
16 194 266
16 194 267
16 194 272
16 194 273
16 194 274
16 194 276
16 194 279
16 194 280
16 194 281
16 194 285
16 194 287
16 194 289
16 194 290
16 194 291
16 194 292
16 194 293
16 194 294
16 194 295
17 125 247
17 125 248
17 125 249
17 125 250
17 125 251
17 125 252
17 125 253
17 125 254
17 125 255
17 125 258
17 125 259
17 125 260
17 125 261
17 125 265
17 125 266
17 125 267
17 125 268
17 125 270
17 125 272
17 125 273
17 125 276
17 125 278
17 125 279
17 125 281
17 125 284
17 125 285
17 125 287
17 125 288
17 125 289
17 125 290
17 125 291
17 125 292
17 125 293
17 125 294
17 125 295
17 125 296
17 129 413
17 129 443
17 129 492
17 195 415
17 195 419
17 195 420
17 195 421
17 195 422
17 195 423
17 195 430
17 195 453
17 195 456
17 195 484
17 195 488
17 96 417
17 11 417
17 11 418
17 11 419
17 11 420
17 4 421
17 4 422
17 4 423
17 4 430
17 4 440
17 113 421
17 41 427
17 41 441
17 65 427
17 65 442
17 138 431
17 174 433
17 117 433
17 117 435
17 117 453
17 117 455
17 117 456
17 117 459
17 117 460
17 110 434
17 13 434
17 85 435
17 85 437
17 85 492
17 72 436
17 72 455
17 51 439
17 51 440
17 141 439
17 100 439
17 100 442
17 103 445
17 70 445
17 70 447
17 70 448
17 70 449
17 70 450
17 173 447
17 164 449
17 164 453
17 164 456
17 164 489
17 170 450
17 154 455
17 183 459
17 183 463
17 183 468
17 183 492
17 57 459
17 57 460
17 57 461
17 121 459
17 216 460
17 185 467
17 123 471
17 123 488
17 33 473
17 33 474
17 135 473
17 215 477
17 59 479
17 8 479
17 8 480
17 8 486
17 53 480
125 194 248
125 194 249
125 194 250
125 194 251
125 194 252
125 194 255
125 194 257
125 194 258
125 194 259
125 194 260
125 194 261
125 194 262
125 194 263
125 194 264
125 194 265
125 194 266
125 194 267
125 194 268
125 194 269
125 194 271
125 194 272
125 194 273
125 194 274
125 194 275
125 194 276
125 194 278
125 194 279
125 194 282
125 194 284
125 194 285
125 194 286
125 194 289
125 194 290
125 194 291
125 194 292
125 194 293
125 194 294
125 194 295
125 165 1187
194 175 294
194 175 296
194 175 299
194 175 300
194 175 303
194 175 305
194 175 307
194 175 310
194 175 320
194 175 321
194 175 322
194 175 325
194 175 329
194 177 296
194 177 329
194 177 346
194 177 374
194 177 381
194 177 382
194 177 383
194 177 384
194 177 385
194 177 386
194 177 387
194 177 388
194 163 299
194 163 306
194 163 321
194 163 322
194 150 300
194 150 309
194 150 313
194 150 316
194 150 317
194 150 318
194 150 322
194 150 331
194 150 337
194 150 393
194 150 394
194 150 395
194 150 396
194 150 400
194 150 404
194 120 313
194 120 331
194 120 335
194 120 379
194 142 333
39 121 1146
39 121 1147
39 121 1149
39 121 1162
39 121 1163
39 121 1181
39 121 1182
39 121 1183
39 121 1185
39 121 1186
39 221 1148
39 221 1149
39 221 1151
39 221 1161
39 221 1162
39 221 1163
39 221 1164
39 221 1166
39 221 1167
39 221 1168
39 221 1175
39 221 1176
39 221 1177
39 221 1178
39 221 1179
39 221 1188
39 221 1189
39 221 1190
39 221 1191
39 221 1193
39 221 1194
39 221 1195
39 221 1196
39 221 1243
39 221 1244
39 221 1245
39 221 1259
39 221 1260
39 221 1261
39 221 1262
39 221 1270
39 221 1271
39 221 1273
39 221 1278
39 221 1280
39 221 1281
39 221 1283
39 221 1284
39 221 1285
39 221 1286
39 221 1287
39 221 1289
39 221 1290
39 221 1291
39 221 1292
39 221 1293
39 221 1294
39 221 1295
39 221 1296
39 221 1297
39 221 1298
39 221 1299
39 221 1300
39 221 1301
39 221 1302
39 221 1303
39 221 1304
39 221 1305
39 221 1306
39 221 1308
39 221 1309
39 221 1310
39 221 1311
39 221 1313
39 221 1314
39 221 1315
39 221 1316
39 221 1317
39 221 1318
39 221 1319
39 221 1320
39 221 1321
39 221 1322
39 221 1323
39 221 1324
39 221 1325
39 221 1326
39 221 1327
39 221 1328
39 221 1329
39 221 1330
39 221 1331
39 221 1332
39 221 1333
39 221 1334
39 221 1335
39 221 1337
39 221 1338
39 207 1179
39 207 1180
39 207 1181
39 165 1180
39 165 1181
39 132 1204
39 132 1228
39 200 1204
39 21 1216
39 127 1229
39 202 1234
39 202 1236
39 65 1338
142 116 287
142 116 305
142 116 333
142 116 336
142 116 339
142 116 345
142 116 347
142 116 354
142 116 383
142 116 384
142 116 385
142 116 386
142 116 389
142 116 394
142 116 395
142 116 407
142 147 288
142 147 292
142 147 311
142 147 312
142 147 336
142 147 350
142 175 312
142 175 313
142 175 326
142 175 327
142 175 335
142 175 336
142 175 352
142 175 363
142 166 336
142 166 339
142 166 352
142 166 379
142 166 382
142 176 342
142 176 352
142 176 393
142 159 343
142 159 347
142 159 350
142 159 354
142 159 380
142 159 381
142 159 382
142 159 383
142 159 400
142 159 404
142 159 407
142 156 391
142 99 1313
142 99 1314
142 99 1315
142 99 1316
142 99 1318
142 99 1319
142 99 1325
142 99 1328
142 99 1329
142 99 1330
142 99 1331
142 99 1337
142 99 1338
142 99 1348
142 99 1349
142 99 1350
142 99 1352
142 99 1353
142 99 1354
142 99 1361
142 99 1369
142 99 1401
142 99 1404
142 99 1405
142 99 1406
142 99 1416
142 99 1420
142 99 1425
142 99 1426
142 99 1449
142 99 1457
142 197 1313
142 197 1314
142 197 1316
142 197 1318
142 197 1320
142 197 1321
142 197 1324
142 197 1328
142 197 1330
142 197 1331
142 197 1337
142 197 1340
142 197 1347
142 197 1348
142 197 1349
142 197 1350
142 197 1351
142 197 1352
142 197 1353
142 197 1354
142 197 1356
142 197 1357
142 197 1358
142 197 1359
142 197 1360
142 197 1361
142 197 1362
142 197 1401
142 197 1403
142 197 1421
142 197 1422
142 197 1423
142 197 1424
142 197 1427
142 197 1437
142 197 1438
142 197 1439
142 197 1445
142 197 1449
142 197 1450
142 197 1451
142 197 1461
142 197 1462
142 220 1461
142 220 1462
142 114 1461
142 114 1462
116 175 297
116 175 303
116 175 308
116 175 312
116 175 336
116 175 339
116 175 355
116 175 376
116 175 394
116 175 395
116 175 401
116 175 407
116 198 297
116 198 310
116 198 315
116 198 326
116 198 333
116 198 334
116 198 392
116 198 403
116 198 404
116 177 302
116 177 329
116 177 346
116 177 349
116 177 392
116 177 401
116 150 307
116 150 312
116 150 313
116 150 329
116 150 331
116 150 344
116 150 350
116 150 352
116 150 377
116 150 390
116 150 394
116 150 401
116 150 402
116 150 404
116 182 380
116 182 381
116 182 382
116 182 395
116 182 404
116 182 407
116 163 380
116 208 399
116 96 402
116 51 474
116 51 475
116 51 488
116 51 490
116 51 502
116 51 506
116 51 509
116 51 512
116 51 522
116 157 475
116 157 485
116 157 487
116 157 488
116 157 489
116 157 490
116 157 500
116 157 505
116 157 528
116 157 533
116 157 534
116 157 535
116 168 477
116 168 478
116 168 479
116 168 480
116 168 481
116 168 492
116 168 504
116 168 509
116 168 515
116 168 527
116 168 528
116 168 529
116 168 530
116 168 531
116 129 486
116 129 488
116 129 509
116 129 524
116 94 509
116 210 510
116 210 514
116 210 515
116 11 534
120 147 287
120 147 298
120 147 302
120 147 303
120 147 323
120 147 324
120 147 336
120 147 342
120 147 346
120 147 348
120 147 349
120 147 351
120 147 373
120 147 374
120 147 376
120 166 297
120 166 313
120 166 324
120 166 326
120 166 334
120 166 335
120 166 336
120 166 342
120 166 345
120 166 347
120 166 371
120 166 372
120 166 383
120 166 395
120 166 401
120 166 402
120 166 405
120 139 297
120 139 298
120 139 314
120 139 315
120 139 323
120 139 331
120 139 346
120 139 353
120 139 368
120 139 378
120 159 304
120 159 335
120 159 346
120 159 347
120 159 351
120 159 352
120 159 376
120 159 381
120 159 383
120 159 392
120 159 393
120 159 407
120 176 308
120 176 326
120 176 345
120 176 353
120 176 354
120 176 355
120 176 360
120 176 371
120 175 313
120 175 324
120 175 331
120 175 353
120 175 354
120 175 368
120 175 371
120 175 378
120 85 367
120 24 398
120 5 573
120 5 574
120 5 576
120 5 583
120 5 584
120 5 586
120 5 587
120 5 588
120 5 589
120 5 590
120 5 591
120 5 592
120 5 593
120 5 594
120 5 604
120 5 606
120 5 608
120 5 609
120 5 610
120 5 612
120 5 613
120 5 615
120 5 616
120 5 618
120 5 619
120 5 620
120 5 622
120 5 631
120 5 632
120 5 647
120 5 648
120 5 649
120 5 650
120 5 651
120 5 652
120 5 653
120 5 654
120 5 655
120 5 656
120 5 657
120 5 673
120 196 611
147 177 288
147 177 302
147 177 303
147 177 304
147 177 305
147 177 306
147 177 346
147 177 349
147 177 350
147 177 389
147 177 395
147 175 288
147 175 294
147 175 299
147 175 301
147 175 302
147 175 308
147 175 320
147 175 328
147 175 329
147 175 336
147 175 339
147 175 379
147 175 381
147 175 386
147 175 389
147 175 400
147 198 294
147 198 296
147 198 297
147 198 298
147 198 299
147 198 315
147 198 319
147 198 321
147 198 325
147 198 326
147 198 329
147 198 339
147 198 345
147 198 367
147 198 392
147 163 298
147 163 319
147 163 320
147 163 363
147 163 366
147 163 367
147 163 376
147 182 342
147 33 402
147 48 403
147 185 404
147 25 554
147 25 558
147 25 559
147 25 561
147 25 570
147 25 573
147 25 575
147 25 576
147 25 577
147 25 579
147 25 580
147 25 581
147 25 582
147 25 583
147 25 665
147 25 667
147 25 668
147 25 671
147 25 672
147 25 674
147 25 678
147 25 681
147 25 682
147 25 683
147 25 684
147 25 685
147 25 690
147 25 692
147 186 692
147 1 692
147 164 747
177 159 292
177 159 302
177 159 310
177 159 370
177 159 399
177 159 401
177 166 292
177 166 297
177 166 298
177 166 313
177 166 335
177 166 336
177 166 342
177 166 351
177 166 352
177 166 369
177 166 370
177 166 371
177 166 376
177 166 379
177 166 380
177 166 388
177 166 389
177 139 293
177 139 294
177 139 296
177 139 306
177 139 328
177 139 331
177 139 348
177 139 350
177 139 353
177 139 369
177 139 374
177 139 377
177 139 394
177 139 395
177 139 396
177 139 397
177 175 313
177 175 315
177 175 366
177 175 380
177 188 402
177 151 426
177 151 445
177 173 437
177 143 444
175 176 289
175 176 290
175 176 291
175 176 297
175 176 307
175 176 310
175 176 342
175 176 367
175 176 389
175 176 400
175 150 291
175 150 292
175 150 315
175 150 316
175 150 327
175 150 366
175 166 291
175 166 292
175 166 296
175 166 297
175 166 300
175 166 302
175 166 306
175 166 310
175 166 311
175 166 314
175 166 328
175 166 329
175 166 342
175 166 344
175 166 347
175 166 365
175 166 373
175 166 374
175 166 377
175 166 388
175 166 389
175 166 398
175 166 401
175 159 297
175 159 301
175 159 305
175 159 308
175 159 310
175 159 367
175 159 373
175 159 374
175 159 388
175 159 404
175 159 407
175 198 315
175 198 319
175 163 315
175 139 367
175 139 379
175 139 390
175 139 407
175 139 408
176 163 289
176 163 315
176 163 342
176 163 363
176 163 365
176 163 367
176 163 373
176 163 374
176 150 292
176 150 307
176 150 315
176 150 336
176 150 339
176 150 378
176 198 294
176 198 308
176 198 317
176 198 337
176 198 338
176 198 339
176 198 340
176 198 375
176 182 354
176 182 369
176 68 398
176 58 401
163 166 292
163 166 294
163 166 297
163 166 298
163 166 305
163 166 308
163 166 347
163 166 363
163 166 371
163 166 374
163 166 375
163 166 395
163 166 396
163 139 303
163 139 308
163 139 315
163 139 344
163 139 346
163 139 366
163 139 367
163 139 371
163 139 375
163 153 350
163 153 351
163 153 352
163 153 353
163 153 354
163 153 355
163 153 356
163 153 357
163 153 358
163 153 360
163 153 361
163 153 362
163 153 363
163 153 364
163 153 365
163 153 366
163 153 367
163 153 368
163 153 369
163 153 370
163 153 371
163 153 372
163 153 373
163 153 374
163 153 375
163 153 376
163 153 377
163 153 378
163 153 379
163 153 380
163 153 381
163 153 382
163 153 383
163 153 384
163 153 385
163 153 386
163 153 387
163 153 389
163 153 390
163 153 391
163 153 392
163 153 393
163 153 394
163 153 397
163 153 398
163 153 399
163 153 400
163 153 401
163 153 402
163 153 403
163 153 404
163 153 405
163 153 406
163 153 407
163 153 408
163 153 409
163 153 412
163 153 413
163 160 401
163 199 419
163 199 420
163 199 421
163 199 422
163 199 423
163 199 425
163 199 426
163 199 428
163 199 429
163 199 431
163 199 432
163 199 437
163 199 449
163 199 454
163 199 455
163 199 462
163 199 463
163 199 477
163 199 482
163 199 490
163 185 428
163 185 429
163 129 433
163 225 433
163 190 493
163 190 494
163 179 497
150 166 291
150 166 292
150 166 293
150 166 294
150 166 300
150 166 310
150 166 314
150 166 324
150 166 327
150 166 328
150 166 329
150 166 339
150 166 344
150 166 346
150 166 348
150 166 350
150 166 351
150 166 352
150 166 355
150 166 356
150 166 357
150 166 358
150 166 359
150 166 360
150 166 361
150 166 362
150 166 365
150 166 367
150 166 369
150 166 379
150 166 381
150 166 389
150 166 398
150 166 400
150 166 402
150 166 404
150 139 293
150 139 296
150 139 301
150 139 310
150 139 313
150 139 323
150 139 344
150 139 379
150 139 393
150 139 394
150 139 395
150 139 396
150 159 307
150 159 318
150 159 346
150 159 348
150 159 349
150 159 387
150 159 396
150 135 359
150 206 401
166 198 291
166 198 296
166 198 300
166 198 302
166 198 305
166 198 307
166 198 309
166 198 310
166 198 321
166 198 326
166 198 334
166 198 335
166 198 339
166 198 340
166 198 377
166 198 382
166 198 388
166 198 396
166 198 397
166 182 397
166 182 401
166 208 399
166 33 402
166 190 402
166 190 1062
166 113 1059
166 206 1064
166 197 1065
166 74 1072
198 159 298
198 159 302
198 159 305
198 159 332
198 159 344
198 159 396
198 139 302
198 139 331
198 139 367
198 139 368
198 139 393
198 58 392
198 24 398
198 0 399
198 200 402
198 208 402
159 182 307
159 182 400
159 182 407
159 208 398
159 68 398
159 96 402
159 190 402
159 121 1147
159 121 1148
159 121 1151
159 121 1152
159 121 1155
159 121 1156
159 121 1157
159 121 1160
159 121 1164
159 121 1165
159 121 1171
159 121 1172
159 121 1173
159 121 1174
159 121 1175
159 121 1176
159 121 1177
159 121 1178
159 121 1179
159 121 1180
159 121 1181
159 121 1182
159 121 1183
159 121 1184
159 121 1185
159 121 1186
159 121 1188
159 121 1195
159 121 1201
159 121 1202
159 121 1203
159 121 1204
159 121 1205
159 121 1206
159 121 1207
159 121 1208
159 121 1209
159 121 1210
159 121 1211
159 121 1212
159 121 1213
159 121 1214
159 121 1215
159 121 1216
159 121 1217
159 121 1218
159 121 1219
159 121 1220
159 121 1221
159 121 1222
159 121 1223
159 121 1224
159 121 1225
159 121 1226
159 121 1227
159 121 1228
159 121 1229
159 121 1230
159 121 1231
159 121 1232
159 121 1233
159 121 1234
159 121 1235
159 121 1236
159 121 1237
159 121 1238
159 121 1239
159 121 1240
159 121 1241
159 121 1242
159 121 1243
159 121 1244
159 121 1249
159 121 1250
159 121 1251
159 121 1252
159 121 1253
159 121 1254
159 121 1255
159 121 1256
159 121 1257
159 121 1258
159 121 1259
159 121 1260
159 121 1261
159 121 1262
159 121 1263
159 121 1264
159 121 1265
159 121 1268
159 121 1269
159 121 1270
159 121 1271
159 121 1272
159 121 1273
159 121 1274
159 121 1275
159 121 1276
159 121 1277
159 121 1279
159 121 1280
159 121 1283
159 121 1284
159 121 1285
159 121 1286
159 121 1287
159 121 1288
159 121 1289
159 121 1291
159 121 1292
159 121 1293
159 121 1294
159 121 1295
159 121 1296
159 121 1297
159 121 1298
159 121 1301
159 121 1302
159 121 1303
159 121 1304
159 121 1306
159 121 1307
159 121 1308
159 121 1309
159 121 1310
159 121 1311
159 121 1312
159 121 1313
159 121 1315
159 121 1316
159 121 1317
159 121 1318
159 121 1319
159 121 1320
159 121 1321
159 121 1322
159 121 1323
159 121 1324
159 121 1325
159 121 1326
159 121 1328
159 121 1329
159 121 1330
159 121 1331
159 121 1332
159 121 1333
159 121 1334
159 121 1335
159 121 1336
159 121 1337
159 121 1338
159 121 1339
159 121 1340
159 121 1341
159 121 1342
159 121 1343
159 121 1344
159 121 1349
159 121 1350
159 121 1352
159 121 1353
159 121 1354
159 121 1355
159 121 1356
159 121 1357
159 121 1358
159 121 1359
159 121 1360
159 121 1361
159 121 1362
159 121 1363
159 121 1364
159 121 1365
159 121 1366
159 121 1368
159 121 1369
159 121 1370
159 121 1371
159 121 1372
159 121 1373
159 121 1374
159 121 1376
159 121 1377
159 121 1379
159 121 1380
159 121 1381
159 121 1382
159 121 1383
159 121 1384
159 121 1385
159 121 1386
159 121 1387
159 121 1388
159 121 1389
159 121 1390
159 121 1391
159 121 1392
159 121 1398
159 121 1399
159 121 1407
159 121 1408
159 121 1413
159 121 1414
139 182 394
139 182 404
139 182 407
139 44 398
139 55 430
139 170 440
139 167 441
139 51 543
67 46 404
67 46 407
67 46 408
67 46 410
67 46 414
67 46 415
67 46 417
67 46 418
67 46 420
67 46 421
67 46 422
67 46 423
67 46 424
67 46 425
67 46 426
67 46 427
67 46 428
67 46 429
67 65 417
67 19 1072
67 19 1073
67 19 1074
67 19 1080
67 19 1086
67 19 1087
67 19 1088
67 19 1091
67 19 1094
67 19 1095
67 19 1096
67 19 1097
67 19 1098
67 19 1099
67 19 1101
67 19 1104
67 19 1105
67 19 1106
67 19 1107
67 19 1108
67 19 1109
67 19 1110
67 19 1112
67 19 1113
67 19 1115
67 19 1121
67 19 1122
67 19 1128
67 19 1129
67 19 1133
67 19 1140
67 19 1141
67 19 1142
67 19 1143
67 19 1144
67 19 1146
67 19 1147
67 19 1152
67 19 1153
67 19 1165
67 19 1166
67 19 1168
67 19 1169
67 19 1170
67 19 1171
67 19 1173
67 19 1174
67 19 1175
67 19 1176
67 19 1177
67 19 1178
67 19 1180
67 19 1182
67 19 1184
67 19 1185
67 19 1186
67 19 1190
67 19 1193
67 19 1194
67 19 1198
67 19 1199
67 19 1201
67 19 1202
67 19 1203
67 19 1204
67 19 1205
67 19 1206
67 19 1207
67 19 1208
67 19 1209
67 19 1210
67 19 1211
67 19 1212
67 19 1213
67 19 1214
67 19 1215
67 19 1216
67 19 1217
67 19 1218
67 19 1219
67 19 1220
67 19 1221
67 19 1222
67 19 1223
67 19 1224
67 19 1225
67 19 1226
67 19 1227
67 19 1228
67 19 1229
67 19 1230
67 19 1231
67 19 1232
67 19 1233
67 19 1234
67 19 1235
67 19 1236
67 19 1237
67 19 1238
67 19 1239
67 19 1240
67 19 1241
67 19 1242
67 19 1243
67 19 1244
67 19 1245
67 19 1247
67 19 1248
67 19 1250
67 19 1253
67 19 1254
67 19 1256
67 19 1257
67 19 1259
67 19 1262
67 19 1265
67 19 1267
67 19 1268
67 19 1270
67 19 1271
67 19 1272
67 19 1273
67 19 1274
67 19 1275
67 19 1276
67 19 1277
67 19 1288
67 19 1290
67 19 1291
67 19 1292
67 19 1293
67 19 1294
67 19 1295
67 19 1296
67 19 1297
67 19 1298
67 19 1299
67 19 1300
67 19 1301
67 19 1302
67 19 1305
67 19 1306
67 19 1307
67 221 1250
67 174 1323
182 100 471
153 188 404
153 69 418
153 41 419
153 41 420
153 41 421
153 41 422
153 41 423
153 41 424
153 41 428
153 41 429
153 41 430
153 41 431
153 41 439
153 41 441
153 41 442
153 41 450
153 65 423
153 65 424
153 65 425
153 65 428
153 65 429
153 65 430
153 65 431
153 129 431
153 100 437
153 72 440
135 72 388
135 72 392
135 72 395
135 72 403
135 72 430
135 10 392
135 10 401
135 10 402
135 10 408
135 10 409
135 24 395
135 24 396
135 24 404
135 24 406
135 24 411
135 24 419
135 24 420
135 24 421
135 24 423
135 24 428
135 24 449
135 24 452
135 24 453
135 24 459
135 24 460
135 24 461
135 24 462
135 24 465
135 156 396
135 156 399
135 156 400
135 196 403
135 0 403
135 81 422
135 81 486
135 68 452
135 68 456
135 167 452
135 216 453
135 7 455
135 99 455
135 138 456
135 171 457
135 171 460
135 171 462
135 171 465
135 171 466
135 171 473
135 171 476
135 171 481
135 171 482
135 171 484
135 171 487
135 171 488
135 171 489
135 12 457
135 57 459
135 71 459
135 71 460
135 33 463
135 33 465
135 33 466
135 151 463
135 151 464
135 210 477
135 157 477
135 119 484
85 105 421
85 195 423
85 173 430
85 173 440
85 173 443
85 173 444
85 173 454
85 12 433
85 12 443
85 12 446
85 12 461
85 30 438
85 123 438
85 72 447
85 72 448
85 28 458
85 171 471
33 76 381
33 76 383
33 110 382
33 110 387
33 110 388
33 110 392
33 110 394
33 110 398
33 110 400
33 110 403
33 110 404
33 110 405
33 110 407
33 110 408
33 110 409
33 110 410
33 110 412
33 110 413
33 110 414
33 110 415
33 110 416
33 110 417
33 110 419
33 110 420
33 110 421
33 110 422
33 110 424
33 110 425
33 110 426
33 110 427
33 110 428
33 110 478
33 213 382
33 213 383
33 213 384
33 213 389
33 213 409
33 108 384
33 108 389
33 108 390
33 108 391
33 108 395
33 0 384
33 0 387
33 209 389
33 209 390
33 209 391
33 209 397
33 209 398
33 209 399
33 209 400
33 196 393
33 196 394
33 196 395
33 154 395
33 131 402
33 131 459
33 131 460
33 131 461
33 131 476
33 131 482
33 131 483
33 131 484
33 131 488
33 131 489
33 131 491
33 41 403
33 218 411
33 218 417
33 203 414
33 96 416
33 174 418
33 126 418
33 126 471
33 126 491
33 12 418
33 56 423
33 72 428
33 171 454
33 171 455
33 171 457
33 171 458
33 171 459
33 171 460
33 171 466
33 171 472
33 171 475
33 171 476
33 171 477
33 171 478
33 171 479
33 171 482
33 171 484
33 171 486
33 171 487
33 171 488
33 171 489
33 171 491
33 68 456
33 71 461
33 71 463
33 24 461
33 24 462
33 24 465
33 148 465
33 81 472
33 220 472
33 220 488
33 220 490
33 119 484
33 99 486
33 201 489
33 51 490
33 105 491
76 113 381
76 131 387
76 200 387
76 200 388
76 200 417
76 200 419
76 200 423
76 200 430
76 68 400
76 74 430
76 103 678
76 103 679
76 103 680
76 103 685
76 103 690
76 103 701
76 103 702
76 103 703
76 103 704
76 103 705
76 103 733
76 103 738
76 103 739
76 47 700
76 18 701
76 26 722
76 26 733
113 213 382
113 213 384
113 213 385
113 213 388
113 213 389
113 213 390
113 0 384
113 0 388
113 110 388
113 110 389
113 209 391
113 209 402
113 209 403
113 209 405
113 209 406
113 209 410
113 216 403
113 216 405
113 216 408
113 216 409
113 216 410
113 154 406
113 154 414
113 171 408
113 171 409
113 171 410
113 171 416
113 71 414
113 71 1105
113 10 416
113 73 899
113 81 1046
113 81 1047
113 81 1048
113 81 1049
113 81 1056
113 95 1070
113 78 1099
113 78 1102
113 78 1103
113 78 1104
113 78 1105
113 78 1106
113 78 1107
113 78 1108
113 78 1109
113 78 1110
113 78 1111
113 78 1112
113 78 1113
113 78 1114
113 78 1115
113 78 1116
113 78 1117
113 78 1118
113 36 1113
113 36 1114
113 36 1115
113 36 1116
113 36 1117
0 218 383
0 218 386
0 218 392
0 218 393
0 218 396
0 218 454
0 200 387
0 200 388
0 200 392
0 200 397
0 200 415
0 200 416
0 200 427
0 200 428
0 200 430
0 209 387
0 131 388
0 131 389
0 131 392
0 131 393
0 131 394
0 206 393
0 206 397
0 206 399
0 206 416
0 206 431
0 68 394
0 68 401
0 75 399
0 208 400
0 208 403
0 74 400
0 74 402
0 156 402
0 185 410
0 143 410
0 187 454
0 96 454
0 96 455
0 10 455
110 218 385
110 218 388
110 218 389
110 218 390
110 218 391
110 218 406
110 218 410
110 218 412
110 218 414
110 218 416
110 218 417
110 218 418
110 218 425
110 214 389
110 214 394
110 214 399
110 68 396
110 68 412
110 48 399
110 48 400
110 96 406
110 96 414
110 96 418
110 96 419
110 208 410
110 70 416
110 70 455
110 70 456
110 70 457
110 70 458
110 70 467
110 70 468
110 129 418
110 44 424
110 173 428
110 173 434
110 173 435
110 12 432
110 12 442
110 30 436
110 220 443
110 63 445
110 63 471
110 63 472
110 63 477
110 63 479
110 20 452
110 20 455
110 13 472
110 171 478
213 131 393
213 131 399
213 187 396
213 48 397
213 48 398
213 48 420
213 96 406
213 96 407
213 96 408
213 96 413
213 96 419
213 96 429
213 208 410
213 129 418
213 195 418
213 126 419
213 58 426
213 69 1284
213 218 1303
213 6 1304
200 156 382
200 156 403
200 156 413
200 171 383
200 171 406
200 209 389
200 209 393
200 209 394
200 209 409
200 203 394
200 203 395
200 203 401
200 66 395
200 108 395
200 201 397
200 201 398
200 201 399
200 201 401
200 201 412
200 201 415
200 72 399
200 45 1243
200 45 1256
200 45 1262
200 45 1263
200 45 1264
200 45 1265
200 45 1266
200 45 1267
200 45 1268
200 45 1269
200 45 1276
200 45 1280
200 45 1283
200 45 1315
200 45 1316
200 45 1317
200 45 1321
200 45 1323
200 45 1324
200 45 1325
200 45 1326
200 45 1327
200 45 1328
200 45 1329
200 45 1332
200 45 1371
200 45 1372
200 45 1378
200 45 1379
200 45 1401
200 45 1402
200 45 1404
200 45 1405
200 45 1407
200 45 1409
200 45 1410
200 45 1411
200 45 1415
200 45 1416
200 45 1417
200 45 1435
200 217 1413
200 7 1435
200 223 1435
156 44 397
156 11 399
156 68 400
156 206 402
156 206 410
156 206 412
156 206 413
156 206 414
156 206 417
156 206 418
156 206 421
156 206 422
156 206 429
156 74 402
156 187 406
156 187 407
156 48 406
156 48 407
156 75 406
156 4 421
156 173 427
156 173 440
156 211 440
157 171 382
157 171 383
157 171 385
157 171 387
157 171 388
157 171 389
157 171 392
157 108 404
157 10 429
157 97 475
157 97 478
157 97 479
157 97 481
157 97 487
157 97 488
157 97 489
157 97 491
157 97 492
157 97 497
157 97 504
157 97 521
157 97 539
157 53 475
157 53 478
157 53 479
157 53 480
157 53 481
157 53 482
157 53 483
157 53 487
157 53 488
157 53 489
157 53 490
157 53 491
157 53 493
157 53 494
157 53 495
157 53 500
157 53 508
157 53 533
157 53 538
157 132 478
157 132 482
157 132 489
157 132 490
157 132 496
157 215 478
157 215 479
157 215 503
157 65 481
157 141 486
157 12 535
171 203 388
171 203 392
171 58 392
171 58 393
171 58 395
171 58 399
171 58 400
171 208 396
171 208 397
171 208 398
171 208 405
171 208 423
171 11 402
171 11 403
171 11 404
171 11 405
171 11 417
171 11 424
171 11 429
171 48 405
171 206 406
171 74 415
171 74 418
171 74 419
171 74 422
171 74 461
171 74 462
171 74 463
171 18 420
171 18 421
171 18 422
171 68 423
171 68 424
171 70 453
171 70 456
171 23 455
171 25 459
171 25 461
171 25 462
171 25 466
171 154 464
171 129 471
171 225 471
171 225 489
171 225 490
171 59 472
171 161 477
171 65 478
171 65 479
171 28 480
171 81 482
171 119 482
171 121 485
171 51 489
171 51 491
171 183 492
218 216 391
218 216 398
218 216 400
218 201 393
218 10 410
218 185 454
218 45 1216
218 45 1217
218 45 1225
218 45 1226
218 45 1227
218 45 1228
218 45 1229
218 45 1230
218 45 1232
218 45 1235
218 45 1237
218 45 1239
218 45 1248
218 45 1249
218 45 1250
218 45 1252
218 45 1256
218 45 1257
218 45 1260
218 45 1261
218 45 1262
218 45 1265
218 45 1288
218 45 1307
218 45 1353
218 45 1379
218 45 1382
218 45 1415
218 71 1225
218 71 1232
218 205 1234
218 205 1236
218 205 1237
218 205 1238
218 205 1248
218 205 1249
218 205 1250
218 205 1254
218 205 1262
218 205 1263
218 205 1264
218 205 1265
218 205 1266
218 205 1267
218 205 1268
218 205 1269
218 205 1325
218 205 1333
218 205 1353
218 205 1354
218 205 1360
218 205 1370
218 205 1371
218 205 1373
218 205 1374
218 205 1379
218 205 1380
218 205 1381
218 205 1382
218 205 1383
218 205 1384
218 205 1385
218 205 1388
218 205 1390
218 130 1241
218 7 1435
108 96 393
108 96 416
108 208 394
108 68 395
108 68 396
108 58 403
108 58 404
108 221 404
108 221 407
108 221 412
108 214 404
108 214 408
108 131 406
108 44 413
108 11 417
108 11 419
108 161 679
108 18 701
108 26 729
108 26 733
108 144 739
56 44 384
56 44 385
56 44 388
56 44 388
56 44 392
56 44 395
56 44 395
56 201 391
56 96 402
56 96 420
44 131 386
44 131 390
44 131 396
44 131 406
44 216 387
44 216 414
44 216 417
44 72 390
44 72 399
44 72 411
44 203 392
44 203 399
44 206 392
44 126 398
44 126 400
44 69 406
44 69 409
44 69 413
44 69 416
44 71 413
44 71 414
44 154 415
131 209 387
131 209 388
131 209 389
131 209 391
131 209 392
131 209 394
131 209 399
131 209 406
131 209 408
131 209 409
131 209 414
131 209 416
131 209 423
131 221 387
131 221 454
131 96 390
131 96 391
131 196 390
131 75 390
131 75 419
131 75 420
131 75 421
131 75 423
131 75 425
131 75 426
131 75 428
131 75 429
131 187 392
131 187 412
131 187 413
131 216 393
131 216 394
131 216 399
131 216 403
131 216 404
131 216 406
131 216 408
131 216 409
131 216 418
131 74 400
131 206 400
131 154 400
131 154 403
131 154 404
131 154 405
131 154 406
131 46 403
131 201 409
131 68 418
131 47 452
131 100 464
131 195 481
131 195 492
131 103 484
131 129 486
131 129 491
131 129 492
131 183 491
131 183 492
46 54 386
46 54 387
46 54 389
46 54 390
46 54 391
46 54 393
46 54 394
46 54 396
46 54 399
46 187 392
46 187 395
46 187 397
46 187 403
46 187 404
46 187 407
46 187 408
46 187 409
46 187 410
46 187 411
46 143 396
46 173 411
46 12 412
46 4 413
46 30 417
46 129 418
54 178 496
216 187 396
216 96 398
216 58 403
216 58 404
216 58 405
216 58 406
216 214 407
216 214 408
216 214 411
216 214 418
216 74 414
216 74 415
216 28 419
216 28 421
216 28 423
216 28 428
216 28 431
216 28 432
216 28 433
216 28 434
216 28 435
216 28 448
216 28 449
216 28 455
216 28 473
216 28 485
216 28 486
216 28 493
216 48 427
216 48 428
216 48 430
216 49 428
216 30 431
216 30 432
216 30 435
216 30 451
216 30 456
216 30 463
216 119 435
216 119 456
216 13 445
216 130 448
216 91 448
216 179 449
216 179 450
216 179 455
216 179 456
216 99 449
216 70 453
216 204 456
216 204 457
216 164 458
216 195 459
216 138 459
216 154 470
216 154 471
216 154 472
216 154 475
216 154 481
216 154 492
216 59 474
216 170 477
216 1 478
216 7 484
216 183 489
216 34 492
216 141 492
216 160 493
209 96 397
209 96 398
209 96 399
209 96 400
209 208 397
209 58 406
209 58 407
209 58 409
209 58 410
209 58 411
209 221 406
209 206 409
209 42 887
221 201 393
221 201 394
221 201 453
221 154 397
221 154 402
221 154 403
221 154 404
221 154 405
221 154 406
221 154 408
221 154 409
221 154 410
221 154 411
221 154 412
221 154 415
221 22 457
221 7 458
221 4 470
221 13 481
221 170 492
221 212 1179
221 212 1180
221 212 1181
221 212 1182
221 212 1183
221 212 1184
221 212 1185
221 212 1186
221 212 1187
72 187 390
72 187 417
72 208 393
72 208 403
72 48 406
72 68 408
72 105 419
72 105 421
72 105 422
72 105 423
72 105 424
72 105 428
72 105 435
72 105 440
72 105 461
72 105 465
72 126 421
72 126 422
72 126 423
72 220 423
72 220 424
72 220 431
72 220 443
72 173 426
72 173 430
72 173 432
72 173 482
72 63 427
72 12 430
72 12 441
72 12 470
72 12 471
72 12 475
72 12 476
72 12 477
72 12 479
72 12 484
72 12 485
72 12 490
72 81 436
72 81 443
72 4 437
72 28 439
72 20 455
72 20 456
72 55 460
72 55 461
72 199 486
203 154 388
203 154 390
203 154 392
203 154 393
203 206 392
203 206 401
203 206 402
203 68 393
203 68 408
203 68 412
203 68 420
203 68 421
203 68 422
203 96 394
203 96 395
203 201 395
203 71 396
203 48 397
154 58 391
154 58 393
154 58 395
154 58 403
154 58 405
154 58 413
154 68 394
154 68 420
154 68 490
154 48 399
154 48 400
154 187 400
154 187 403
154 206 407
154 185 410
154 74 414
154 74 415
154 208 420
154 208 424
154 208 428
154 208 429
154 13 438
154 13 481
154 13 482
154 117 438
154 20 440
154 20 456
154 160 441
154 167 442
154 170 447
154 170 492
154 4 451
154 4 453
154 4 457
154 4 465
154 28 460
154 22 461
154 12 463
154 201 473
214 190 462
214 190 495
187 41 390
187 41 409
187 41 424
187 41 426
187 10 393
187 66 405
187 66 406
187 66 409
187 66 419
187 71 407
187 148 1417
187 220 1461
187 220 1462
187 197 1461
187 197 1462
187 114 1461
187 114 1462
187 145 1461
41 48 392
41 63 423
41 63 426
41 63 429
41 63 430
41 63 442
41 63 445
41 105 427
41 105 441
41 105 486
41 126 431
41 126 432
41 126 487
41 28 432
41 96 437
41 81 437
41 211 440
41 70 443
41 129 483
96 196 393
96 66 395
96 66 396
96 66 412
96 10 415
96 12 418
96 138 423
96 138 439
96 138 440
96 51 428
96 51 432
96 51 443
96 51 444
96 51 466
96 51 487
96 129 434
96 129 492
96 164 462
96 57 466
96 183 468
96 183 469
96 183 470
96 204 470
196 141 530
196 141 532
196 141 533
196 141 534
196 141 537
196 141 539
196 141 545
196 141 546
196 141 547
196 141 548
196 141 549
196 141 553
196 141 554
196 141 555
196 141 556
196 141 557
196 141 558
196 141 559
196 141 565
196 141 568
196 141 570
196 141 572
196 141 575
196 141 583
196 141 584
196 141 593
196 141 594
196 141 612
196 141 614
196 141 615
196 141 616
196 141 627
196 141 628
196 188 532
196 188 533
196 86 606
196 122 606
75 24 396
75 24 405
75 24 408
75 24 409
75 24 411
75 24 413
75 24 415
75 24 417
75 24 419
75 24 420
75 24 421
75 24 423
75 24 431
75 4 425
75 202 1192
75 207 1525
75 207 1527
75 207 1528
75 207 1533
75 10 1526
75 10 1527
75 10 1528
75 10 1533
75 63 1527
75 63 1528
75 82 1527
75 82 1528
201 48 392
201 58 394
201 208 396
201 59 454
201 59 462
201 59 463
201 59 464
201 59 474
201 183 457
201 21 459
201 164 460
201 164 462
201 100 485
201 100 491
201 94 494
201 204 872
201 204 873
201 204 874
201 204 875
201 204 876
201 204 877
201 204 878
201 204 886
201 204 893
201 204 894
201 77 928
201 31 931
201 205 933
58 66 394
58 71 413
58 10 415
58 5 593
58 21 612
58 167 678
58 167 679
58 167 681
58 167 684
58 167 694
58 167 695
58 167 697
58 167 701
58 167 702
58 167 703
58 167 704
58 167 706
58 167 707
58 167 709
58 167 710
58 167 727
58 167 732
58 167 733
58 167 734
58 167 735
10 48 393
10 74 393
10 74 418
10 74 419
10 208 397
10 208 398
10 208 400
10 208 405
10 208 406
10 208 407
10 208 408
10 208 409
10 208 410
10 208 411
10 208 412
10 208 414
10 208 415
10 208 416
10 208 421
10 208 424
10 208 425
10 208 427
10 68 400
10 68 408
10 195 419
10 23 1260
10 19 1261
10 61 1521
10 61 1522
10 61 1523
10 61 1524
10 61 1525
10 61 1526
10 61 1527
10 61 1528
10 61 1529
10 61 1530
10 202 1523
10 202 1524
10 202 1526
10 78 1524
10 78 1525
10 78 1526
10 78 1527
10 78 1528
10 78 1529
10 78 1530
10 78 1531
10 78 1532
10 78 1533
48 71 393
48 71 395
48 71 407
48 24 411
48 24 414
48 189 1379
48 189 1380
48 189 1382
48 189 1383
48 189 1385
48 189 1386
48 189 1387
48 189 1388
48 189 1389
48 189 1390
48 189 1392
48 189 1393
48 189 1396
48 189 1397
48 189 1398
48 189 1399
48 189 1400
48 189 1402
48 189 1406
48 189 1407
48 189 1409
48 189 1417
48 189 1418
48 189 1428
48 189 1429
48 189 1432
48 148 1395
48 148 1412
48 148 1418
48 148 1421
48 148 1424
48 220 1454
206 71 398
206 71 401
206 24 449
206 24 483
206 49 457
206 20 458
206 119 459
206 119 462
206 160 465
206 160 469
206 160 474
206 7 478
206 220 490
71 208 401
71 208 402
71 208 403
71 100 459
71 59 488
71 212 1104
71 212 1105
71 212 1106
71 212 1108
71 212 1109
71 212 1110
71 212 1111
71 212 1112
71 212 1117
71 212 1120
71 212 1121
71 212 1225
71 74 1105
71 8 1107
71 8 1108
71 8 1109
71 8 1110
71 8 1111
71 8 1123
71 8 1124
71 174 1139
71 6 1225
71 6 1226
71 6 1227
71 6 1229
71 6 1231
71 6 1232
71 6 1233
71 6 1235
71 6 1236
71 6 1237
71 6 1238
71 6 1239
71 6 1249
71 6 1250
71 6 1254
71 6 1310
68 24 418
68 164 440
68 47 445
68 47 451
68 59 458
68 59 473
68 34 468
68 34 486
208 66 394
208 66 395
208 66 403
208 66 405
208 66 406
208 66 407
208 136 1285
74 66 403
74 24 404
74 24 405
74 24 406
74 24 409
74 24 431
74 24 459
74 24 460
74 24 461
74 24 462
74 24 472
74 24 493
74 119 423
74 173 459
74 179 487
74 170 487
74 170 488
74 205 1106
74 36 1113
74 36 1114
74 36 1115
74 36 1116
74 36 1117
74 36 1118
66 11 406
66 11 407
66 186 601
66 20 607
66 164 628
66 25 640
66 25 664
24 160 397
24 129 422
24 129 490
24 59 456
24 59 459
24 121 479
24 103 492
24 27 1135
185 143 396
185 143 397
185 143 398
185 143 399
185 143 401
185 143 402
185 143 403
185 143 404
185 143 405
185 143 406
185 143 408
185 143 409
185 143 410
185 143 411
185 143 412
185 143 413
185 143 416
185 143 417
185 143 419
185 143 420
185 143 421
185 143 422
185 143 423
185 143 424
185 143 425
185 143 426
185 143 427
185 143 428
185 143 429
185 143 430
185 143 431
185 143 438
185 192 427
185 192 486
185 195 428
185 195 429
185 28 431
185 119 431
185 119 483
185 211 431
185 170 442
185 170 453
185 170 465
185 170 467
185 170 469
185 117 443
185 117 464
185 117 485
185 13 444
185 13 447
185 13 454
185 13 455
185 13 467
185 220 451
185 99 451
185 22 465
185 22 471
185 22 474
185 49 470
185 49 473
185 7 471
185 179 480
185 126 487
185 4 520
185 81 520
143 99 442
143 134 443
143 134 446
143 134 461
143 134 464
143 134 471
143 134 484
143 134 492
143 28 447
143 91 448
143 91 456
143 103 454
143 103 464
143 103 465
143 103 466
143 103 467
143 103 468
143 103 469
143 103 470
143 103 471
143 103 472
143 103 473
143 103 474
143 103 475
143 13 454
143 7 455
143 7 462
143 183 457
143 192 470
143 130 480
143 97 481
143 141 489
143 151 490
143 70 492
160 183 439
160 21 441
160 21 442
160 21 445
160 21 450
160 141 441
160 70 441
160 70 442
160 70 450
160 173 446
160 170 448
160 170 450
160 18 450
160 18 479
160 18 490
160 18 491
160 4 451
160 195 453
160 126 463
160 59 469
160 59 470
160 100 483
160 100 487
160 121 483
160 51 488
160 103 493
126 174 420
126 28 422
126 134 427
126 148 433
126 148 436
126 167 444
126 138 445
126 49 452
126 170 452
126 220 470
126 13 472
126 188 473
126 100 491
11 195 491
11 55 504
11 55 557
11 190 514
11 190 515
11 60 526
11 132 533
11 53 534
11 53 535
188 178 423
188 178 424
188 178 468
188 20 468
188 20 469
188 20 470
188 20 471
188 20 473
188 20 475
188 20 478
188 20 479
188 20 480
188 20 481
188 20 482
188 20 483
188 20 484
188 20 485
188 20 486
188 20 488
188 20 490
188 20 491
188 20 492
188 20 493
188 20 494
188 20 495
188 20 510
188 20 511
188 20 512
188 20 513
188 20 514
188 20 515
188 20 516
188 20 517
188 20 518
188 20 519
188 20 520
188 20 521
188 20 522
188 20 523
188 20 524
188 20 525
188 20 526
188 20 527
188 20 528
188 20 529
188 20 530
188 20 531
188 20 532
188 20 533
188 20 534
188 20 536
188 20 537
188 20 538
188 20 539
188 20 540
188 20 541
188 20 542
188 20 550
188 20 551
188 20 553
188 20 554
188 20 555
188 20 556
188 20 557
188 20 575
188 20 577
188 20 578
188 20 579
188 20 580
188 1 469
188 1 470
188 1 473
188 1 474
188 1 475
188 1 477
188 1 479
188 1 481
188 1 483
188 1 484
188 1 485
188 1 496
188 1 516
188 1 581
188 1 582
188 1 592
188 1 593
188 1 606
188 192 479
188 127 531
190 81 419
190 192 420
190 192 486
190 195 422
190 136 424
190 136 425
190 20 463
190 20 464
190 20 465
190 20 467
190 20 469
190 12 468
190 94 476
190 178 497
190 53 497
190 53 498
190 202 1066
190 202 1067
190 130 1216
69 173 411
69 30 416
69 136 421
69 136 422
69 136 1108
69 205 1105
69 205 1109
69 205 1110
69 205 1113
69 205 1114
69 205 1117
69 205 1118
69 205 1119
69 205 1120
69 205 1121
69 205 1123
69 205 1124
69 205 1125
69 205 1126
69 205 1129
69 205 1203
69 205 1204
69 205 1205
69 205 1206
69 205 1208
69 205 1209
69 205 1210
69 205 1211
69 205 1212
69 205 1213
69 205 1214
69 205 1215
69 205 1216
69 205 1217
69 205 1218
69 205 1219
69 205 1220
69 205 1221
69 205 1222
69 205 1223
69 205 1224
69 205 1225
69 205 1226
69 205 1227
69 217 1226
69 223 1226
69 223 1237
69 45 1408
173 117 411
173 117 415
173 117 416
173 117 427
173 117 431
173 117 440
173 117 464
173 117 464
173 117 476
173 13 413
173 13 415
173 13 422
173 13 430
173 13 432
173 13 434
173 13 440
173 13 443
173 13 444
173 13 455
173 13 456
173 13 456
173 13 460
173 13 462
173 13 464
173 13 464
173 13 465
173 13 466
173 13 466
173 13 469
173 13 472
173 13 473
173 13 476
173 13 478
173 13 485
173 13 493
173 13 494
173 13 495
173 129 419
173 25 422
173 119 423
173 81 430
173 81 486
173 55 430
173 18 434
173 134 437
173 225 443
173 20 445
173 167 445
173 49 450
173 49 451
173 49 452
173 49 453
173 49 454
173 49 458
173 49 467
173 49 476
173 8 454
173 22 464
173 22 468
173 28 477
173 23 480
117 81 415
117 81 421
117 81 430
117 81 435
117 12 415
117 12 430
117 12 441
117 12 442
117 12 472
117 12 475
117 12 476
117 12 477
117 12 482
117 12 483
117 12 485
117 12 489
117 183 437
117 183 438
117 183 439
117 183 442
117 183 444
117 183 445
117 183 446
117 183 447
117 183 453
117 183 454
117 183 455
117 183 456
117 183 458
117 183 460
117 183 471
117 70 440
117 70 455
117 70 456
117 70 466
117 70 468
117 70 485
117 70 491
117 105 442
117 105 455
117 105 456
117 225 450
117 148 450
117 20 452
117 20 453
117 20 455
117 20 456
117 100 453
117 100 471
117 100 472
117 100 473
117 100 480
117 8 456
117 4 459
117 4 459
117 138 460
117 141 460
117 204 463
117 199 481
117 192 482
117 7 483
174 12 418
174 12 420
174 12 423
174 12 424
174 12 433
174 12 442
174 12 447
174 12 448
174 12 451
174 12 458
174 12 461
174 12 467
174 12 471
174 12 475
174 12 477
174 12 483
174 12 484
174 12 488
174 12 489
174 12 490
174 12 492
174 70 441
174 220 442
174 81 448
174 136 1100
174 136 1107
174 136 1118
174 136 1119
174 136 1120
174 136 1122
174 136 1124
174 136 1125
174 136 1126
174 136 1127
174 136 1128
174 136 1129
174 136 1130
174 136 1131
174 136 1132
174 136 1133
174 136 1134
174 136 1135
174 136 1140
174 136 1141
174 136 1142
174 136 1143
174 136 1144
174 136 1145
174 136 1146
174 136 1147
174 136 1150
174 136 1154
174 136 1155
174 136 1156
174 136 1157
174 136 1158
174 136 1159
174 136 1160
174 136 1161
174 136 1162
174 136 1163
174 136 1164
174 136 1165
174 136 1166
174 136 1167
174 136 1168
174 136 1169
174 136 1170
174 136 1171
174 136 1172
174 136 1173
174 136 1174
174 136 1175
174 136 1176
174 136 1177
174 136 1178
174 136 1179
174 136 1180
174 136 1192
174 136 1194
174 136 1196
174 136 1197
174 136 1198
174 136 1202
174 136 1208
174 136 1209
174 136 1210
174 136 1218
174 136 1224
174 136 1225
174 136 1226
174 136 1227
174 136 1232
174 136 1243
174 136 1244
174 136 1267
174 136 1280
174 136 1281
174 136 1282
174 136 1294
174 136 1300
174 136 1301
174 136 1302
174 136 1303
174 136 1306
174 136 1307
174 136 1308
174 136 1312
174 136 1313
174 136 1314
174 136 1315
174 136 1316
174 136 1319
174 136 1320
174 136 1323
174 78 1100
12 225 416
12 225 431
12 225 439
12 225 450
12 129 424
12 129 432
12 129 461
12 18 433
12 183 449
12 8 453
12 8 482
12 8 483
12 8 484
12 65 464
12 23 480
12 23 481
12 204 481
12 204 483
12 204 484
12 103 495
12 164 526
12 168 534
12 168 535
12 53 549
129 81 415
129 81 423
129 81 428
129 81 433
129 81 449
129 81 450
129 81 451
129 81 452
129 81 456
129 81 457
129 81 458
129 81 461
129 81 462
129 81 463
129 81 464
129 81 465
129 81 466
129 81 467
129 81 468
129 81 469
129 81 470
129 81 471
129 81 472
129 81 473
129 81 474
129 81 475
129 81 476
129 81 477
129 81 478
129 81 479
129 81 482
129 220 415
129 220 422
129 220 424
129 220 426
129 220 427
129 220 455
129 220 461
129 220 467
129 220 470
129 220 472
129 220 473
129 220 474
129 220 475
129 220 481
129 220 485
129 220 488
129 220 492
129 105 415
129 105 416
129 105 429
129 105 437
129 70 416
129 192 416
129 192 419
129 211 434
129 49 436
129 170 436
129 179 437
129 179 439
129 179 443
129 179 444
129 30 437
129 119 438
129 119 441
129 134 441
129 13 451
129 91 451
129 199 455
129 57 456
129 57 459
129 97 474
129 97 489
129 97 516
129 97 519
129 97 523
129 215 475
129 215 496
129 215 497
129 168 482
129 53 486
129 53 488
129 53 503
129 53 510
129 53 513
129 53 515
129 53 517
129 53 519
129 53 524
129 53 529
129 99 488
129 99 489
4 195 414
4 195 416
4 195 417
4 195 422
4 195 424
4 195 434
4 195 452
4 195 456
4 138 434
4 100 439
4 51 443
4 47 445
4 70 445
4 70 472
4 70 478
4 70 480
4 70 492
4 34 446
4 34 489
4 204 446
4 164 453
4 183 459
4 183 461
4 59 473
4 13 492
4 81 520
13 121 436
13 121 437
13 121 438
13 121 439
13 121 440
13 121 444
13 121 447
13 121 449
13 121 464
13 121 465
13 121 467
13 183 437
13 183 438
13 183 439
13 183 441
13 183 451
13 183 453
13 183 454
13 183 455
13 211 439
13 141 441
13 81 444
13 81 459
13 225 450
13 51 456
13 8 465
13 65 472
13 70 492
195 134 432
195 91 461
195 91 464
195 91 466
195 91 467
195 91 468
195 91 470
195 91 474
195 91 476
195 91 477
195 91 479
195 20 480
195 63 480
195 63 481
195 138 481
195 28 483
195 22 490
195 7 491
195 199 491
195 119 491
225 81 414
225 81 417
225 81 418
225 81 419
225 81 421
225 81 422
225 81 430
225 81 433
225 81 444
225 81 445
225 81 452
225 81 453
225 81 454
225 81 456
225 81 459
225 81 460
225 81 467
225 81 468
225 81 471
225 81 472
225 81 473
225 81 474
225 81 475
225 81 477
225 81 479
225 105 422
225 105 427
225 134 430
81 65 437
81 65 441
81 65 442
81 141 439
81 204 453
81 103 457
81 100 459
81 189 942
220 2 1350
220 2 1351
220 2 1352
220 2 1353
220 2 1354
220 2 1355
220 2 1356
220 2 1357
220 2 1358
220 2 1359
220 2 1360
220 2 1361
220 2 1362
220 2 1363
220 2 1364
220 2 1365
220 2 1366
220 2 1367
220 2 1368
220 2 1369
220 2 1370
220 2 1371
220 2 1372
220 2 1373
220 2 1374
220 2 1376
220 2 1377
220 2 1378
220 2 1379
220 2 1380
220 2 1381
220 2 1382
220 2 1383
220 2 1384
220 2 1385
220 2 1386
220 2 1387
220 2 1390
220 2 1391
220 2 1392
220 2 1393
220 2 1394
220 2 1395
220 2 1396
220 2 1397
220 2 1398
220 2 1399
220 2 1400
220 2 1401
220 2 1402
220 2 1403
220 2 1404
220 2 1405
220 2 1406
220 2 1407
220 2 1408
220 2 1409
220 2 1410
220 2 1411
220 2 1412
220 2 1413
220 2 1414
220 2 1415
220 2 1416
220 2 1417
220 2 1418
220 2 1419
220 2 1420
220 2 1421
220 2 1422
220 2 1423
220 2 1424
220 2 1427
220 2 1428
220 2 1429
220 2 1435
220 2 1437
220 2 1438
220 2 1439
220 2 1440
220 2 1441
220 2 1443
220 2 1444
220 2 1445
220 2 1446
220 2 1447
220 2 1448
220 2 1449
220 2 1450
220 2 1454
220 2 1455
220 2 1456
220 2 1457
220 121 1408
220 121 1409
220 121 1410
220 121 1411
105 18 433
105 30 494
105 23 1113
105 23 1114
105 23 1115
105 23 1117
105 23 1118
105 23 1119
105 23 1120
105 23 1121
105 23 1122
105 23 1123
105 23 1124
105 23 1125
105 23 1126
105 23 1127
105 23 1128
105 23 1129
105 23 1130
105 23 1131
105 23 1132
105 23 1133
105 23 1134
105 23 1135
105 23 1137
105 23 1138
105 23 1139
105 23 1140
105 23 1354
105 23 1355
105 23 1356
105 23 1358
105 23 1362
105 23 1363
105 23 1364
105 23 1365
105 23 1369
105 23 1370
105 23 1371
105 23 1372
105 23 1375
105 23 1376
105 23 1377
105 23 1382
105 23 1383
105 23 1384
105 23 1385
105 23 1386
105 23 1387
105 23 1388
105 23 1392
105 23 1393
105 23 1394
105 23 1395
105 23 1396
105 23 1397
105 23 1398
105 23 1399
105 23 1400
105 23 1401
105 23 1404
105 23 1405
105 23 1406
105 23 1407
105 23 1408
105 23 1411
105 23 1416
105 23 1417
105 23 1418
105 23 1423
105 23 1425
105 23 1426
105 23 1427
105 23 1436
105 23 1437
105 23 1438
105 121 1204
70 20 438
70 20 442
70 167 438
70 167 439
70 167 441
70 167 442
70 167 446
70 167 449
70 167 450
70 167 452
70 167 453
70 65 444
70 151 449
70 21 457
70 204 483
192 151 450
192 178 451
192 164 456
192 94 462
192 94 465
192 94 469
192 94 472
192 94 473
192 94 475
192 94 478
192 103 479
192 132 480
192 204 486
192 204 488
192 197 1082
192 118 1169
192 118 1170
192 118 1171
192 97 1229
192 32 1230
192 121 1248
192 121 1249
30 138 418
30 138 419
30 138 421
30 141 422
30 141 423
30 141 424
30 123 423
30 123 443
30 123 457
30 28 423
30 28 426
30 28 430
30 28 432
30 28 433
30 28 450
30 28 455
30 28 456
30 28 489
30 119 438
30 100 440
30 51 444
30 23 450
30 65 471
30 65 475
30 94 494
63 51 436
63 51 444
63 199 450
63 9 1239
63 9 1240
63 9 1243
63 9 1244
63 9 1245
63 9 1247
63 9 1248
63 9 1249
63 9 1250
63 9 1251
63 9 1252
63 9 1253
63 9 1255
63 9 1259
63 9 1260
63 9 1261
63 9 1262
63 9 1265
63 9 1266
63 9 1268
63 9 1269
63 9 1270
63 9 1271
63 9 1275
63 9 1278
63 9 1285
63 9 1328
63 9 1343
63 9 1350
63 9 1351
63 9 1353
63 9 1377
63 9 1380
63 9 1381
63 9 1382
63 9 1383
63 9 1384
63 9 1385
63 9 1421
63 23 1247
63 202 1523
63 202 1524
63 202 1526
63 78 1525
63 78 1527
63 78 1528
63 78 1529
63 78 1530
65 170 419
65 170 420
65 138 435
65 138 436
65 138 438
65 119 435
65 119 437
65 211 440
65 20 462
65 20 1024
65 20 1025
65 20 1026
65 20 1027
65 20 1028
65 20 1029
65 20 1030
65 20 1031
65 20 1032
65 20 1034
65 20 1035
65 20 1038
65 20 1039
65 20 1041
65 20 1042
65 20 1043
65 20 1045
65 20 1046
65 20 1049
65 20 1050
65 20 1051
65 20 1052
65 20 1053
65 20 1054
65 20 1055
65 20 1056
65 20 1057
65 20 1059
65 20 1065
65 20 1066
65 20 1068
65 168 478
65 51 481
65 184 1361
65 184 1362
65 184 1363
65 184 1364
65 184 1365
65 184 1366
65 184 1367
65 184 1368
65 184 1369
65 184 1370
65 184 1371
65 184 1372
65 184 1373
65 184 1374
65 184 1375
65 184 1376
65 184 1377
65 184 1378
65 184 1379
65 184 1380
65 184 1381
138 199 421
138 199 485
138 170 421
138 170 423
138 170 426
138 170 427
138 170 428
138 170 431
138 170 432
138 170 433
138 170 434
138 119 421
138 119 439
138 119 440
138 55 426
138 55 427
138 55 428
138 55 432
138 55 437
138 51 439
138 179 439
138 94 446
138 204 452
138 21 475
138 34 492
199 136 430
199 7 448
199 103 455
199 51 462
199 183 470
170 100 423
170 100 424
170 51 427
170 51 449
170 51 455
170 51 456
170 51 459
170 51 477
170 141 427
170 141 436
170 141 458
170 141 461
170 141 492
170 57 428
170 57 440
170 57 459
170 18 435
170 20 439
170 20 440
170 20 449
170 45 440
170 45 441
170 21 442
170 123 449
170 183 459
170 121 459
170 121 463
170 121 465
170 121 466
170 121 467
170 121 479
170 34 492
28 211 420
28 211 422
28 211 440
28 211 443
28 123 421
28 123 426
28 123 428
28 123 435
28 123 441
28 123 442
28 141 423
28 141 424
28 141 445
28 141 447
28 141 451
28 141 452
28 141 460
28 51 428
28 51 459
28 51 460
28 51 493
28 100 434
28 134 448
28 8 449
28 8 450
28 23 450
28 103 458
28 57 463
28 18 468
28 18 482
100 119 420
100 119 422
100 119 427
100 119 428
100 119 429
100 119 430
100 119 431
100 119 433
100 119 437
100 119 440
100 119 443
100 119 445
100 119 446
100 119 447
100 119 450
100 119 452
100 119 453
100 119 458
100 119 465
100 119 467
100 211 427
100 211 434
100 49 429
100 49 445
100 49 447
100 49 467
100 49 480
100 49 483
100 49 486
100 179 430
100 179 431
100 179 432
100 179 437
100 57 458
100 148 459
100 55 465
100 7 470
100 7 471
100 22 471
100 22 1001
100 22 1005
100 91 491
119 51 422
119 51 427
119 51 428
119 51 429
119 51 430
119 51 431
119 51 432
119 51 443
119 51 444
119 51 449
119 51 466
119 51 473
119 178 457
119 21 459
119 204 460
119 164 462
119 57 466
119 103 484
119 8 487
119 32 1225
119 32 1229
18 167 446
18 20 453
18 49 471
18 49 638
18 49 639
18 49 641
18 49 644
18 49 645
18 49 646
18 49 647
18 49 648
18 49 649
18 49 651
18 49 652
18 49 653
18 49 657
18 49 659
18 49 660
18 49 669
18 49 671
18 49 673
18 49 676
18 49 677
18 49 678
18 49 679
18 49 681
18 49 683
18 49 684
18 49 685
18 49 686
18 49 687
18 49 702
18 49 715
18 49 716
18 49 729
18 49 730
18 49 749
18 49 751
18 49 753
18 49 754
18 168 477
18 211 481
18 22 486
18 22 487
18 22 488
18 35 638
18 35 639
18 35 754
211 51 421
211 51 427
211 51 463
211 123 427
211 123 429
211 123 437
211 141 438
211 141 446
211 183 460
211 204 473
211 60 1063
51 134 439
51 134 440
51 151 461
51 55 463
51 55 464
51 55 466
51 179 464
51 179 466
51 97 478
51 97 492
51 97 493
51 97 494
51 97 523
51 97 537
51 141 481
51 132 487
51 132 490
51 132 493
51 132 494
51 132 504
51 132 516
51 132 530
51 215 503
51 215 507
136 23 1126
123 49 468
123 49 469
123 49 470
123 49 472
123 49 474
123 61 1004
141 22 452
141 7 452
141 151 487
141 151 491
141 151 492
141 26 606
25 49 479
25 91 492
25 5 622
25 5 626
25 5 627
25 5 628
25 5 655
25 5 688
25 21 664
178 148 423
178 148 425
178 148 427
178 148 428
178 148 430
178 148 462
178 148 463
178 148 464
178 148 468
178 179 428
178 151 452
178 186 468
178 55 497
178 55 503
178 55 504
178 55 506
151 164 456
55 183 465
134 7 462
179 103 458
179 57 464
179 57 465
179 57 466
179 204 468
179 204 476
179 183 471
179 183 481
179 59 490
179 53 512
179 53 517
179 53 519
179 53 531
179 53 536
179 53 542
179 53 544
179 53 545
179 53 546
179 53 547
179 53 560
179 53 563
179 53 564
179 53 565
49 57 465
49 57 467
49 121 479
49 121 483
49 59 485
49 183 492
49 164 492
49 164 493
49 34 638
49 34 684
49 34 685
49 34 754
49 34 755
49 26 719
49 26 725
49 26 726
49 26 727
49 144 754
49 144 755
57 103 489
57 103 492
121 20 440
121 22 464
121 22 472
121 22 474
121 226 1148
121 226 1149
121 226 1153
121 226 1154
121 226 1162
121 226 1171
121 226 1173
121 226 1174
121 226 1177
121 226 1178
121 226 1179
121 226 1187
121 226 1188
121 226 1191
121 212 1181
121 43 1184
121 189 1394
121 2 1409
121 2 1410
121 2 1411
183 167 438
183 22 468
183 22 471
183 7 470
167 21 438
167 21 446
167 21 448
167 21 450
167 164 439
167 164 440
167 164 449
167 47 442
167 47 451
167 47 452
167 144 746
167 144 748
167 144 749
167 144 750
20 47 438
20 164 440
20 1 468
20 1 482
20 1 492
20 1 516
20 1 527
20 1 528
20 1 529
20 1 530
20 1 540
20 1 542
20 1 543
20 1 563
20 1 565
20 1 569
20 1 573
20 1 577
20 144 604
20 60 607
20 60 610
20 60 641
20 5 687
20 59 1021
20 23 1045
20 23 1065
21 1 467
21 1 474
21 1 481
21 1 483
21 1 484
21 1 485
21 1 486
21 1 487
21 1 488
21 1 491
21 1 494
21 1 495
21 1 531
21 1 532
21 1 533
21 1 541
21 1 544
21 1 546
21 1 564
21 1 566
21 1 568
21 1 570
21 1 571
21 1 572
21 1 574
21 1 578
21 1 581
21 1 589
21 1 590
21 1 591
21 1 599
21 1 606
21 1 631
21 1 636
21 1 660
21 1 661
21 1 662
21 1 663
21 1 664
21 1 665
21 1 667
21 1 668
21 1 669
21 1 671
21 1 672
21 1 673
21 1 674
21 1 675
21 1 676
21 1 677
21 1 679
21 1 680
21 1 681
21 1 682
21 1 687
21 1 690
21 1 691
21 1 692
21 1 693
21 91 479
21 186 545
21 186 549
21 186 558
21 186 559
21 186 560
21 186 561
21 186 562
21 186 564
21 186 566
21 186 568
21 186 570
21 186 574
21 186 581
21 186 583
21 186 584
21 186 586
21 186 587
21 186 591
21 186 593
21 186 594
21 186 595
21 186 602
21 186 603
21 186 604
21 186 606
21 186 607
21 186 608
21 186 625
21 186 626
21 186 627
21 186 628
21 186 692
21 184 597
21 184 638
21 82 638
21 86 649
21 122 649
21 122 1100
21 189 691
21 144 692
21 111 997
21 111 998
21 111 999
21 111 1000
21 111 1002
21 111 1003
21 111 1006
21 111 1007
21 111 1008
21 111 1009
21 111 1010
21 111 1011
21 111 1012
21 111 1013
21 111 1014
21 111 1016
21 111 1017
21 111 1018
21 111 1050
21 111 1052
21 111 1059
21 111 1068
21 111 1088
21 111 1089
21 111 1114
21 111 1118
21 111 1121
21 111 1122
21 111 1124
21 111 1151
21 111 1157
21 111 1159
21 111 1161
21 111 1164
21 111 1167
21 111 1168
21 111 1171
21 111 1173
21 111 1174
21 111 1179
21 111 1210
21 111 1216
21 111 1256
21 111 1258
21 111 1272
21 111 1284
21 111 1293
21 111 1294
21 111 1304
21 111 1367
21 111 1369
21 111 1373
21 111 1418
21 111 1422
21 111 1424
21 111 1425
21 111 1426
21 111 1427
21 130 1232
21 130 1425
164 22 458
164 60 520
164 60 522
164 60 523
164 60 524
164 60 525
164 60 529
164 60 530
164 60 531
164 60 532
164 60 533
164 60 535
164 60 558
164 60 568
164 60 569
164 60 570
164 60 571
164 60 572
164 60 574
164 60 575
164 60 576
164 60 577
164 60 578
164 60 579
164 60 580
164 60 581
164 60 582
164 60 583
164 60 584
164 60 585
164 60 586
164 60 588
164 60 590
164 60 594
164 60 595
164 60 596
164 60 597
164 60 598
164 60 599
164 60 600
164 60 601
164 60 604
164 60 606
164 60 608
164 60 609
164 60 610
164 60 611
164 60 621
164 60 624
164 60 648
164 60 654
164 60 661
164 60 662
164 60 663
164 60 664
164 60 665
164 60 666
164 60 667
164 60 668
164 60 669
164 60 670
164 60 671
164 60 672
164 60 673
164 60 674
164 60 675
164 60 676
164 60 677
164 60 680
164 60 682
164 60 683
164 60 685
164 60 686
164 60 687
164 60 688
164 60 689
164 60 690
164 60 693
164 60 696
164 60 698
164 60 700
164 60 705
164 60 708
164 60 714
164 60 728
164 60 730
164 60 731
164 60 738
164 60 746
164 60 747
164 60 748
164 60 749
164 60 750
45 6 1217
45 6 1219
45 6 1221
45 6 1222
45 6 1224
45 6 1225
45 6 1226
45 6 1227
45 6 1228
45 6 1229
45 6 1230
45 6 1231
45 6 1232
45 6 1236
45 6 1250
45 6 1251
45 6 1252
45 6 1253
45 6 1256
45 6 1260
45 6 1262
45 6 1263
45 6 1264
45 6 1265
45 6 1266
45 6 1268
45 6 1269
45 6 1278
45 6 1280
45 6 1284
45 6 1285
45 6 1286
45 6 1287
45 6 1288
45 6 1290
45 6 1308
45 6 1309
45 6 1343
45 6 1345
45 6 1348
45 6 1349
45 6 1350
45 6 1352
45 6 1353
45 6 1354
45 6 1371
45 6 1378
45 6 1379
45 6 1380
45 6 1381
45 6 1414
45 6 1415
45 6 1416
45 212 1234
45 27 1309
45 132 1318
99 94 443
99 94 458
94 130 452
94 53 479
94 53 497
94 53 511
94 53 517
94 53 522
94 132 517
94 132 518
204 7 443
204 7 445
204 7 446
204 7 447
204 7 449
204 7 450
204 7 451
204 7 452
204 7 453
204 7 454
204 7 459
204 7 460
204 7 461
204 7 462
204 7 465
204 7 466
204 7 467
204 7 480
204 7 481
204 7 482
204 7 483
204 7 484
204 7 485
204 7 486
204 7 487
204 7 490
204 7 491
204 7 492
204 7 493
204 7 494
204 22 444
204 22 445
204 22 447
204 22 450
204 22 451
204 22 452
204 22 457
204 22 459
204 22 464
204 22 485
204 22 487
204 22 488
204 22 492
204 22 493
204 22 494
204 91 449
7 59 478
7 53 480
7 114 1236
103 91 445
103 91 492
103 19 700
22 8 444
22 8 448
22 8 451
22 8 452
22 8 456
22 8 471
22 8 478
22 8 481
22 8 482
22 8 484
22 8 485
22 8 491
22 8 492
22 8 493
22 8 494
22 59 1019
22 189 1023
22 77 1053
22 32 1217
8 205 1109
8 205 1117
8 205 1123
8 205 1126
8 205 1127
8 205 1132
8 205 1133
8 205 1134
8 205 1135
8 205 1136
8 205 1137
8 205 1138
8 205 1139
8 205 1140
8 205 1141
8 205 1142
8 205 1143
8 205 1144
8 205 1145
8 205 1146
8 205 1147
8 205 1148
8 205 1149
8 205 1150
8 205 1152
8 205 1154
8 205 1155
8 205 1156
8 205 1157
8 205 1158
8 205 1159
8 205 1160
8 205 1161
8 205 1162
8 205 1163
8 205 1164
8 205 1165
8 205 1166
8 205 1167
8 205 1168
8 205 1169
8 205 1170
8 205 1171
8 205 1172
8 205 1173
8 205 1174
8 205 1175
8 205 1176
8 205 1177
8 205 1178
8 205 1179
8 205 1180
8 205 1181
8 205 1182
8 205 1183
8 205 1184
8 205 1185
8 205 1186
8 205 1187
8 205 1188
8 205 1189
8 205 1190
8 205 1191
8 217 1109
8 217 1110
8 217 1111
8 217 1112
8 217 1124
8 217 1125
8 217 1126
8 217 1127
8 217 1128
8 217 1129
8 217 1130
8 217 1131
8 217 1133
8 217 1152
8 217 1192
91 59 492
91 59 1010
91 35 1000
91 35 1006
91 35 1013
91 35 1023
34 27 735
130 43 1424
130 43 1425
23 78 1016
23 78 1017
23 78 1018
23 78 1019
23 78 1020
23 78 1021
23 78 1031
23 78 1099
23 78 1100
23 78 1101
23 78 1102
23 78 1103
23 78 1104
23 78 1105
23 78 1106
23 78 1107
23 118 1099
23 118 1100
23 118 1101
23 118 1102
23 118 1103
23 118 1104
23 118 1105
23 118 1106
23 118 1107
23 9 1103
23 9 1120
23 189 1405
23 2 1426
23 114 1426
59 210 987
59 210 988
59 210 991
59 210 993
59 210 1014
59 210 1018
59 210 1020
1 19 656
1 19 658
1 189 683
1 189 684
1 26 693
186 82 577
186 82 578
186 82 580
186 82 822
186 86 593
186 86 637
186 122 658
186 189 736
132 210 473
132 210 479
132 210 480
132 210 515
132 168 487
132 168 513
132 168 517
132 168 518
132 168 521
132 168 523
132 168 524
132 111 490
132 111 507
132 111 515
210 97 474
210 97 478
210 97 479
210 53 478
210 53 479
210 53 500
210 53 501
210 53 502
210 53 504
210 53 505
210 53 506
210 53 508
210 53 515
210 53 522
210 53 524
210 53 532
210 53 538
210 53 539
210 189 982
210 189 983
210 189 984
210 189 985
210 189 987
97 168 481
97 168 482
97 168 483
97 168 485
97 168 503
97 168 504
97 168 509
97 168 517
97 168 518
97 168 539
97 111 483
97 111 485
97 111 486
97 111 504
97 111 505
97 111 506
97 111 508
97 111 513
97 111 526
97 111 527
97 111 531
97 111 535
97 111 536
97 111 537
215 111 475
215 111 498
215 111 504
215 111 521
215 111 524
215 111 538
215 111 539
215 168 487
215 168 488
215 168 505
215 168 509
215 168 517
215 168 520
215 168 521
215 114 1351
215 114 1352
215 114 1354
215 114 1356
215 114 1358
215 114 1359
215 114 1361
215 114 1393
215 114 1394
215 114 1395
215 114 1402
215 114 1405
215 114 1406
215 114 1424
111 53 486
111 53 487
111 53 489
111 53 503
111 53 505
111 53 511
111 53 513
111 53 514
111 53 515
111 53 526
111 53 533
111 53 537
111 53 539
111 114 1245
111 114 1252
53 168 484
53 168 485
53 168 486
53 168 497
53 168 498
53 168 499
53 168 500
53 168 503
53 168 504
53 168 505
53 168 506
53 168 507
53 168 508
53 168 509
53 168 511
53 168 513
53 168 516
53 168 517
53 168 522
53 168 524
53 168 536
53 168 537
53 127 562
168 161 484
168 161 503
168 161 537
168 161 539
60 184 591
60 42 743
60 144 747
60 144 748
60 144 749
127 86 524
127 86 525
127 86 526
127 86 529
127 86 530
127 86 532
127 86 540
127 86 541
127 86 546
127 86 550
127 86 551
127 86 552
127 86 553
127 86 554
127 86 555
127 86 556
127 86 557
127 86 558
127 86 559
127 86 562
127 86 563
127 86 573
127 86 577
127 86 578
127 86 616
127 86 617
127 86 657
127 86 689
127 144 699
86 184 583
86 184 584
86 184 586
86 184 587
86 184 588
86 184 589
86 184 590
86 184 593
86 184 594
86 184 595
86 184 597
86 184 598
86 184 599
86 184 600
86 184 601
86 184 602
86 184 632
86 184 633
86 184 634
86 184 635
86 184 636
86 184 638
86 184 639
86 184 641
86 184 642
86 184 644
86 184 645
86 184 646
86 184 647
86 184 653
86 184 654
86 184 655
86 184 656
86 184 657
86 184 662
86 184 663
86 184 664
86 184 670
86 184 671
86 184 672
86 184 674
86 184 678
86 184 679
86 184 680
86 184 731
86 184 732
86 184 733
86 184 734
86 184 735
86 184 736
86 184 737
86 184 738
86 184 739
86 184 740
86 184 741
86 184 742
86 184 749
86 184 752
86 184 753
86 184 754
86 184 755
86 184 759
86 184 760
86 184 761
86 184 762
86 184 763
86 184 764
86 184 765
86 184 767
86 184 768
86 184 769
86 184 770
86 184 771
86 184 777
86 184 778
86 184 779
86 184 780
86 184 781
86 184 782
86 184 783
86 184 784
86 184 787
86 184 788
86 184 789
86 184 790
86 184 791
86 184 792
86 184 793
86 184 795
86 184 796
86 184 797
86 184 798
86 184 799
86 184 802
86 184 803
86 184 804
86 184 805
86 184 806
86 184 807
86 184 809
86 184 810
86 184 811
86 184 812
86 184 813
86 184 814
86 184 815
86 184 816
86 184 817
86 184 818
86 184 819
86 184 821
86 184 823
86 184 824
86 184 825
86 184 826
86 184 827
86 184 828
86 184 829
86 184 830
86 184 831
86 184 832
86 184 833
86 184 834
86 184 835
86 184 836
86 184 837
86 184 838
86 184 839
86 184 840
86 184 841
86 184 842
86 184 843
86 144 660
86 42 735
122 26 605
122 5 613
122 32 1073
122 32 1075
122 32 1076
122 32 1077
122 32 1081
122 32 1086
122 32 1089
122 32 1090
122 32 1091
122 32 1094
122 32 1095
122 32 1096
122 32 1097
122 32 1100
122 32 1103
122 32 1104
122 32 1105
122 32 1110
122 32 1115
122 32 1120
122 32 1121
122 32 1122
122 32 1124
122 32 1125
122 32 1126
122 32 1127
122 32 1129
122 32 1131
122 32 1132
122 32 1133
122 32 1134
122 32 1135
122 32 1136
122 32 1139
122 32 1142
122 32 1143
122 32 1144
122 32 1145
122 32 1146
122 32 1147
122 32 1148
122 32 1149
122 32 1160
122 32 1162
122 32 1169
122 32 1170
122 32 1171
122 32 1172
122 32 1173
122 32 1174
122 32 1175
122 32 1176
122 32 1177
122 32 1178
122 32 1180
122 32 1182
122 32 1183
122 32 1184
122 32 1185
122 32 1186
122 32 1187
122 32 1188
122 32 1189
122 32 1190
122 32 1191
122 32 1192
122 32 1193
122 32 1194
122 32 1196
122 32 1197
122 32 1198
122 32 1199
122 32 1200
122 32 1201
122 32 1204
122 32 1214
122 32 1215
122 32 1216
122 32 1219
122 32 1220
122 165 1214
26 144 555
26 144 560
26 144 562
26 144 568
26 144 572
26 144 574
26 144 587
26 144 588
26 144 589
26 144 590
26 144 591
26 144 592
26 144 593
26 144 594
26 144 595
26 144 596
26 144 597
26 144 598
26 144 600
26 144 601
26 144 602
26 144 603
26 144 604
26 144 606
26 144 607
26 144 608
26 144 614
26 144 620
26 144 630
26 144 635
26 144 636
26 144 639
26 144 640
26 144 643
26 144 647
26 144 648
26 144 649
26 144 650
26 144 651
26 144 652
26 144 653
26 144 654
26 144 656
26 144 657
26 144 658
26 144 661
26 144 662
26 144 663
26 144 666
26 144 669
26 144 670
26 144 673
26 144 675
26 144 676
26 144 677
26 144 679
26 144 680
26 144 686
26 144 687
26 144 688
26 144 689
26 144 691
26 189 672
144 5 688
5 202 1072
5 202 1075
5 202 1080
5 202 1081
5 202 1097
5 202 1098
5 202 1100
5 202 1103
5 202 1104
5 202 1105
5 202 1107
5 202 1108
5 202 1109
5 202 1110
5 202 1111
5 202 1114
5 202 1118
5 202 1119
5 202 1120
5 202 1121
5 202 1122
5 202 1123
5 202 1124
5 202 1125
5 202 1126
5 202 1127
5 202 1129
5 202 1130
5 202 1131
5 202 1132
5 202 1133
5 202 1135
5 202 1137
5 202 1138
5 202 1139
5 202 1140
5 202 1160
5 202 1171
5 202 1173
5 202 1174
5 202 1178
5 202 1179
5 202 1180
5 202 1181
5 202 1182
5 202 1184
5 202 1185
5 202 1189
5 202 1192
5 207 1125
5 207 1127
5 207 1133
5 207 1134
5 207 1135
5 42 1128
5 42 1129
5 42 1132
5 42 1133
5 42 1134
5 42 1136
5 42 1137
5 42 1138
5 42 1139
5 42 1162
5 222 1129
5 222 1135
5 222 1136
5 222 1137
5 222 1138
5 222 1139
5 222 1147
5 222 1148
5 222 1149
5 222 1150
82 202 1262
82 202 1524
82 202 1526
82 61 1524
82 61 1526
184 114 1204
184 114 1205
184 114 1206
184 32 1216
184 32 1307
184 118 1216
184 19 1236
184 202 1256
19 189 712
19 43 1184
19 2 1408
189 77 812
189 77 814
189 31 938
189 31 969
189 61 986
189 145 1379
189 145 1380
189 145 1381
189 145 1382
189 145 1383
189 145 1384
189 145 1385
189 145 1386
189 145 1387
189 145 1388
189 145 1389
189 145 1390
189 145 1391
189 145 1392
189 145 1393
189 145 1396
189 145 1397
189 145 1398
189 145 1399
189 145 1400
189 145 1401
189 145 1402
189 145 1403
189 145 1404
189 145 1407
189 145 1408
189 145 1409
189 145 1427
189 145 1429
189 145 1430
189 145 1431
189 145 1432
189 145 1437
189 145 1445
189 145 1452
189 145 1453
189 145 1456
189 145 1457
189 145 1458
189 145 1459
42 27 757
42 217 1091
42 217 1092
42 217 1093
42 217 1094
42 217 1095
42 217 1096
42 217 1097
42 217 1098
42 217 1099
42 217 1100
42 217 1101
42 217 1102
42 217 1103
42 217 1104
42 217 1105
42 217 1106
42 217 1107
42 217 1108
42 217 1109
42 217 1110
42 217 1111
42 217 1112
42 217 1115
42 217 1116
42 217 1117
42 217 1118
42 217 1119
42 217 1120
42 217 1121
42 217 1122
42 217 1123
42 217 1124
42 217 1125
42 217 1126
42 217 1128
42 217 1129
42 217 1130
42 217 1131
42 217 1136
42 217 1137
42 217 1138
42 217 1139
42 217 1140
42 217 1141
42 217 1142
42 217 1143
42 217 1144
42 217 1145
42 217 1146
42 217 1148
42 217 1149
42 217 1150
42 217 1151
42 217 1153
42 217 1154
42 217 1155
42 217 1156
42 217 1157
42 217 1158
42 217 1159
42 217 1160
42 217 1161
42 217 1162
42 217 1163
42 217 1164
42 217 1165
42 217 1166
42 217 1167
42 202 1127
42 202 1128
42 202 1131
42 202 1133
42 202 1134
42 202 1145
42 197 1127
42 197 1128
42 197 1129
42 197 1130
42 197 1131
42 197 1136
42 197 1137
42 197 1138
42 197 1139
42 197 1140
42 197 1141
42 197 1151
42 197 1152
42 197 1162
77 118 873
77 118 874
77 118 878
77 118 879
77 118 880
77 118 881
77 118 882
77 118 883
77 118 884
77 118 885
77 118 886
77 118 887
77 118 888
77 118 893
77 118 896
77 118 897
77 118 899
77 118 900
77 118 901
77 118 902
77 118 903
77 118 904
77 118 905
77 118 906
77 118 910
77 118 911
77 118 912
77 118 913
77 118 916
77 118 917
77 118 918
77 118 922
77 118 924
77 118 928
77 118 933
77 118 937
77 118 944
77 118 945
77 118 960
77 118 961
77 118 962
77 118 963
77 118 968
77 118 970
77 118 971
77 118 973
77 118 988
77 118 989
77 118 990
77 118 996
77 118 1036
77 118 1045
77 118 1054
77 118 1055
118 87 1114
118 87 1115
118 87 1116
118 87 1117
118 202 1142
118 212 1213
118 212 1214
165 31 902
165 31 911
165 31 932
165 31 950
165 31 954
165 31 955
165 31 977
165 31 979
165 31 980
165 31 981
165 31 982
165 31 997
165 31 1001
165 31 1006
165 31 1007
165 31 1028
165 31 1033
165 31 1034
165 212 1163
165 212 1164
165 212 1165
165 212 1166
165 212 1171
165 212 1173
165 212 1174
165 212 1175
165 212 1176
165 212 1177
165 212 1178
165 212 1180
165 212 1185
165 212 1186
165 212 1189
165 212 1202
165 212 1205
165 212 1206
165 212 1207
165 212 1211
165 212 1214
165 212 1223
165 212 1231
165 212 1233
165 222 1166
165 226 1179
165 226 1180
165 226 1181
165 226 1182
165 226 1185
165 226 1186
165 226 1187
165 207 1189
61 205 928
61 205 929
61 205 930
61 205 931
61 205 932
61 205 934
61 205 936
61 205 937
61 205 938
61 205 939
61 205 940
61 205 941
61 205 943
61 205 960
61 205 961
61 205 966
61 205 968
61 205 970
61 205 973
61 205 974
61 205 975
61 205 976
61 205 977
61 205 978
61 205 979
61 205 980
61 205 981
61 205 982
61 205 983
61 205 984
61 205 985
61 205 986
61 205 990
61 205 995
61 205 996
61 205 1003
61 205 1008
61 205 1011
61 205 1012
61 205 1013
61 205 1016
61 205 1017
61 205 1019
61 207 1525
61 207 1527
61 207 1528
61 207 1529
61 207 1530
205 212 1106
205 212 1107
205 212 1108
205 212 1109
205 212 1110
205 212 1113
205 212 1114
205 212 1115
205 212 1116
205 212 1117
205 212 1118
205 212 1119
205 212 1120
205 212 1121
205 212 1122
205 212 1125
205 212 1127
205 212 1128
205 212 1129
205 212 1132
205 212 1133
205 212 1134
205 212 1135
205 212 1136
205 212 1138
205 212 1150
205 212 1153
205 212 1157
205 212 1225
205 212 1227
205 212 1291
205 212 1312
205 212 1313
205 212 1314
205 212 1315
205 212 1317
205 212 1318
205 6 1226
205 6 1227
205 6 1229
205 6 1230
205 6 1237
205 6 1238
205 6 1256
205 6 1259
205 6 1262
205 6 1263
205 6 1264
205 6 1265
205 6 1266
205 6 1267
205 6 1268
205 6 1269
205 6 1311
205 6 1313
205 6 1316
205 6 1322
205 6 1326
205 6 1327
205 6 1328
205 6 1337
205 6 1339
205 6 1344
205 6 1345
205 6 1346
205 6 1352
205 6 1353
205 6 1355
205 6 1356
205 6 1357
205 6 1358
205 6 1359
205 6 1360
205 6 1361
205 6 1362
205 6 1363
205 6 1364
205 6 1365
205 6 1366
205 6 1367
205 6 1368
205 6 1369
205 6 1370
205 6 1371
205 6 1377
205 6 1378
205 6 1379
205 6 1380
205 6 1381
205 6 1382
205 6 1384
205 6 1385
205 6 1386
205 6 1387
205 6 1388
205 6 1389
205 6 1390
205 6 1401
205 6 1402
205 6 1403
205 6 1404
205 6 1405
205 6 1406
205 6 1407
205 6 1408
205 6 1409
205 6 1413
205 6 1414
205 6 1415
205 6 1416
205 6 1417
205 6 1418
205 6 1419
205 6 1421
205 6 1422
36 87 988
36 87 990
36 87 997
36 87 1009
36 87 1010
36 87 1012
36 87 1014
36 87 1015
36 87 1025
36 87 1026
36 87 1038
36 87 1101
36 87 1103
36 87 1108
36 87 1113
36 87 1114
36 87 1115
36 87 1116
36 87 1117
87 78 1113
87 78 1114
87 78 1115
87 78 1116
87 78 1117
87 32 1232
87 32 1233
87 32 1235
87 32 1307
87 32 1308
87 32 1330
78 207 1525
78 207 1527
78 207 1528
78 207 1529
78 207 1530
78 207 1531
78 207 1532
78 207 1533
6 197 1058
6 197 1059
6 197 1060
6 197 1068
6 197 1069
6 197 1070
6 197 1071
6 223 1216
6 223 1217
6 223 1218
6 223 1219
6 223 1220
6 223 1221
6 223 1222
6 223 1223
6 223 1224
6 223 1225
6 223 1226
6 223 1227
6 223 1228
6 223 1229
6 223 1230
6 223 1231
6 223 1232
6 223 1233
6 223 1235
6 223 1236
6 223 1237
6 223 1238
6 223 1239
6 223 1241
6 223 1244
6 223 1246
6 223 1249
6 223 1250
6 223 1251
6 223 1252
6 223 1253
6 223 1254
6 223 1255
6 223 1256
6 223 1257
6 223 1258
6 223 1259
6 223 1260
6 223 1261
6 223 1262
6 223 1263
6 223 1264
6 223 1265
6 223 1266
6 223 1267
6 223 1269
6 223 1270
6 223 1271
6 223 1272
6 223 1273
6 223 1274
6 223 1275
6 223 1276
6 223 1289
6 223 1290
6 223 1292
6 223 1293
6 223 1295
6 223 1304
6 223 1310
6 223 1311
6 223 1312
6 223 1313
6 223 1314
6 223 1317
6 223 1318
6 223 1324
6 223 1325
6 223 1326
6 223 1327
6 223 1331
6 223 1333
6 223 1339
6 223 1340
6 223 1342
6 223 1343
6 223 1344
6 223 1345
6 223 1347
6 223 1348
6 223 1349
6 223 1350
6 223 1351
6 223 1352
6 223 1353
6 223 1354
6 223 1355
6 223 1356
6 223 1357
6 223 1358
6 223 1359
6 223 1360
6 223 1361
6 223 1363
6 223 1364
6 223 1365
6 223 1370
6 223 1371
6 223 1372
6 223 1373
6 223 1374
6 223 1375
6 223 1378
6 223 1379
6 223 1381
6 223 1382
6 223 1383
6 223 1388
6 223 1405
6 223 1415
6 223 1416
6 223 1417
6 223 1419
6 217 1344
197 145 1390
197 95 1434
197 95 1437
197 95 1438
197 95 1441
197 95 1442
197 95 1443
197 95 1444
197 95 1450
197 95 1451
202 217 1127
202 217 1128
202 217 1129
202 217 1130
202 217 1131
202 217 1137
202 217 1138
202 217 1141
202 217 1147
202 217 1152
202 217 1162
202 217 1163
202 222 1127
202 222 1128
202 222 1145
95 145 1437
95 145 1438
95 145 1459
32 207 1205
32 226 1258
32 226 1261
217 207 1143
217 207 1144
217 207 1147
9 207 1525
9 207 1527
9 207 1528
9 207 1529
9 207 1530
9 207 1531
9 207 1532
9 207 1533
43 114 1195
43 114 1196
43 114 1197
43 114 1198
114 223 1217
114 2 1351
114 2 1352
114 2 1354
114 2 1355
114 2 1358
114 2 1372
114 2 1376
114 2 1391
114 2 1395
114 2 1396
114 2 1397
114 2 1399
114 2 1400
114 2 1402
114 2 1403
114 2 1406
114 2 1407
114 2 1409
114 2 1410
114 2 1416
114 2 1442
114 2 1444
114 2 1449
114 2 1451
114 2 1457
114 145 1454
