0 71 0
0 71 1
0 71 2
0 71 3
0 71 4
0 71 5
0 71 6
0 71 7
0 71 8
0 71 9
0 71 11
0 71 12
0 71 15
0 71 16
0 71 26
0 71 27
0 71 48
0 71 49
0 71 54
0 71 55
0 71 56
0 71 57
0 71 58
0 71 59
0 71 60
0 71 61
0 71 62
0 71 63
0 71 65
0 71 67
0 71 68
0 71 69
0 71 71
0 71 72
0 71 73
0 71 80
0 71 99
0 71 104
0 71 105
0 71 106
0 71 107
0 71 109
0 71 110
0 71 112
0 71 113
0 71 115
0 71 116
0 71 117
0 71 118
0 71 119
0 71 120
0 71 121
0 71 122
0 71 124
0 71 125
0 71 126
0 71 127
0 71 128
0 71 129
0 71 130
0 71 131
0 71 132
0 71 133
0 71 134
0 71 136
0 71 137
0 71 138
0 71 139
0 71 140
0 71 141
0 71 142
0 71 143
0 71 144
0 71 145
0 71 146
0 71 147
0 71 148
0 71 149
0 71 150
0 71 153
0 71 154
0 71 155
0 71 157
0 71 158
0 71 159
0 71 160
0 71 161
0 71 162
0 71 163
0 71 165
0 71 166
0 71 167
0 71 168
0 71 169
0 71 170
0 71 174
0 71 175
0 71 176
0 71 177
0 71 178
0 71 179
0 71 180
0 71 181
0 71 182
0 71 183
0 71 184
0 12 158
0 41 180
0 34 239
0 34 242
0 34 243
0 34 244
0 34 278
0 34 280
0 93 244
0 93 277
0 93 278
0 93 291
0 93 382
0 32 253
0 32 292
0 32 328
0 32 369
0 32 370
0 32 371
0 32 372
0 32 373
0 32 378
0 32 379
0 32 382
0 76 280
0 76 282
0 76 284
0 76 290
0 76 291
0 76 310
0 76 330
0 76 340
0 76 341
0 76 388
0 76 395
0 76 397
0 76 398
0 76 399
0 76 400
0 76 443
0 17 291
0 17 295
0 17 306
0 17 307
0 17 328
0 55 328
0 55 385
0 35 398
71 14 152
71 14 153
71 33 180
71 15 1071
71 15 1072
71 15 1079
71 15 1080
71 15 1083
71 15 1092
71 15 1101
71 15 1103
71 15 1105
71 15 1106
71 15 1112
71 15 1126
71 15 1128
71 15 1129
71 15 1150
71 15 1152
71 15 1153
71 15 1163
71 23 1078
71 11 1172
71 11 1175
71 11 1176
71 11 1179
71 11 1181
71 11 1183
71 11 1185
71 11 1188
71 11 1191
71 11 1192
71 11 1193
71 11 1194
71 11 1195
71 67 1305
71 67 1307
71 67 1309
71 67 1310
71 67 1311
71 67 1319
71 67 1321
92 88 4
92 88 5
92 88 6
92 88 7
92 88 8
92 88 9
92 88 10
92 88 11
92 88 12
92 88 13
92 88 14
92 88 15
92 88 16
92 88 19
92 88 20
92 88 21
92 88 22
92 88 23
92 88 24
92 88 25
92 88 26
92 88 27
92 88 28
92 88 29
92 88 30
92 88 31
92 88 32
92 88 33
92 88 34
92 88 35
92 88 36
92 88 37
92 88 38
92 88 39
92 88 40
92 88 41
92 88 43
92 88 44
92 88 45
92 88 46
92 88 48
92 88 49
92 88 51
92 88 52
92 88 53
92 88 54
92 88 55
92 88 56
92 88 57
92 88 60
92 88 61
92 88 64
92 88 65
92 88 239
92 88 282
92 88 385
92 17 241
92 17 244
92 17 263
92 17 269
92 17 270
92 17 280
92 17 305
92 17 316
92 17 392
92 17 393
92 17 394
92 34 249
92 34 250
92 34 254
92 34 255
92 34 262
92 34 263
92 34 266
92 34 268
92 34 269
92 34 270
92 34 272
92 34 274
92 34 278
92 34 283
92 34 285
92 34 287
92 34 288
92 34 289
92 34 290
92 34 291
92 34 306
92 34 308
92 34 310
92 34 316
92 34 334
92 34 392
92 73 257
92 73 260
92 76 278
92 76 279
92 76 283
92 76 284
92 76 287
92 76 304
92 76 319
92 76 320
92 76 321
92 55 280
92 55 281
92 55 293
92 55 321
92 32 281
92 32 286
92 32 287
92 32 293
92 32 299
92 32 320
92 32 337
92 32 375
92 32 376
92 32 377
92 32 379
92 32 380
92 32 381
92 32 382
92 16 282
92 86 293
92 1 305
92 48 307
92 82 361
88 28 239
88 28 242
88 28 272
88 28 366
88 28 367
88 30 239
88 30 291
88 30 402
88 53 254
88 8 254
88 72 254
88 72 277
88 72 278
72 91 11
72 34 237
72 34 245
72 34 259
72 34 263
72 34 266
72 34 268
72 34 269
72 34 273
72 34 276
72 34 283
72 34 294
72 34 295
72 34 296
72 34 302
72 34 303
72 34 306
72 34 319
72 34 327
72 34 330
72 34 343
72 34 344
72 34 346
72 34 347
72 34 349
72 34 364
72 34 365
72 34 366
72 34 370
72 44 239
72 44 240
72 44 295
72 44 309
72 17 245
72 17 268
72 17 411
72 1 245
72 1 253
72 1 270
72 1 271
72 1 272
72 1 312
72 1 316
72 1 318
72 1 319
72 1 324
72 1 325
72 1 326
72 1 330
72 1 334
72 1 336
72 1 345
72 1 346
72 1 388
72 1 393
72 1 396
72 1 397
72 1 398
72 1 399
72 1 400
72 93 251
72 93 252
72 93 256
72 93 259
72 93 262
72 93 266
72 93 283
72 93 316
72 93 319
72 93 320
72 93 321
72 55 253
72 55 330
72 55 373
72 55 383
72 32 253
72 32 254
72 32 255
72 32 273
72 32 277
72 32 283
72 32 290
72 32 304
72 32 310
72 32 311
72 32 315
72 32 320
72 32 322
72 32 323
72 32 324
72 32 325
72 32 348
72 32 349
72 32 374
72 32 375
72 32 377
72 32 378
72 32 379
72 32 383
72 10 254
72 10 255
72 10 256
72 10 277
72 10 294
72 10 389
72 10 390
72 10 392
72 70 283
72 70 308
72 70 320
72 70 400
72 69 295
72 69 296
72 69 297
72 69 340
72 76 305
72 76 320
72 76 321
72 76 322
72 76 330
72 76 333
72 76 388
72 76 390
72 76 392
72 76 397
72 82 360
91 60 947
91 60 948
91 60 949
91 60 950
91 60 951
91 60 952
91 60 954
91 60 959
91 60 960
91 60 967
91 60 970
91 60 977
91 60 978
91 60 979
91 60 982
91 60 983
91 60 984
91 60 988
91 60 989
91 60 991
91 60 997
91 60 998
91 60 999
91 60 1000
91 60 1001
91 60 1002
91 60 1004
91 60 1005
91 60 1006
91 60 1007
91 60 1008
91 60 1009
91 60 1010
91 60 1012
91 60 1013
91 60 1014
91 60 1015
91 60 1017
91 60 1018
91 60 1019
91 60 1034
91 60 1035
91 60 1038
91 60 1039
91 60 1040
91 60 1042
91 60 1043
91 60 1044
91 60 1045
91 60 1046
91 60 1047
91 60 1053
91 60 1054
91 60 1055
91 60 1056
91 60 1057
91 60 1062
91 60 1063
91 60 1064
91 84 953
91 84 978
91 84 979
91 84 982
91 84 987
91 84 989
91 84 991
91 84 992
91 84 993
91 84 994
91 84 995
91 84 996
91 84 997
91 84 998
91 84 1001
91 84 1004
91 84 1042
91 84 1043
91 84 1044
91 84 1045
91 84 1046
91 84 1055
91 84 1056
91 66 1001
91 10 1001
91 4 1066
47 51 72
47 51 74
47 51 76
47 51 79
47 51 83
47 51 88
47 51 89
47 51 90
47 51 91
47 51 94
47 51 95
47 51 96
47 51 97
47 51 99
47 51 100
47 51 101
47 51 102
47 51 103
47 51 104
47 51 105
47 51 106
47 51 107
47 51 108
47 51 109
47 51 110
47 51 111
47 51 112
47 51 113
47 51 114
47 51 115
47 51 116
47 51 117
47 51 120
47 51 121
47 51 123
47 51 124
47 51 125
47 51 127
47 51 142
47 51 143
47 51 144
47 51 145
47 51 146
47 51 147
47 51 149
47 51 151
47 51 152
47 51 155
47 51 156
47 51 157
47 51 158
47 51 159
47 51 164
47 51 165
47 51 166
47 51 167
47 51 168
47 51 170
47 51 171
47 51 172
47 51 173
47 51 179
47 51 180
47 51 182
47 51 183
47 51 185
47 51 187
47 51 188
47 51 189
47 51 191
47 51 192
47 51 194
47 51 198
47 51 199
47 51 202
47 51 203
47 51 204
47 51 206
47 51 212
47 51 218
47 51 219
47 51 222
47 51 223
47 51 224
47 51 225
47 51 234
47 51 235
47 51 236
47 51 237
47 51 238
47 12 76
47 12 77
47 12 79
47 12 81
47 12 82
47 12 95
47 12 105
47 12 109
47 12 110
47 12 112
47 12 115
47 12 124
47 12 143
47 12 146
47 12 154
47 12 155
47 12 158
47 12 161
47 12 162
47 12 175
47 12 176
47 12 180
47 12 185
47 12 186
47 12 191
47 12 194
47 12 195
47 12 197
47 12 206
47 12 209
47 12 226
47 12 230
47 12 232
47 37 76
47 37 254
47 37 255
47 37 256
47 7 210
47 69 252
47 21 391
47 21 392
47 21 393
47 21 394
47 21 395
47 21 397
47 21 398
47 21 400
47 21 401
47 21 402
47 21 403
47 21 404
47 21 405
47 21 407
47 21 408
47 21 409
47 21 410
47 21 419
47 21 424
47 21 426
47 21 430
47 21 458
47 21 461
47 21 462
47 21 463
47 76 398
51 14 72
51 14 73
51 14 74
51 14 75
51 14 76
51 14 88
51 14 100
51 14 115
51 14 122
51 14 124
51 14 125
51 14 126
51 14 129
51 14 145
51 14 146
51 14 147
51 14 154
51 14 155
51 14 158
51 14 159
51 14 160
51 14 161
51 14 162
51 14 163
51 14 164
51 14 173
51 14 180
51 14 181
51 14 182
51 14 183
51 14 185
51 14 186
51 14 188
51 14 193
51 14 200
51 14 201
51 14 202
51 14 203
51 14 205
51 14 206
51 14 207
51 14 208
51 14 209
51 14 212
51 14 224
51 14 226
51 14 227
51 14 228
51 14 230
51 14 233
51 14 234
51 14 235
51 14 237
51 14 241
51 14 242
51 14 243
51 14 252
51 14 254
51 14 255
51 14 256
51 40 73
51 40 74
51 46 147
51 89 197
51 19 764
51 19 774
51 19 775
51 19 788
51 19 789
51 19 821
51 19 823
51 19 824
51 19 825
51 19 826
51 19 829
51 19 830
51 19 831
51 19 832
51 19 833
51 19 840
51 19 841
51 19 852
51 19 853
14 45 73
14 45 74
14 45 75
14 45 92
14 45 100
14 45 108
14 45 111
14 45 121
14 45 122
14 45 123
14 45 125
14 45 126
14 45 128
14 45 129
14 45 132
14 45 133
14 45 147
14 45 156
14 45 157
14 45 159
14 45 160
14 45 163
14 45 164
14 45 173
14 45 174
14 45 177
14 45 178
14 45 179
14 45 181
14 45 183
14 45 184
14 45 190
14 45 196
14 45 199
14 45 201
14 45 202
14 45 203
14 45 204
14 45 205
14 45 207
14 45 208
14 45 210
14 45 211
14 45 212
14 45 213
14 45 214
14 45 215
14 45 216
14 45 217
14 45 219
14 45 221
14 45 223
14 45 235
14 45 242
14 45 243
14 45 244
14 45 246
14 45 247
14 45 248
14 45 249
14 45 250
14 45 253
14 45 254
14 45 255
14 45 256
14 37 73
14 37 74
14 37 75
14 37 193
14 37 254
14 37 255
14 37 256
14 7 204
14 7 205
14 7 211
14 76 241
14 76 243
14 76 244
14 76 291
14 76 328
14 30 253
14 32 264
14 73 265
14 93 265
14 93 266
14 93 267
14 1 304
14 1 305
14 82 322
14 82 325
14 82 366
14 15 405
45 40 73
45 40 74
45 40 75
45 40 122
45 53 73
45 53 75
45 53 240
45 53 243
45 53 245
45 53 249
45 53 254
45 53 255
45 53 256
45 44 94
45 44 95
45 44 96
45 44 97
45 44 102
45 44 105
45 44 107
45 44 108
45 44 109
45 44 110
45 44 111
45 44 112
45 44 113
45 44 114
45 44 115
45 44 116
45 44 117
45 44 118
45 44 121
45 44 122
45 44 123
45 44 124
45 44 125
45 44 126
45 44 127
45 44 128
45 44 129
45 44 130
45 44 132
45 44 133
45 44 134
45 44 135
45 44 136
45 44 137
45 44 138
45 44 139
45 44 140
45 44 141
45 44 142
45 44 144
45 44 145
45 44 147
45 44 149
45 44 152
45 44 153
45 44 156
45 44 158
45 44 162
45 44 164
45 44 165
45 44 166
45 44 167
45 44 168
45 44 169
45 44 192
45 44 222
45 44 247
45 44 255
45 44 256
45 44 259
45 44 265
45 44 285
45 44 286
45 44 287
45 44 288
45 44 312
45 44 336
45 44 356
45 44 358
45 44 382
45 44 386
45 44 387
45 81 386
45 81 387
45 27 386
37 53 255
37 53 256
37 79 840
37 4 882
37 66 966
37 23 968
40 12 76
40 12 155
40 85 850
40 85 851
40 85 852
40 85 853
40 85 854
40 85 855
40 85 856
40 85 857
40 85 859
40 85 860
40 85 861
40 85 862
40 85 863
40 85 864
40 85 865
40 85 866
40 85 867
40 85 868
40 85 869
40 85 870
40 85 871
40 85 878
40 85 911
40 85 953
40 85 986
40 85 991
53 12 79
53 86 239
53 86 247
53 86 252
53 86 253
53 86 269
53 86 270
53 86 281
53 86 282
53 86 285
53 86 289
53 86 290
53 86 308
53 76 256
53 17 329
53 93 393
12 66 844
12 66 845
12 66 846
12 66 849
12 66 853
12 66 854
12 66 855
12 66 856
12 66 858
12 66 885
12 66 887
12 66 888
12 66 892
12 66 894
12 66 896
12 66 897
12 66 898
12 66 899
12 66 902
12 66 903
12 66 904
12 66 905
12 66 906
12 66 907
12 66 908
12 66 909
12 66 910
12 66 912
12 66 913
12 66 915
12 66 918
12 66 919
12 66 921
12 66 932
12 66 933
12 66 935
12 66 939
12 66 940
12 66 941
12 66 942
12 66 944
12 66 945
12 66 946
12 66 947
12 66 948
12 66 950
12 66 951
12 66 952
12 66 953
12 66 958
12 66 961
12 66 967
12 66 980
12 66 984
12 66 990
12 66 991
12 66 992
12 66 993
12 66 995
12 66 1000
12 66 1001
12 66 1015
12 66 1020
12 66 1022
12 66 1023
12 66 1024
12 66 1025
12 66 1026
12 66 1031
12 66 1032
12 66 1035
12 66 1038
12 66 1045
12 66 1046
12 66 1047
12 66 1048
12 66 1049
12 66 1050
12 66 1051
12 66 1052
12 66 1054
12 66 1056
12 66 1057
12 66 1058
12 66 1059
12 66 1060
12 4 960
12 4 980
12 4 985
12 4 1002
12 4 1059
44 30 254
44 82 331
44 82 335
44 82 339
44 31 386
46 43 212
46 43 221
46 43 231
46 43 234
46 43 245
46 43 246
46 43 254
46 43 264
46 43 289
46 43 322
46 43 326
46 43 353
46 43 354
46 43 357
46 43 361
46 43 363
46 43 364
46 43 365
46 43 366
46 43 368
46 43 375
46 43 384
46 34 287
46 89 290
46 81 337
46 81 386
89 26 166
89 26 167
89 26 172
89 26 175
89 26 179
89 26 180
89 26 181
89 26 193
89 26 195
89 26 196
89 26 197
89 26 200
89 26 201
89 26 202
89 26 206
89 26 208
89 26 209
89 26 210
89 26 212
89 26 213
89 26 216
89 26 217
89 26 218
89 26 228
89 26 233
89 26 234
89 26 235
89 26 236
89 26 238
89 26 239
89 26 245
89 26 246
89 26 247
89 26 254
89 26 255
89 26 256
89 26 257
89 26 265
89 26 267
89 26 269
89 26 271
89 26 277
89 26 278
89 26 279
89 26 282
89 26 285
89 26 286
89 26 291
89 26 292
89 26 297
89 26 298
89 26 300
89 34 238
89 30 291
89 32 296
89 32 297
89 17 389
89 17 390
89 16 402
26 83 570
26 83 572
26 83 576
26 83 577
26 83 579
26 83 581
26 9 576
43 29 175
43 29 176
43 29 180
43 29 182
43 29 188
43 29 189
43 29 204
43 29 212
43 29 213
43 29 216
43 29 220
29 36 1220
29 36 1310
29 36 1312
29 36 1313
29 36 1314
29 36 1315
29 36 1316
29 36 1317
29 36 1318
29 36 1319
29 36 1320
29 36 1321
29 36 1322
29 36 1323
29 36 1324
29 5 1227
29 11 1300
29 11 1301
29 11 1302
29 11 1303
29 11 1304
41 9 572
41 9 810
33 3 644
33 3 646
33 3 648
33 3 649
33 3 650
33 3 651
33 3 654
33 3 655
33 3 656
33 3 658
33 3 666
33 3 669
33 3 670
33 3 671
33 3 672
33 3 673
33 3 680
33 3 682
33 3 687
33 3 688
33 3 704
33 3 709
33 3 735
33 3 738
33 3 739
33 3 744
33 3 746
33 3 747
33 3 748
33 3 752
33 3 753
33 50 666
81 61 194
81 61 195
81 61 196
81 61 206
81 61 208
81 61 211
81 61 212
81 61 213
81 61 215
81 61 216
81 61 219
81 61 223
81 61 231
81 61 232
81 61 233
81 61 234
81 61 235
81 61 240
81 61 246
81 61 251
81 61 252
81 34 324
81 31 386
61 63 377
61 21 417
61 21 442
7 66 844
7 66 845
7 66 846
7 66 849
7 66 853
7 66 866
7 66 869
7 66 870
7 66 871
7 66 876
7 66 877
7 66 878
7 66 879
7 66 880
7 66 881
7 66 882
7 66 883
7 66 884
7 66 885
7 66 886
7 66 887
7 66 888
7 66 893
7 66 894
7 66 895
7 66 896
7 66 904
7 66 905
7 66 909
7 66 910
7 66 912
7 66 915
7 66 918
7 66 920
7 66 932
7 66 933
7 66 934
7 66 940
7 66 942
7 66 945
7 66 948
7 66 949
7 66 950
7 66 951
7 66 953
7 66 954
7 66 955
7 66 956
7 66 962
7 66 967
7 66 968
7 66 976
7 66 978
7 66 985
7 66 999
7 66 1002
7 66 1016
7 66 1032
7 66 1040
7 66 1041
7 66 1042
7 66 1043
7 66 1045
7 66 1046
7 66 1047
7 66 1048
7 66 1049
7 66 1051
7 66 1052
7 66 1054
7 66 1055
7 66 1057
7 66 1058
7 66 1059
7 66 1060
7 10 844
7 10 850
7 10 851
7 10 853
7 10 866
7 10 885
7 10 888
7 10 892
7 10 906
7 10 918
7 10 920
7 10 930
7 10 940
7 10 942
7 10 943
7 10 951
7 10 953
7 10 1001
7 10 1008
7 10 1010
7 10 1011
7 10 1012
7 10 1013
7 10 1014
7 10 1015
7 10 1031
7 10 1039
7 10 1041
7 10 1042
7 10 1044
7 10 1046
7 10 1047
7 10 1049
7 10 1050
7 10 1052
7 10 1057
7 10 1058
7 10 1060
7 50 1036
7 50 1063
1 30 237
1 8 237
1 8 278
1 8 280
1 8 283
1 42 242
1 42 386
1 69 291
1 2 398
1 17 403
1 75 412
1 75 423
1 75 425
1 75 426
1 75 427
1 75 428
1 75 429
1 75 430
1 75 431
1 75 432
1 75 433
1 75 434
1 75 436
1 75 437
1 75 439
1 75 440
1 75 441
1 75 442
1 75 444
1 75 445
1 75 450
1 75 453
1 75 454
1 75 455
1 75 456
1 75 457
1 75 458
1 75 459
1 75 460
1 75 461
1 75 462
1 75 463
1 75 464
1 75 465
1 75 466
1 75 467
1 75 481
1 75 482
1 52 1026
30 93 238
30 93 257
30 93 258
30 93 259
30 93 260
30 93 261
30 93 264
30 93 265
30 93 267
30 93 275
30 93 296
30 93 300
30 55 239
30 55 282
30 55 286
30 55 289
30 55 290
30 55 295
30 55 339
30 55 340
30 55 343
30 86 240
30 86 283
30 86 289
30 86 295
30 73 258
30 73 260
30 73 261
30 73 275
30 17 264
30 17 268
30 17 269
30 17 271
30 17 273
30 17 281
30 17 285
30 17 291
30 17 350
30 17 352
30 17 363
30 17 380
30 17 384
30 17 389
30 17 390
30 17 392
30 90 266
30 32 276
30 32 277
30 32 281
30 32 285
30 32 299
30 32 305
30 32 328
30 32 338
30 32 350
30 32 351
30 32 352
30 32 353
30 32 356
30 32 357
30 32 359
30 32 363
30 32 365
30 32 385
30 32 387
30 32 388
30 32 389
30 32 390
30 32 392
30 76 280
30 76 288
30 54 362
30 16 402
8 34 237
8 34 279
8 34 281
8 34 282
8 34 283
8 34 287
8 34 289
8 93 238
8 93 244
8 93 253
8 93 256
8 93 257
8 93 266
8 93 267
8 93 268
8 93 269
8 93 270
8 93 272
8 93 280
8 93 289
8 93 291
8 93 301
8 93 337
8 55 252
8 55 282
8 32 252
8 32 255
8 32 275
8 32 282
8 32 338
8 32 339
8 32 340
8 32 350
8 76 278
8 76 279
8 76 280
8 76 283
8 76 285
8 76 287
8 76 290
8 76 304
8 76 305
8 76 319
8 76 330
8 17 281
8 17 282
8 63 290
8 69 340
8 67 1297
34 68 239
34 68 340
34 68 341
34 68 343
34 68 347
34 68 383
34 69 240
34 69 300
34 42 242
34 62 287
34 75 300
34 67 967
93 42 238
93 68 283
93 69 284
93 69 287
93 69 291
93 69 366
93 69 367
93 62 290
93 28 297
93 28 298
93 28 300
93 75 302
42 32 277
42 32 278
42 32 339
42 32 402
42 86 402
42 69 402
42 60 851
42 60 852
42 60 853
42 60 854
42 60 855
42 60 856
42 60 857
42 60 859
42 60 860
42 60 861
42 60 862
42 60 863
42 60 865
42 60 866
42 60 867
42 60 868
42 60 869
42 60 870
42 60 871
42 60 872
86 28 240
86 28 241
86 28 242
86 28 243
86 28 244
86 28 245
86 28 283
86 28 284
86 28 402
86 68 240
86 68 402
86 69 240
86 2 527
28 55 240
28 55 246
28 55 247
28 55 248
28 55 249
28 55 250
28 55 251
28 55 252
28 55 256
28 55 258
28 55 259
28 55 260
28 55 261
28 55 263
28 55 264
28 55 265
28 55 266
28 55 267
28 55 268
28 55 269
28 55 281
28 55 283
28 55 284
28 55 285
28 55 289
28 55 294
28 55 328
28 55 343
28 55 346
28 55 349
28 55 364
28 55 368
28 55 383
28 55 384
28 76 252
28 76 253
28 76 254
28 76 256
28 76 257
28 76 287
28 17 261
28 17 262
28 17 263
28 17 266
28 17 270
28 17 276
28 17 279
28 17 280
28 17 290
28 17 291
28 17 319
28 17 327
28 17 328
28 17 384
28 17 389
28 17 390
28 17 391
28 17 392
28 48 288
28 16 296
28 82 325
28 21 396
28 35 1151
28 35 1152
28 35 1153
28 35 1154
28 35 1155
28 35 1156
28 35 1157
28 35 1158
28 35 1159
28 35 1160
28 35 1161
28 35 1162
28 35 1163
28 35 1165
28 35 1166
28 35 1167
55 68 239
55 68 1175
55 68 1189
55 85 257
55 60 1173
55 60 1174
55 60 1194
55 60 1195
55 60 1208
55 60 1209
55 60 1228
55 60 1230
55 60 1268
55 87 1173
55 87 1174
55 87 1183
55 87 1185
55 87 1187
55 87 1188
55 87 1189
55 87 1195
55 87 1196
55 87 1198
55 87 1200
55 87 1201
55 87 1205
55 87 1208
55 87 1210
55 87 1217
55 87 1221
55 87 1223
55 87 1227
55 87 1228
55 87 1258
55 87 1268
55 87 1269
55 87 1270
55 87 1275
55 87 1276
55 87 1277
55 80 1174
55 80 1175
55 80 1196
55 80 1217
55 80 1218
55 80 1219
55 80 1221
55 80 1223
55 80 1226
55 80 1227
55 80 1228
55 80 1234
55 80 1263
55 80 1268
55 80 1270
55 80 1271
55 80 1278
55 75 1174
55 75 1184
55 75 1226
55 75 1237
55 75 1238
55 75 1239
55 75 1240
55 75 1243
55 75 1248
55 75 1257
55 75 1259
55 75 1261
55 75 1263
55 75 1264
55 75 1268
55 75 1270
55 75 1273
55 75 1275
68 17 329
68 32 336
68 32 339
68 32 402
68 74 1172
68 74 1173
68 74 1174
68 74 1175
68 74 1177
68 74 1178
68 74 1181
68 74 1182
68 74 1189
68 74 1205
68 74 1212
68 74 1216
68 74 1217
68 74 1219
68 74 1222
68 74 1284
68 74 1287
68 80 1190
68 80 1191
68 80 1267
68 70 1313
68 58 1324
68 58 1418
68 58 1420
68 58 1424
69 10 240
69 10 281
69 10 291
69 17 241
69 17 330
69 17 408
69 17 409
69 17 410
69 17 411
69 32 241
69 32 282
69 32 293
69 32 383
69 76 289
69 76 291
69 76 390
69 76 398
69 76 399
69 76 400
69 85 403
69 25 406
10 85 942
10 5 1035
10 52 1035
76 62 287
76 2 500
76 2 501
76 2 502
76 2 503
76 2 506
76 2 507
76 2 528
76 2 529
76 2 530
76 2 533
76 2 536
76 2 548
76 2 549
76 2 552
76 2 553
76 2 554
76 2 555
76 2 564
76 2 565
76 2 566
76 2 567
76 2 571
76 2 590
76 2 593
76 2 594
76 2 596
76 36 501
76 36 502
76 36 505
76 36 509
76 36 512
76 36 513
76 36 529
76 36 534
76 36 540
76 36 546
76 36 548
76 36 553
76 36 554
76 36 556
76 36 557
76 36 558
76 36 559
76 36 576
76 36 577
76 36 578
76 36 597
17 58 403
17 35 412
17 49 420
17 49 425
17 49 429
17 49 431
17 49 436
17 49 437
17 49 445
17 49 448
17 49 451
17 49 453
17 6 437
32 62 288
32 62 289
32 2 500
32 2 501
32 2 502
32 2 503
32 2 504
32 2 505
32 2 506
32 2 507
32 2 516
32 2 517
32 2 522
32 2 524
32 2 525
32 2 528
32 2 529
32 2 530
32 2 533
32 2 539
32 2 552
32 2 555
32 2 556
32 2 557
32 2 570
32 2 572
32 2 573
32 2 577
32 2 593
32 2 594
32 2 596
32 77 500
32 77 507
32 77 508
32 77 524
32 77 526
32 77 528
32 77 530
32 77 531
32 77 533
32 77 555
32 77 563
32 77 571
32 77 572
32 77 573
32 77 589
32 77 598
85 60 851
85 60 852
85 60 853
85 60 854
85 60 855
85 60 856
85 60 857
85 60 859
85 60 860
85 60 861
85 60 862
85 60 863
85 60 864
85 60 865
85 60 866
85 60 867
85 60 868
85 60 869
85 60 870
85 60 871
85 60 872
85 60 873
85 60 874
85 60 875
85 60 877
85 60 880
85 60 881
85 60 882
85 60 883
85 60 885
85 60 886
85 60 887
85 60 888
85 60 890
85 60 891
85 60 892
85 60 898
85 60 899
85 60 906
85 60 907
85 60 908
85 60 909
85 60 911
85 60 913
85 60 914
85 60 915
85 60 928
85 60 929
85 60 930
85 60 931
85 60 932
85 60 935
85 60 936
85 60 937
85 60 938
85 60 972
85 60 973
85 60 978
85 60 979
85 60 982
85 60 984
85 60 985
85 60 986
85 60 987
85 60 988
85 60 989
85 60 992
85 60 997
85 60 998
85 60 999
85 60 1035
85 60 1036
85 60 1043
85 60 1044
85 60 1045
85 60 1047
85 60 1062
85 66 942
85 66 977
85 66 1001
85 4 1001
85 4 1064
73 56 1058
73 56 1082
73 56 1083
73 56 1084
73 56 1085
73 56 1086
73 56 1087
73 56 1088
73 56 1089
73 56 1096
73 56 1105
73 56 1111
73 56 1123
73 56 1124
73 56 1135
73 56 1141
73 56 1142
73 56 1144
73 56 1146
73 56 1147
73 56 1148
73 56 1149
90 63 413
90 63 414
48 62 277
48 62 278
48 62 279
48 62 281
48 62 282
48 62 283
48 62 284
48 62 285
48 62 286
48 62 287
48 62 288
48 62 289
48 62 290
48 62 291
48 62 292
48 62 293
48 62 294
48 62 295
48 62 300
48 62 301
48 62 302
48 62 303
48 62 304
48 62 305
48 62 307
48 62 311
48 62 313
48 62 314
48 62 317
48 62 319
48 62 323
48 62 326
48 62 330
48 62 332
48 62 333
48 62 336
48 62 337
48 62 338
48 62 340
48 62 346
48 62 347
48 62 349
48 62 351
48 62 353
48 62 355
48 62 356
48 62 357
48 22 495
48 22 496
48 22 497
48 22 498
48 22 511
48 22 512
48 22 520
48 22 521
48 22 529
48 22 538
48 22 543
48 22 545
48 22 582
48 22 595
48 22 597
48 22 603
48 22 604
48 22 605
48 22 606
48 22 612
48 22 613
48 22 615
48 22 617
48 22 620
48 22 627
48 22 631
48 22 632
48 22 633
48 22 637
48 22 641
48 22 642
48 22 643
48 22 644
48 22 645
48 22 654
48 22 665
48 22 668
48 22 670
48 22 675
48 22 677
48 22 699
48 22 701
48 77 523
48 77 524
62 4 918
62 4 919
62 4 1000
62 4 1065
62 66 976
62 66 977
62 66 978
16 9 1355
16 9 1359
16 9 1362
16 9 1365
16 9 1367
16 9 1372
16 9 1374
16 9 1382
16 9 1383
16 9 1384
16 9 1385
16 9 1386
16 9 1387
16 9 1388
16 9 1392
16 9 1393
16 9 1403
16 9 1404
16 9 1405
16 9 1406
16 9 1413
16 9 1419
16 9 1421
16 9 1422
16 9 1423
16 9 1427
16 9 1428
70 18 1054
70 18 1056
70 18 1131
70 18 1132
70 18 1133
70 18 1134
70 18 1138
70 18 1139
70 18 1141
70 18 1142
70 18 1149
70 18 1196
70 13 1168
70 13 1169
70 13 1170
70 13 1171
70 13 1173
70 13 1174
70 13 1177
70 13 1178
70 13 1180
70 13 1182
70 13 1184
70 13 1187
70 13 1189
70 13 1190
63 35 388
63 83 536
63 36 551
63 36 552
75 58 403
75 35 403
75 80 1172
75 80 1199
75 80 1225
75 80 1265
75 80 1281
15 52 313
15 52 314
15 52 315
15 52 316
15 52 317
15 52 318
15 52 319
15 52 320
15 52 321
15 52 322
15 52 323
15 52 325
15 52 327
15 52 329
15 52 330
15 52 331
15 52 332
15 52 333
15 52 334
15 52 335
15 52 337
15 52 339
15 52 340
15 52 341
15 52 343
15 52 344
15 52 345
15 52 346
15 52 348
15 52 349
15 52 359
15 52 360
15 52 361
15 52 362
15 52 363
15 52 364
15 52 365
15 52 366
15 52 371
15 52 372
15 52 373
15 52 374
15 52 377
15 52 380
15 52 381
15 52 382
15 52 383
15 52 396
15 52 397
15 52 398
15 52 400
15 52 401
15 52 403
15 52 404
15 52 405
15 52 408
52 4 1062
82 77 507
82 36 509
82 50 539
54 13 407
54 74 1059
54 74 1060
54 74 1104
54 74 1125
25 59 365
25 59 366
25 59 374
25 59 377
25 59 378
25 59 380
25 59 381
25 59 382
25 59 383
25 59 388
25 59 389
25 59 390
25 59 391
25 59 392
25 59 393
25 59 395
25 59 396
25 59 397
25 59 398
25 59 399
25 59 412
25 59 418
25 59 478
25 59 479
25 59 481
25 59 482
25 59 485
25 59 488
25 59 489
25 59 490
25 59 491
25 59 492
25 39 1205
25 39 1206
25 39 1207
25 39 1208
25 39 1209
25 39 1210
25 39 1211
25 39 1213
25 39 1216
25 39 1219
25 39 1221
25 39 1222
25 39 1223
25 39 1224
25 39 1225
25 39 1226
25 39 1227
25 39 1228
25 39 1229
25 39 1239
25 39 1240
25 39 1241
25 39 1242
25 39 1243
25 39 1244
25 39 1245
25 39 1246
25 39 1247
25 39 1248
25 39 1249
25 39 1250
25 39 1252
25 39 1253
25 39 1254
25 39 1255
25 39 1258
25 39 1260
25 39 1261
25 39 1262
25 39 1265
25 39 1266
25 39 1267
25 39 1270
25 39 1271
25 39 1273
25 39 1293
25 39 1294
25 39 1295
25 39 1296
25 39 1301
25 39 1302
25 39 1303
25 39 1304
25 39 1305
25 39 1306
25 39 1307
25 39 1308
25 39 1309
59 23 1089
59 23 1090
59 23 1091
58 2 383
58 2 389
58 2 390
58 2 392
58 2 393
58 2 395
58 2 396
58 2 398
58 2 401
58 2 407
58 2 408
58 31 383
58 31 384
58 31 385
58 31 386
58 31 388
58 31 389
58 31 390
58 31 391
58 31 392
58 31 393
58 31 394
58 31 397
58 31 398
58 31 399
58 31 400
58 31 421
58 31 435
58 31 438
58 31 439
58 31 442
58 57 1172
58 80 1175
58 80 1194
58 80 1195
58 80 1270
58 80 1271
58 80 1274
58 87 1175
58 87 1195
58 87 1198
58 87 1200
58 87 1204
58 87 1233
58 87 1237
58 87 1269
58 87 1271
58 87 1272
58 87 1274
58 87 1287
2 35 383
2 35 384
2 35 385
2 35 386
2 35 387
2 35 392
2 35 393
2 35 394
2 35 395
2 35 396
2 35 397
2 35 398
2 35 399
2 35 400
2 35 401
2 35 402
2 35 403
2 35 404
2 35 407
2 35 408
2 35 411
2 35 414
2 35 418
2 35 423
2 35 424
2 35 425
2 35 427
2 35 432
2 35 440
2 35 443
2 64 392
2 21 397
2 49 403
31 49 403
31 6 410
31 6 420
31 6 421
31 6 438
31 6 439
31 6 442
31 21 413
31 21 414
35 56 406
35 56 411
35 56 412
35 56 413
35 56 414
35 56 415
35 56 416
35 56 417
35 56 423
35 56 440
35 56 441
35 56 443
35 13 1162
35 60 1184
27 57 958
27 57 959
27 57 961
27 57 962
27 57 964
27 57 965
27 57 966
27 57 967
27 57 968
27 57 969
27 57 971
27 57 975
27 57 976
27 57 978
27 57 979
27 57 980
27 57 981
27 57 984
27 57 985
27 57 986
27 57 987
27 57 988
27 57 989
27 57 990
27 57 991
27 57 997
27 57 998
27 57 999
27 57 1002
27 57 1003
27 57 1006
27 57 1007
27 57 1008
27 57 1009
27 57 1018
27 57 1019
27 57 1023
27 57 1028
27 57 1043
27 57 1045
27 57 1046
27 57 1070
27 57 1071
27 57 1072
27 57 1073
27 57 1074
27 57 1075
27 57 1076
27 57 1077
27 57 1078
27 57 1082
27 57 1083
27 57 1084
27 57 1087
27 57 1092
27 66 960
21 56 413
64 78 651
64 78 655
64 78 656
64 78 657
64 78 658
64 78 664
64 78 672
64 78 693
64 78 700
64 78 703
49 23 730
49 23 731
49 23 732
49 23 733
49 23 745
49 23 746
49 23 749
49 23 751
49 23 752
49 23 753
49 23 778
49 23 779
49 23 792
49 23 815
49 23 851
56 6 406
56 6 410
56 6 411
56 6 414
56 6 417
56 6 422
56 6 423
56 6 425
56 6 426
56 6 427
56 6 434
56 6 435
56 6 436
56 6 438
56 6 442
56 6 443
56 24 1147
6 20 1363
6 20 1366
6 20 1368
6 20 1369
6 20 1375
6 20 1376
6 20 1379
6 20 1380
6 20 1381
6 20 1391
6 20 1414
6 20 1424
6 20 1425
6 20 1426
13 74 1224
13 67 1242
13 67 1244
13 67 1245
13 67 1247
13 67 1254
13 67 1256
13 67 1257
13 67 1258
13 67 1259
13 67 1260
13 67 1261
13 67 1264
13 67 1265
13 67 1266
13 67 1267
13 67 1268
22 83 631
77 65 650
77 65 653
77 65 665
77 65 695
77 65 699
83 38 504
83 38 505
83 38 552
83 3 539
83 3 547
83 3 548
83 3 711
83 50 628
83 50 629
83 50 631
38 24 1133
38 24 1134
38 24 1135
38 24 1139
38 24 1140
38 24 1141
38 24 1142
38 24 1143
38 24 1144
38 24 1149
38 24 1168
38 24 1171
38 24 1173
38 24 1175
38 24 1180
38 24 1181
38 24 1182
38 24 1183
38 24 1184
38 24 1185
38 24 1186
38 24 1188
38 24 1189
38 24 1190
38 87 1184
38 67 1185
50 18 519
50 18 523
50 18 524
50 18 527
50 18 528
50 18 530
50 18 535
50 18 537
50 18 541
50 18 542
50 18 544
50 18 547
50 18 581
50 18 583
50 18 584
50 18 586
50 18 592
50 18 593
50 18 594
50 18 596
50 18 621
50 18 624
50 18 628
50 18 657
50 18 658
50 18 664
50 18 671
50 18 672
50 18 674
50 9 626
50 9 627
50 9 628
50 9 629
50 5 945
50 5 946
50 5 983
50 5 984
50 5 996
50 5 1003
50 5 1004
50 5 1010
50 5 1011
50 5 1012
50 5 1035
50 5 1036
50 5 1042
50 5 1050
50 5 1058
50 5 1062
50 5 1063
50 24 967
50 24 981
50 24 984
50 24 995
50 24 1003
50 24 1004
50 24 1006
50 24 1010
50 24 1011
50 24 1012
50 24 1031
50 24 1038
50 24 1039
50 24 1042
50 24 1051
50 24 1052
50 24 1062
50 24 1063
18 84 628
18 84 629
18 11 628
18 11 1195
3 9 711
3 19 750
84 39 564
84 39 565
84 39 566
84 39 810
84 9 565
84 9 566
84 9 567
84 9 568
84 9 572
84 9 573
84 9 575
84 9 576
84 9 577
84 9 584
84 9 585
84 9 587
84 9 588
84 9 590
84 9 591
84 9 598
84 9 599
84 9 600
84 9 601
84 9 602
84 9 603
84 9 604
84 9 606
84 9 607
84 9 614
84 9 620
84 9 625
84 9 631
84 9 632
84 9 635
84 9 636
84 9 641
84 9 642
84 9 648
84 9 649
84 9 650
84 9 652
84 9 654
84 9 655
84 9 656
84 9 657
84 9 658
84 9 659
84 9 660
84 9 661
84 9 662
84 9 663
84 9 664
84 9 666
84 9 667
84 9 668
84 9 669
84 9 670
84 9 673
84 9 674
84 9 676
84 9 677
84 9 678
84 9 679
84 9 680
84 9 681
84 9 682
84 9 683
84 9 684
84 9 685
84 9 686
84 9 687
84 9 688
84 9 689
84 9 690
84 9 691
84 9 698
84 9 699
84 9 704
84 9 705
84 9 706
84 9 707
84 9 708
84 9 709
84 9 710
84 9 712
84 9 713
84 9 714
84 9 717
84 9 718
84 9 720
84 9 721
84 9 722
84 9 723
84 9 726
84 9 727
84 9 728
84 9 729
84 9 731
84 9 733
84 9 736
84 9 739
84 9 740
84 9 742
84 9 743
84 9 744
84 9 745
84 9 746
84 9 748
84 9 749
84 9 750
84 9 752
84 9 753
84 9 755
84 9 756
84 9 757
84 9 758
84 9 759
84 9 760
84 9 762
84 9 763
84 9 764
84 9 765
84 9 768
84 9 769
84 9 770
84 9 771
84 9 772
84 9 773
84 9 775
84 9 778
84 9 779
84 9 780
84 9 783
84 9 784
84 9 786
84 9 787
84 9 789
84 9 790
84 9 791
84 9 792
84 9 794
84 9 795
84 9 796
84 9 797
84 9 798
84 9 802
84 9 804
84 9 805
84 9 806
84 9 807
84 9 810
84 79 852
84 79 853
39 11 1300
39 11 1301
39 11 1302
39 11 1303
11 87 1214
11 60 1266
65 4 815
78 4 776
78 4 777
78 4 779
78 4 780
78 4 781
78 4 782
78 4 783
78 4 784
78 4 785
78 4 786
78 4 788
78 4 791
78 4 792
78 4 793
78 4 794
78 4 795
78 4 796
78 4 797
78 4 798
78 4 799
78 4 800
78 4 801
78 4 802
78 4 803
78 4 808
78 4 809
78 4 810
78 4 811
78 4 812
78 4 813
78 4 814
78 4 815
78 66 815
19 5 1216
19 5 1218
19 5 1219
19 5 1220
19 5 1224
19 5 1225
19 5 1226
19 5 1227
19 5 1229
19 5 1230
19 5 1232
19 5 1233
19 5 1234
19 5 1235
19 5 1239
19 5 1243
19 5 1244
19 5 1246
19 5 1247
19 5 1248
19 5 1250
19 5 1252
19 5 1254
19 5 1260
19 5 1261
19 5 1262
19 5 1263
19 5 1264
19 5 1265
19 5 1266
19 5 1271
19 5 1273
19 5 1274
19 5 1276
19 5 1277
19 5 1278
19 5 1281
19 5 1282
19 5 1283
19 5 1284
19 5 1285
19 5 1287
19 5 1288
19 5 1290
19 5 1291
19 5 1295
19 5 1296
19 5 1298
19 5 1299
19 67 1297
19 67 1298
4 79 834
4 24 1062
4 24 1063
4 5 1063
79 60 852
60 80 1172
60 80 1173
60 80 1184
60 80 1186
60 80 1197
60 80 1199
60 80 1205
60 80 1206
60 80 1228
60 80 1236
60 80 1267
60 80 1268
60 80 1272
60 80 1275
60 80 1281
60 80 1282
60 74 1172
60 74 1175
60 74 1187
60 74 1188
60 74 1189
60 74 1191
60 74 1192
60 74 1193
60 74 1197
60 74 1200
60 74 1201
60 74 1209
60 74 1217
60 74 1222
60 74 1232
60 74 1233
60 74 1234
60 74 1268
60 74 1270
60 74 1272
60 74 1274
60 74 1275
60 74 1281
60 74 1282
60 74 1287
60 87 1174
60 87 1228
60 87 1243
60 87 1244
60 87 1255
60 87 1256
60 87 1267
60 87 1275
60 87 1281
60 87 1282
60 67 1175
60 67 1177
60 67 1182
60 67 1185
60 67 1186
60 67 1193
60 67 1194
60 67 1202
60 67 1203
60 67 1204
60 67 1205
60 67 1216
60 67 1217
60 67 1218
60 67 1219
60 67 1220
60 67 1221
60 67 1222
60 67 1223
60 67 1264
60 67 1266
60 67 1267
60 67 1278
60 67 1279
60 67 1280
60 67 1282
60 67 1283
60 67 1284
60 67 1287
60 67 1290
60 67 1295
60 67 1296
60 67 1298
60 67 1309
60 67 1363
60 67 1364
60 67 1365
60 67 1374
60 67 1375
60 67 1377
60 67 1384
60 67 1398
60 67 1399
60 67 1400
60 67 1401
60 67 1402
60 67 1403
60 67 1404
60 67 1408
60 67 1417
60 67 1421
60 67 1422
60 67 1423
60 67 1428
60 67 1429
60 67 1430
5 20 944
5 20 945
5 20 947
5 20 948
5 20 950
5 20 962
5 20 963
5 20 964
5 20 966
5 20 967
5 20 973
5 20 974
5 20 980
5 20 983
5 20 984
5 20 1003
5 20 1004
5 20 1006
5 20 1012
5 20 1013
5 20 1022
5 20 1023
5 20 1024
5 20 1026
5 20 1029
5 20 1030
5 20 1031
5 20 1034
5 20 1037
5 20 1048
5 20 1050
5 20 1051
5 20 1054
5 20 1062
5 20 1063
5 57 982
5 57 1255
57 87 1176
57 87 1186
57 87 1191
57 87 1199
57 87 1209
57 87 1213
57 87 1215
57 87 1222
57 87 1225
57 87 1267
57 80 1199
57 80 1213
57 80 1216
57 80 1222
57 80 1225
57 80 1267
57 67 1211
57 74 1236
57 74 1241
57 74 1244
57 74 1255
57 74 1256
57 74 1262
67 80 1174
67 80 1175
67 80 1183
67 80 1189
67 80 1192
67 80 1193
67 80 1194
67 80 1202
67 80 1203
67 80 1205
67 80 1206
67 80 1207
67 87 1174
67 87 1176
67 87 1180
67 87 1186
67 87 1187
67 87 1188
67 87 1189
67 87 1195
67 87 1196
67 87 1205
67 87 1209
67 87 1287
74 80 1173
74 80 1174
74 80 1183
74 80 1194
74 80 1195
74 80 1197
74 80 1226
74 80 1230
74 80 1231
74 80 1235
74 80 1258
74 80 1259
74 80 1268
74 80 1270
74 80 1271
74 80 1274
74 80 1275
74 80 1277
74 80 1284
74 87 1173
74 87 1185
74 87 1196
74 87 1197
74 87 1198
74 87 1199
74 87 1205
74 87 1206
74 87 1208
74 87 1209
74 87 1224
74 87 1225
74 87 1227
74 87 1228
74 87 1231
74 87 1233
74 87 1258
74 87 1259
74 87 1264
74 87 1267
74 87 1270
74 87 1271
74 87 1272
74 87 1274
74 87 1275
74 87 1279
74 87 1280
74 87 1281
74 87 1282
74 87 1283
74 87 1284
74 87 1287
87 80 1172
87 80 1173
87 80 1176
87 80 1177
87 80 1182
87 80 1183
87 80 1184
87 80 1185
87 80 1186
87 80 1187
87 80 1189
87 80 1190
87 80 1195
87 80 1196
87 80 1200
87 80 1209
87 80 1210
87 80 1211
87 80 1212
87 80 1213
87 80 1221
87 80 1222
87 80 1223
87 80 1224
87 80 1225
87 80 1228
87 80 1230
87 80 1232
87 80 1237
87 80 1250
87 80 1251
87 80 1254
87 80 1256
87 80 1258
87 80 1261
87 80 1262
87 80 1263
87 80 1264
87 80 1265
87 80 1268
87 80 1270
87 80 1271
87 80 1273
87 80 1274
87 80 1279
87 80 1281
87 80 1283
87 80 1284
