48 53 0
48 53 5
48 53 6
48 53 7
48 53 13
48 53 37
48 53 43
48 53 62
48 53 71
48 53 73
48 53 74
48 53 80
48 97 0
48 97 12
48 120 0
48 120 1
48 120 2
48 120 3
48 120 6
48 120 7
48 120 11
48 120 13
48 120 14
48 120 15
48 120 19
48 120 24
48 120 37
48 120 61
48 120 62
48 120 69
48 120 70
48 120 93
48 120 133
48 120 156
48 99 1
48 99 3
48 99 4
48 99 12
48 82 19
48 82 23
48 82 56
48 22 24
48 22 37
48 22 46
48 22 48
48 22 51
48 22 52
48 22 64
48 22 92
48 22 94
48 22 96
48 22 105
48 22 106
48 22 107
48 22 108
48 22 109
48 22 110
48 22 111
48 22 112
48 22 133
48 22 140
48 22 141
48 22 142
48 22 143
48 83 29
48 83 70
48 83 76
48 83 157
48 8 29
48 8 75
48 4 48
48 4 108
48 4 154
48 27 52
48 27 53
48 27 55
48 27 56
48 27 57
48 27 58
48 27 59
48 27 79
48 27 83
48 27 104
48 65 60
48 47 70
48 125 73
48 105 88
48 0 89
48 39 396
48 39 397
48 39 398
48 39 399
48 39 400
48 39 401
48 39 402
48 39 403
48 39 409
48 39 416
48 39 428
48 39 429
48 39 430
48 39 431
48 39 432
48 39 433
48 39 434
48 39 435
48 39 436
48 39 442
48 39 444
48 39 446
48 39 447
48 39 449
48 39 450
48 39 451
48 39 455
48 45 396
48 45 397
48 119 409
48 119 443
48 96 442
48 96 444
48 35 444
53 99 1
53 99 2
53 99 3
53 99 4
53 99 5
53 99 6
53 99 14
53 99 24
53 99 43
53 99 44
53 99 45
53 99 70
53 99 71
53 99 88
53 99 94
53 99 105
53 99 115
53 103 5
53 103 6
53 103 7
53 103 10
53 103 15
53 103 18
53 103 20
53 103 27
53 103 28
53 103 44
53 103 60
53 103 70
53 103 89
53 103 101
53 103 103
53 103 106
53 103 115
53 103 119
53 103 121
53 103 125
53 103 134
53 103 136
53 103 137
53 103 138
53 103 139
53 103 140
53 103 141
53 103 142
53 103 143
53 103 144
53 103 145
53 103 146
53 103 147
53 103 148
53 103 149
53 103 150
53 103 151
53 103 152
53 103 153
53 103 155
53 103 156
53 126 13
53 126 67
53 126 68
53 126 81
53 126 94
53 126 95
53 126 96
53 126 97
53 126 99
53 50 16
53 50 37
53 50 38
53 6 17
53 6 35
53 6 36
53 6 68
53 6 70
53 6 71
53 6 81
53 6 94
53 6 96
53 6 100
53 6 130
53 6 137
53 6 138
53 6 139
53 6 140
53 6 141
53 6 142
53 6 143
53 6 144
53 6 145
53 6 146
53 6 147
53 6 148
53 6 149
53 6 150
53 6 151
53 6 152
53 6 153
53 6 155
53 66 20
53 66 32
53 66 35
53 66 36
53 66 38
53 66 53
53 66 67
53 66 68
53 66 71
53 66 78
53 66 105
53 66 106
53 66 110
53 66 111
53 66 112
53 66 115
53 66 116
53 66 117
53 66 118
53 66 122
53 66 123
53 66 124
53 66 135
53 66 136
53 66 137
53 66 138
53 66 139
53 66 140
53 66 141
53 66 142
53 66 143
53 66 144
53 66 145
53 66 146
53 66 149
53 66 153
53 66 156
53 118 25
53 118 32
53 118 34
53 118 52
53 118 73
53 118 79
53 118 106
53 118 107
53 118 108
53 118 109
53 118 119
53 118 120
53 118 136
53 32 28
53 32 56
53 32 107
53 32 124
53 68 28
53 68 50
53 68 55
53 68 57
53 68 59
53 68 82
53 82 48
53 82 66
53 64 49
53 64 55
53 64 57
53 64 99
53 64 100
53 106 49
53 106 51
53 106 52
53 106 53
53 106 56
53 106 82
53 106 84
53 106 85
53 106 86
53 106 93
53 106 95
53 106 120
53 106 121
53 106 134
53 106 152
53 34 50
53 34 82
53 34 109
53 34 110
53 34 111
53 0 55
53 0 56
53 0 57
53 0 64
53 0 68
53 0 88
53 0 92
53 0 94
53 86 59
53 86 64
53 86 124
53 86 135
53 85 60
53 85 64
53 85 78
53 85 91
53 111 77
53 111 78
53 111 83
53 111 84
53 111 85
53 111 86
53 111 95
53 111 96
53 19 81
53 19 83
53 115 81
53 115 99
53 115 134
53 10 83
53 10 87
53 10 93
53 36 146
53 36 153
53 77 158
53 77 159
53 77 160
53 123 1068
53 123 1071
53 123 1072
53 123 1073
53 123 1074
53 123 1075
53 123 1076
53 123 1077
53 123 1078
53 123 1079
53 123 1080
53 123 1083
53 123 1090
53 123 1091
53 123 1092
53 123 1100
53 123 1101
53 123 1104
53 123 1107
53 123 1110
53 123 1111
53 123 1112
53 123 1113
53 123 1114
53 123 1115
53 123 1116
53 123 1118
53 123 1119
53 123 1120
53 123 1122
53 123 1124
53 123 1125
53 123 1126
53 123 1129
53 75 1110
53 124 1410
53 124 1412
53 124 1414
53 124 1415
53 124 1416
97 56 0
97 56 9
97 23 9
97 103 12
97 0 173
97 0 174
97 34 173
97 93 658
97 93 691
97 93 695
97 93 696
97 93 760
97 93 761
97 93 793
97 77 659
97 77 673
97 77 697
97 77 716
97 122 662
97 122 693
97 122 712
97 122 714
97 122 822
97 122 826
97 122 827
97 122 828
97 16 671
97 16 691
97 16 707
97 16 717
97 16 741
97 16 776
97 16 800
97 16 804
97 16 811
97 16 822
97 26 681
97 26 693
97 26 716
97 26 736
97 26 738
97 26 838
97 26 840
97 26 842
97 26 844
97 38 683
97 86 685
97 86 695
97 86 696
97 86 703
97 86 705
97 86 713
97 86 716
97 86 717
97 86 760
97 64 685
97 64 733
97 96 688
97 96 697
97 96 727
97 52 716
97 52 733
97 52 761
97 52 827
97 52 828
97 111 802
97 41 813
97 108 813
97 24 845
120 56 0
120 56 1
120 56 2
120 56 3
120 56 4
120 56 6
120 56 8
120 99 0
120 99 1
120 99 2
120 99 3
120 99 6
120 99 11
120 99 15
120 99 17
120 99 18
120 99 27
120 99 43
120 99 61
120 99 73
120 99 74
120 99 75
120 99 78
120 99 82
120 99 93
120 99 97
120 99 98
120 99 99
120 99 100
120 99 101
120 99 102
120 99 103
120 99 117
120 99 118
120 99 119
120 99 120
120 99 121
120 99 122
120 99 133
120 99 134
120 103 1
120 103 3
120 103 5
120 103 6
120 103 7
120 103 43
120 103 49
120 103 50
120 103 51
120 103 53
120 103 81
120 103 108
120 103 123
120 103 124
120 103 127
120 103 130
120 23 9
120 23 11
120 23 16
120 50 16
120 64 19
120 64 21
120 64 24
120 64 25
120 64 26
120 64 35
120 64 92
120 64 93
120 64 115
120 66 19
120 66 67
120 66 117
120 66 124
120 68 19
120 68 24
120 118 21
120 118 60
120 118 110
120 118 120
120 118 147
120 32 29
120 32 59
120 32 65
120 32 102
120 32 111
120 82 50
120 82 52
120 82 53
120 82 77
120 82 114
120 82 115
120 34 66
120 34 69
120 34 89
120 34 90
120 34 91
120 24 678
56 45 1
56 45 2
56 45 3
56 45 14
56 99 3
56 99 4
56 99 14
56 99 16
56 22 17
56 22 36
56 22 45
56 22 75
56 22 112
56 22 115
56 22 118
56 22 119
56 22 121
56 27 37
56 27 38
56 27 49
56 27 66
56 27 72
56 27 83
56 65 60
56 18 62
56 34 118
56 34 121
56 34 145
56 34 147
56 34 148
56 34 150
56 3 1021
99 45 1
99 45 2
99 45 3
99 45 4
99 45 6
99 45 11
99 45 14
99 45 37
99 45 61
99 45 72
99 45 73
99 45 76
99 45 89
99 45 126
99 45 127
99 45 130
99 45 133
99 45 135
99 45 136
99 45 155
99 126 4
99 22 10
99 22 11
99 22 15
99 22 17
99 22 18
99 22 26
99 22 28
99 22 37
99 22 39
99 22 57
99 22 67
99 22 68
99 22 71
99 22 72
99 22 74
99 22 98
99 22 118
99 22 119
99 22 122
99 22 133
99 22 134
99 22 138
99 22 139
99 22 140
99 22 143
99 22 146
99 22 150
99 60 16
99 112 17
99 112 22
99 112 24
99 112 25
99 112 26
99 112 77
99 112 78
99 112 79
99 112 120
99 112 143
99 112 150
99 112 173
99 112 174
99 64 18
99 64 19
99 65 24
99 65 26
99 65 27
99 65 35
99 65 114
99 65 156
99 65 157
99 65 158
99 65 162
99 83 24
99 83 28
99 83 65
99 4 25
99 4 70
99 61 26
99 61 93
99 61 94
99 61 161
99 61 163
99 61 173
99 61 174
99 61 175
99 30 28
99 30 33
99 30 35
99 30 39
99 8 35
99 8 58
99 8 59
99 8 67
99 32 39
99 32 74
99 32 113
99 32 120
99 32 121
99 47 42
99 47 107
99 47 108
99 47 109
99 18 63
99 78 76
99 78 78
99 78 80
99 105 79
99 63 80
99 63 103
99 63 114
99 0 95
99 0 100
99 0 101
99 0 102
99 101 95
99 101 102
99 101 103
99 101 154
99 82 103
45 103 5
45 103 6
45 103 7
45 103 46
45 103 48
45 103 81
45 103 154
45 23 11
45 23 12
45 23 15
45 66 19
45 66 23
45 66 25
45 66 27
45 66 39
45 66 77
45 118 19
45 118 23
45 118 25
45 118 27
45 118 43
45 118 55
45 118 59
45 118 66
45 118 68
45 118 69
45 118 103
45 118 113
45 68 24
45 68 52
45 68 53
45 68 57
45 34 27
45 34 46
45 34 73
45 34 80
45 34 103
45 34 142
45 34 143
45 34 151
45 34 152
45 34 153
45 64 43
45 64 51
45 64 52
45 64 53
45 64 67
45 64 155
45 64 156
45 32 43
45 115 48
45 115 78
45 126 80
45 106 81
45 106 83
45 106 84
45 106 85
45 19 102
45 36 103
45 82 105
45 82 107
45 82 130
45 82 131
45 15 396
45 15 425
45 15 428
45 15 430
45 15 433
45 15 434
45 15 435
45 15 438
45 15 452
45 15 453
45 15 454
45 15 455
45 113 399
45 113 405
45 54 446
45 76 448
103 22 10
103 22 27
103 22 50
103 22 51
103 22 52
103 22 66
103 22 67
103 22 68
103 22 95
103 22 96
103 22 118
103 22 119
103 22 123
103 22 130
103 4 17
103 4 19
103 4 44
103 4 47
103 4 48
103 4 51
103 4 52
103 4 53
103 4 55
103 4 56
103 4 57
103 4 58
103 4 59
103 4 63
103 4 88
103 4 99
103 4 134
103 4 135
103 4 138
103 4 141
103 4 142
103 4 145
103 4 147
103 4 148
103 4 149
103 4 155
103 57 17
103 63 20
103 63 113
103 63 135
103 63 136
103 63 137
103 63 138
103 63 139
103 63 140
103 63 143
103 63 144
103 63 145
103 63 146
103 63 152
103 63 153
103 63 154
103 63 156
103 32 21
103 32 38
103 32 113
103 109 21
103 109 46
103 65 28
103 65 37
103 65 41
103 65 43
103 65 55
103 65 56
103 65 57
103 65 99
103 30 28
103 30 37
103 30 61
103 30 71
103 30 80
103 30 90
103 30 128
103 30 132
103 30 158
103 8 31
103 8 32
103 8 46
103 8 66
103 8 68
103 8 69
103 8 99
103 8 140
103 27 37
103 27 46
103 27 91
103 27 102
103 101 39
103 101 103
103 101 106
103 101 117
103 101 118
103 101 119
103 101 120
103 101 121
103 101 152
103 34 41
103 34 108
103 34 109
103 34 110
103 34 111
103 34 112
103 34 135
103 34 136
103 34 137
103 34 138
103 34 141
103 34 147
103 34 149
103 82 49
103 82 55
103 82 56
103 82 57
103 82 86
103 82 89
103 78 50
103 78 51
103 78 52
103 78 53
103 83 66
103 83 68
103 83 90
103 83 127
103 83 128
103 71 82
103 105 90
103 0 108
103 0 118
103 0 127
103 0 151
103 0 152
103 67 128
103 112 156
103 112 158
103 41 1095
103 41 1099
103 41 1113
103 41 1115
103 41 1119
103 41 1124
103 41 1125
103 41 1267
103 41 1268
103 41 1269
103 41 1270
103 41 1272
103 93 1097
103 93 1112
103 93 1270
103 38 1273
74 27 4
74 27 5
74 27 6
74 27 7
74 27 8
74 82 5
74 82 6
74 82 7
74 82 8
74 82 9
74 82 16
74 82 189
74 22 5
74 22 6
74 22 7
74 85 188
74 85 189
74 85 190
27 85 5
27 85 6
27 85 7
27 85 8
27 23 5
27 23 6
27 23 7
27 23 114
27 23 115
27 115 6
27 115 32
27 115 33
27 66 8
27 66 9
27 50 9
27 50 75
27 50 76
27 50 77
27 50 110
27 64 15
27 64 49
27 64 53
27 64 67
27 86 16
27 86 17
27 86 28
27 86 74
27 86 101
27 86 118
27 86 151
27 86 152
27 86 153
27 86 689
27 86 699
27 86 702
27 32 17
27 32 25
27 32 37
27 32 41
27 32 43
27 32 44
27 32 45
27 32 59
27 32 64
27 32 66
27 32 71
27 32 72
27 32 90
27 32 97
27 32 98
27 32 99
27 32 100
27 32 101
27 10 17
27 10 85
27 10 88
27 10 89
27 82 24
27 82 25
27 82 28
27 82 29
27 82 32
27 82 36
27 82 46
27 82 47
27 82 48
27 82 54
27 82 58
27 82 64
27 82 66
27 82 72
27 82 73
27 82 74
27 82 83
27 82 84
27 82 85
27 82 92
27 82 94
27 82 102
27 82 106
27 82 114
27 82 115
27 82 116
27 82 118
27 82 120
27 82 122
27 82 123
27 82 124
27 82 126
27 82 127
27 82 128
27 82 129
27 82 130
27 82 131
27 82 132
27 82 134
27 82 138
27 82 140
27 82 151
27 82 152
27 82 155
27 82 162
27 82 163
27 82 164
27 82 165
27 82 166
27 82 167
27 82 169
27 82 170
27 82 172
27 82 180
27 82 181
27 82 182
27 82 183
27 82 184
27 82 185
27 6 25
27 6 91
27 6 671
27 6 734
27 34 29
27 34 50
27 34 84
27 34 93
27 34 96
27 68 36
27 68 50
27 68 52
27 68 57
27 68 58
27 68 59
27 68 75
27 68 76
27 68 77
27 68 78
27 68 82
27 68 83
27 68 84
27 68 85
27 68 94
27 68 97
27 126 39
27 126 67
27 126 68
27 126 108
27 126 114
27 126 115
27 126 116
27 106 41
27 106 108
27 130 41
27 130 109
27 118 43
27 118 44
27 118 45
27 118 56
27 118 59
27 118 81
27 118 82
27 118 105
27 60 109
27 60 110
27 60 111
27 0 118
27 77 168
27 24 662
27 24 757
27 24 760
27 24 793
27 24 798
27 24 805
27 24 845
27 16 662
27 16 671
27 16 692
27 16 697
27 16 731
27 16 769
27 16 809
27 16 826
27 16 827
27 95 682
27 95 690
27 95 712
27 95 718
27 95 720
27 95 727
27 95 730
27 95 737
27 95 739
27 95 745
27 95 830
27 95 831
27 95 835
27 95 836
27 95 845
27 95 846
27 95 847
27 93 687
27 93 688
27 93 690
27 93 691
27 93 692
27 93 697
27 93 729
27 93 750
27 93 753
27 93 754
27 93 755
27 93 828
27 122 689
27 122 712
27 122 714
27 122 720
27 122 837
27 96 690
27 96 706
27 96 718
27 92 815
126 22 17
126 22 18
126 22 22
126 22 24
126 22 25
126 22 26
126 22 27
126 22 32
126 22 35
126 22 37
126 22 38
126 22 39
126 22 64
126 22 77
126 22 89
126 22 90
126 22 91
126 22 92
126 22 112
126 22 114
126 22 118
126 22 121
126 22 122
126 22 123
126 22 130
126 22 156
126 22 158
126 22 1235
126 22 1236
126 22 1237
126 22 1238
126 22 1239
126 22 1240
126 22 1241
126 22 1242
126 22 1243
126 22 1244
126 22 1245
126 22 1246
126 22 1247
126 22 1248
126 22 1249
126 22 1250
126 22 1251
126 22 1252
126 22 1253
126 22 1254
126 22 1255
126 22 1257
126 22 1258
126 22 1276
126 22 1278
126 22 1286
126 22 1287
126 22 1290
126 22 1292
126 22 1293
126 22 1295
126 22 1296
126 22 1298
126 22 1300
126 22 1301
126 22 1304
126 22 1306
126 22 1307
126 22 1313
126 22 1320
126 22 1324
126 22 1327
126 22 1328
126 22 1331
126 22 1333
126 22 1334
126 22 1335
126 22 1337
126 22 1338
126 22 1342
126 22 1345
126 22 1361
126 22 1362
126 22 1363
126 22 1364
126 22 1365
126 22 1366
126 22 1367
126 22 1374
126 22 1375
126 22 1377
126 22 1379
126 22 1380
126 22 1381
126 22 1382
126 4 17
126 4 42
126 4 43
126 4 44
126 4 45
126 4 49
126 4 63
126 4 67
126 4 82
126 65 60
126 47 65
126 47 71
126 18 77
126 0 100
126 0 101
126 0 103
126 83 107
126 83 111
126 83 117
126 83 127
126 83 158
126 34 124
126 34 127
82 64 20
82 64 45
82 125 21
82 125 32
82 125 174
82 8 21
82 8 27
82 8 32
82 8 76
82 8 77
82 8 80
82 8 85
82 118 23
82 118 55
82 118 80
82 118 119
82 83 24
82 83 26
82 83 28
82 83 34
82 83 39
82 83 76
82 83 79
82 83 88
82 83 89
82 83 90
82 83 101
82 83 107
82 83 111
82 83 117
82 83 118
82 83 142
82 83 143
82 83 144
82 83 145
82 83 151
82 83 152
82 22 35
82 22 45
82 22 73
82 22 89
82 22 105
82 22 107
82 112 37
82 112 57
82 112 73
82 112 78
82 112 79
82 112 82
82 112 83
82 112 84
82 112 89
82 106 42
82 106 43
82 106 44
82 106 45
82 106 91
82 106 98
82 106 99
82 106 103
82 106 119
82 66 48
82 68 48
82 109 50
82 109 51
82 109 52
82 109 54
82 109 62
82 4 57
82 4 62
82 4 80
82 4 81
82 4 106
82 4 107
82 4 118
82 0 68
82 0 136
82 0 138
82 0 144
82 0 145
82 90 74
82 90 75
82 32 83
82 32 89
82 65 86
82 65 117
82 18 86
82 105 88
22 85 7
22 85 103
22 64 19
22 64 26
22 64 75
22 64 91
22 64 92
22 64 115
22 34 19
22 34 39
22 34 74
22 34 89
22 34 90
22 34 94
22 34 95
22 34 96
22 34 121
22 34 142
22 34 143
22 34 158
22 68 19
22 68 24
22 68 32
22 68 78
22 6 19
22 6 22
22 6 99
22 6 156
22 86 32
22 86 44
22 86 48
22 86 51
22 86 53
22 86 64
22 86 68
22 86 78
22 86 88
22 86 89
22 86 90
22 86 130
22 32 48
22 32 71
22 32 123
22 32 140
22 106 59
22 106 99
22 106 101
22 106 156
22 10 59
22 10 67
22 10 70
22 130 75
22 19 76
22 19 77
22 90 87
22 0 88
22 0 99
22 0 100
22 0 101
22 118 91
22 118 105
22 118 147
22 118 149
22 118 153
22 118 155
22 66 94
22 66 130
22 50 154
22 14 1379
85 71 11
85 71 12
85 71 62
85 71 63
85 71 79
85 71 81
85 71 82
85 71 83
85 71 84
85 71 85
85 71 92
85 71 93
85 71 94
85 71 95
85 71 98
85 71 132
85 71 133
85 71 134
85 4 18
85 4 49
85 4 55
85 4 56
85 4 57
85 4 58
85 4 59
85 4 89
85 4 101
85 4 102
85 83 29
85 83 46
85 83 104
85 87 73
85 105 78
85 125 81
85 0 92
85 0 93
85 0 94
85 0 95
85 0 98
85 18 132
85 52 628
85 52 634
85 52 635
85 52 636
85 52 637
85 52 639
85 52 640
85 52 641
85 52 642
85 52 643
85 52 646
85 52 648
85 52 649
85 52 650
85 52 676
85 52 677
85 52 686
85 52 687
85 52 710
85 52 782
85 52 786
85 52 788
85 52 789
85 52 790
85 52 791
85 52 794
85 52 814
85 52 815
85 52 817
85 52 820
85 52 823
85 52 824
85 52 825
85 52 826
85 52 828
85 52 829
85 52 830
85 8 628
85 8 629
85 8 630
85 8 634
85 8 635
85 8 636
85 8 637
85 8 638
85 8 639
85 8 640
85 8 641
85 8 642
85 8 643
85 8 644
85 8 645
85 8 646
85 8 647
85 8 648
85 8 649
85 8 650
85 8 651
85 8 655
85 8 676
85 8 689
85 1 639
85 67 672
85 35 722
85 35 723
85 35 757
85 35 763
85 35 764
85 35 770
85 35 771
85 35 772
85 35 780
85 114 826
23 109 6
23 109 7
23 112 16
23 65 25
23 65 46
23 34 44
23 11 325
23 11 327
23 11 349
23 11 350
23 11 352
23 11 354
23 11 356
23 11 362
23 11 374
23 11 378
23 11 384
23 11 389
23 11 390
23 11 392
23 11 394
23 11 402
23 11 403
23 11 406
23 11 412
23 11 417
23 11 419
23 11 424
23 11 426
23 11 427
23 11 429
23 11 432
23 11 436
23 11 440
23 11 441
23 11 443
23 11 451
23 87 350
23 87 425
23 87 478
23 54 385
23 54 416
23 54 417
23 54 421
23 54 424
23 54 428
23 100 435
23 35 435
23 20 435
109 66 23
109 66 98
109 32 34
109 32 74
109 32 134
109 34 46
109 34 77
109 106 146
109 106 156
109 90 1077
109 90 1085
109 90 1086
109 90 1088
109 90 1095
109 90 1099
109 90 1101
109 90 1102
109 90 1103
109 90 1104
109 90 1105
109 90 1106
109 90 1107
109 90 1118
109 90 1120
109 90 1133
109 90 1134
109 90 1135
109 90 1137
109 90 1138
109 90 1139
109 90 1140
109 90 1141
109 90 1142
109 90 1143
109 90 1144
109 90 1145
109 90 1146
109 90 1147
109 90 1148
109 90 1151
109 90 1152
109 90 1153
109 90 1154
109 90 1155
109 90 1156
109 90 1157
109 90 1159
109 90 1160
109 90 1163
109 90 1165
109 90 1167
109 90 1168
109 90 1169
109 90 1170
109 90 1171
109 90 1173
109 90 1176
109 90 1177
109 90 1178
109 90 1179
109 90 1180
109 90 1181
109 90 1182
109 90 1183
109 90 1184
109 90 1185
109 90 1187
109 90 1188
109 90 1190
109 90 1199
109 90 1201
109 90 1202
109 90 1259
109 90 1260
109 90 1261
109 90 1262
109 90 1263
109 90 1264
109 90 1268
109 90 1269
109 90 1271
109 39 1077
109 39 1083
109 39 1084
109 39 1087
109 39 1098
109 39 1101
109 39 1102
109 39 1105
109 39 1112
109 39 1114
109 39 1116
109 39 1117
109 39 1118
109 39 1120
109 39 1121
109 39 1122
109 39 1126
109 39 1132
109 39 1133
109 39 1134
109 39 1135
109 39 1136
109 39 1137
109 39 1138
109 39 1139
109 39 1140
109 39 1141
109 39 1142
109 39 1143
109 39 1144
109 39 1145
109 39 1146
109 39 1147
109 39 1148
109 39 1149
109 39 1150
109 39 1151
109 39 1152
109 39 1153
109 39 1154
109 39 1155
109 39 1156
109 39 1157
109 39 1158
109 39 1159
109 39 1160
109 39 1162
109 39 1163
109 39 1164
109 39 1167
109 39 1168
109 39 1169
109 39 1170
109 39 1171
109 39 1172
109 39 1173
109 39 1174
109 39 1175
109 39 1176
109 39 1177
109 39 1178
109 39 1179
109 39 1180
109 39 1182
109 39 1183
109 39 1184
109 39 1185
109 39 1188
109 39 1189
109 39 1190
109 39 1191
109 39 1192
109 39 1193
109 39 1194
109 39 1195
109 39 1196
109 39 1197
109 39 1198
109 39 1201
109 39 1202
109 39 1205
109 39 1206
109 39 1207
109 39 1208
109 39 1217
109 39 1218
109 39 1239
109 39 1240
109 39 1245
109 39 1247
109 39 1248
109 39 1258
109 39 1260
109 39 1261
109 39 1262
109 20 1102
109 13 1240
115 83 79
115 65 103
115 4 122
115 30 797
115 30 798
115 30 799
115 30 800
115 30 819
115 30 822
115 30 824
115 30 825
115 30 827
115 30 836
115 30 837
115 30 839
115 81 843
115 43 850
115 43 851
115 3 945
115 14 945
66 65 15
66 65 19
66 65 49
66 65 50
66 65 51
66 65 70
66 65 86
66 65 115
66 57 17
66 112 17
66 112 27
66 112 29
66 112 30
66 112 46
66 112 47
66 112 50
66 112 53
66 112 60
66 112 63
66 112 64
66 112 87
66 112 89
66 112 91
66 112 106
66 47 20
66 47 42
66 47 43
66 47 45
66 47 143
66 4 26
66 4 30
66 4 42
66 4 45
66 4 68
66 4 78
66 4 101
66 4 124
66 4 127
66 4 130
66 4 134
66 4 135
66 4 136
66 4 137
66 4 138
66 4 139
66 4 140
66 4 144
66 4 145
66 4 146
66 4 153
66 4 154
66 125 30
66 125 43
66 125 44
66 0 56
66 0 59
66 0 106
66 0 152
66 83 59
66 83 87
66 83 88
66 83 134
66 78 69
66 78 73
66 78 91
66 8 69
66 8 151
66 34 113
66 34 118
66 34 127
66 34 130
66 34 150
66 107 386
66 107 388
66 107 390
66 107 391
66 107 392
66 107 393
66 107 394
66 107 396
66 107 397
66 107 398
66 107 399
66 107 400
66 107 401
66 107 403
66 107 404
66 107 405
66 107 406
66 107 407
66 107 408
66 107 410
66 107 411
66 107 412
66 107 413
66 107 414
66 107 415
66 107 416
66 107 417
66 107 418
66 107 423
66 107 424
66 107 427
66 107 428
66 107 429
66 107 431
66 51 394
66 39 395
66 54 420
50 63 9
50 57 15
50 57 16
50 57 19
50 57 23
50 57 24
50 57 27
50 57 28
50 57 39
50 57 40
50 57 107
50 57 121
50 57 126
50 57 127
50 57 128
50 57 134
50 57 138
50 57 141
50 57 142
50 57 144
50 57 145
50 57 148
50 32 15
50 125 23
50 125 24
50 125 31
50 125 39
50 125 40
50 125 41
50 125 45
50 125 115
50 125 116
50 125 126
50 125 137
50 125 138
50 125 145
50 125 151
50 125 152
50 125 153
50 125 154
50 8 24
50 8 35
50 8 61
50 8 62
50 8 63
50 8 70
50 8 71
50 8 72
50 8 97
50 8 117
50 8 121
50 8 125
50 8 126
50 8 132
50 8 145
50 4 41
50 4 42
50 4 71
50 83 69
50 83 70
50 65 76
50 0 82
50 129 1411
50 129 1413
63 28 15
63 34 24
63 34 26
63 34 27
63 34 46
63 34 51
63 34 52
63 34 93
63 34 136
63 32 42
63 32 55
63 32 68
63 32 135
63 106 72
63 106 151
63 64 102
63 91 1281
63 91 1290
63 91 1292
63 91 1293
63 91 1298
63 91 1300
63 91 1301
63 91 1304
63 104 1281
63 104 1292
63 104 1296
118 32 10
118 4 28
118 4 46
118 4 55
118 4 66
118 4 68
118 4 81
118 4 142
118 83 58
118 83 109
118 83 141
118 0 62
118 8 64
118 8 71
118 8 105
118 8 114
118 8 121
118 8 128
118 8 131
118 8 132
118 8 133
118 8 134
118 65 66
118 47 72
118 47 132
118 47 133
118 47 140
118 105 85
118 125 119
118 125 133
118 117 131
118 117 132
118 57 131
118 57 133
118 61 173
118 26 278
118 104 322
118 104 335
118 104 336
118 104 337
118 104 338
118 104 339
118 104 340
118 104 341
118 104 342
118 33 326
118 33 328
118 33 329
118 33 330
118 33 331
118 33 334
118 33 336
118 33 339
118 33 340
118 33 341
118 91 332
32 60 15
32 83 17
32 83 26
32 83 28
32 83 34
32 83 35
32 83 38
32 83 46
32 83 48
32 83 49
32 83 52
32 83 53
32 83 56
32 83 58
32 83 59
32 83 74
32 83 79
32 83 80
32 83 81
32 83 82
32 83 83
32 83 97
32 83 103
32 83 107
32 83 108
32 83 109
32 83 114
32 83 115
32 83 119
32 83 120
32 83 121
32 83 122
32 83 124
32 83 134
32 83 137
32 83 139
32 83 140
32 83 141
32 83 142
32 83 143
32 83 144
32 83 145
32 83 157
32 8 17
32 8 21
32 8 27
32 8 51
32 8 128
32 8 139
32 8 153
32 78 24
32 78 25
32 78 37
32 78 38
32 78 42
32 78 44
32 78 62
32 78 64
32 78 65
32 78 74
32 78 78
32 78 79
32 78 85
32 78 101
32 78 102
32 78 142
32 78 144
32 78 145
32 78 146
32 78 154
32 78 155
32 125 25
32 125 26
32 125 105
32 65 38
32 65 88
32 65 91
32 65 97
32 65 98
32 65 99
32 65 101
32 65 108
32 65 121
32 65 141
32 65 146
32 65 148
32 101 40
32 101 46
32 101 47
32 101 48
32 101 54
32 101 103
32 101 106
32 101 107
32 101 114
32 101 115
32 101 127
32 101 128
32 101 144
32 101 145
32 101 147
32 101 149
32 101 150
32 0 46
32 0 55
32 0 62
32 0 64
32 0 66
32 0 114
32 0 117
32 0 123
32 0 144
32 0 145
32 0 173
32 71 50
32 71 51
32 106 51
32 106 58
32 106 87
32 106 119
32 106 121
32 112 55
32 112 56
32 112 58
32 112 59
32 112 91
32 112 110
32 112 127
32 112 128
32 112 158
32 64 74
32 64 138
32 64 139
32 64 140
32 4 75
32 4 81
32 4 82
32 4 83
32 4 84
32 4 85
32 4 86
32 4 108
32 4 116
32 4 117
32 4 130
32 4 134
32 18 78
32 105 88
32 67 127
32 34 135
32 47 137
71 90 75
71 111 78
71 10 80
71 94 388
71 81 390
57 10 24
57 10 34
57 10 35
57 10 36
57 10 37
57 10 47
57 10 49
57 10 50
57 10 51
57 10 52
57 10 53
57 10 115
57 10 116
57 10 128
57 10 131
57 10 134
57 10 143
57 10 144
57 10 145
57 10 147
57 10 148
57 10 149
57 10 158
57 10 620
57 10 625
57 86 26
57 19 29
57 19 399
57 19 402
57 19 404
57 19 413
57 19 414
57 19 416
57 19 419
57 19 421
57 19 423
57 19 425
57 19 430
57 19 433
57 19 434
57 130 31
57 130 33
57 130 45
57 130 89
57 130 119
57 130 126
57 130 127
57 130 129
57 130 144
57 130 145
57 130 147
57 130 158
57 130 159
57 130 162
57 130 163
57 130 164
57 130 166
57 130 167
57 130 170
57 130 212
57 130 215
57 130 216
57 130 217
57 130 218
57 130 219
57 130 220
57 6 136
57 98 448
57 98 463
57 98 478
57 98 479
57 98 485
57 98 486
57 98 487
57 98 488
57 98 489
57 98 490
57 98 491
57 98 492
57 98 493
57 98 495
57 98 496
57 98 497
57 98 498
57 98 499
57 98 500
57 98 501
57 98 512
57 98 513
57 98 514
57 98 515
57 98 516
57 98 517
57 98 518
57 98 519
57 98 520
57 98 521
57 98 522
57 98 523
57 98 524
57 98 525
57 98 526
57 98 528
57 98 529
57 98 534
57 98 535
57 98 546
57 98 547
57 98 550
57 98 557
57 98 566
57 98 569
57 98 575
57 98 578
57 98 579
57 98 582
57 98 583
57 98 584
57 98 588
57 98 589
57 98 590
57 98 591
57 98 592
57 98 593
57 98 594
57 98 595
57 98 596
57 98 597
57 98 599
57 98 600
57 98 601
57 98 609
57 98 610
57 98 614
57 98 615
57 98 619
57 98 620
57 98 622
57 98 623
57 98 624
57 98 625
57 98 626
57 98 627
57 98 628
57 98 629
57 98 630
57 98 633
57 98 634
57 98 639
57 98 650
57 98 651
57 98 653
57 98 654
57 98 656
57 33 507
57 33 617
57 33 632
57 33 636
57 33 639
57 33 642
57 33 646
57 33 648
57 33 655
57 40 578
57 28 605
57 28 606
6 61 15
6 65 15
6 65 35
6 65 107
6 8 62
6 8 71
6 8 76
6 8 140
6 105 79
6 105 93
6 105 762
6 18 91
6 34 147
6 34 150
6 52 626
6 52 627
6 52 628
6 52 629
6 52 630
6 52 631
6 52 632
6 52 633
6 52 634
6 52 635
6 52 636
6 52 637
6 52 639
6 52 640
6 52 641
6 52 643
6 52 645
6 52 646
6 52 648
6 52 650
6 52 651
6 52 652
6 52 653
6 52 655
6 52 656
6 52 659
6 52 664
6 52 666
6 52 667
6 52 674
6 52 675
6 52 677
6 52 678
6 52 680
6 52 685
6 52 686
6 52 687
6 52 688
6 52 691
6 52 710
6 52 715
6 52 716
6 52 717
6 52 718
6 52 720
6 52 721
6 52 722
6 52 728
6 52 729
6 52 730
6 52 731
6 52 732
6 52 733
6 52 734
6 52 735
6 52 736
6 52 737
6 52 764
6 52 765
6 52 766
6 52 767
6 52 768
6 52 769
6 52 771
6 52 773
6 52 776
6 52 789
6 52 790
6 52 793
6 52 794
6 52 795
6 52 801
6 52 803
6 52 817
6 52 818
6 52 822
6 52 825
6 52 826
6 52 827
6 52 830
6 88 657
6 88 658
6 88 663
6 88 664
6 88 665
6 88 666
6 88 675
6 88 677
6 88 678
6 88 679
6 88 680
6 88 681
6 88 682
6 88 683
6 88 684
6 88 685
6 88 686
6 88 687
6 88 688
6 88 690
6 88 691
6 88 692
6 88 694
6 88 695
6 88 696
6 88 697
6 88 700
6 88 708
6 88 762
6 88 763
6 88 764
6 88 768
6 88 769
6 88 771
6 88 788
6 88 789
6 88 790
6 88 791
6 88 792
6 88 794
6 88 795
6 88 796
6 88 799
6 88 810
6 88 811
6 88 812
6 88 813
6 88 814
6 88 815
6 88 816
6 88 817
6 88 818
6 88 819
6 88 820
6 88 821
6 88 822
6 88 823
6 88 824
6 88 825
6 88 826
6 88 830
6 35 658
6 35 671
6 35 692
6 35 762
6 35 763
6 35 764
6 35 765
6 35 766
6 35 771
6 35 772
6 35 773
6 95 670
6 128 671
6 40 674
6 89 674
6 89 675
6 89 761
6 47 729
6 47 730
6 55 734
6 114 826
61 0 173
61 0 174
61 0 175
61 34 173
61 35 665
65 64 15
65 64 16
65 64 26
65 64 28
65 64 36
65 64 44
65 64 45
65 64 51
65 64 52
65 64 53
65 64 55
65 64 56
65 64 65
65 64 67
65 64 68
65 64 70
65 64 71
65 64 103
65 64 104
65 64 105
65 64 109
65 64 110
65 64 111
65 64 114
65 64 115
65 64 117
65 64 118
65 64 119
65 64 120
65 64 121
65 64 123
65 64 125
65 64 127
65 64 128
65 64 129
65 64 130
65 64 132
65 64 133
65 64 134
65 64 135
65 64 136
65 64 137
65 64 138
65 64 139
65 64 140
65 64 142
65 64 143
65 64 144
65 64 145
65 64 148
65 64 149
65 64 150
65 64 152
65 64 153
65 64 154
65 64 155
65 64 156
65 64 160
65 64 161
65 64 163
65 86 35
65 86 46
65 86 58
65 86 108
65 34 49
65 34 50
65 34 51
65 34 104
65 34 105
65 34 127
65 106 51
65 106 82
65 106 109
65 106 117
65 106 151
65 90 99
65 10 143
65 43 398
65 43 399
65 113 398
65 113 400
65 113 401
65 113 404
65 113 407
65 113 408
65 113 410
65 113 413
65 113 414
65 113 415
65 113 427
65 113 429
65 113 430
65 113 431
65 113 432
65 113 434
65 113 438
65 113 441
65 113 442
65 113 445
65 113 450
65 113 451
65 113 454
65 113 455
65 37 399
65 33 446
65 76 454
65 76 455
65 69 454
65 69 455
64 4 18
64 4 19
64 4 25
64 4 62
64 4 64
64 4 99
64 4 104
64 4 155
64 112 38
64 112 174
64 34 43
64 34 44
64 34 105
64 34 107
64 83 44
64 83 45
64 83 56
64 83 111
64 30 45
64 30 55
64 30 71
64 30 117
64 0 57
64 0 58
64 0 61
64 0 101
64 0 107
64 78 111
64 78 112
64 78 119
64 67 130
64 67 131
64 81 726
64 89 818
64 89 820
28 30 16
28 78 171
28 112 483
28 112 484
28 112 486
28 112 533
28 112 534
28 75 533
28 75 534
28 1 602
28 1 605
28 1 606
28 35 603
28 35 604
28 35 605
60 110 1279
60 110 1284
60 110 1285
60 110 1286
60 110 1288
60 110 1289
60 110 1291
60 110 1293
60 110 1294
60 110 1298
60 110 1305
60 110 1318
60 110 1319
60 110 1320
60 110 1321
60 110 1324
60 110 1326
60 110 1327
60 110 1329
60 110 1330
60 110 1334
60 110 1346
60 110 1352
60 110 1353
60 110 1355
60 110 1358
60 110 1359
60 110 1360
60 94 1279
60 94 1291
60 94 1294
60 94 1299
60 94 1302
60 94 1303
60 94 1305
60 94 1308
60 94 1309
60 94 1310
60 94 1315
60 94 1316
60 94 1327
60 94 1328
60 94 1329
60 94 1331
60 94 1347
60 94 1358
60 94 1359
60 15 1297
86 8 17
86 8 55
86 8 65
86 8 70
86 8 71
86 4 35
86 4 49
86 4 108
86 4 159
86 34 41
86 34 44
86 0 49
86 0 50
86 0 51
86 0 56
86 0 81
86 0 114
86 0 115
86 0 118
86 0 144
86 0 145
86 87 100
86 87 102
86 81 659
86 81 685
86 81 686
86 81 716
86 81 717
86 81 718
86 81 719
86 81 723
86 81 724
86 81 725
86 81 740
86 81 742
86 81 762
86 81 769
86 81 774
86 81 776
86 81 788
86 81 789
86 67 661
86 67 669
86 67 670
86 67 671
86 67 674
86 67 675
86 67 676
86 67 686
86 67 687
86 67 689
86 67 690
86 67 703
86 67 718
86 67 719
86 67 742
86 67 811
86 67 817
86 40 666
86 40 671
86 40 679
86 40 680
86 40 745
86 40 771
86 25 676
86 128 676
86 128 677
86 128 678
86 128 679
86 128 680
86 128 688
86 128 694
86 128 700
86 128 713
86 128 719
86 128 732
86 128 733
86 128 735
86 128 798
86 128 802
86 128 803
86 128 806
86 128 808
86 128 809
86 128 810
86 128 843
86 98 689
86 17 701
86 17 708
86 17 711
86 17 713
86 17 714
86 117 713
86 55 714
86 55 715
86 55 716
86 55 722
86 55 730
86 55 741
86 55 761
86 55 762
86 55 765
86 55 766
86 55 767
86 55 768
86 55 769
86 55 770
86 55 771
86 55 772
86 55 774
86 55 775
86 55 776
86 55 777
86 55 787
86 55 788
86 55 791
86 55 799
86 55 800
86 55 801
86 55 843
86 55 847
86 95 720
86 95 721
86 95 722
86 52 732
86 113 736
86 105 761
86 105 762
86 105 791
112 34 17
112 34 18
112 34 20
112 34 22
112 34 26
112 34 27
112 34 28
112 34 30
112 34 32
112 34 37
112 34 38
112 34 39
112 34 45
112 34 67
112 34 68
112 34 69
112 34 87
112 34 89
112 34 91
112 34 102
112 34 103
112 34 111
112 34 124
112 34 128
112 34 129
112 34 130
112 34 131
112 34 132
112 34 134
112 34 135
112 34 136
112 34 137
112 34 141
112 34 143
112 34 148
112 34 151
112 34 154
112 34 155
112 34 156
112 34 173
112 106 39
112 106 53
112 106 109
112 106 110
112 106 119
112 106 126
112 106 156
112 68 61
112 68 67
112 68 83
112 68 105
112 19 83
112 19 84
112 36 103
112 70 127
112 0 173
112 0 174
112 72 483
112 72 488
112 72 489
112 72 491
112 72 492
112 72 494
112 72 495
112 72 496
112 72 499
112 72 500
112 72 501
112 72 502
112 72 503
112 72 504
112 72 505
112 72 506
112 72 507
112 72 508
112 72 509
112 72 510
112 72 511
112 72 512
112 72 513
112 72 517
112 72 518
112 72 520
112 72 525
112 72 526
112 72 527
112 72 528
112 72 529
112 72 532
112 72 533
112 72 545
112 72 547
112 72 548
112 72 550
112 72 551
112 72 554
112 72 555
112 72 556
112 72 560
112 72 561
112 72 562
112 72 563
112 72 566
112 72 567
112 72 568
112 72 569
112 72 570
112 72 571
112 72 572
112 72 573
112 72 574
112 72 575
112 72 576
112 72 577
112 72 578
112 72 579
112 72 580
112 72 581
112 72 582
112 72 583
112 72 584
112 72 585
112 72 586
112 72 587
112 72 588
112 72 589
112 72 590
112 72 591
112 72 592
112 72 595
112 72 596
112 72 597
112 72 598
112 72 599
112 72 600
112 72 601
112 72 602
112 72 603
112 72 604
112 72 605
112 72 606
112 72 607
112 72 608
112 72 609
112 72 615
112 72 616
112 40 484
112 40 498
30 41 810
30 41 823
30 108 810
30 55 817
30 70 817
4 68 22
4 68 104
4 68 109
4 34 28
4 34 29
4 34 32
4 34 67
4 34 78
4 106 72
4 106 91
4 106 116
4 106 122
4 106 124
4 106 125
4 106 126
4 106 127
4 106 128
4 106 133
4 106 135
4 111 80
4 111 95
4 111 96
4 19 92
4 0 127
4 36 133
4 13 1110
4 13 1113
4 13 1114
4 13 1115
4 13 1116
4 13 1117
4 13 1121
4 13 1124
4 13 1125
4 13 1127
4 13 1132
4 13 1135
4 13 1136
4 13 1142
4 13 1144
4 13 1145
4 13 1147
4 13 1148
4 13 1149
4 13 1155
4 13 1157
4 13 1159
4 13 1165
4 13 1166
4 13 1167
4 13 1168
4 13 1169
4 13 1172
4 13 1173
4 13 1174
4 13 1175
4 13 1176
4 13 1178
4 13 1188
4 13 1189
4 13 1190
4 13 1193
4 13 1194
4 13 1195
4 13 1196
4 13 1202
4 13 1203
4 13 1204
4 13 1205
4 13 1206
4 13 1219
4 13 1220
4 13 1221
4 13 1222
4 13 1223
4 13 1224
4 13 1225
4 13 1226
4 13 1227
4 13 1230
4 13 1231
4 13 1233
4 13 1234
4 13 1235
4 13 1239
4 13 1243
4 13 1250
4 13 1251
4 13 1253
4 13 1254
4 13 1255
4 13 1257
4 13 1258
4 13 1259
4 13 1260
4 13 1261
4 13 1262
4 13 1263
4 13 1264
4 13 1265
4 13 1266
4 13 1270
4 13 1277
4 13 1280
4 13 1281
4 13 1282
4 13 1285
4 13 1287
4 13 1289
4 13 1297
4 13 1298
4 104 1297
83 68 40
83 68 41
83 68 42
83 68 44
83 68 45
83 68 48
83 68 56
83 68 59
83 68 111
83 68 122
83 106 81
83 106 90
83 106 107
83 106 109
83 106 114
83 106 115
83 106 118
83 106 132
83 106 133
83 106 134
83 106 143
83 106 144
83 106 148
83 34 89
83 34 141
83 90 99
83 107 724
83 107 727
83 107 728
83 107 729
83 107 732
83 107 733
83 107 735
83 107 736
83 107 743
83 107 744
83 107 745
83 107 746
83 107 754
83 107 756
83 107 757
83 107 759
83 107 760
83 16 732
83 96 732
83 52 735
83 26 737
83 26 738
83 11 742
8 130 28
8 130 29
8 130 30
8 130 32
8 130 34
8 130 36
8 130 38
8 130 44
8 130 49
8 130 50
8 130 90
8 130 92
8 130 100
8 130 108
8 130 110
8 130 111
8 130 119
8 130 120
8 130 126
8 130 130
8 130 133
8 130 134
8 130 135
8 130 136
8 130 145
8 130 147
8 130 148
8 130 158
8 130 163
8 36 29
8 36 37
8 106 35
8 106 37
8 106 38
8 106 54
8 106 55
8 106 83
8 68 61
8 68 85
8 19 67
8 111 80
8 34 85
8 34 114
8 34 122
8 34 132
8 34 133
8 0 95
8 77 165
8 33 648
8 33 654
8 54 658
8 93 669
8 16 732
8 96 733
34 106 25
34 106 35
34 106 36
34 0 26
34 0 80
34 0 121
34 19 26
34 78 28
34 78 29
34 78 37
34 18 74
34 105 80
34 47 132
34 47 140
10 18 28
10 18 34
10 18 82
10 46 682
68 47 19
68 47 75
68 47 77
68 78 82
68 78 83
68 78 84
68 78 85
68 78 111
68 107 400
68 69 400
68 69 402
47 106 32
47 106 157
47 11 716
47 11 717
47 11 723
47 11 725
47 11 726
47 11 727
47 11 728
47 11 729
47 11 731
47 11 732
47 11 733
47 11 734
47 11 737
47 11 740
47 11 743
47 11 744
47 11 745
47 11 746
47 11 750
47 11 751
47 11 752
47 49 728
47 49 729
47 95 731
47 95 745
47 26 745
125 106 30
125 106 37
125 106 38
125 106 40
125 106 67
125 9 424
125 88 443
106 18 23
106 18 24
106 18 25
106 18 26
106 18 27
106 18 31
106 18 32
106 18 44
106 18 45
106 18 48
106 18 52
106 18 89
106 18 92
106 0 27
106 0 29
106 0 30
106 0 31
106 0 32
106 0 33
106 0 34
106 0 39
106 0 40
106 0 41
106 0 42
106 0 46
106 0 47
106 0 48
106 0 49
106 0 51
106 0 52
106 0 76
106 0 82
106 0 89
106 0 90
106 0 102
106 0 114
106 0 115
106 0 116
106 0 118
106 0 126
106 0 127
106 0 128
106 0 129
106 0 130
106 0 131
106 0 132
106 0 134
106 0 135
106 0 141
106 0 143
106 0 145
106 0 146
106 0 149
106 0 150
106 0 152
106 0 153
106 0 156
106 0 157
106 0 158
106 78 41
106 78 76
106 78 139
106 78 140
106 78 141
106 78 147
106 105 91
106 105 93
106 105 95
106 117 114
106 67 137
106 67 139
106 75 493
18 0 24
18 0 25
18 0 26
18 0 27
18 0 31
18 111 86
18 111 860
18 111 862
18 111 863
18 111 864
18 111 870
18 111 871
18 111 877
18 111 899
18 111 905
18 111 908
18 111 911
18 130 93
18 77 101
78 77 124
78 35 603
78 35 612
78 35 616
78 35 930
78 58 645
78 58 926
78 58 930
0 36 25
0 130 29
0 19 65
0 19 92
0 105 91
0 111 92
0 123 111
36 41 1272
36 93 1272
19 105 83
19 105 84
19 105 85
19 35 397
19 35 398
19 35 399
19 35 400
19 35 402
19 35 403
19 35 404
19 35 405
19 35 406
19 35 407
19 35 408
19 35 410
19 35 411
19 35 412
19 35 413
19 35 414
19 35 415
19 35 416
19 35 417
19 35 419
19 35 420
19 35 421
19 35 423
19 35 424
19 35 425
19 35 430
19 35 431
19 35 434
19 35 437
19 35 438
19 35 440
19 100 399
19 100 400
19 100 403
19 100 404
19 100 406
19 100 412
19 100 413
19 100 414
19 100 415
19 100 416
19 100 417
19 100 419
19 100 421
19 100 422
19 100 423
19 100 424
19 100 431
19 1 399
19 1 402
19 1 404
19 1 413
19 1 414
19 1 416
19 1 423
19 1 432
19 1 433
19 1 434
19 1 436
19 1 439
101 80 724
101 80 729
101 80 741
101 80 743
101 80 761
101 80 762
101 80 764
101 80 767
101 80 768
101 80 769
101 80 770
101 80 771
101 80 772
101 80 773
101 80 774
101 80 775
101 80 776
101 80 777
101 80 778
101 80 779
101 80 780
101 80 781
101 80 782
101 80 783
101 80 784
101 80 785
101 80 786
101 80 787
101 80 788
101 80 789
101 80 790
101 80 791
101 80 792
101 80 793
101 80 794
101 80 795
101 80 796
101 80 797
101 80 798
101 80 799
101 80 800
101 80 801
101 80 802
101 80 803
101 80 804
101 80 805
101 80 806
101 80 807
101 80 808
101 80 809
101 80 810
101 80 811
101 80 812
101 80 813
101 80 814
101 80 815
101 80 816
101 80 817
101 80 818
101 80 819
101 80 820
101 80 821
101 80 822
101 80 823
101 80 824
101 80 825
101 80 826
101 80 827
101 80 828
101 80 829
101 80 830
101 80 831
101 80 832
101 80 833
101 80 834
101 80 835
101 80 836
101 80 837
101 80 838
101 80 839
101 80 840
101 80 841
101 80 842
101 80 845
101 80 850
101 80 851
101 80 852
101 80 853
101 80 854
101 80 855
101 80 856
101 80 857
101 80 858
101 80 859
101 80 860
101 107 729
101 107 740
101 107 743
101 107 751
101 107 752
101 107 757
101 107 761
102 105 65
102 105 67
102 105 68
102 105 69
102 67 119
102 92 926
105 2 742
105 2 743
105 2 744
105 2 745
105 2 746
105 2 747
105 2 748
105 2 749
105 2 750
105 2 751
105 2 752
105 2 753
105 2 754
105 2 755
105 2 756
105 2 757
105 2 759
105 2 760
105 2 761
105 2 762
105 2 763
105 2 764
105 2 765
105 2 767
105 2 768
105 2 770
105 2 780
105 2 781
105 2 782
105 2 783
105 2 784
105 2 785
105 2 786
105 2 787
105 2 788
105 2 789
105 2 791
105 2 794
105 2 795
105 2 796
105 2 797
105 2 799
105 2 802
105 2 803
105 2 805
105 2 806
105 2 807
105 2 808
105 2 809
105 2 810
105 2 811
105 2 812
105 2 813
105 2 816
105 2 817
105 2 818
105 2 820
105 2 821
105 2 822
105 2 823
105 2 825
105 2 826
105 2 827
105 2 828
105 2 829
105 2 830
105 2 831
105 2 832
105 2 833
105 2 834
105 55 746
105 11 751
105 38 758
105 52 758
87 9 378
87 9 413
87 9 414
87 9 415
87 9 419
87 9 426
87 9 429
87 9 430
87 9 458
87 9 475
87 9 477
87 9 478
87 9 484
87 9 487
87 9 496
87 9 501
87 9 502
87 51 498
87 51 516
90 117 77
90 41 1079
90 41 1083
90 41 1084
90 41 1086
90 41 1087
90 41 1088
90 41 1089
90 41 1092
90 41 1096
90 41 1099
90 41 1101
90 41 1102
90 41 1105
90 41 1106
90 41 1107
90 41 1108
90 41 1111
90 41 1120
90 41 1123
90 41 1135
90 41 1137
90 41 1155
90 41 1165
90 41 1171
90 41 1174
90 41 1175
90 41 1201
90 41 1236
90 41 1250
90 41 1251
90 41 1258
90 41 1259
90 41 1266
90 41 1268
90 41 1269
90 41 1272
117 77 103
117 26 677
117 26 678
117 26 681
117 26 687
117 26 697
117 26 717
117 26 816
117 26 819
117 93 697
117 122 734
117 95 748
117 95 749
117 95 836
117 95 840
117 16 765
117 16 766
117 16 800
117 16 801
117 108 854
117 17 910
111 81 688
111 81 733
111 81 740
111 81 748
111 81 751
111 67 697
111 67 732
77 67 661
77 67 662
77 67 676
77 67 677
77 67 678
77 67 679
77 67 685
77 67 689
77 67 697
77 67 706
77 67 718
77 67 719
77 67 725
77 67 727
77 67 733
77 128 676
77 128 846
77 17 705
77 17 714
77 98 705
77 98 712
77 98 714
77 95 722
123 3 1080
67 26 274
67 26 657
67 26 661
67 26 686
67 26 689
67 26 724
67 26 725
67 26 726
67 26 727
67 26 728
67 26 732
67 26 809
67 124 279
67 104 279
67 104 280
67 33 279
67 24 657
67 24 658
67 24 673
67 16 661
67 16 662
67 16 668
67 16 674
67 16 675
67 16 676
67 16 677
67 16 678
67 16 681
67 16 682
67 16 703
67 16 706
67 16 707
67 16 711
67 16 724
67 16 726
67 16 727
67 16 731
67 16 735
67 16 740
67 16 746
67 16 759
67 16 801
67 16 802
67 16 803
67 16 809
67 16 811
67 38 662
67 38 668
67 38 669
67 38 670
67 38 678
67 38 681
67 38 682
67 38 742
67 122 662
67 93 666
67 93 668
67 93 670
67 93 671
67 93 678
67 93 681
67 93 685
67 93 686
67 93 729
67 93 733
67 93 743
67 93 755
67 93 763
67 93 764
67 93 828
67 96 697
67 96 725
67 96 742
67 96 743
67 96 749
67 96 750
67 96 752
67 96 753
67 96 754
67 96 755
67 96 756
67 96 777
67 96 780
67 96 785
67 96 802
67 96 803
67 96 808
67 96 809
67 96 810
67 96 811
67 96 812
67 95 703
67 95 704
67 95 721
67 95 745
70 108 692
70 108 694
70 108 695
70 108 696
70 108 697
70 108 698
70 108 699
70 108 700
70 108 701
70 108 702
70 108 814
70 108 816
70 108 819
70 108 820
70 108 821
70 108 822
70 108 823
26 31 278
26 89 657
26 89 658
26 89 659
26 89 660
26 89 661
26 89 664
26 89 688
26 89 690
26 89 692
26 89 693
26 89 698
26 89 724
26 89 733
26 89 735
26 89 736
26 89 742
26 89 802
26 89 803
26 89 809
26 89 811
26 89 850
26 25 658
26 25 659
26 25 663
26 25 664
26 25 794
26 25 795
26 25 796
26 25 808
26 25 811
26 95 660
26 95 677
26 95 725
26 128 662
26 128 677
26 128 692
26 128 713
26 128 721
26 128 733
26 128 734
26 128 735
26 128 736
26 128 802
26 128 803
26 128 804
26 128 830
26 128 831
26 128 834
26 128 836
26 128 846
26 55 662
26 55 677
26 55 678
26 55 709
26 55 710
26 55 719
26 55 752
26 55 753
26 55 756
26 55 792
26 55 793
26 55 795
26 55 834
26 55 835
26 55 836
26 55 837
26 17 663
26 17 664
26 17 696
26 17 701
26 17 702
26 17 703
26 17 721
26 17 730
26 17 761
26 17 762
26 17 764
26 17 768
26 17 772
26 17 773
26 81 665
26 81 680
26 81 700
26 81 711
26 81 716
26 81 724
26 81 735
26 81 745
26 81 757
26 81 758
26 81 760
26 81 767
26 81 771
26 81 772
26 81 773
26 81 774
26 81 775
26 81 776
26 81 777
26 81 778
26 81 779
26 81 780
26 81 781
26 81 782
26 81 783
26 81 784
26 81 785
26 81 788
26 81 789
26 81 790
26 81 804
26 81 831
26 81 841
26 40 665
26 40 680
26 40 756
26 40 758
26 40 767
26 40 768
26 40 772
26 40 773
26 40 774
26 40 777
26 40 778
26 40 782
26 40 784
26 40 789
26 40 790
26 40 806
26 40 824
26 40 826
26 40 830
26 40 835
26 113 738
26 113 739
26 43 813
26 114 813
26 92 818
104 31 275
104 31 276
104 31 279
104 31 280
104 31 282
104 31 286
104 31 287
104 31 288
104 31 289
104 31 290
104 31 293
104 31 294
104 31 295
104 31 300
104 31 301
104 31 302
104 31 303
104 31 304
104 31 305
104 31 322
104 31 323
104 31 324
104 31 335
104 31 337
104 31 338
104 31 342
104 94 1295
104 94 1296
104 94 1311
31 124 276
31 124 278
31 124 279
31 124 280
31 124 281
31 124 282
31 124 283
31 124 284
31 124 285
31 124 286
31 124 288
31 124 289
31 124 290
31 124 291
31 124 292
31 124 293
31 124 294
31 124 296
31 124 298
31 124 299
31 124 300
31 124 301
31 124 304
31 124 305
31 124 306
31 124 307
31 124 312
31 124 313
31 124 315
31 124 316
31 124 317
31 124 318
31 124 319
31 124 320
31 124 321
31 124 322
31 124 323
31 124 324
31 124 325
31 124 327
31 124 332
31 124 333
31 124 335
31 124 337
31 124 338
31 124 342
31 116 1062
31 116 1063
31 116 1064
31 116 1067
31 116 1071
31 116 1084
31 116 1086
31 116 1099
31 116 1112
31 116 1113
31 116 1115
31 116 1118
31 116 1119
31 116 1121
31 116 1122
31 75 1086
31 75 1105
31 75 1126
31 20 1101
31 20 1102
31 39 1101
124 100 279
124 100 280
124 100 282
124 100 283
124 100 284
124 100 286
124 100 296
124 100 299
124 100 300
124 100 301
124 100 303
124 100 304
124 100 305
124 100 306
124 100 323
124 100 324
100 33 336
100 33 339
100 33 340
100 33 341
100 33 399
100 33 401
100 33 402
100 33 403
100 33 404
100 33 405
100 33 406
100 33 408
100 33 409
100 33 410
100 33 413
100 33 414
100 33 415
100 33 416
100 33 417
100 33 421
100 33 423
100 33 424
100 33 425
100 33 426
100 33 427
100 33 428
100 33 429
100 33 430
100 33 431
100 33 436
100 33 437
100 33 438
100 33 439
100 33 440
100 33 441
100 33 442
100 33 444
100 33 447
100 33 449
100 33 450
100 33 451
100 33 452
100 33 453
100 33 454
100 33 455
100 33 613
100 33 626
100 33 627
100 33 639
100 33 655
100 33 657
100 33 658
100 33 659
100 33 660
100 33 661
100 33 662
100 33 673
100 33 674
100 33 675
100 1 399
100 1 400
100 1 401
100 1 402
100 1 406
100 1 408
100 1 409
100 1 410
100 1 411
100 1 412
100 1 413
100 1 415
100 1 416
100 1 417
100 1 421
100 1 422
100 1 427
100 1 428
100 1 429
100 1 430
100 1 431
100 1 434
100 1 436
100 1 437
100 1 438
100 1 440
100 1 441
100 1 443
100 1 444
100 1 445
100 1 447
100 1 449
100 1 450
100 1 451
100 1 452
100 1 453
100 1 454
100 1 455
100 1 657
100 1 658
100 1 659
100 1 660
100 1 662
100 1 674
100 1 675
100 54 399
100 54 400
100 54 401
100 54 402
100 54 403
100 54 404
100 54 405
100 54 407
100 54 408
100 54 409
100 54 410
100 54 411
100 54 412
100 54 413
100 54 414
100 54 416
100 54 417
100 54 419
100 54 421
100 54 422
100 54 423
100 54 424
100 54 425
100 54 426
100 54 428
100 54 429
100 54 431
100 54 434
100 54 439
100 54 440
100 54 442
100 54 443
100 54 444
100 54 445
100 54 447
100 54 449
100 54 450
100 54 451
100 54 452
100 54 453
100 54 480
100 54 483
100 54 484
100 54 494
100 54 548
100 54 549
100 54 580
100 54 655
100 54 657
100 54 658
100 54 659
100 54 660
100 54 661
100 54 662
100 54 674
100 54 675
33 1 448
33 1 467
33 1 471
33 1 472
33 1 475
33 1 477
33 1 478
33 1 481
33 1 482
33 1 484
33 1 485
33 1 486
33 1 487
33 1 488
33 1 489
33 1 490
33 1 491
33 1 492
33 1 493
33 1 494
33 1 495
33 1 496
33 1 497
33 1 506
33 1 511
33 1 538
33 1 540
33 1 541
33 1 543
33 1 544
33 1 549
33 1 552
33 1 555
33 1 576
33 1 578
33 1 579
33 1 580
33 1 582
33 1 584
33 1 585
33 1 586
33 1 587
33 1 588
33 1 589
33 1 590
33 1 591
33 1 592
33 1 593
33 1 595
33 1 598
33 1 600
33 1 601
33 1 603
33 1 604
33 1 605
33 1 606
33 1 607
33 1 608
33 1 609
33 1 610
33 1 613
33 1 614
33 1 615
33 1 616
33 1 619
33 1 620
33 1 622
33 1 623
33 1 624
33 1 625
33 1 626
33 1 627
33 1 628
33 1 629
33 1 630
33 1 631
33 1 632
33 1 633
33 1 634
33 1 639
33 1 640
33 1 641
33 1 644
33 1 645
33 1 646
33 1 650
33 1 651
33 1 652
33 1 653
33 1 654
33 1 655
33 1 656
91 46 315
91 46 329
91 46 331
91 46 332
91 46 340
91 46 343
91 46 344
91 46 349
91 46 350
91 46 352
91 46 358
91 46 359
91 46 373
91 46 374
91 46 375
91 46 379
91 46 383
91 46 384
91 46 385
91 46 386
91 46 387
91 46 388
91 46 390
91 46 391
91 46 396
91 46 401
91 46 404
91 110 1279
91 110 1280
91 110 1281
91 110 1283
91 110 1284
91 110 1285
91 110 1298
91 110 1299
91 110 1305
91 110 1306
91 110 1308
91 110 1309
91 110 1314
91 110 1322
91 110 1323
91 110 1327
91 110 1328
91 110 1332
91 110 1340
91 110 1346
91 110 1347
91 110 1354
91 110 1355
91 110 1359
91 110 1360
91 15 1297
46 114 670
46 114 671
46 114 672
46 114 673
46 114 674
46 114 675
46 114 676
46 114 677
46 114 678
46 114 679
46 114 680
46 114 681
46 114 682
46 114 683
46 114 684
46 114 685
46 114 686
46 114 687
46 114 689
46 114 690
46 114 691
46 114 692
46 114 694
46 114 695
46 114 702
46 114 703
46 114 704
46 114 705
46 114 706
46 114 707
46 114 708
46 114 709
46 114 710
46 49 688
11 84 329
11 84 348
11 84 356
11 84 362
11 84 366
11 84 390
11 84 506
11 51 330
11 51 332
11 51 333
11 51 334
11 51 358
11 51 359
11 51 394
11 51 488
11 51 507
11 69 362
11 110 378
84 69 339
84 69 345
84 69 346
84 69 347
84 54 359
84 54 363
84 54 436
84 54 513
84 54 515
84 119 403
84 119 404
84 119 405
84 119 406
84 119 413
84 119 419
84 119 420
84 119 431
84 119 437
84 119 438
84 119 441
84 119 443
84 119 444
84 15 417
84 9 418
84 9 424
84 9 432
84 51 431
84 88 441
84 88 443
84 88 444
84 116 452
84 116 453
51 37 380
51 37 381
51 37 382
51 37 384
51 37 385
51 37 386
51 37 387
51 37 388
51 37 389
51 37 390
51 37 391
51 37 392
51 37 393
51 37 394
51 37 395
51 37 448
51 37 456
51 37 457
51 94 381
51 94 385
51 94 386
51 94 390
51 94 394
51 94 395
51 94 396
51 94 398
51 94 400
51 94 401
51 94 402
51 94 403
51 94 404
51 94 408
51 94 409
51 94 410
51 94 411
51 94 416
51 94 429
51 94 430
51 94 432
51 94 435
51 94 436
51 94 437
51 94 448
51 94 449
51 94 450
51 94 451
51 94 454
51 94 455
51 94 456
51 94 457
51 94 458
51 107 409
51 107 410
51 69 409
51 1 437
51 29 502
51 29 503
51 42 503
51 116 516
69 54 361
69 54 385
69 37 401
69 80 454
69 80 455
69 119 454
72 81 340
72 81 341
72 81 361
72 113 455
81 54 348
81 54 354
81 54 356
81 39 432
81 49 443
81 49 444
81 24 656
81 24 660
81 24 671
81 24 738
81 24 755
81 24 756
81 24 760
81 24 764
81 24 777
81 24 780
81 24 781
81 24 782
81 24 783
81 24 784
81 24 785
81 24 786
81 24 787
81 24 789
81 24 803
81 24 804
81 24 843
81 24 844
81 24 845
81 24 846
81 24 847
81 24 848
81 24 849
81 24 850
81 93 656
81 93 657
81 93 682
81 93 683
81 93 685
81 93 714
81 93 715
81 93 720
81 93 721
81 93 725
81 93 733
81 93 735
81 93 746
81 93 755
81 93 757
81 93 850
81 16 656
81 16 661
81 16 662
81 16 663
81 16 664
81 16 665
81 16 667
81 16 668
81 16 669
81 16 670
81 16 677
81 16 678
81 16 707
81 16 729
81 16 730
81 16 731
81 16 746
81 16 847
81 16 849
81 122 656
81 122 675
81 122 690
81 122 719
81 122 782
81 122 811
81 122 845
81 38 662
81 38 665
81 38 677
81 38 678
81 38 679
81 38 680
81 38 683
81 38 746
81 38 747
81 38 748
81 38 749
81 38 750
81 38 751
81 38 752
81 38 753
81 38 755
81 38 791
81 38 793
81 38 794
81 38 795
81 38 806
81 38 807
81 38 808
81 38 809
81 38 810
81 38 811
81 38 814
81 38 815
81 38 817
81 38 818
81 38 836
81 38 837
81 96 713
81 96 729
81 96 735
81 96 850
81 52 716
81 52 717
81 52 751
81 52 758
81 52 759
81 52 764
81 52 765
81 52 766
81 52 767
81 52 769
81 52 770
81 52 771
81 52 772
81 52 774
81 52 775
81 52 776
81 52 777
81 52 778
81 52 779
81 52 781
81 52 786
81 52 838
81 52 850
81 44 730
81 95 836
81 95 841
81 95 846
49 88 342
49 88 398
49 88 405
49 88 406
49 88 410
49 88 443
49 119 443
49 119 444
49 35 717
49 35 764
49 121 828
88 108 692
88 55 787
54 35 399
54 35 400
54 35 401
54 35 402
54 35 403
54 35 404
54 35 405
54 35 408
54 35 409
54 35 410
54 35 413
54 35 414
54 35 416
54 35 417
54 35 419
54 35 420
54 35 421
54 35 423
54 35 424
54 35 425
54 35 426
54 35 428
54 35 429
54 35 432
54 35 437
54 35 438
54 35 439
54 35 440
54 35 441
54 35 444
54 35 445
54 35 446
54 35 447
54 35 448
54 35 449
54 35 450
54 35 451
54 35 452
54 35 467
54 35 471
54 35 473
54 35 474
54 35 475
54 35 476
54 35 477
54 35 478
54 35 480
54 35 481
54 35 482
54 35 488
54 35 489
54 35 490
54 35 491
54 35 492
54 35 493
54 35 494
54 35 495
54 35 496
54 35 513
54 35 522
54 35 524
54 35 527
54 35 531
54 35 535
54 35 536
54 35 543
54 35 545
54 35 548
54 35 549
54 35 550
54 35 551
54 35 552
54 35 553
54 35 554
54 35 578
54 35 580
54 35 582
54 35 583
54 35 586
54 35 587
54 35 589
54 35 590
54 35 593
54 35 594
54 35 595
54 35 596
54 35 597
54 35 599
54 35 600
54 35 601
54 35 602
54 35 603
54 35 604
54 35 605
54 35 606
54 35 607
54 35 608
54 35 609
54 35 610
54 35 614
54 35 615
54 35 616
54 35 618
54 35 619
54 35 620
54 35 621
54 35 622
54 35 623
54 35 624
54 35 629
54 35 630
54 35 631
54 35 633
54 35 634
54 35 635
54 35 637
54 35 638
54 35 640
54 35 641
54 35 643
54 35 644
54 35 645
54 35 647
54 35 649
54 35 650
54 35 652
54 35 653
54 35 654
54 35 656
54 35 657
54 35 658
54 35 659
54 35 660
54 35 661
54 35 662
54 35 663
54 35 664
54 35 665
54 35 666
54 35 667
54 35 668
54 35 671
54 35 673
54 35 674
54 1 399
54 1 400
54 1 401
54 1 402
54 1 409
54 1 410
54 1 411
54 1 412
54 1 413
54 1 414
54 1 416
54 1 417
54 1 420
54 1 421
54 1 422
54 1 423
54 1 424
54 1 426
54 1 428
54 1 429
54 1 431
54 1 432
54 1 433
54 1 434
54 1 435
54 1 439
54 1 441
54 1 443
54 1 444
54 1 445
54 1 446
54 1 447
54 1 448
54 1 449
54 1 450
54 1 451
54 1 452
54 1 454
54 1 467
54 1 472
54 1 473
54 1 474
54 1 475
54 1 477
54 1 478
54 1 479
54 1 480
54 1 481
54 1 482
54 1 483
54 1 484
54 1 488
54 1 489
54 1 490
54 1 491
54 1 492
54 1 493
54 1 494
54 1 495
54 1 496
54 1 497
54 1 499
54 1 541
54 1 542
54 1 543
54 1 548
54 1 549
54 1 550
54 1 551
54 1 552
54 1 553
54 1 554
54 1 575
54 1 576
54 1 577
54 1 583
54 1 584
54 1 588
54 1 592
54 1 593
54 1 595
54 1 596
54 1 597
54 1 598
54 1 599
54 1 600
54 1 601
54 1 605
54 1 606
54 1 607
54 1 608
54 1 609
54 1 614
54 1 615
54 1 619
54 1 620
54 1 622
54 1 623
54 1 625
54 1 626
54 1 627
54 1 628
54 1 629
54 1 630
54 1 631
54 1 633
54 1 634
54 1 635
54 1 637
54 1 639
54 1 640
54 1 641
54 1 642
54 1 643
54 1 644
54 1 645
54 1 646
54 1 650
54 1 651
54 1 652
54 1 653
54 1 654
54 1 655
54 1 656
54 1 657
54 1 658
54 1 659
54 1 660
54 1 661
54 1 662
54 1 663
54 1 664
54 1 665
54 1 666
54 1 667
54 1 668
54 1 672
54 1 673
54 1 674
54 20 400
54 20 403
54 20 406
54 20 410
54 20 412
54 20 417
54 20 420
54 20 422
54 20 424
54 20 435
54 9 417
54 9 421
54 9 422
54 9 423
54 9 424
54 9 429
54 9 430
54 9 431
54 9 441
54 9 461
54 9 462
54 9 472
54 9 473
54 9 475
54 9 498
54 9 502
54 9 504
54 107 427
54 110 475
54 12 626
16 43 373
16 43 374
16 43 375
16 43 379
16 43 380
16 43 382
16 43 387
16 43 391
16 43 456
16 43 457
16 43 460
16 95 657
16 95 658
16 95 670
16 95 678
16 95 681
16 95 709
16 95 713
16 95 717
16 95 730
16 95 774
16 95 789
16 95 790
16 95 795
16 95 843
16 95 848
16 128 661
16 128 671
16 128 677
16 128 687
16 128 729
16 128 768
16 128 769
16 128 794
16 128 795
16 128 796
16 128 808
16 128 820
16 128 823
16 128 825
16 40 662
16 40 663
16 40 665
16 40 670
16 40 673
16 40 678
16 40 682
16 40 766
16 89 681
16 89 687
16 89 691
16 89 698
16 89 729
16 89 732
16 89 742
16 89 759
16 89 797
16 89 840
16 89 842
16 89 847
16 55 689
16 55 719
16 55 750
16 55 812
16 55 844
16 55 846
16 55 847
16 55 848
16 55 849
16 55 850
16 98 712
16 98 714
16 98 721
16 113 731
16 13 742
16 52 764
16 58 766
16 114 813
16 114 854
43 80 374
43 80 376
43 80 418
43 80 419
43 80 420
43 80 421
43 80 422
43 80 440
43 80 441
43 80 443
43 80 444
43 80 445
43 80 446
43 80 447
43 80 451
43 39 397
43 35 446
43 108 811
43 108 813
43 108 835
43 108 836
43 108 837
43 108 838
43 108 840
43 108 842
80 15 374
80 15 379
80 113 454
80 113 455
80 113 726
80 113 730
80 113 731
80 113 739
80 113 741
80 113 755
80 113 758
80 113 761
15 119 406
15 42 1131
15 39 1187
15 39 1194
15 39 1195
15 39 1197
15 39 1198
15 21 1285
9 35 435
9 20 435
9 24 464
9 24 475
9 24 484
9 24 488
9 24 489
9 24 490
9 24 494
9 24 496
9 24 497
9 24 498
9 24 499
9 24 502
9 24 509
9 24 510
9 24 511
9 116 480
9 29 501
9 14 1341
110 13 1297
37 107 389
37 107 394
37 96 395
37 96 441
37 96 442
37 96 443
37 58 606
37 58 612
37 58 655
37 58 886
37 58 921
37 58 922
37 58 930
94 39 381
94 39 384
94 39 386
94 39 389
94 39 390
94 39 391
94 39 394
94 39 396
94 39 397
94 39 398
94 39 399
94 39 401
94 39 402
94 39 403
94 39 405
94 39 412
94 39 416
94 39 417
94 39 420
94 39 421
94 39 422
94 39 424
94 39 427
94 39 428
94 39 429
94 39 430
94 39 432
94 39 433
94 39 435
94 39 436
94 39 437
94 39 447
94 39 448
94 39 449
94 39 451
94 39 454
94 39 457
94 39 458
39 93 1077
39 93 1080
39 93 1085
39 93 1090
39 93 1109
39 93 1139
39 93 1140
39 93 1141
39 93 1142
39 93 1147
39 93 1151
39 93 1152
39 93 1153
39 93 1154
39 93 1156
39 93 1164
39 93 1166
39 93 1176
39 93 1178
39 93 1187
39 93 1190
39 93 1193
39 93 1199
39 93 1202
39 93 1218
39 93 1226
39 93 1228
39 93 1260
39 93 1265
39 93 1270
39 38 1273
107 76 392
107 76 393
119 62 388
119 62 389
119 62 390
119 62 391
119 62 393
119 62 395
62 73 1080
76 59 1054
76 59 1055
76 59 1057
76 59 1060
76 59 1062
76 59 1066
76 59 1067
76 59 1068
76 59 1069
76 59 1070
76 59 1071
76 59 1072
76 59 1073
76 59 1074
76 59 1076
76 59 1078
76 59 1079
76 59 1081
76 59 1087
76 59 1092
76 59 1094
76 59 1095
76 59 1109
76 59 1113
76 59 1114
76 59 1115
76 59 1116
76 59 1123
76 59 1124
76 75 1126
76 29 1126
96 128 684
96 128 687
96 128 706
96 128 707
96 128 724
96 128 725
96 128 726
96 128 727
96 128 729
96 128 838
96 17 687
96 17 692
96 17 693
96 17 697
96 17 713
96 17 715
96 17 716
96 17 720
96 17 722
96 17 723
96 17 724
96 17 725
96 17 726
96 17 727
96 17 729
96 17 732
96 17 754
96 17 755
96 17 759
96 17 777
96 17 791
96 17 792
96 17 799
96 17 800
96 17 827
96 17 843
96 17 845
96 17 847
96 17 848
96 17 850
96 55 688
96 55 719
96 55 720
96 55 761
96 55 846
96 55 847
96 55 848
96 95 713
96 95 734
96 95 735
96 95 755
96 95 763
96 95 764
96 95 765
96 95 766
96 95 768
96 95 773
96 95 774
96 95 782
96 95 783
96 95 784
96 95 785
96 95 786
96 95 787
96 95 790
96 95 791
96 95 796
96 95 822
96 95 829
96 95 834
96 95 838
96 95 839
96 95 844
96 95 845
96 89 716
96 89 733
96 89 737
96 89 738
96 89 828
96 89 829
96 89 830
96 89 831
96 89 832
96 89 833
96 89 834
96 89 835
96 89 840
96 89 847
96 25 738
96 25 739
35 1 398
35 1 399
35 1 401
35 1 402
35 1 403
35 1 404
35 1 405
35 1 406
35 1 407
35 1 408
35 1 409
35 1 410
35 1 411
35 1 413
35 1 414
35 1 415
35 1 416
35 1 417
35 1 419
35 1 424
35 1 425
35 1 426
35 1 427
35 1 428
35 1 430
35 1 432
35 1 437
35 1 438
35 1 442
35 1 445
35 1 446
35 1 449
35 1 450
35 1 452
35 1 657
35 1 658
35 1 659
35 1 660
35 1 661
35 1 663
35 1 665
35 1 667
35 1 674
35 1 675
35 98 448
35 98 456
35 98 457
35 98 458
35 98 459
35 98 460
35 98 461
35 98 462
35 98 463
35 98 464
35 98 465
35 98 466
35 98 467
35 98 494
35 98 495
35 98 496
35 98 497
35 98 503
35 98 504
35 98 506
35 98 509
35 98 510
35 98 511
35 98 512
35 98 513
35 98 516
35 98 526
35 98 532
35 98 534
35 98 535
35 98 539
35 98 540
35 98 542
35 98 544
35 98 548
35 98 549
35 98 550
35 98 551
35 98 552
35 98 561
35 98 568
35 98 569
35 98 575
35 98 576
35 98 578
35 98 579
35 98 580
35 98 582
35 98 583
35 98 584
35 98 586
35 98 587
35 98 588
35 98 589
35 98 590
35 98 591
35 98 593
35 98 595
35 98 599
35 98 600
35 98 601
35 98 602
35 98 603
35 98 604
35 98 609
35 98 610
35 98 611
35 98 612
35 98 614
35 98 615
35 98 616
35 98 618
35 98 619
35 98 620
35 98 622
35 98 623
35 98 624
35 98 625
35 98 650
35 98 653
35 98 654
35 98 656
35 79 580
35 93 669
35 95 814
1 20 398
1 20 400
1 20 403
1 20 406
1 20 417
1 20 424
1 20 438
1 98 448
1 98 457
1 98 458
1 98 459
1 98 460
1 98 461
1 98 462
1 98 463
1 98 464
1 98 491
1 98 492
1 98 494
1 98 497
1 98 498
1 98 499
1 98 500
1 98 501
1 98 502
1 98 505
1 98 506
1 98 507
1 98 508
1 98 509
1 98 512
1 98 513
1 98 514
1 98 515
1 98 516
1 98 517
1 98 519
1 98 521
1 98 523
1 98 524
1 98 539
1 98 540
1 98 544
1 98 549
1 98 551
1 98 580
1 98 582
1 98 583
1 98 584
1 98 585
1 98 586
1 98 587
1 98 588
1 98 589
1 98 591
1 98 593
1 98 595
1 98 596
1 98 597
1 98 600
1 98 601
1 98 602
1 98 603
1 98 608
1 98 609
1 98 613
1 98 614
1 98 615
1 98 619
1 98 623
1 98 639
1 98 651
1 98 652
1 98 653
1 98 654
1 98 656
1 52 672
20 93 1078
20 41 1082
20 41 1085
20 41 1101
20 41 1102
20 41 1106
20 38 1193
7 121 442
7 121 443
7 121 448
7 121 456
7 121 457
7 121 458
7 121 459
7 121 460
7 121 461
7 121 462
7 121 463
7 121 464
7 121 466
7 121 467
7 121 468
7 121 469
7 121 470
7 121 471
7 121 472
7 121 473
7 121 477
7 121 478
7 121 479
7 121 480
7 121 481
7 121 482
7 121 483
7 121 484
7 121 485
7 121 486
7 121 487
7 121 488
7 121 489
7 121 490
7 121 491
7 121 492
7 121 493
7 121 495
7 121 496
7 121 497
7 121 498
7 121 500
7 121 501
7 121 502
7 121 503
7 121 504
7 121 505
7 121 506
7 121 507
7 121 508
7 121 509
7 121 510
7 121 511
7 121 512
7 121 513
7 121 515
7 121 516
7 121 517
7 121 518
7 121 519
7 121 521
7 121 522
7 121 523
7 121 524
7 121 525
7 121 526
7 121 527
7 121 528
7 121 529
7 121 530
7 121 531
7 121 532
7 121 533
7 121 534
7 121 535
7 121 536
7 121 537
7 121 538
7 121 539
7 121 540
7 121 541
7 121 542
7 121 543
7 121 544
7 121 546
7 121 547
7 5 1308
7 5 1309
7 5 1310
7 5 1311
7 5 1312
7 5 1313
7 5 1314
7 5 1315
7 5 1316
7 5 1320
7 5 1321
7 5 1322
7 5 1323
7 5 1324
7 5 1325
7 5 1328
7 5 1331
7 5 1332
7 5 1333
7 5 1334
7 5 1336
7 5 1338
7 5 1339
7 5 1340
7 5 1341
7 5 1342
7 5 1343
127 5 445
127 5 447
127 5 449
127 5 450
127 5 451
127 5 452
127 5 453
127 5 454
127 5 455
98 29 604
98 29 605
98 93 712
98 93 856
116 79 1063
116 79 1064
116 79 1065
116 79 1066
116 79 1068
116 79 1069
116 79 1073
116 79 1080
116 79 1082
116 79 1088
116 79 1089
116 79 1090
116 79 1092
116 79 1093
116 79 1094
116 79 1095
116 79 1096
116 79 1106
116 79 1112
116 79 1114
116 79 1115
116 79 1116
116 79 1120
116 79 1122
116 41 1109
116 21 1110
24 17 656
24 17 670
24 17 671
24 17 761
24 17 773
24 17 810
24 17 811
24 17 842
24 17 849
24 89 658
24 89 659
24 89 660
24 89 662
24 89 663
24 89 665
24 89 675
24 89 761
24 89 765
24 89 766
24 89 768
24 89 769
24 89 773
24 89 774
24 89 776
24 89 777
24 89 778
24 89 779
24 89 780
24 89 781
24 89 782
24 89 784
24 89 785
24 89 786
24 89 787
24 89 788
24 89 789
24 89 790
24 89 791
24 89 799
24 89 811
24 95 660
24 95 661
24 95 676
24 95 737
24 95 738
24 95 739
24 95 818
24 95 819
24 95 821
24 40 685
24 40 687
24 40 691
24 40 692
24 40 694
24 40 727
24 40 732
24 40 735
24 40 736
24 40 740
24 40 751
24 40 766
24 40 789
24 40 791
24 40 792
24 55 753
24 55 756
24 55 762
24 55 763
24 55 764
24 55 765
24 55 768
24 55 769
24 55 770
24 55 771
24 55 772
24 55 774
24 55 775
24 55 776
24 55 777
24 55 778
24 55 779
24 55 780
24 55 781
24 55 782
24 55 783
24 55 784
24 55 785
24 55 786
24 55 787
24 55 788
24 55 792
24 55 793
24 55 795
24 55 796
24 128 761
24 128 762
24 128 763
24 128 767
24 128 768
24 128 782
24 128 839
24 2 803
29 40 481
29 40 482
29 40 483
29 40 484
29 40 487
29 40 488
29 40 489
29 40 490
29 40 491
29 40 492
29 40 493
29 40 494
29 40 495
29 40 496
29 40 497
29 40 500
29 40 501
29 40 506
29 40 517
29 40 520
29 40 537
29 40 538
29 40 539
29 40 540
29 40 541
29 40 544
29 40 546
29 40 547
29 40 549
29 40 557
29 40 560
29 40 572
29 40 573
29 40 574
29 40 575
29 40 576
29 40 579
29 40 580
29 40 584
29 40 587
29 40 588
29 40 589
29 40 591
29 40 592
29 40 595
29 40 608
29 40 609
29 40 610
29 40 611
29 14 1068
29 14 1069
29 3 1069
29 122 1069
29 122 1070
29 122 1072
29 122 1079
29 122 1085
29 122 1089
29 122 1114
29 122 1120
29 122 1124
29 79 1108
29 79 1115
29 79 1116
29 79 1120
29 38 1111
29 59 1127
40 75 486
40 122 664
40 93 669
40 93 671
40 93 745
40 93 746
40 93 750
40 93 751
40 52 743
40 52 752
40 52 753
40 52 754
40 52 758
40 95 752
75 122 1079
75 122 1087
75 122 1091
42 21 1135
58 89 821
58 89 822
52 93 674
52 128 730
52 128 827
52 128 828
52 128 829
52 128 832
52 128 833
52 128 834
52 128 835
52 128 836
12 3 846
12 3 848
12 3 853
12 3 854
12 3 855
12 3 856
12 3 857
12 3 858
12 3 860
12 3 861
12 3 863
12 3 864
12 3 867
12 3 868
12 3 878
12 3 879
12 3 880
12 3 881
12 3 883
12 3 884
12 3 886
12 3 887
12 3 895
12 3 901
12 3 906
12 3 907
12 3 912
12 3 918
12 3 919
12 3 920
12 3 925
12 3 926
12 3 927
12 3 928
12 3 945
12 3 946
12 3 947
12 3 948
12 3 949
12 3 950
12 3 960
12 3 961
12 3 962
12 3 963
12 3 964
12 3 969
12 3 970
12 3 971
12 3 972
12 3 973
12 3 974
12 3 975
12 3 976
12 3 977
12 3 978
12 3 980
12 3 981
12 3 982
12 3 983
12 3 984
12 3 986
12 3 996
12 3 998
12 3 1008
12 3 1009
12 3 1010
12 3 1011
12 3 1012
12 3 1013
12 3 1014
12 3 1015
12 3 1016
12 3 1017
12 3 1022
12 3 1023
12 3 1024
12 3 1025
12 3 1026
12 3 1027
12 3 1030
12 3 1031
12 3 1032
12 3 1033
12 3 1034
12 3 1035
12 3 1036
12 3 1037
12 3 1038
12 3 1039
12 3 1040
12 3 1041
12 3 1042
12 3 1044
12 3 1045
12 3 1046
12 3 1049
12 3 1050
12 3 1051
12 3 1052
12 3 1053
12 3 1054
12 3 1055
12 3 1056
12 3 1057
12 3 1058
12 3 1059
12 3 1060
12 3 1061
12 3 1062
12 3 1063
12 3 1065
12 3 1066
12 3 1067
12 3 1068
12 3 1070
12 3 1071
12 3 1074
12 3 1075
12 3 1076
12 3 1078
12 3 1079
12 3 1080
12 3 1083
12 3 1084
12 3 1086
12 3 1087
12 3 1088
12 3 1089
93 89 660
93 89 661
93 89 662
93 89 663
93 89 664
93 89 665
93 89 666
93 89 668
93 89 669
93 89 670
93 89 671
93 89 674
93 89 675
93 89 677
93 89 678
93 89 679
93 89 680
93 89 681
93 89 682
93 89 685
93 89 686
93 89 688
93 89 691
93 89 692
93 89 697
93 89 706
93 89 707
93 89 708
93 89 709
93 89 710
93 89 725
93 89 726
93 89 728
93 89 745
93 89 746
93 89 757
93 89 758
93 89 760
93 89 791
93 89 794
93 89 796
93 89 814
93 89 832
93 89 833
93 25 662
93 25 674
93 25 675
93 25 751
93 25 828
93 25 832
93 17 668
93 17 682
93 17 689
93 17 690
93 17 691
93 17 708
93 17 710
93 17 712
93 17 714
93 17 715
93 17 718
93 17 791
93 17 792
93 17 797
93 17 798
93 17 845
93 128 677
93 128 678
93 128 679
93 128 686
93 128 688
93 128 692
93 128 760
93 128 798
93 128 810
93 108 696
93 55 719
93 55 733
93 55 738
93 55 749
93 55 750
93 55 751
93 55 844
122 95 676
122 17 689
122 17 705
122 17 838
122 92 822
122 55 837
122 25 838
122 89 840
122 89 841
122 89 842
122 89 844
122 89 851
17 95 657
17 95 665
17 95 686
17 95 698
17 95 720
17 95 730
17 95 775
17 95 798
17 95 799
17 95 801
17 95 810
17 95 820
17 95 823
17 95 824
17 95 825
17 59 860
17 3 905
17 14 905
89 95 692
89 95 694
89 95 702
89 95 746
89 95 810
89 95 846
89 108 693
89 108 696
89 108 699
89 108 700
89 108 701
89 108 702
89 108 812
89 108 813
89 108 814
89 108 815
89 108 816
89 108 818
89 108 820
89 108 822
89 108 823
89 108 826
89 108 827
89 108 830
89 108 831
89 108 832
89 108 833
89 108 837
89 108 838
89 108 841
89 108 842
89 108 845
89 108 846
89 108 848
89 108 849
89 108 851
89 108 852
89 108 853
89 108 854
89 108 857
89 108 859
89 108 860
89 108 862
89 108 863
89 108 868
89 108 872
89 108 873
89 108 876
89 108 877
89 108 878
89 108 879
89 108 880
89 108 882
89 108 888
89 108 889
89 108 890
89 108 891
89 108 892
89 108 893
89 108 894
89 108 895
89 108 896
89 108 898
89 108 906
89 108 907
89 108 908
89 108 909
89 108 910
89 108 911
89 108 912
89 108 913
89 108 914
89 108 915
89 108 916
89 108 919
89 108 929
89 108 937
89 73 693
89 73 695
89 73 696
89 73 814
89 73 815
89 73 816
89 73 817
89 73 818
89 73 819
89 73 820
89 73 821
89 73 822
89 73 823
95 128 660
95 128 661
95 128 692
95 128 694
95 128 727
95 128 794
95 128 807
95 128 812
95 128 823
95 128 825
95 128 830
95 128 831
95 128 832
95 128 834
95 128 846
95 55 689
95 55 743
95 55 749
95 55 755
95 55 829
95 55 830
95 55 832
95 55 837
95 55 850
95 25 810
25 44 880
25 44 881
25 44 882
25 44 883
25 44 884
25 44 885
25 44 886
25 44 893
25 44 894
25 44 895
25 44 896
25 44 897
25 44 900
25 44 901
25 44 902
25 44 903
25 44 904
25 44 905
25 44 907
25 44 908
25 44 909
25 44 910
25 44 911
25 44 912
25 44 913
25 44 914
25 44 915
25 44 922
25 44 923
25 44 925
25 44 926
25 44 927
25 44 933
25 44 934
25 44 935
25 44 936
25 44 937
25 44 938
25 44 939
25 44 940
25 44 941
25 44 942
25 44 943
25 44 944
25 44 945
25 44 946
25 44 947
25 44 948
25 44 949
25 44 950
25 44 951
25 44 952
25 44 953
25 44 954
25 44 955
25 44 957
25 44 960
25 44 966
25 44 968
25 44 969
25 44 971
25 44 979
25 44 980
25 44 981
25 44 982
25 44 1013
25 44 1014
25 44 1015
25 44 1016
25 44 1017
25 44 1018
25 44 1019
25 44 1027
25 44 1034
25 44 1035
25 44 1052
25 44 1057
25 44 1058
25 44 1059
25 44 1061
25 44 1065
25 44 1066
25 44 1067
25 44 1069
25 44 1072
25 44 1073
25 44 1074
25 44 1075
25 44 1076
25 44 1077
25 44 1078
25 44 1079
25 44 1080
25 44 1081
25 44 1082
25 44 1083
25 44 1084
25 44 1085
25 44 1086
25 44 1087
25 44 1088
25 44 1089
25 44 1090
25 44 1091
25 44 1093
25 44 1094
25 44 1102
25 44 1103
25 44 1105
25 44 1107
25 44 1108
25 44 1109
25 44 1110
25 44 1111
25 44 1112
25 44 1114
25 44 1115
25 44 1116
25 44 1118
25 44 1119
25 44 1120
25 44 1121
25 44 1122
25 44 1132
25 44 1133
25 44 1134
25 44 1135
25 44 1136
25 44 1137
25 44 1138
25 44 1139
25 44 1140
25 44 1141
25 44 1142
25 44 1143
25 44 1144
25 44 1146
25 44 1148
25 44 1150
25 44 1151
25 44 1152
25 44 1153
25 44 1154
25 44 1155
25 44 1156
25 44 1157
25 44 1158
25 44 1159
25 44 1161
25 44 1162
25 44 1163
25 44 1164
25 44 1165
25 44 1166
25 44 1167
25 44 1168
25 44 1171
25 44 1172
25 44 1175
25 44 1176
25 44 1182
55 108 822
55 73 822
114 92 808
114 41 808
114 41 810
114 41 818
114 41 819
114 41 820
114 41 822
114 41 825
114 41 826
114 41 827
114 41 839
114 41 841
14 3 844
14 3 845
14 3 847
14 3 850
14 3 851
21 131 1285
21 131 1288
21 131 1289
21 131 1291
21 131 1297
21 131 1299
21 131 1302
21 131 1303
21 131 1305
21 131 1316
21 131 1319
21 131 1321
21 131 1323
21 131 1332
21 131 1339
21 131 1340
21 131 1344
21 131 1346
21 131 1347
21 131 1348
21 131 1349
21 131 1350
21 131 1351
21 131 1352
21 131 1353
21 131 1354
21 131 1355
21 131 1356
21 131 1357
21 131 1358
