97 76 0
97 76 5
97 76 13
97 76 14
97 76 15
97 76 17
97 76 154
97 76 164
97 76 165
97 76 166
97 76 183
97 76 184
97 76 185
97 76 191
97 76 192
97 76 203
97 76 204
97 76 207
97 76 214
97 76 215
97 76 216
97 76 217
97 76 218
97 76 219
97 76 220
97 76 221
97 76 223
97 76 240
97 76 247
97 80 4
97 80 12
97 80 16
97 80 18
97 80 19
97 80 20
97 80 21
97 80 22
97 80 23
97 80 24
97 80 25
97 80 26
97 80 27
97 80 29
97 80 33
97 80 36
97 80 37
97 80 38
97 80 39
97 80 40
97 80 41
97 80 42
97 80 44
97 80 45
97 80 46
97 80 47
97 80 49
97 80 50
97 80 70
97 80 71
97 80 73
97 80 77
97 80 80
97 80 86
97 80 88
97 80 91
97 80 92
97 80 95
97 80 108
97 80 110
97 80 119
97 80 120
97 80 121
97 80 124
97 80 140
97 80 194
97 35 41
97 35 58
97 84 129
97 101 232
97 90 232
97 90 238
97 85 235
97 85 236
97 85 237
97 85 247
97 85 248
76 122 56
76 84 133
76 46 134
76 46 136
76 46 139
76 101 232
76 24 233
80 35 41
80 35 56
80 35 58
80 0 44
80 0 54
80 0 67
80 0 70
80 0 71
80 0 85
80 0 93
80 0 103
80 0 105
80 0 109
80 0 110
80 0 115
80 0 125
80 0 127
80 0 128
80 0 134
80 0 145
80 0 156
80 0 158
80 0 161
80 0 163
80 0 164
80 0 165
80 0 166
80 0 173
80 0 174
80 0 176
80 0 178
80 0 179
80 0 182
80 0 183
80 0 184
80 0 185
80 0 186
80 0 187
80 0 188
80 0 189
80 0 190
80 0 191
80 0 203
80 0 204
80 0 205
80 0 207
80 0 208
80 0 212
80 0 213
80 0 218
80 0 219
80 0 220
80 85 247
12 35 19
12 35 21
12 35 24
12 35 27
12 35 35
12 35 41
12 35 47
12 35 50
12 35 53
12 35 61
12 35 68
12 35 72
12 35 73
12 35 85
12 35 98
12 35 99
12 35 102
12 35 106
12 35 107
12 35 119
12 35 120
12 35 128
12 35 130
12 35 133
12 19 221
12 19 222
12 19 223
12 19 230
12 19 265
12 19 266
12 19 268
12 19 269
12 19 270
12 19 295
12 19 317
12 55 274
12 30 286
12 30 287
12 31 300
12 31 301
35 122 56
35 47 428
35 47 429
35 47 431
35 47 433
35 47 434
35 47 442
35 47 445
35 47 451
35 47 452
35 47 453
35 47 454
35 47 455
35 47 457
35 47 458
35 47 459
35 47 462
35 47 463
35 47 464
35 47 465
35 47 466
35 47 467
35 47 468
35 47 469
35 47 471
35 47 473
35 47 475
35 47 476
35 47 477
35 47 478
35 47 479
35 47 480
35 47 483
35 47 484
35 47 485
35 47 486
35 47 487
35 47 489
35 47 503
35 47 506
35 47 507
35 47 521
35 47 529
35 47 544
35 77 429
35 77 451
35 77 461
35 77 471
35 77 472
35 77 473
35 77 482
35 77 505
35 77 522
35 77 544
35 77 545
35 40 429
35 40 431
35 40 451
35 40 460
35 40 472
35 40 475
35 40 477
35 40 478
35 40 480
35 40 482
35 40 483
35 40 484
35 40 485
35 40 486
35 40 487
35 40 503
35 40 505
35 40 544
35 40 545
37 15 20
37 15 26
37 15 28
37 15 29
37 15 32
37 15 34
37 15 46
37 15 48
37 15 49
37 15 51
37 15 52
37 15 56
37 15 75
37 15 103
37 15 104
37 15 105
37 15 108
37 15 123
37 15 125
37 15 134
37 15 135
37 8 41
37 14 610
37 75 612
37 75 614
37 26 614
37 26 615
37 26 616
37 26 617
37 2 652
15 95 367
84 0 26
84 0 27
84 0 28
84 0 29
84 0 30
84 0 33
84 0 35
84 0 36
84 0 37
84 0 38
84 0 40
84 0 41
84 0 42
84 0 43
84 0 46
84 0 47
84 0 48
84 0 49
84 0 52
84 0 53
84 0 55
84 0 65
84 0 66
84 0 68
84 0 69
84 0 84
84 0 86
84 0 89
84 0 90
84 0 91
84 0 92
84 0 98
84 0 99
84 0 101
84 0 102
84 0 104
84 0 106
84 0 108
84 0 111
84 0 112
84 0 113
84 0 114
84 0 126
84 0 130
84 0 131
84 0 132
84 0 133
84 0 134
84 0 135
84 0 136
84 0 137
84 0 138
84 0 140
84 0 142
84 0 143
84 0 146
84 0 147
84 0 149
84 0 150
84 0 151
84 0 152
84 0 154
84 0 155
84 0 157
84 0 159
84 0 160
84 0 162
84 0 180
84 94 215
84 74 497
84 74 502
84 74 503
84 74 504
84 74 518
84 74 525
84 74 526
84 74 540
84 74 546
84 74 550
84 74 551
84 74 552
84 74 581
84 74 592
84 74 593
84 74 594
84 74 595
84 74 597
84 74 598
84 74 619
84 74 620
84 74 621
84 74 622
84 74 623
84 74 627
84 74 653
84 74 655
84 74 656
84 74 661
84 74 720
84 74 835
84 74 840
84 32 567
84 63 596
84 63 597
84 10 624
84 10 628
84 103 643
84 103 644
84 87 815
84 87 816
84 9 839
122 8 34
122 8 35
122 8 36
122 8 39
122 8 40
122 8 42
122 8 45
122 8 47
122 8 52
122 8 55
122 8 56
122 8 57
122 8 58
8 13 565
8 13 572
8 13 575
8 13 579
8 13 580
8 13 598
8 13 599
8 13 600
8 13 603
8 13 606
8 13 609
8 13 610
8 13 616
8 13 618
8 13 620
8 13 624
8 13 628
8 13 631
8 13 638
8 13 640
8 13 643
8 13 651
8 13 662
8 13 663
8 13 683
8 13 689
8 13 690
8 13 691
8 13 699
8 13 702
8 13 720
8 13 722
8 13 723
8 13 727
8 13 752
8 13 753
8 13 755
8 13 760
6 117 43
6 117 44
6 9 830
6 9 832
6 9 835
6 9 865
6 9 869
6 9 872
6 9 876
6 9 886
6 9 887
6 9 888
6 9 893
6 9 897
6 9 898
6 9 899
6 9 900
6 9 903
6 9 911
6 9 913
6 9 917
6 9 918
6 9 919
6 40 905
117 75 758
117 75 759
117 75 760
117 75 761
117 75 762
117 75 763
117 75 765
117 75 766
117 75 788
117 75 789
117 75 791
117 75 792
117 75 811
117 75 813
117 75 816
117 75 824
117 75 828
117 75 832
117 75 834
117 75 836
117 75 843
117 75 889
117 120 763
117 120 765
117 120 766
117 120 769
117 120 770
117 120 772
117 120 773
117 120 805
117 120 806
117 120 812
117 120 832
117 120 842
117 120 860
117 120 861
117 120 863
117 120 864
117 120 869
117 120 899
117 120 907
117 120 908
117 120 913
117 120 915
117 120 916
117 120 917
117 98 898
123 9 94
123 9 112
123 9 123
123 9 124
123 9 125
123 9 127
123 9 163
123 9 164
123 9 165
123 9 167
123 9 169
123 9 170
123 9 171
123 9 174
123 9 181
123 9 182
123 9 183
123 9 184
123 9 185
123 9 186
123 9 187
123 9 188
123 9 189
123 9 190
123 9 192
123 9 193
123 9 195
123 9 196
123 9 197
123 9 199
123 9 200
123 9 201
123 9 202
123 9 208
123 9 214
123 9 222
123 9 226
123 9 232
123 9 233
123 9 251
123 9 268
123 9 269
123 9 271
123 9 272
123 9 273
123 9 274
123 9 282
123 9 297
123 9 302
123 9 310
123 9 311
123 9 312
123 9 321
123 9 324
123 9 326
123 9 327
123 9 330
123 9 354
123 9 355
123 9 356
123 9 360
123 9 362
123 9 364
123 9 365
123 9 369
123 9 370
123 9 376
123 9 377
123 9 378
123 9 379
123 9 393
123 9 394
123 9 396
123 9 424
123 9 427
123 9 428
123 9 429
123 9 432
123 9 433
9 14 828
9 14 830
9 14 831
9 22 831
9 22 832
9 22 833
9 22 835
9 22 836
9 22 846
9 22 869
9 22 878
9 22 882
9 22 891
9 22 897
9 22 898
9 22 899
9 22 900
9 22 901
9 22 902
9 22 903
9 22 904
9 22 912
9 56 843
9 38 913
7 118 95
7 118 126
7 118 295
7 112 295
7 112 326
7 44 295
7 98 297
7 68 298
7 71 314
7 90 314
7 1 320
7 1 321
7 1 333
7 13 321
7 38 321
7 38 324
7 38 333
7 57 348
7 31 353
7 31 354
7 31 355
7 95 374
118 42 236
118 42 237
118 42 251
118 42 252
118 42 257
118 42 259
118 42 262
118 42 276
118 42 287
118 42 288
118 42 290
118 42 291
118 42 292
118 42 296
118 42 297
118 42 301
118 42 302
118 42 312
118 42 325
118 42 335
118 79 300
46 88 764
46 115 804
46 115 812
46 115 832
49 72 135
49 72 138
49 72 140
49 22 522
49 22 526
49 22 528
49 22 530
49 22 533
49 22 534
49 22 551
49 22 552
72 98 262
72 87 506
72 87 507
72 87 512
72 87 518
72 87 519
72 87 520
72 87 524
72 87 527
72 87 530
72 87 531
72 87 532
72 87 533
72 87 534
72 87 535
72 87 555
72 87 558
72 87 559
72 87 561
72 87 567
72 87 568
72 87 570
72 87 571
72 87 572
72 87 573
72 87 574
72 87 575
72 87 582
72 87 599
72 87 600
72 87 601
72 87 602
72 87 603
72 87 606
72 87 607
72 87 608
72 87 615
72 87 622
72 87 623
72 87 627
72 87 629
72 87 630
72 87 632
72 87 640
72 87 645
72 87 647
72 87 648
72 87 649
72 87 651
72 87 654
72 87 660
72 21 509
72 21 517
72 21 520
72 21 523
72 21 524
72 21 525
72 21 527
72 21 530
72 21 554
72 21 555
72 21 563
72 21 568
72 21 569
72 21 593
72 21 594
72 21 595
72 21 597
72 21 603
72 21 628
72 21 629
72 21 645
72 10 587
72 10 588
72 13 587
3 59 159
3 59 160
3 59 161
3 59 170
3 59 194
3 53 162
3 53 163
3 53 173
3 53 181
3 53 189
3 53 192
3 53 193
3 53 194
3 53 195
3 53 196
3 53 205
3 53 212
3 53 216
3 53 225
3 53 229
3 53 231
3 53 234
3 53 236
3 53 239
3 53 240
3 53 244
3 53 255
3 53 259
3 53 260
3 53 265
3 53 269
3 53 270
3 53 275
3 53 277
3 53 281
3 53 282
3 53 284
3 53 285
3 53 286
3 53 287
3 53 290
3 53 291
3 53 293
3 53 299
3 53 300
3 53 301
3 61 167
3 61 187
3 61 188
3 61 193
3 61 196
3 61 198
3 61 199
3 61 201
3 61 202
3 61 203
3 61 204
3 61 205
3 61 207
3 61 208
3 61 210
3 61 212
3 61 214
3 61 222
3 61 228
3 61 242
3 61 243
3 61 248
3 61 254
3 61 255
3 61 256
3 61 257
3 61 259
3 61 260
3 61 270
3 61 276
3 61 277
3 61 284
3 61 285
3 61 286
3 61 287
3 61 288
3 61 295
3 61 297
3 61 299
3 61 300
3 61 301
3 39 172
3 39 194
3 39 195
3 85 174
3 85 179
3 90 174
3 90 178
3 90 179
3 90 180
3 90 184
3 90 185
3 101 178
3 101 179
3 101 183
3 94 193
3 94 194
3 94 196
3 94 205
3 94 208
3 94 213
3 94 215
3 94 217
3 94 221
3 94 226
3 94 228
3 94 229
3 94 230
3 94 231
3 94 300
3 94 301
3 41 196
3 41 197
3 41 213
3 41 231
3 41 232
3 41 233
3 41 234
3 41 239
3 41 242
3 41 261
3 41 262
3 41 300
3 24 255
3 98 275
3 98 276
3 68 275
3 54 276
3 54 297
59 55 162
59 55 168
59 55 175
59 55 194
59 41 194
59 41 195
59 81 284
59 81 290
59 81 291
59 81 292
59 81 293
59 81 294
59 81 295
59 81 297
59 81 298
59 81 299
59 81 300
59 81 313
59 81 335
59 81 337
59 81 358
59 81 365
59 81 367
59 81 370
59 81 373
59 81 374
59 91 284
59 91 286
59 91 287
59 91 288
59 91 289
59 91 290
59 91 291
59 91 292
59 91 293
59 91 294
59 91 295
59 91 297
59 91 298
59 91 299
59 91 300
59 91 301
59 91 302
59 91 305
59 91 306
59 91 310
59 91 311
59 91 312
59 91 324
59 91 329
59 91 330
59 91 331
59 91 332
59 91 334
59 91 335
59 91 336
59 91 337
59 91 338
59 91 339
59 91 341
59 91 343
59 91 345
59 91 353
59 91 356
59 91 358
59 91 361
59 91 362
59 91 363
59 91 364
59 91 365
59 91 366
59 91 367
59 91 368
59 91 369
59 91 370
59 91 373
59 91 374
59 86 310
41 94 161
41 94 163
41 94 197
41 94 225
41 94 228
41 94 300
41 90 178
41 90 179
41 53 187
41 53 197
41 53 209
41 53 213
41 53 216
41 53 217
41 53 222
41 53 223
41 53 224
41 53 228
41 53 294
41 53 296
41 53 300
41 53 988
41 23 656
41 23 672
41 23 696
41 23 723
41 23 727
41 23 836
41 23 847
41 23 850
41 36 656
41 36 657
41 36 665
41 36 671
41 36 672
41 36 675
41 36 697
41 36 729
41 36 754
41 36 755
41 36 756
41 36 763
41 36 764
41 36 765
41 36 775
41 36 804
41 36 805
41 36 806
41 36 808
41 36 809
41 36 823
41 36 837
41 36 838
41 36 842
41 36 848
41 36 849
41 36 850
41 36 855
41 36 861
41 36 862
41 36 863
41 36 864
41 36 865
41 36 866
41 36 867
41 36 868
41 36 869
41 36 870
41 36 871
41 36 872
41 36 873
41 36 874
41 36 877
41 36 878
41 36 879
41 36 880
41 36 881
41 36 882
41 36 883
41 36 884
41 36 885
41 36 886
41 36 887
41 36 888
41 36 890
41 36 891
41 36 892
41 36 893
41 36 894
41 36 895
41 36 896
41 36 897
41 36 898
41 36 899
41 36 900
41 36 901
41 36 902
41 36 905
41 36 906
41 36 907
41 36 908
41 36 909
41 36 910
41 36 911
41 36 912
41 36 913
41 36 914
41 36 915
41 36 916
41 36 917
41 36 918
41 36 919
41 36 920
41 36 921
41 36 922
41 36 923
41 36 924
41 36 925
41 36 926
41 36 927
41 36 928
41 36 929
41 36 931
41 36 932
41 36 933
41 36 942
41 36 943
41 36 944
41 36 945
41 36 946
41 36 948
41 36 949
41 36 950
41 36 952
41 36 970
41 36 979
41 36 989
41 36 997
41 36 999
41 36 1000
41 36 1001
41 36 1002
41 36 1003
41 36 1004
41 36 1007
41 36 1009
41 36 1010
41 36 1011
41 36 1014
41 36 1015
41 36 1016
41 36 1017
41 36 1092
41 36 1093
41 36 1096
41 36 1097
41 36 1100
41 36 1101
41 66 672
41 66 673
41 107 694
41 20 717
41 51 786
41 51 838
41 51 888
41 51 897
41 51 934
41 51 935
41 51 937
41 27 804
41 79 840
41 87 869
41 87 870
41 87 871
41 87 877
41 87 897
41 87 919
41 100 959
41 40 959
41 40 960
41 40 988
41 40 989
41 40 992
41 104 964
41 121 988
94 55 161
94 55 167
94 55 189
94 55 193
94 55 196
94 55 197
94 55 201
94 55 203
94 55 204
94 55 205
94 55 211
94 55 212
94 55 214
94 55 216
94 55 217
94 55 218
94 55 220
94 55 221
94 55 225
94 55 228
94 55 229
94 55 230
94 55 296
94 55 300
94 55 301
94 61 161
94 61 163
94 61 197
94 61 200
94 61 206
94 61 301
94 89 174
94 93 183
94 101 184
94 101 185
94 96 528
94 96 551
55 90 167
55 90 173
55 90 178
55 90 179
55 85 174
55 99 175
55 99 180
55 32 535
55 32 537
55 32 540
55 32 543
55 32 600
55 32 607
55 32 617
55 32 618
55 32 619
55 32 620
55 32 621
55 32 623
55 32 624
55 32 664
55 32 682
55 32 689
55 32 690
55 32 691
55 32 692
55 32 698
55 32 699
55 32 700
55 32 701
55 32 702
55 32 707
55 32 711
55 32 712
55 32 715
55 32 716
55 45 535
55 45 536
55 45 540
55 45 582
55 45 590
55 45 620
55 45 621
55 45 622
55 45 664
55 45 679
55 45 680
55 45 681
55 45 688
55 45 689
55 45 690
55 45 691
55 45 695
55 45 697
55 45 698
55 45 712
55 45 715
55 45 716
55 119 547
55 119 573
55 119 598
55 119 599
55 119 603
55 119 608
55 119 639
55 119 694
55 119 696
55 119 700
55 119 715
55 119 716
55 116 609
55 51 702
61 53 163
61 53 166
61 53 169
61 53 174
61 53 188
61 53 193
61 53 197
61 53 203
61 53 204
61 53 205
61 53 212
61 53 216
61 53 217
61 53 221
61 53 228
61 53 246
61 53 248
61 53 259
61 53 260
61 53 268
61 53 269
61 53 271
61 53 277
61 53 280
61 53 285
61 53 286
61 53 287
61 53 293
61 53 296
61 53 300
61 39 164
61 39 196
61 39 211
61 39 213
61 39 226
61 39 229
61 39 243
61 39 264
61 39 267
61 39 300
61 39 301
61 24 204
61 24 205
61 24 220
61 24 222
61 24 234
61 24 236
61 24 253
61 24 254
61 24 267
61 24 273
53 101 166
53 101 179
53 101 184
53 101 187
53 54 275
53 54 276
53 68 275
53 68 276
53 116 854
53 116 858
53 116 859
53 116 860
53 116 862
53 116 863
53 116 865
53 116 866
53 116 867
53 116 874
53 116 885
53 116 886
53 116 887
53 116 888
53 116 890
53 116 891
53 116 892
53 116 898
53 116 899
53 116 900
53 116 901
53 116 902
53 116 903
53 116 906
53 116 907
53 116 909
53 116 916
53 116 919
53 116 920
53 116 924
53 116 927
53 116 931
53 116 932
53 116 936
53 116 937
53 116 941
53 116 943
53 116 951
53 116 953
53 116 955
53 116 956
53 116 957
53 116 958
53 116 987
53 116 990
53 116 991
53 116 993
53 116 994
53 116 996
53 116 999
53 116 1000
53 116 1001
53 116 1002
53 116 1003
53 116 1004
53 116 1006
53 116 1007
53 116 1008
53 116 1009
53 116 1011
53 116 1012
53 96 865
53 96 866
53 89 938
53 89 939
53 89 946
53 71 939
53 93 940
53 93 941
53 93 942
53 93 953
53 32 954
53 83 963
53 83 1010
53 83 1026
101 85 163
101 85 169
101 85 189
101 85 192
101 85 193
101 85 198
101 85 199
101 85 204
101 85 205
101 85 213
101 85 214
101 85 215
101 85 216
101 85 217
101 85 218
101 85 222
101 85 223
101 85 224
101 85 226
101 85 233
101 85 234
101 85 238
101 85 239
101 85 240
101 85 241
101 85 242
101 85 243
101 85 244
101 85 245
101 85 246
101 85 247
101 90 164
101 90 169
101 90 171
101 90 173
101 90 183
101 90 184
101 90 192
101 90 193
101 90 208
101 90 215
101 90 233
101 90 236
101 90 238
101 90 240
101 90 241
101 90 242
101 90 243
101 90 244
101 90 245
101 90 246
101 90 247
101 39 172
101 26 231
101 51 1045
101 58 1045
101 58 1049
101 58 1052
101 58 1054
101 58 1069
101 58 1071
101 58 1074
101 58 1081
101 58 1083
101 58 1085
85 93 168
85 91 284
85 91 285
85 91 289
85 91 290
85 91 291
85 91 293
85 91 297
85 91 298
85 91 299
85 91 300
85 91 307
85 91 310
85 91 311
85 91 312
85 91 313
85 91 319
85 91 320
85 91 321
85 91 328
85 91 331
85 91 333
85 91 335
85 91 336
85 91 337
85 91 358
85 91 359
85 91 364
85 91 366
85 91 373
85 91 374
85 57 311
85 57 312
85 57 319
85 57 331
85 57 336
85 57 338
85 57 341
85 57 360
85 57 371
85 29 336
85 16 348
85 66 348
85 1 348
85 54 360
89 90 163
89 90 165
89 90 166
89 90 167
89 90 183
89 90 191
89 90 193
89 90 197
89 90 205
89 90 214
89 90 233
89 90 234
89 90 238
89 90 239
89 90 240
89 90 241
89 90 242
89 90 243
89 90 244
89 90 245
89 90 246
89 21 895
89 21 900
89 21 901
89 21 902
89 21 903
89 21 906
89 21 907
89 21 909
89 21 910
89 21 915
89 21 917
89 21 918
89 21 919
89 21 1052
89 21 1066
89 21 1068
89 21 1069
89 21 1071
89 21 1072
89 34 899
89 34 900
89 34 901
89 34 902
89 34 903
89 34 904
89 34 906
89 34 907
89 34 908
89 34 910
89 34 915
89 34 917
89 34 918
89 34 919
89 34 920
89 34 924
89 34 926
89 34 928
89 34 931
89 34 932
89 34 933
89 34 934
89 34 935
89 34 936
89 34 937
89 34 938
89 34 939
89 34 940
89 34 941
89 34 945
89 34 948
89 34 949
89 34 950
89 34 951
89 34 952
89 34 954
89 34 955
89 34 956
89 34 961
89 34 964
89 34 968
89 34 969
89 34 970
89 34 971
89 34 972
89 34 991
89 34 992
89 34 993
89 34 1009
89 34 1012
89 34 1013
89 34 1014
89 34 1015
89 34 1016
89 34 1017
89 34 1018
89 34 1019
89 34 1021
89 34 1022
89 34 1026
89 34 1027
89 34 1028
89 34 1029
89 34 1030
89 34 1035
89 34 1040
89 34 1041
89 34 1043
89 34 1045
89 34 1046
89 34 1047
89 34 1048
89 34 1050
89 34 1053
89 34 1059
89 34 1060
89 34 1061
89 34 1062
89 34 1063
89 34 1066
89 34 1068
89 34 1069
89 34 1070
89 34 1071
89 29 939
89 104 956
89 51 961
89 36 1025
89 36 1026
89 95 1044
89 95 1045
89 95 1046
89 95 1047
90 24 228
90 24 229
90 91 310
90 1 341
39 112 592
39 17 609
39 17 611
39 17 612
39 70 613
39 87 631
39 87 637
39 2 635
39 2 636
39 2 640
39 2 641
39 2 645
39 2 649
39 2 650
39 2 651
93 99 168
93 21 892
93 21 935
93 21 971
93 21 1001
93 21 1012
93 21 1013
93 21 1017
93 21 1019
93 21 1054
93 21 1067
93 21 1068
93 21 1069
93 21 1070
93 21 1071
93 34 893
93 34 900
93 34 902
93 34 905
93 34 906
93 34 910
93 34 911
93 34 922
93 34 923
93 34 932
93 34 933
93 34 934
93 34 946
93 34 947
93 34 949
93 34 950
93 34 951
93 34 952
93 34 953
93 34 954
93 34 1000
93 34 1010
93 34 1013
93 34 1014
93 34 1015
93 34 1016
93 34 1017
93 34 1018
93 34 1019
93 34 1029
93 34 1030
93 34 1034
93 34 1035
93 34 1056
93 34 1057
93 34 1058
93 34 1059
93 34 1061
93 34 1062
93 34 1063
93 34 1064
93 34 1065
93 34 1066
93 34 1067
93 34 1068
93 34 1069
93 34 1070
93 34 1071
93 34 1072
93 92 893
93 92 901
93 92 902
93 92 905
93 92 906
93 92 907
93 92 908
93 92 909
93 92 910
93 92 911
93 92 912
93 92 915
93 92 916
93 92 919
93 92 920
93 92 921
93 92 922
93 92 924
93 92 925
93 92 926
93 92 930
93 92 931
93 92 932
93 92 934
93 92 939
93 92 941
93 92 942
93 92 943
93 92 945
93 92 946
93 92 949
93 92 950
93 92 954
93 92 956
93 92 961
93 92 962
93 92 964
93 92 968
93 92 1007
93 92 1008
93 92 1013
93 92 1014
93 92 1015
93 92 1016
93 92 1020
93 92 1023
93 92 1025
93 92 1030
93 92 1031
93 92 1033
93 92 1035
93 92 1048
93 92 1049
93 92 1050
93 92 1051
93 92 1054
93 92 1055
93 92 1056
93 92 1057
93 92 1058
93 92 1059
93 92 1060
93 92 1061
93 92 1062
93 92 1063
93 92 1065
93 92 1066
93 92 1067
93 92 1068
93 92 1069
93 92 1070
93 92 1071
93 36 955
93 36 1025
93 36 1026
99 82 509
99 82 510
99 82 511
99 82 512
99 82 515
99 82 516
99 82 517
99 82 521
99 82 522
99 82 524
99 82 525
99 82 526
99 82 532
99 82 533
99 82 534
99 82 535
99 82 536
99 82 537
99 82 538
99 82 539
99 82 540
99 82 541
99 82 542
99 82 543
99 82 544
99 82 547
99 82 548
99 82 549
99 82 552
99 82 553
99 82 554
99 82 558
99 82 563
99 82 566
99 82 567
99 82 568
99 82 570
99 82 571
99 82 572
99 82 574
99 82 575
99 82 578
99 82 579
99 82 580
99 82 581
99 82 582
99 82 583
99 82 584
99 82 585
99 82 586
99 82 587
99 82 596
99 82 602
99 82 603
99 82 604
99 82 605
99 82 608
99 82 610
99 92 517
99 92 518
99 92 519
99 92 520
99 92 521
99 92 522
99 87 523
99 87 524
99 87 525
99 100 525
99 25 534
99 47 542
24 111 270
24 108 270
24 34 904
24 34 905
24 34 915
24 34 917
24 34 921
24 34 925
24 34 960
19 105 241
19 105 242
19 105 243
19 105 244
19 105 245
19 105 246
19 105 247
19 105 248
19 105 249
19 105 250
19 105 251
19 105 252
19 105 253
19 105 255
19 105 260
19 105 263
19 105 264
19 105 265
19 105 266
19 105 267
19 105 268
19 105 269
19 105 272
19 105 273
19 105 274
19 105 275
19 105 276
19 105 277
19 105 278
19 105 279
19 105 280
19 105 281
19 105 282
19 105 283
19 105 284
19 105 285
19 105 286
19 29 302
19 29 303
26 27 620
26 27 621
26 27 622
26 27 623
26 27 624
26 70 620
26 70 621
26 70 622
26 70 623
26 70 624
26 106 631
42 112 295
42 112 296
42 112 308
42 115 295
42 98 308
42 54 314
42 77 429
42 77 437
42 77 451
42 77 452
42 77 503
42 77 504
42 77 505
42 77 544
42 77 545
42 47 435
42 47 436
42 47 439
42 47 440
42 47 444
42 47 462
42 47 470
42 47 473
42 47 475
42 47 478
42 47 482
42 47 483
42 47 490
42 47 503
42 47 504
42 47 505
42 47 506
42 47 507
42 47 523
42 47 524
42 47 525
42 47 526
42 47 527
42 47 528
42 47 541
42 47 544
105 28 275
105 25 326
105 25 328
105 25 329
105 25 330
105 25 333
105 25 336
105 25 337
105 25 338
105 25 339
105 25 340
105 25 343
105 25 344
105 25 345
105 25 346
105 25 354
105 25 355
105 25 357
105 25 358
105 25 359
105 25 363
105 25 370
105 25 371
105 25 372
105 25 375
105 25 378
105 25 384
105 25 390
105 25 391
105 25 392
105 25 394
105 25 395
105 25 396
105 25 398
105 25 399
105 25 404
105 25 407
105 25 408
105 25 410
105 25 411
105 25 412
105 25 414
105 25 415
105 25 417
105 25 421
105 25 422
105 25 423
105 25 424
105 25 425
105 25 426
105 25 430
105 25 436
105 25 437
105 25 438
105 25 440
105 25 442
105 25 443
105 25 444
105 106 451
112 111 246
112 111 247
112 111 248
112 111 249
112 111 250
112 111 257
112 111 258
112 111 259
112 111 260
112 111 261
112 111 263
112 111 264
112 111 265
112 111 266
112 111 267
112 111 268
112 111 269
112 111 270
112 111 271
112 111 272
112 111 275
112 111 276
112 111 277
112 111 278
112 111 279
112 111 280
112 111 281
112 111 282
112 111 294
112 111 295
112 111 297
112 111 298
112 111 299
112 111 300
112 111 308
112 111 312
112 111 315
112 111 318
112 111 327
112 111 328
112 111 333
112 111 334
112 111 335
112 111 339
112 111 341
112 111 342
112 111 343
112 111 353
112 111 355
112 111 358
112 111 362
112 111 363
112 111 364
112 111 365
112 111 368
112 111 371
112 111 372
112 111 376
112 111 377
112 111 378
112 111 380
112 111 385
112 111 386
112 111 387
112 111 388
112 111 390
112 111 391
112 111 420
112 111 421
112 111 422
112 111 423
112 111 432
112 111 433
112 111 434
112 111 441
112 111 442
112 111 443
112 111 444
112 111 445
112 111 446
112 111 447
112 111 448
112 111 456
112 111 457
112 111 458
112 111 459
112 111 460
112 111 462
112 111 463
112 111 465
112 111 466
112 28 273
112 28 592
112 29 299
112 29 305
112 29 307
112 29 310
112 29 311
112 29 312
112 29 313
112 29 314
112 29 315
112 29 316
112 29 317
112 29 318
112 29 319
112 29 320
112 29 321
112 29 322
112 63 605
112 32 606
112 52 718
112 107 718
112 110 727
111 31 311
111 31 312
111 31 313
111 31 314
111 31 315
111 31 316
111 31 317
111 31 318
111 31 319
111 113 758
111 113 759
111 113 760
111 113 761
111 113 762
111 113 763
111 113 764
111 113 765
111 113 766
111 113 781
111 113 784
111 113 786
111 113 787
111 113 807
111 113 816
111 113 834
111 113 835
111 113 836
111 113 844
111 113 892
111 113 894
111 113 903
111 113 904
111 113 906
111 113 910
111 113 916
111 75 758
111 75 759
111 75 760
111 75 761
111 75 762
111 75 764
111 75 785
111 75 836
111 75 837
111 75 838
111 75 895
111 75 906
111 120 763
111 120 766
111 120 811
111 120 894
111 120 907
111 120 915
111 120 916
111 63 766
111 38 892
98 64 258
98 64 266
98 64 267
98 64 269
98 64 270
98 64 271
98 64 272
98 64 273
98 64 274
98 64 275
98 64 276
98 64 277
98 64 278
98 64 279
98 64 280
98 64 290
98 64 295
98 64 297
98 64 298
98 64 309
98 64 311
98 64 312
98 64 313
98 102 276
98 28 281
98 79 305
98 86 311
98 52 312
98 40 823
98 40 944
98 40 954
98 40 990
64 115 280
64 18 783
64 18 784
64 18 785
64 18 786
64 18 787
64 18 788
64 18 789
64 18 797
64 18 800
64 18 805
64 18 822
64 18 829
64 18 832
64 18 838
64 18 842
64 18 856
64 18 859
64 18 867
64 18 880
64 18 893
64 18 894
64 18 895
64 18 896
64 18 932
64 18 936
64 18 937
64 18 938
64 18 939
64 110 783
64 110 784
64 110 785
64 110 786
64 110 787
64 110 796
64 110 816
64 110 821
64 110 857
64 110 869
64 110 937
64 56 786
64 56 787
64 56 888
64 116 859
64 38 866
108 113 758
108 113 759
108 113 760
108 113 761
108 113 763
108 113 764
108 113 765
108 113 766
108 113 768
108 113 769
108 113 770
108 113 771
108 113 777
108 113 778
108 113 779
108 113 780
108 113 781
108 113 785
108 113 789
108 113 793
108 113 805
108 113 806
108 113 808
108 113 809
108 113 810
108 113 811
108 113 812
108 113 813
108 113 814
108 113 816
108 113 824
108 113 828
108 113 830
108 113 832
108 113 833
108 113 836
108 113 839
108 113 841
108 113 843
108 113 845
108 113 864
108 113 889
108 113 894
108 113 899
108 113 906
108 113 907
108 113 908
108 113 911
108 113 912
108 113 913
108 113 914
108 113 915
108 113 916
108 107 758
108 107 759
108 107 760
108 107 761
108 107 763
108 107 764
108 107 765
108 107 780
108 107 807
108 107 811
108 107 818
108 107 832
108 107 833
108 107 834
108 107 837
108 107 899
108 107 900
108 107 905
108 107 906
108 107 907
108 107 908
108 107 909
108 107 915
108 107 916
108 75 758
108 75 759
108 75 760
108 75 761
108 75 764
108 75 771
108 75 787
108 75 788
108 75 795
108 75 796
108 75 797
108 75 798
108 75 810
108 75 811
108 75 812
108 75 813
108 75 817
108 75 818
108 75 819
108 75 820
108 75 822
108 75 823
108 75 824
108 75 827
108 75 834
108 75 840
108 75 843
108 75 864
108 75 871
108 75 888
108 75 889
108 75 894
108 75 896
108 75 906
108 120 763
108 120 764
108 120 765
108 120 766
108 120 769
108 120 770
108 120 771
108 120 784
108 120 787
108 120 792
108 120 793
108 120 795
108 120 796
108 120 801
108 120 805
108 120 806
108 120 808
108 120 809
108 120 814
108 120 816
108 120 823
108 120 825
108 120 826
108 120 829
108 120 838
108 120 839
108 120 840
108 120 842
108 120 859
108 120 861
108 120 864
108 120 865
108 120 866
108 120 867
108 120 869
108 120 870
108 120 871
108 120 899
108 120 900
108 120 902
108 120 904
108 120 905
108 120 906
108 120 907
108 120 912
108 120 913
108 120 915
108 120 916
108 63 767
108 63 790
108 63 791
108 63 806
108 96 811
108 96 812
108 65 829
108 56 830
108 78 831
108 18 840
108 110 841
28 70 447
28 70 448
28 70 449
28 70 450
28 70 451
28 70 456
28 70 458
28 70 460
28 70 461
28 70 462
28 70 469
28 70 471
28 70 472
28 70 473
28 70 477
28 70 478
28 70 479
28 70 480
28 70 481
28 70 483
28 70 486
28 70 487
28 70 488
28 70 489
28 70 490
28 70 491
28 70 492
28 70 495
28 70 497
28 70 501
28 70 502
28 70 503
28 70 504
28 70 505
28 70 506
28 70 507
28 70 508
28 70 509
28 70 510
28 70 511
28 70 512
28 70 513
28 70 514
28 70 515
28 70 516
28 70 517
28 70 518
28 70 519
28 70 520
28 70 521
28 70 522
28 70 523
28 70 524
28 70 525
28 70 526
28 70 527
28 70 528
28 70 529
28 70 530
28 70 531
28 70 532
28 70 533
28 70 534
28 70 535
28 70 536
28 70 537
28 70 538
28 70 539
28 70 540
28 70 541
28 70 542
28 70 543
28 70 544
28 70 545
28 70 546
28 70 547
28 70 548
28 70 549
28 70 550
28 70 551
28 70 552
28 70 553
28 70 554
28 70 555
28 70 556
28 70 557
28 70 558
28 70 559
28 70 560
28 70 561
28 70 562
28 70 563
28 70 564
28 70 565
28 70 566
28 70 567
28 70 568
28 70 569
28 70 570
28 70 571
28 70 572
28 70 573
28 70 574
28 70 575
28 70 576
28 70 577
28 70 578
28 70 579
28 70 580
28 70 581
28 70 582
28 70 583
28 70 584
28 70 585
28 70 586
28 70 587
28 70 588
28 70 589
28 70 590
28 70 591
28 70 592
28 70 593
28 70 594
28 70 595
28 70 596
28 70 597
28 70 598
28 70 599
28 70 600
28 70 601
28 70 602
28 70 603
28 70 604
28 70 605
28 70 606
28 70 607
28 70 608
28 70 609
28 70 610
28 70 611
28 70 612
28 70 613
28 70 614
28 70 615
28 70 616
28 70 617
28 70 618
28 70 619
28 70 620
28 70 621
28 70 622
28 70 623
28 70 624
28 70 625
28 73 505
28 73 515
28 30 535
28 30 537
54 36 352
54 36 353
54 36 354
54 1 352
54 18 358
54 57 361
68 52 279
68 103 507
68 103 508
68 103 509
68 103 516
68 103 537
68 103 538
68 103 551
68 103 557
68 103 559
68 103 568
68 103 597
68 103 602
68 103 606
68 103 607
68 103 608
68 103 615
68 103 616
68 103 620
68 103 630
68 103 632
68 103 633
68 103 638
68 103 639
68 103 645
68 103 651
68 103 654
68 103 662
68 110 643
102 20 352
102 20 353
102 20 354
102 20 355
102 20 356
102 20 359
102 20 360
102 20 362
102 20 363
102 20 364
102 20 365
102 20 366
102 20 367
102 20 368
102 20 369
102 20 370
102 20 371
102 20 372
102 20 373
102 20 374
102 20 375
102 20 376
102 20 382
102 20 383
102 20 384
102 20 387
102 20 389
102 20 390
102 20 391
102 20 392
102 20 393
102 20 394
102 20 401
102 20 402
102 20 403
102 20 404
102 20 405
102 20 406
102 20 407
102 20 408
102 20 409
102 20 410
102 20 411
102 20 412
102 20 413
102 20 414
102 73 356
102 73 357
52 103 687
52 103 688
52 103 691
52 103 694
52 103 696
52 103 697
52 103 707
52 103 710
52 103 711
52 103 718
52 103 727
52 103 728
52 109 687
52 34 705
52 119 712
115 57 327
81 30 322
81 31 333
81 31 337
81 13 347
81 70 347
81 38 347
81 1 347
81 47 428
81 47 433
81 47 437
81 47 439
81 47 442
81 47 451
81 47 459
81 47 461
81 47 462
81 47 471
81 47 478
81 47 479
81 47 483
81 47 485
81 47 487
81 47 489
81 47 497
81 47 502
81 47 503
81 47 504
81 47 505
81 47 506
81 47 515
81 47 529
81 47 534
81 47 537
81 47 544
81 33 430
81 33 431
81 33 450
81 33 460
81 33 462
81 33 463
81 33 474
81 33 480
81 33 481
81 33 487
81 33 520
81 40 445
81 40 450
81 40 478
81 40 483
81 40 488
81 40 519
81 40 541
91 38 308
91 48 309
91 44 320
91 5 327
91 5 328
91 5 329
91 5 330
91 5 339
91 31 333
91 31 334
91 31 335
91 31 336
91 31 337
91 83 337
91 30 359
91 92 524
91 92 525
91 92 526
91 10 588
30 113 622
30 113 643
44 67 313
44 120 775
44 120 806
44 120 831
71 86 297
71 86 298
71 86 299
71 86 301
71 86 303
71 86 309
71 86 311
71 86 314
71 86 315
71 86 316
71 86 317
71 86 318
71 86 319
71 86 320
71 86 323
71 86 324
71 86 325
71 86 326
71 86 327
71 86 333
71 86 341
71 86 342
71 86 348
71 86 349
71 86 353
71 86 354
71 86 358
71 86 359
71 86 361
71 86 365
71 86 366
71 86 381
71 86 382
71 86 384
71 86 385
71 86 391
71 86 394
71 86 395
71 86 396
71 86 398
71 86 403
71 86 404
71 86 405
71 57 310
71 29 754
71 29 755
71 29 756
71 29 757
71 29 758
71 29 759
71 29 766
71 29 772
71 29 777
71 29 778
71 29 779
71 29 780
71 29 781
71 29 783
71 29 784
71 29 792
71 29 793
71 29 794
71 29 795
71 29 804
71 29 807
71 29 808
71 29 809
71 29 810
71 29 819
71 29 823
71 29 826
71 29 827
71 29 831
71 29 832
71 29 833
71 29 836
71 29 838
71 29 839
71 29 840
71 29 841
71 29 842
71 29 843
71 29 845
71 29 846
71 29 847
71 29 852
71 29 853
71 29 864
71 29 865
71 29 867
71 29 868
71 29 869
71 29 870
71 29 871
71 29 872
71 29 881
71 29 882
71 29 885
71 29 889
71 29 890
71 29 897
71 29 902
71 29 903
71 29 905
71 29 906
71 29 909
71 29 940
71 29 941
71 29 942
86 38 338
86 1 339
86 92 515
86 92 516
86 92 517
86 92 518
86 92 519
86 92 520
86 92 524
86 21 525
29 56 844
29 11 895
29 38 895
29 51 939
29 51 940
29 32 939
31 23 301
31 23 304
31 36 322
31 36 324
31 36 325
31 36 327
31 36 332
31 1 325
31 1 326
31 1 327
31 1 328
31 57 334
31 57 335
31 57 336
31 57 337
31 79 354
31 114 778
31 114 779
31 114 780
31 114 781
79 120 764
79 120 765
79 120 787
79 120 789
79 120 796
79 120 797
79 120 798
79 120 800
79 120 812
79 120 813
79 120 815
79 120 816
79 120 823
79 120 827
79 120 828
79 120 831
79 120 832
79 120 842
79 120 843
79 120 860
79 116 895
23 48 657
23 48 659
23 48 660
23 48 668
23 48 673
23 48 684
23 48 707
23 48 712
23 48 713
23 48 718
23 48 721
23 48 722
23 48 724
23 48 725
23 48 726
23 48 727
23 48 820
23 48 851
23 48 854
23 48 901
23 48 902
23 48 903
23 48 906
23 48 907
23 48 908
23 48 909
23 48 910
23 48 911
23 48 912
23 48 914
23 48 915
23 48 916
23 48 918
23 48 919
23 48 920
23 48 921
23 48 925
23 48 926
23 34 659
23 34 662
23 34 663
23 34 664
23 34 686
23 34 698
23 34 699
23 34 702
23 34 703
23 34 704
23 34 705
23 34 729
23 34 737
23 34 852
23 34 856
23 34 857
23 34 859
23 34 860
23 34 861
23 34 864
23 34 865
23 34 866
23 34 867
23 34 869
23 34 870
23 34 871
23 34 876
23 34 881
23 34 882
23 34 885
23 34 894
23 34 895
23 34 896
23 34 900
23 43 697
23 96 698
23 96 699
23 119 722
23 17 722
23 83 845
23 83 847
23 83 848
23 83 849
23 83 850
23 83 851
23 83 856
23 83 863
23 83 864
23 83 865
23 83 871
23 83 873
23 83 877
23 83 879
23 83 881
23 83 882
23 83 883
23 83 894
23 83 896
23 104 901
38 16 301
38 16 320
38 16 323
38 16 351
38 16 353
38 16 364
38 16 369
38 16 371
38 16 372
38 16 375
38 16 378
38 16 384
38 16 386
38 16 389
38 16 402
38 16 405
38 16 406
38 16 407
38 16 409
38 16 426
38 16 428
38 16 434
38 16 446
38 16 450
38 16 454
38 16 455
38 1 301
38 1 302
38 1 303
38 1 304
38 1 305
38 1 306
38 1 307
38 1 308
38 1 311
38 1 315
38 1 317
38 1 320
38 1 322
38 1 324
38 1 325
38 1 328
38 1 331
38 1 348
38 1 353
38 1 354
38 1 357
38 1 358
38 1 359
38 1 361
38 1 362
38 1 363
38 1 365
38 1 370
38 1 372
38 1 379
38 1 385
38 1 386
38 1 390
38 1 394
38 1 401
38 1 402
38 1 403
38 1 409
38 1 410
38 1 411
38 1 412
38 1 419
38 1 433
38 1 454
38 57 346
38 57 347
38 100 808
38 100 809
38 100 810
38 100 811
38 100 812
38 100 813
38 100 814
38 100 815
38 100 819
38 100 820
38 100 821
38 100 822
38 100 824
38 100 825
38 100 826
38 100 827
38 100 828
38 100 829
38 100 830
38 100 831
38 100 832
38 100 833
38 100 834
38 100 836
38 100 840
38 100 841
38 100 842
38 100 843
38 100 844
38 100 846
38 100 847
38 100 849
38 100 853
38 100 854
38 100 855
38 100 856
38 100 857
38 100 858
38 100 859
38 100 860
38 100 865
38 100 866
38 100 869
38 100 870
38 100 871
38 100 872
38 100 873
38 100 874
38 100 875
38 100 877
38 100 878
38 100 879
38 100 880
38 100 881
38 100 882
38 100 883
38 100 885
38 100 889
38 100 890
38 100 915
38 100 916
38 100 920
38 100 921
38 100 922
38 100 923
38 100 927
38 100 928
38 100 929
38 100 930
38 100 931
38 100 932
38 100 933
38 100 937
38 100 938
38 100 939
38 100 942
38 100 943
38 100 945
38 100 955
38 100 958
38 100 959
38 100 960
38 100 961
38 100 962
38 100 968
38 100 969
38 100 970
38 100 971
38 100 972
38 100 973
38 100 974
38 100 975
38 100 976
38 100 977
38 100 980
38 100 981
38 100 982
38 100 984
38 100 985
38 100 986
38 100 989
38 100 995
38 104 831
38 87 922
38 87 923
38 36 928
38 36 929
38 36 938
38 36 939
38 36 945
38 36 948
38 36 949
38 36 989
16 1 306
16 1 307
16 1 317
16 1 331
16 1 360
16 1 364
16 1 368
16 1 369
16 1 371
16 1 372
16 1 375
16 1 376
16 1 377
16 1 378
16 1 379
16 1 380
16 1 381
16 1 384
16 1 409
16 1 410
16 1 411
16 1 412
16 1 414
16 1 445
16 1 454
16 1 455
16 106 446
16 106 447
16 106 448
16 106 449
16 87 507
16 87 509
16 87 510
16 87 511
16 87 512
16 87 513
16 87 514
16 87 515
16 87 516
16 87 517
16 87 518
16 87 519
16 87 520
16 87 521
16 87 522
16 87 523
16 87 524
16 87 525
16 87 526
16 87 527
16 87 528
16 87 529
16 87 530
16 87 531
16 87 533
16 87 534
16 87 537
16 87 555
16 87 557
16 87 558
16 87 568
16 87 569
16 87 570
16 87 608
16 87 609
16 87 615
16 87 616
16 87 617
16 87 618
16 87 621
16 87 622
16 87 623
16 87 624
16 87 625
16 87 631
16 87 635
16 87 636
16 87 638
16 87 640
16 87 641
16 87 642
16 87 643
16 87 644
16 87 645
16 87 647
16 87 649
16 87 651
16 87 654
16 87 659
16 87 660
16 87 661
16 87 662
16 10 588
1 13 302
1 13 304
1 13 308
1 13 313
1 13 321
1 13 356
1 13 358
1 13 359
1 13 361
1 13 362
1 13 363
1 13 366
1 13 367
1 13 370
1 13 373
1 13 374
1 45 307
1 57 347
1 57 348
1 36 364
1 36 366
1 36 367
1 36 371
1 36 391
1 36 392
1 36 400
1 36 455
1 106 444
13 36 302
13 36 304
13 36 332
13 36 357
13 36 358
13 36 359
13 36 365
13 36 366
13 36 370
13 36 373
13 36 374
13 36 707
13 36 708
13 36 709
13 36 718
13 36 719
13 36 722
13 36 723
13 60 563
13 103 587
13 96 615
13 57 616
36 109 368
36 106 445
36 106 446
36 106 447
36 106 448
36 106 449
36 65 446
36 65 726
36 48 667
36 48 668
36 48 673
36 48 687
36 48 688
36 48 691
36 48 693
36 48 694
36 48 729
36 48 738
36 48 787
36 48 790
36 48 797
36 48 798
36 48 804
36 48 831
36 48 835
36 48 839
36 48 843
36 48 916
36 48 946
36 48 947
36 48 998
36 48 999
36 48 1028
36 48 1031
36 48 1037
36 48 1038
36 48 1062
36 48 1063
36 48 1066
36 48 1067
36 48 1070
36 48 1071
36 48 1072
36 48 1073
36 48 1074
36 48 1085
36 48 1095
36 48 1098
36 48 1099
36 48 1100
36 48 1101
36 96 699
36 10 707
36 10 708
36 10 710
36 10 711
36 10 712
36 10 713
36 10 716
36 10 717
36 10 718
36 10 719
36 10 720
36 10 721
36 10 722
36 10 724
36 83 861
36 83 867
36 83 872
36 83 873
36 83 878
36 83 879
36 83 890
36 83 896
36 83 900
36 83 902
36 83 910
36 83 915
36 83 916
45 109 331
45 109 361
45 114 580
48 43 669
48 43 722
48 43 723
48 43 728
48 43 788
48 43 804
48 43 812
48 43 837
48 43 842
48 43 843
48 43 847
48 43 853
48 43 950
48 43 997
48 43 1073
48 43 1074
48 43 1098
48 43 1100
48 43 1101
48 87 678
48 124 687
48 58 946
48 58 947
48 58 951
48 58 970
48 58 1010
48 58 1012
48 58 1013
48 58 1016
48 58 1017
48 58 1021
48 58 1024
48 58 1025
48 58 1027
48 58 1028
48 58 1029
48 58 1030
48 58 1036
48 58 1042
48 58 1043
48 58 1049
48 58 1050
48 58 1051
48 58 1053
48 58 1054
48 100 961
48 100 970
48 100 971
48 100 972
48 40 961
48 40 969
48 40 970
48 104 996
48 104 1004
48 104 1008
48 104 1009
48 104 1011
48 104 1015
48 104 1016
48 104 1017
48 104 1022
48 104 1023
48 104 1024
48 104 1025
48 104 1026
48 104 1027
48 104 1028
48 104 1029
48 104 1030
48 104 1033
48 104 1034
48 104 1036
48 104 1038
48 104 1039
48 104 1042
48 104 1043
48 104 1044
48 104 1052
48 104 1054
48 104 1059
48 73 999
48 73 1015
48 73 1016
48 73 1017
48 73 1018
48 73 1019
48 73 1036
48 73 1037
48 73 1038
57 5 327
57 5 328
57 5 329
57 5 339
57 56 360
57 96 555
67 109 394
67 75 765
67 75 792
67 75 823
5 82 763
109 73 449
109 73 451
109 66 586
109 66 589
109 66 604
109 66 606
109 66 616
109 66 617
109 66 618
109 66 621
109 66 630
109 66 642
109 66 643
109 66 689
83 82 779
83 27 782
83 27 814
83 27 815
83 27 816
83 43 872
83 43 896
83 100 922
83 100 925
83 100 926
83 100 985
83 40 981
83 40 982
83 40 985
106 73 345
106 73 368
106 73 378
106 73 417
106 73 419
106 73 421
106 73 423
106 73 425
106 73 427
106 73 430
106 73 433
106 73 451
106 73 452
106 73 455
106 73 456
106 73 457
106 73 459
106 73 466
106 73 467
106 73 468
106 73 469
106 73 492
106 73 496
106 73 502
106 73 505
106 73 506
106 73 507
106 73 508
106 73 509
106 73 510
106 73 511
106 73 512
106 73 513
106 73 514
106 73 515
106 62 346
106 62 452
106 62 456
106 62 460
106 62 461
106 62 464
106 62 465
106 62 468
106 62 470
106 62 505
106 62 506
106 62 507
106 62 508
106 62 509
106 62 510
106 62 511
106 62 512
106 62 513
106 62 514
106 62 515
106 70 506
106 70 507
106 87 508
106 92 514
106 103 643
106 107 709
106 107 710
73 65 452
73 65 458
73 65 482
73 65 505
73 65 506
73 65 507
73 65 508
73 65 509
73 65 510
73 65 511
73 65 512
73 65 513
73 65 514
73 75 507
73 14 811
73 14 812
73 14 813
73 14 814
73 14 815
73 56 813
73 56 815
73 56 847
73 56 874
73 56 877
73 56 879
73 56 882
73 56 884
73 56 885
73 56 890
73 56 892
73 56 912
73 56 922
73 56 923
73 56 929
73 56 930
73 56 934
73 56 938
73 56 965
73 56 967
73 56 974
73 56 984
73 56 985
73 56 988
73 56 989
73 56 995
73 56 997
73 56 999
73 56 1000
73 56 1001
73 56 1002
73 56 1009
73 56 1010
73 56 1013
73 56 1014
73 56 1015
73 56 1016
73 56 1017
73 56 1018
73 56 1019
73 56 1030
73 56 1031
73 56 1034
73 56 1035
73 56 1037
73 56 1038
73 56 1039
73 56 1089
62 4 421
62 4 432
62 4 433
62 4 434
62 4 436
62 4 437
62 4 438
62 4 439
62 4 440
62 4 441
62 4 442
62 4 443
62 4 444
62 4 445
62 4 446
62 4 447
62 4 448
62 4 449
62 4 450
62 4 472
62 4 475
62 4 476
62 4 477
62 4 481
62 40 442
62 40 443
62 40 444
70 113 585
70 113 586
70 116 592
66 87 630
66 34 672
20 77 356
20 56 367
20 92 526
20 92 564
20 92 579
20 92 580
20 92 581
20 92 598
20 92 606
20 92 652
20 92 691
20 92 693
20 92 694
20 92 718
20 92 761
20 92 811
20 92 828
56 95 354
56 95 355
56 95 356
56 95 357
56 95 361
56 95 369
56 95 370
56 95 371
56 95 372
56 95 373
56 95 374
56 95 375
56 95 378
56 120 763
56 120 764
56 33 764
56 33 765
56 33 766
56 33 767
56 33 769
56 33 774
56 33 775
56 33 777
56 114 782
56 114 783
56 114 784
56 114 785
56 114 786
56 100 805
56 100 806
56 100 807
56 100 808
56 100 809
56 100 810
56 100 889
56 100 893
56 40 808
56 40 823
56 40 885
56 40 886
56 40 887
56 104 811
56 104 812
56 104 813
56 104 815
56 104 817
56 104 818
56 104 829
56 104 830
56 104 890
56 104 892
56 104 898
56 104 903
56 104 905
56 104 911
56 104 912
56 104 913
56 104 914
56 104 915
56 104 918
56 104 922
56 104 923
56 104 932
56 104 935
56 104 941
56 104 968
56 104 969
56 104 985
56 104 988
56 104 1004
56 104 1005
56 104 1006
56 104 1007
56 104 1009
56 104 1010
56 104 1011
56 104 1021
56 104 1023
56 104 1025
56 104 1027
56 104 1030
56 104 1039
56 104 1040
56 104 1042
56 104 1043
56 104 1086
56 104 1087
56 104 1089
56 27 830
56 69 841
56 51 944
56 51 945
56 51 965
56 51 972
56 51 974
56 51 999
56 51 1005
56 51 1011
56 51 1014
56 51 1015
56 51 1018
56 51 1022
56 51 1023
56 51 1034
56 51 1035
56 51 1045
95 32 1046
77 50 450
77 50 535
77 50 539
77 50 543
77 50 545
77 87 507
18 114 782
18 114 783
18 114 784
18 114 785
18 114 786
18 114 790
18 114 825
18 114 826
18 114 851
18 114 861
18 114 864
18 114 867
18 114 884
18 114 894
18 114 895
18 114 911
18 114 937
18 114 938
18 58 784
18 58 786
18 58 888
18 121 859
18 4 869
18 104 888
4 14 827
4 14 828
4 14 829
4 14 830
4 11 828
4 11 829
4 11 831
4 11 833
4 11 834
4 11 836
4 11 837
4 11 840
4 11 847
4 11 848
4 11 850
4 11 851
4 11 852
4 11 853
4 11 864
4 11 866
4 11 868
4 11 870
4 11 873
4 11 877
4 11 878
4 11 881
4 11 889
4 11 891
4 11 901
4 11 904
4 11 906
4 11 910
4 22 831
4 22 835
4 22 837
4 22 850
4 22 852
4 22 853
4 22 864
4 22 865
4 22 866
4 22 867
4 22 868
4 22 869
4 22 897
4 22 898
4 22 904
4 22 906
4 22 910
4 116 873
47 14 842
47 14 843
47 14 844
47 14 845
47 14 846
47 14 847
47 14 848
47 14 849
47 14 850
47 14 873
47 14 874
47 14 875
47 14 876
47 14 877
40 50 438
40 50 545
40 113 892
33 50 432
33 50 441
33 50 450
33 50 545
33 88 765
33 88 766
33 88 767
33 88 768
33 88 769
33 88 770
33 88 771
33 88 772
33 88 773
33 88 774
33 88 775
33 88 776
33 88 777
33 88 778
33 88 779
33 88 780
33 88 781
33 88 782
33 88 783
33 88 784
33 88 785
33 88 786
33 88 787
33 88 788
33 88 792
33 88 793
33 88 795
33 88 796
33 88 798
33 88 801
33 88 802
33 88 803
33 88 804
33 88 805
33 88 806
33 88 807
33 88 812
33 88 813
33 88 814
33 88 815
33 88 816
33 88 818
50 107 685
50 107 689
50 107 690
50 107 692
50 107 695
50 107 704
50 107 712
50 107 713
50 107 714
50 107 715
50 107 716
50 107 717
50 107 720
65 113 592
65 113 649
65 103 653
65 60 661
65 60 662
65 96 678
65 43 788
65 27 828
65 82 829
65 100 850
74 110 633
74 110 640
74 110 648
74 110 652
74 110 653
74 110 684
74 110 688
74 110 714
74 110 715
74 110 718
74 110 727
103 87 506
103 87 507
103 87 508
103 87 509
103 87 510
103 87 511
103 87 512
103 87 515
103 87 516
103 87 517
103 87 518
103 87 519
103 87 520
103 87 521
103 87 522
103 87 523
103 87 531
103 87 532
103 87 533
103 87 534
103 87 535
103 87 536
103 87 537
103 87 556
103 87 559
103 87 560
103 87 561
103 87 563
103 87 565
103 87 567
103 87 569
103 87 570
103 87 576
103 87 581
103 87 582
103 87 583
103 87 584
103 87 585
103 87 587
103 87 588
103 87 595
103 87 596
103 87 597
103 87 598
103 87 599
103 87 600
103 87 601
103 87 602
103 87 603
103 87 606
103 87 607
103 87 608
103 87 615
103 87 616
103 87 617
103 87 618
103 87 619
103 87 621
103 87 622
103 87 623
103 87 624
103 87 625
103 87 627
103 87 630
103 87 631
103 87 633
103 87 634
103 87 635
103 87 637
103 87 638
103 87 643
103 87 644
103 87 645
103 87 651
103 87 654
103 87 659
103 87 661
103 21 507
103 21 509
103 21 510
103 21 511
103 21 512
103 21 516
103 21 517
103 21 518
103 21 519
103 21 520
103 21 521
103 21 522
103 21 525
103 21 526
103 21 527
103 21 531
103 21 532
103 21 533
103 21 537
103 21 538
103 21 539
103 21 540
103 21 541
103 21 561
103 21 567
103 21 568
103 21 573
103 21 575
103 21 576
103 21 612
103 21 615
103 21 616
103 21 620
103 21 621
103 21 622
103 21 623
103 21 624
103 21 629
103 21 631
103 21 644
103 21 645
103 21 647
103 21 655
103 21 660
103 92 525
103 10 587
87 10 587
87 88 625
87 88 630
87 88 637
87 88 644
87 113 628
87 113 629
87 113 645
87 113 647
87 113 648
87 113 649
87 113 651
87 32 636
87 110 643
87 69 656
87 124 661
87 34 842
87 34 852
87 34 856
87 34 859
87 34 863
87 34 864
87 34 865
87 34 866
87 34 868
87 34 869
87 34 870
87 34 871
87 34 874
87 34 875
87 34 876
87 34 877
87 34 880
87 34 881
87 34 882
87 34 884
87 34 885
87 34 887
87 34 891
87 34 897
87 34 898
87 34 899
87 34 901
87 34 906
87 34 907
87 34 908
87 34 909
87 34 911
87 34 912
87 34 917
87 34 918
21 32 636
21 32 1065
21 88 644
21 113 646
21 113 647
21 113 648
21 113 649
21 113 650
21 113 651
21 113 652
21 69 649
21 69 650
21 69 651
21 69 652
75 10 558
75 116 757
75 82 831
82 113 828
82 113 831
82 58 829
92 32 597
92 96 607
92 43 705
22 43 550
22 11 831
100 96 877
100 60 880
100 120 900
100 104 900
100 116 916
96 110 655
96 78 663
96 34 697
96 34 698
96 119 726
96 43 806
96 104 831
96 104 888
32 114 535
32 114 607
32 114 715
32 114 716
32 43 535
32 43 542
32 43 553
32 43 554
32 43 555
32 43 556
32 43 557
32 43 558
32 43 560
32 43 561
32 43 562
32 43 563
32 43 623
32 43 637
32 43 638
32 43 640
32 43 647
32 43 661
32 43 662
32 43 663
32 43 664
32 43 665
32 43 666
32 43 667
32 43 679
32 43 685
32 43 686
32 43 687
32 43 688
32 43 689
32 43 690
32 43 691
32 43 698
32 43 699
32 43 715
32 43 716
32 10 645
32 10 647
114 69 593
114 116 634
114 116 637
114 88 778
114 88 779
114 88 780
114 88 781
43 119 699
43 119 713
43 119 715
43 119 716
43 58 788
43 78 808
43 88 813
43 34 1079
43 34 1081
119 14 690
119 14 691
119 14 693
119 14 714
119 14 722
119 14 723
119 14 724
119 14 725
119 14 726
119 14 728
119 14 729
119 14 731
119 14 734
119 14 735
119 14 737
119 14 738
119 14 745
119 107 712
69 58 555
69 58 556
69 58 557
69 58 559
69 58 560
69 58 561
69 58 562
69 58 563
69 58 564
69 58 565
69 58 570
69 58 571
69 58 572
69 58 573
69 58 574
69 58 575
69 58 576
69 58 577
69 58 578
69 58 579
69 58 580
69 58 581
69 58 582
69 58 583
69 58 584
69 58 585
69 58 586
69 58 587
69 58 588
69 58 589
69 58 590
69 58 591
69 58 592
69 58 593
69 58 594
69 58 595
69 58 596
69 58 597
69 58 598
69 58 599
69 58 600
69 58 601
69 58 602
69 58 603
69 58 605
69 58 610
69 58 612
69 58 613
69 58 615
69 58 616
69 58 617
69 58 618
69 58 620
69 58 621
69 58 623
69 58 624
69 58 626
69 58 631
69 58 638
69 58 639
69 58 640
69 58 641
69 58 642
69 58 643
69 58 644
69 58 645
69 58 646
69 58 647
69 58 648
69 58 651
69 58 652
69 58 653
69 58 654
69 58 655
69 58 657
69 58 658
69 58 663
69 58 664
69 58 665
69 58 666
69 58 668
69 58 672
69 58 673
69 58 674
69 58 675
69 58 677
69 58 678
69 58 679
69 58 681
69 58 682
69 58 683
69 58 685
69 58 686
69 58 687
69 58 689
69 58 692
69 58 693
69 58 694
69 58 696
69 58 698
69 58 699
69 58 701
69 58 702
69 58 703
69 58 704
69 58 705
69 58 706
69 58 707
69 58 708
69 58 710
69 58 711
69 58 716
69 58 722
69 58 723
69 58 724
69 58 725
69 58 726
69 58 727
69 58 728
69 58 733
69 58 736
69 58 737
69 58 738
69 58 740
69 58 756
69 58 758
69 58 759
69 58 761
69 58 763
69 58 766
69 58 767
69 58 768
69 58 769
69 58 770
69 58 771
69 58 774
69 58 775
69 58 776
69 58 786
69 58 789
69 58 790
69 58 791
69 58 792
69 58 793
69 58 794
69 58 797
69 58 799
69 58 800
69 58 801
69 58 802
69 58 803
69 58 804
69 58 806
69 58 807
69 58 808
69 58 809
69 58 810
69 58 812
69 58 813
69 58 814
69 58 815
69 58 816
69 58 817
69 58 818
69 58 822
69 58 829
69 58 831
69 58 834
69 58 842
69 58 844
69 58 845
69 58 846
69 58 847
69 58 849
69 58 853
69 58 854
69 58 1036
69 58 1045
69 58 1048
69 58 1064
69 58 1074
69 58 1079
69 58 1085
69 27 556
69 10 562
69 104 811
69 104 812
69 104 813
69 104 814
69 104 815
69 104 816
69 104 828
69 104 829
69 104 892
69 104 898
69 104 902
69 104 912
69 104 922
69 104 923
69 104 930
69 104 935
69 104 936
69 104 937
69 104 953
69 104 956
69 104 961
69 104 962
69 104 963
69 104 964
69 104 965
69 104 966
69 104 969
69 104 1081
69 104 1089
58 113 648
58 113 652
58 113 655
58 113 664
58 88 763
58 88 764
58 88 765
58 88 779
58 88 780
58 88 781
58 14 811
58 14 812
58 14 813
58 14 814
58 14 815
58 34 1062
27 78 714
27 78 715
27 78 717
27 78 718
27 78 719
27 78 720
27 78 721
27 78 722
27 78 723
27 78 724
27 78 725
27 78 726
27 78 727
27 78 728
27 78 729
27 78 730
27 78 731
27 78 732
27 78 733
27 78 734
27 78 735
27 78 736
27 78 737
27 78 738
27 78 739
27 78 740
27 78 741
27 78 742
27 78 743
27 78 744
27 78 745
27 78 746
27 78 747
27 78 748
27 78 749
27 78 750
27 78 751
27 78 752
27 78 753
27 78 754
27 78 755
27 78 756
27 78 759
27 78 760
27 78 761
27 78 763
27 78 766
27 78 773
27 78 780
27 78 781
27 78 783
27 78 784
27 78 789
27 78 793
27 78 794
27 78 795
27 78 796
27 78 797
27 78 798
27 78 799
27 78 800
27 78 801
27 78 802
27 78 803
27 78 804
27 78 805
27 78 806
27 78 807
27 78 809
27 78 812
27 78 816
27 78 817
27 78 819
27 78 820
27 78 822
27 78 825
27 78 826
27 78 827
27 78 832
27 78 834
27 78 839
27 78 840
27 78 841
27 78 842
27 78 843
27 78 847
27 78 848
27 88 788
27 34 790
60 88 812
17 124 612
17 124 614
17 124 615
17 124 618
17 124 619
17 124 620
17 124 621
17 124 623
17 124 648
17 124 665
17 124 669
17 124 671
17 124 684
17 124 686
17 124 692
17 124 704
17 124 706
17 124 712
17 124 713
17 124 715
17 124 716
17 124 719
17 124 721
17 124 727
17 124 730
17 124 732
17 124 733
17 124 740
17 124 744
17 124 746
17 11 834
17 11 850
14 104 811
14 104 812
14 104 813
14 104 814
88 120 763
88 120 764
110 34 701
110 34 702
34 107 705
34 51 779
34 51 780
34 51 786
34 51 789
34 51 791
34 51 805
34 51 822
34 51 828
34 51 911
34 51 938
34 51 939
34 51 942
34 104 1033
34 104 1062
51 121 904
51 121 905
51 121 908
51 121 921
51 121 922
51 121 926
51 121 928
51 121 933
51 121 934
51 121 938
51 121 959
51 121 962
51 121 992
