57 67 0
57 67 1
57 67 2
57 67 48
57 67 120
57 67 128
57 127 24
57 127 25
57 28 27
57 31 33
57 31 34
57 24 115
57 124 125
57 141 807
57 141 811
57 141 813
57 141 826
57 141 827
57 141 830
57 141 831
57 141 832
57 141 833
57 141 836
57 141 837
57 141 838
57 141 839
57 141 841
57 141 844
57 141 904
57 141 907
57 141 925
57 141 970
57 141 971
57 141 984
57 141 985
57 141 986
57 141 987
57 141 995
57 141 997
57 141 1005
57 141 1007
57 141 1008
57 141 1009
57 141 1010
57 141 1011
57 141 1013
57 141 1014
57 141 1015
57 141 1016
57 141 1020
57 141 1021
57 141 1022
57 141 1024
57 141 1026
57 141 1027
57 141 1028
57 141 1029
57 141 1030
57 141 1031
57 141 1032
57 141 1033
57 141 1034
57 141 1035
57 141 1036
57 141 1037
57 141 1044
57 141 1045
57 141 1046
57 141 1047
57 141 1048
57 141 1049
57 146 926
57 71 1044
57 71 1045
57 71 1046
57 71 1047
57 71 1048
57 71 1049
57 9 1044
57 9 1049
67 42 125
67 42 126
67 42 127
67 42 128
67 91 195
67 13 348
97 87 2
97 87 3
97 87 30
97 87 59
97 87 60
97 87 79
97 87 80
97 87 81
97 87 83
97 87 85
97 87 88
97 87 89
97 87 90
97 87 92
97 87 98
97 87 148
97 87 152
97 87 153
97 87 154
97 87 155
97 58 14
97 19 34
97 64 54
97 115 83
97 36 294
97 36 404
97 26 310
97 26 311
97 26 312
97 26 318
97 26 332
97 26 345
97 26 361
97 137 313
97 137 327
97 137 329
97 137 377
97 137 388
97 150 314
97 150 325
97 150 327
97 150 338
97 150 351
97 150 353
97 150 354
97 150 355
97 150 375
97 150 399
97 47 316
97 92 324
97 92 364
97 92 369
97 92 377
97 92 378
97 43 329
97 43 369
97 43 377
97 143 336
97 134 353
97 134 354
97 134 355
97 134 356
97 134 370
97 134 378
97 89 388
87 64 51
87 64 52
87 29 63
87 49 66
87 72 75
87 42 90
87 113 121
87 81 123
87 81 130
87 81 131
87 125 131
87 125 132
87 125 138
87 125 152
87 106 132
87 111 150
87 40 159
87 73 539
87 73 540
87 73 541
87 73 542
87 73 560
87 73 569
87 73 609
87 73 636
87 73 666
87 73 692
87 73 693
87 83 539
87 83 540
87 83 541
87 83 548
87 83 549
87 83 563
87 83 572
87 83 585
87 83 592
87 83 616
87 83 617
87 83 619
87 83 624
87 83 629
87 83 634
87 83 636
87 83 637
87 83 643
87 83 653
87 83 655
87 83 656
87 83 658
87 83 660
87 83 663
87 83 666
87 83 692
87 83 693
87 0 539
87 0 540
87 0 541
87 0 542
87 0 548
87 0 557
87 0 568
87 0 569
87 0 602
87 0 605
87 0 606
87 0 607
87 0 609
87 0 610
87 0 611
87 0 624
87 0 627
87 0 629
87 0 631
87 0 632
87 0 636
87 0 637
87 0 638
87 0 643
87 0 644
87 0 645
87 0 646
87 0 651
87 0 652
87 0 657
87 0 659
87 0 660
87 0 661
87 0 663
87 0 666
87 0 667
87 0 668
87 0 669
87 0 670
87 0 672
87 0 673
87 0 674
87 0 675
87 0 676
87 0 678
87 0 690
87 0 692
87 0 693
83 102 4
83 102 14
83 102 15
83 102 16
83 102 34
83 102 43
83 102 44
83 23 34
83 23 35
83 23 36
83 23 38
83 23 39
83 23 40
83 23 42
83 19 34
83 19 35
83 19 36
83 19 37
83 19 38
83 19 39
83 19 40
83 19 41
83 19 42
83 132 35
83 132 36
83 132 38
83 123 54
83 123 63
83 127 133
83 127 134
83 127 135
83 127 137
83 20 162
83 20 163
83 144 540
83 148 565
83 27 566
83 109 566
83 58 567
83 104 600
102 17 28
102 127 30
102 127 61
102 127 62
102 127 63
102 127 67
102 127 70
102 127 85
102 127 86
102 127 87
102 127 88
102 127 89
102 127 90
102 127 94
102 127 97
102 127 99
102 127 100
102 127 102
102 127 104
102 127 106
102 127 107
102 127 114
102 127 141
102 127 142
102 127 152
102 127 153
102 127 154
102 127 155
102 127 159
102 127 160
102 6 47
102 6 52
102 6 56
102 6 59
102 6 61
102 6 69
102 6 74
102 6 89
102 6 101
102 6 102
102 6 106
102 6 113
102 6 114
102 6 138
102 6 139
102 6 140
102 6 144
102 6 147
102 6 152
102 6 159
102 6 160
23 23 4
23 23 5
23 23 6
23 23 7
23 23 8
23 23 21
23 23 22
23 23 40
23 23 82
23 23 85
23 132 4
23 132 6
23 132 7
23 132 69
23 132 71
23 132 78
23 132 79
23 132 80
23 132 81
23 132 85
23 19 4
23 19 5
23 19 6
23 19 7
23 19 8
23 19 18
23 19 85
23 19 86
23 16 4
23 16 5
23 16 6
23 16 7
23 16 8
23 16 10
23 16 13
23 16 20
23 16 21
23 16 22
23 16 23
23 16 28
23 16 29
23 16 31
23 16 34
23 16 38
23 16 39
23 16 40
23 16 42
23 16 43
23 16 45
23 16 46
23 16 56
23 16 63
23 16 64
23 16 72
23 16 75
23 16 78
23 16 80
23 16 81
23 16 82
23 16 83
23 16 84
23 16 86
23 130 34
23 105 73
132 16 4
132 16 5
132 16 6
132 16 7
132 16 8
132 16 15
132 16 19
132 16 30
132 16 31
132 16 35
132 16 37
132 16 38
132 16 39
132 16 47
132 16 63
132 16 81
132 16 82
132 16 85
132 19 4
132 19 5
132 19 6
132 19 7
132 19 8
132 19 11
132 19 15
132 19 27
132 19 28
132 19 30
132 19 33
132 19 35
132 19 36
132 19 37
132 19 39
132 19 85
132 142 577
132 142 584
132 142 592
132 142 599
132 142 600
132 142 601
132 142 603
132 142 613
132 142 627
132 142 628
132 142 629
132 142 630
132 142 631
132 142 632
132 142 648
132 142 649
132 142 652
132 142 654
132 142 665
132 142 666
132 142 667
132 142 668
132 142 669
132 142 672
132 142 673
132 142 674
132 142 678
132 142 679
132 142 680
132 142 684
132 142 686
132 142 696
132 147 579
132 147 588
132 147 589
132 147 595
132 147 596
132 147 615
132 147 652
132 147 678
132 147 679
132 147 681
132 147 682
132 147 683
132 147 697
132 147 707
132 147 708
132 147 709
132 147 710
132 147 711
132 147 712
132 147 750
132 147 756
132 147 757
132 90 581
132 90 582
132 90 588
132 90 589
132 90 590
132 90 592
132 90 593
132 90 594
132 90 596
132 90 599
132 90 601
132 90 602
132 90 605
132 90 606
132 90 607
132 90 608
132 90 609
132 90 610
132 90 611
132 90 612
132 90 613
132 90 614
132 90 617
132 90 623
132 90 624
132 90 629
132 90 633
132 90 636
132 90 637
132 90 638
132 90 640
132 90 642
132 90 643
132 90 644
132 90 645
132 90 646
132 90 648
132 90 649
132 90 650
132 90 651
132 90 652
132 90 653
132 90 655
132 90 656
132 90 659
132 90 671
132 90 673
132 90 675
132 90 677
132 90 680
132 90 681
132 90 682
132 90 683
132 90 686
132 90 688
132 90 690
132 90 691
132 90 692
132 90 693
132 90 694
132 90 695
132 90 696
132 90 697
132 90 698
132 90 702
132 90 703
132 90 704
132 90 706
132 90 707
132 90 708
132 90 709
132 90 710
132 90 711
132 90 712
132 90 722
132 90 724
132 90 725
132 90 726
132 90 729
132 90 731
132 90 732
132 90 733
132 90 735
132 90 736
132 90 737
132 90 738
132 90 739
132 90 740
132 90 741
132 90 742
132 90 743
132 90 744
132 90 745
132 90 746
132 90 747
132 90 748
132 90 749
132 90 752
132 90 756
132 136 596
132 136 598
132 136 601
132 136 602
132 136 603
132 136 604
132 136 615
132 136 617
132 136 620
132 136 629
132 136 630
132 136 634
132 136 638
132 136 644
132 136 653
132 136 664
132 136 668
132 136 671
132 136 681
132 136 695
132 136 697
132 136 699
132 136 700
132 136 704
132 136 715
132 136 716
132 136 717
132 136 723
132 136 738
132 136 739
132 136 740
132 136 741
132 136 742
132 136 743
132 136 744
132 136 746
132 136 747
132 136 748
132 136 751
132 136 752
132 136 755
132 118 602
132 48 603
132 48 604
132 48 607
132 48 608
132 48 609
132 48 610
132 48 611
132 48 633
132 48 645
132 48 651
132 48 659
132 48 660
132 48 669
132 48 670
132 48 718
132 48 719
132 48 720
132 48 733
132 112 604
132 112 620
132 112 664
132 112 665
132 112 666
132 112 667
132 112 669
132 112 678
132 112 679
132 112 684
132 112 710
132 65 620
132 52 659
132 52 660
132 155 673
132 155 674
132 15 704
132 40 717
132 30 721
132 126 733
19 4 27
19 130 34
19 25 46
19 42 47
19 42 54
19 42 55
19 14 48
19 14 49
19 105 75
16 101 916
16 101 923
16 101 930
16 101 938
16 101 939
16 101 951
16 101 957
16 101 958
16 101 959
16 101 960
16 101 961
16 101 962
16 62 957
16 62 961
16 62 962
16 65 961
16 65 962
4 107 14
4 107 15
4 107 16
4 107 18
4 107 20
4 107 27
4 107 28
4 107 31
4 107 32
4 107 36
4 107 37
4 107 38
4 107 46
4 127 14
4 127 15
4 127 16
4 127 17
4 127 20
4 127 21
4 127 24
4 127 25
4 127 27
4 127 28
4 127 30
4 127 31
4 127 32
4 127 33
4 127 35
4 127 38
4 127 39
4 127 46
4 127 49
4 127 50
4 127 51
4 127 52
4 127 58
4 127 66
4 127 70
4 127 73
4 127 77
4 127 85
4 127 87
4 127 88
4 127 89
4 127 90
4 127 97
4 127 98
4 127 100
4 127 102
4 127 103
4 127 106
4 127 107
4 127 114
4 127 116
4 127 118
4 127 119
4 127 120
4 127 122
4 127 123
4 127 126
4 127 139
4 127 141
4 127 144
4 127 159
4 31 15
4 31 16
4 31 17
4 58 27
4 85 132
4 85 133
4 124 134
4 139 533
4 79 546
4 37 571
4 158 584
4 151 585
107 125 14
107 125 15
107 125 16
107 125 20
107 125 27
107 125 32
107 125 41
107 125 46
107 125 205
107 125 206
107 125 208
107 125 210
107 125 212
107 125 213
107 125 214
107 125 215
107 125 216
107 125 217
107 125 218
107 125 219
107 125 220
107 125 221
107 125 222
107 125 223
107 125 224
107 125 226
107 125 227
107 125 228
107 125 229
107 125 230
107 125 231
107 125 236
107 125 237
107 125 238
107 125 239
107 125 240
107 125 247
107 125 252
107 125 256
107 125 258
107 125 262
107 125 263
107 125 266
107 125 271
107 125 277
107 125 278
107 125 280
107 125 282
107 125 284
107 125 290
107 125 293
107 125 294
107 125 295
107 125 296
107 125 301
107 125 302
107 125 303
107 125 304
107 125 305
107 125 307
107 125 308
107 125 309
107 125 310
107 125 311
107 125 318
107 125 320
107 125 321
107 125 322
107 125 323
107 125 324
107 125 325
107 125 326
107 125 327
107 125 328
107 125 329
107 125 330
107 125 331
107 125 332
107 125 333
107 125 334
107 125 337
107 125 339
107 125 345
107 125 348
107 125 349
107 125 350
107 125 351
107 125 353
107 125 358
107 125 359
107 125 360
107 125 361
107 125 362
107 125 363
107 125 364
107 125 365
107 125 367
107 125 368
107 125 370
107 125 371
107 125 373
107 125 374
107 125 375
107 125 381
107 125 382
107 125 383
107 125 384
107 125 385
107 125 386
107 125 387
107 125 388
107 125 389
107 125 390
107 125 391
107 125 392
107 125 393
107 125 394
107 125 395
107 125 396
107 125 397
107 125 398
107 125 399
107 125 400
107 125 401
107 125 402
107 125 406
107 125 407
107 125 410
107 125 413
107 125 414
107 125 415
107 125 416
107 125 420
107 125 421
107 125 422
107 125 423
107 125 425
107 125 429
107 125 430
107 125 431
107 125 437
107 125 439
107 125 441
107 125 442
107 125 448
107 125 472
107 125 473
107 125 476
107 125 477
107 125 489
107 125 490
107 125 493
107 125 505
107 125 506
107 125 512
107 125 516
107 125 517
107 125 518
107 125 527
107 125 529
107 125 530
107 125 531
107 125 532
107 125 533
107 125 543
107 125 544
107 125 545
107 125 549
107 125 552
107 125 555
107 125 557
107 125 558
107 125 559
107 125 566
107 125 567
107 29 15
107 29 16
107 154 15
107 2 231
107 156 277
107 42 277
107 88 277
107 21 426
107 21 444
107 139 437
107 139 446
127 42 48
127 42 49
127 147 113
127 29 114
127 122 134
127 154 141
127 18 306
127 24 306
127 24 308
127 24 311
127 24 319
127 24 320
127 24 321
127 24 322
127 24 328
127 24 330
127 24 332
127 24 336
127 24 338
127 24 339
127 24 341
127 24 343
127 24 345
127 24 353
127 24 354
127 24 362
127 24 365
127 24 366
127 24 371
127 24 374
127 13 362
58 42 23
58 42 25
58 42 27
58 42 30
58 42 31
58 42 32
58 42 33
58 42 49
58 42 50
58 42 51
58 42 52
58 42 54
58 42 55
58 42 57
58 42 60
58 42 61
58 42 62
58 42 63
58 42 64
58 42 65
58 42 66
58 42 67
58 42 68
58 42 69
58 42 70
58 42 71
58 42 72
58 42 76
58 42 77
58 42 78
58 42 81
58 42 82
58 42 83
58 42 87
58 42 89
58 42 90
58 42 91
58 42 102
58 42 103
58 42 105
58 42 109
58 42 110
58 42 111
58 42 117
58 42 119
58 42 120
58 42 122
58 42 123
58 42 124
58 42 125
58 42 127
58 42 128
58 64 113
58 64 115
58 106 125
58 95 301
58 95 306
58 95 312
58 95 334
58 95 336
58 95 342
58 122 303
58 122 321
58 122 327
58 122 345
58 122 347
58 122 372
58 86 304
58 86 306
58 86 320
58 86 326
58 86 337
58 86 360
58 86 416
58 86 427
58 86 429
58 86 431
58 86 438
58 86 439
58 86 441
58 86 451
58 86 453
58 86 456
58 86 464
58 86 465
58 86 473
58 86 492
58 86 499
58 86 508
58 86 512
58 86 516
58 86 523
58 86 524
58 86 527
58 86 528
58 86 533
58 86 540
58 86 541
58 86 542
58 86 543
58 86 549
58 86 550
58 86 552
58 86 553
58 86 554
58 86 559
58 86 560
58 86 561
58 86 564
58 86 565
58 86 576
58 86 581
58 86 582
58 86 583
58 86 585
58 86 600
58 86 607
58 86 610
58 86 611
58 22 306
58 22 308
58 22 309
58 22 324
58 22 332
58 22 341
58 22 379
58 22 385
58 22 390
58 22 398
58 22 416
58 22 419
58 9 313
58 9 322
58 9 355
58 9 356
58 9 361
58 9 362
58 9 364
58 13 317
58 13 335
58 13 354
58 13 356
58 13 365
58 13 369
58 13 370
58 13 371
58 13 380
58 13 386
58 13 399
58 13 401
58 3 320
58 3 327
58 3 337
58 3 375
58 3 399
58 3 403
58 71 330
58 71 332
58 71 333
58 71 382
58 71 388
58 61 332
58 61 333
58 61 362
58 61 363
58 61 416
58 61 419
58 61 420
58 61 422
58 61 469
58 61 477
58 61 511
58 61 541
58 61 542
58 61 543
58 61 547
58 61 553
58 61 554
58 61 556
58 61 560
58 61 562
58 61 563
58 61 564
58 61 565
58 61 569
58 61 570
58 61 571
58 61 573
58 61 577
58 8 355
58 8 368
58 8 373
58 8 401
58 8 402
58 8 403
58 8 405
58 116 385
58 109 443
58 32 444
58 25 445
58 25 446
58 72 489
58 14 489
58 0 568
125 151 15
125 31 15
125 31 16
125 110 34
125 6 54
125 6 56
125 6 60
125 6 67
125 6 69
125 6 71
125 6 72
125 6 76
125 6 78
125 6 80
125 6 84
125 6 86
125 6 96
125 6 99
125 6 101
125 6 115
125 6 117
125 6 121
125 6 124
125 6 125
125 6 138
125 6 148
125 6 149
125 6 152
125 6 153
125 6 160
125 85 130
125 85 132
125 24 155
125 20 157
125 91 217
125 91 230
125 91 234
125 1 231
125 41 284
125 41 285
125 41 286
125 160 284
125 160 293
125 43 403
125 55 403
125 55 404
125 55 405
125 30 428
125 139 429
125 139 430
125 139 437
125 139 438
125 139 443
125 139 446
125 139 447
125 139 452
125 139 456
125 18 456
31 42 28
31 155 29
31 105 33
31 154 43
31 154 172
31 35 522
31 35 523
31 35 524
31 35 525
31 35 533
31 35 534
31 35 550
31 35 553
31 35 555
31 35 557
31 35 558
31 35 564
31 35 566
31 35 567
31 35 568
31 35 569
31 35 570
31 35 580
31 35 584
31 35 585
31 35 587
31 35 588
31 35 628
151 29 15
151 29 21
151 29 97
151 29 105
151 29 106
151 29 113
151 29 114
151 29 115
151 29 116
151 29 117
151 29 118
151 29 119
151 29 134
151 29 144
151 29 147
151 29 149
151 29 150
151 29 151
151 29 152
151 29 153
151 29 154
151 29 155
151 29 159
151 29 161
151 29 165
151 29 166
151 29 168
151 29 170
151 29 171
151 29 173
151 29 175
151 29 178
151 29 179
151 29 181
151 29 182
151 29 188
151 29 192
151 29 199
151 126 579
151 126 598
151 126 624
151 126 629
151 126 723
151 90 580
151 90 586
151 90 587
151 90 588
151 90 594
151 90 596
151 90 597
151 90 609
151 90 610
151 90 616
151 90 617
151 90 619
151 90 653
151 90 655
151 90 661
151 90 669
151 90 676
151 90 677
151 90 680
151 90 681
151 90 682
151 90 683
151 90 697
151 90 704
151 90 708
151 90 709
151 90 710
151 90 711
151 90 712
151 90 714
151 90 717
151 90 728
151 90 729
151 90 735
151 90 737
151 90 747
151 90 748
151 90 750
151 90 752
151 90 756
151 112 584
151 112 597
151 112 630
151 112 631
151 112 670
151 112 671
151 112 672
151 112 676
151 112 677
151 112 678
151 112 679
151 112 718
151 112 729
151 112 741
151 112 742
151 52 586
151 52 723
151 52 728
151 76 594
151 76 716
151 56 597
151 56 603
151 56 604
151 48 608
151 48 610
151 48 621
151 48 627
151 48 629
151 48 633
151 48 635
151 48 649
151 48 650
151 48 651
151 48 652
151 48 655
151 48 656
151 48 661
151 48 662
151 48 682
151 48 692
151 48 693
151 48 696
151 48 700
151 48 701
151 48 740
151 48 741
151 118 608
151 105 646
151 10 670
151 155 674
151 157 715
151 142 740
151 36 756
29 17 30
29 28 30
29 60 110
29 12 111
29 12 112
29 6 114
29 134 378
29 47 379
29 137 399
154 12 97
154 55 351
154 55 352
154 55 353
154 55 354
154 55 355
154 55 357
154 55 358
154 55 359
154 55 362
154 55 363
154 55 364
154 55 365
154 55 367
154 55 370
154 55 371
154 55 372
154 55 373
154 55 374
154 55 377
154 55 378
154 55 379
154 55 380
154 55 383
154 55 384
154 55 385
154 55 386
154 55 387
154 55 390
154 55 399
154 55 401
154 55 405
154 55 413
154 55 414
154 55 425
154 55 426
154 55 427
154 55 429
154 55 431
154 55 432
154 55 440
154 55 441
154 55 444
154 55 445
154 55 446
154 55 447
154 55 448
154 55 449
154 55 450
154 55 451
154 55 452
154 55 454
154 55 455
154 55 465
154 55 467
154 55 473
154 55 474
154 55 475
154 55 480
154 55 481
154 55 482
154 55 483
154 55 484
154 55 485
154 55 487
154 55 493
154 55 494
154 55 495
154 55 499
154 55 544
154 55 546
154 55 549
154 55 551
154 139 352
154 139 353
154 139 354
154 139 360
154 139 361
154 139 364
154 139 365
154 139 368
154 139 372
154 139 374
154 139 380
154 139 381
154 139 383
154 139 387
154 139 391
154 139 392
154 139 394
154 139 396
154 139 397
154 139 402
154 139 403
154 139 404
154 139 412
154 139 413
154 139 426
154 139 428
154 139 429
154 139 430
154 139 431
154 139 433
154 139 434
154 139 435
154 139 436
154 139 437
154 139 438
154 139 439
154 139 440
154 139 441
154 139 444
154 139 446
154 139 448
154 139 452
154 139 456
154 139 457
154 139 463
154 139 464
154 139 474
154 139 477
154 139 485
154 139 489
154 139 501
154 139 502
154 139 503
154 139 504
154 139 505
154 139 506
154 139 507
154 139 508
154 139 509
154 139 510
154 139 511
154 139 512
154 139 513
154 139 514
154 139 515
154 139 516
154 139 517
154 139 518
154 139 519
154 139 520
154 139 528
154 139 534
154 139 536
154 139 537
154 139 540
154 139 542
154 139 545
154 139 550
154 139 551
154 18 423
154 18 425
154 148 547
25 17 20
25 17 21
25 17 22
25 17 29
25 17 30
25 17 34
25 17 35
25 17 36
25 17 37
25 17 38
25 17 39
25 17 40
25 17 41
25 17 42
25 17 44
25 17 47
25 17 48
25 17 51
25 17 53
25 17 59
25 17 60
25 17 62
25 17 63
25 17 65
25 17 68
25 17 69
25 17 71
25 17 72
25 17 73
25 17 82
25 17 83
25 17 93
25 17 99
25 17 100
25 17 101
25 17 102
25 152 20
25 152 23
25 152 28
25 152 29
25 152 30
25 152 37
25 152 39
25 152 41
25 152 45
25 152 47
25 152 48
25 152 56
25 152 57
25 152 58
25 152 59
25 152 60
25 152 61
25 152 72
25 152 77
25 152 82
25 152 83
25 152 88
25 152 89
25 152 90
25 152 95
25 152 97
25 152 101
25 152 102
25 123 67
25 64 67
25 12 74
25 30 398
25 30 447
25 128 398
25 128 445
25 128 447
25 128 448
25 128 450
25 104 400
25 104 447
25 104 448
17 64 46
17 155 47
17 155 48
17 155 53
17 155 56
17 155 59
17 155 60
17 155 61
17 155 66
17 155 72
17 155 73
17 155 75
17 155 80
17 155 82
17 155 83
17 155 86
17 155 88
17 155 89
17 155 90
17 155 95
17 155 96
17 155 98
17 155 99
17 155 100
17 155 101
17 155 102
17 10 71
17 133 97
17 133 98
17 133 99
17 133 103
17 133 104
17 133 105
17 133 107
17 133 110
17 133 111
17 133 112
17 133 115
17 133 116
17 133 117
17 133 121
17 133 122
17 133 123
17 133 124
17 133 125
17 133 128
17 133 130
17 133 131
17 133 132
17 133 134
17 133 136
17 133 137
17 133 138
17 133 139
17 133 140
17 133 141
17 133 142
17 133 143
17 133 144
17 133 145
17 133 146
17 133 152
17 133 153
17 133 154
17 133 159
17 133 161
17 133 162
17 133 163
17 133 164
17 133 165
17 133 166
17 133 167
17 133 170
17 133 171
17 133 176
17 133 177
17 133 178
17 133 184
17 133 185
17 133 186
17 133 187
17 133 188
17 133 189
17 133 194
17 133 197
17 133 198
17 133 200
17 133 201
17 133 203
17 133 205
17 133 206
17 133 207
17 133 208
17 133 209
17 133 210
17 133 211
17 133 212
17 133 214
17 133 215
17 133 223
17 133 224
17 133 227
17 133 234
17 133 235
17 133 251
17 133 252
17 133 254
17 133 256
17 133 257
17 133 259
17 133 263
17 133 293
17 133 294
17 133 295
17 133 296
17 133 297
17 133 299
17 133 300
17 133 301
17 133 302
17 133 303
17 24 99
17 24 110
17 24 111
17 24 115
17 24 124
17 24 125
17 24 130
17 24 132
17 24 138
17 24 142
17 24 146
17 24 148
17 24 154
17 24 155
17 24 157
17 24 158
17 24 160
17 24 161
17 24 162
17 24 163
17 24 164
17 24 165
17 24 171
17 24 185
17 24 190
17 24 191
17 24 192
17 24 199
17 24 201
17 24 208
17 24 210
17 24 211
17 24 212
17 24 217
17 24 219
17 24 223
17 24 227
17 24 232
17 24 236
17 24 244
17 24 248
17 24 257
17 24 258
17 24 259
17 24 260
17 24 261
17 24 272
17 24 290
17 24 295
17 24 296
17 24 297
17 24 298
17 24 299
17 24 300
17 24 301
17 24 302
17 24 303
152 14 20
152 14 21
152 14 30
152 14 42
152 75 67
152 75 153
152 75 162
152 75 163
152 75 307
152 18 309
14 28 28
14 48 467
14 48 468
14 48 469
14 48 470
14 48 471
14 48 472
14 48 473
14 48 474
14 48 475
14 48 476
14 48 477
14 48 478
14 48 479
14 48 482
14 48 483
14 48 484
14 48 486
14 48 487
14 48 488
14 48 491
14 48 492
14 48 493
14 48 494
14 48 495
14 48 496
14 48 497
14 48 498
14 48 499
14 48 500
14 48 501
14 48 502
14 48 503
14 48 504
14 48 507
14 48 508
14 48 509
14 48 510
14 48 511
14 48 515
14 48 517
14 48 518
14 48 520
14 48 521
14 48 522
14 48 523
14 48 524
14 48 525
14 48 527
14 48 528
14 48 532
14 48 538
14 48 539
14 48 541
14 48 542
14 48 543
14 48 544
14 48 546
14 48 547
14 48 552
14 48 553
14 48 554
14 48 555
14 48 559
14 48 561
14 48 562
14 48 565
14 48 566
14 48 567
14 48 569
14 48 570
14 48 571
14 48 572
14 48 573
14 48 574
14 48 575
14 48 576
14 48 586
14 48 590
14 48 593
14 37 471
14 37 472
14 37 473
14 37 476
14 37 477
14 37 486
14 37 489
14 37 491
14 37 492
14 37 494
14 37 496
14 37 499
14 37 500
14 37 504
14 37 505
14 37 506
14 37 508
14 37 510
14 37 512
14 37 513
14 37 525
14 37 526
14 37 529
14 37 545
14 37 546
14 37 547
14 37 548
14 37 551
14 37 552
14 37 553
14 37 557
14 37 558
14 37 560
14 37 562
14 37 564
14 37 565
14 37 566
14 37 571
14 37 572
14 37 576
14 37 578
14 37 579
14 37 582
14 37 583
14 37 588
14 37 589
14 37 591
14 37 593
14 135 480
14 0 564
14 3 578
14 3 583
14 22 580
14 104 589
14 104 591
42 6 60
42 20 112
42 160 257
42 160 299
42 160 319
42 160 324
42 160 330
42 160 332
42 160 335
42 160 343
42 160 344
42 160 345
42 160 348
42 160 350
42 160 351
42 160 352
42 160 353
42 160 355
42 77 299
42 77 315
42 77 316
42 77 355
42 77 357
64 110 24
64 110 34
64 110 50
64 123 24
64 123 25
64 123 26
64 123 30
64 123 34
64 123 38
64 123 49
64 123 50
64 123 51
64 123 54
64 123 55
64 123 58
64 123 63
64 123 64
64 123 65
64 123 66
64 123 68
64 123 71
64 123 72
64 123 74
64 123 76
64 123 77
64 123 78
64 123 79
64 123 80
64 123 81
64 123 82
64 123 83
64 123 84
64 123 85
64 123 86
64 123 91
64 123 93
64 123 94
64 105 26
64 105 48
64 105 54
64 105 55
64 105 56
64 105 57
64 105 75
64 105 77
64 105 78
64 105 79
64 105 80
64 121 44
64 111 92
64 133 94
64 133 98
64 133 101
64 133 105
64 133 110
64 133 112
64 133 117
64 133 120
64 133 121
64 133 122
64 133 123
64 133 124
64 133 125
64 133 126
64 133 130
64 133 131
64 133 132
64 133 136
64 133 142
64 133 150
64 133 160
64 133 164
64 133 171
64 133 173
64 133 176
64 133 177
64 133 184
64 133 186
64 133 190
64 133 193
64 133 194
64 133 200
64 133 201
64 133 204
64 133 206
64 133 207
64 133 208
64 133 209
64 133 211
64 133 213
64 133 219
64 133 220
64 133 225
64 133 227
64 133 230
64 133 231
64 133 232
64 133 233
64 133 234
64 133 235
64 133 236
64 133 243
64 133 252
64 133 255
64 133 257
64 133 258
64 133 259
64 133 271
64 133 278
64 133 287
64 133 293
64 133 296
64 133 297
64 133 300
64 133 301
64 133 302
64 133 303
64 133 304
64 24 98
64 24 98
64 24 99
64 24 99
64 24 100
64 24 102
64 24 102
64 24 104
64 24 104
64 24 105
64 24 106
64 24 106
64 24 107
64 24 108
64 24 109
64 24 111
64 24 112
64 24 113
64 24 115
64 24 115
64 24 117
64 24 119
64 24 120
64 24 122
64 24 123
64 24 125
64 24 126
64 24 130
64 24 132
64 24 133
64 24 136
64 24 137
64 24 139
64 24 140
64 24 141
64 24 142
64 24 143
64 24 144
64 24 145
64 24 146
64 24 147
64 24 148
64 24 150
64 24 156
64 24 157
64 24 158
64 24 159
64 24 160
64 24 161
64 24 161
64 24 163
64 24 163
64 24 164
64 24 165
64 24 171
64 24 172
64 24 176
64 24 178
64 24 179
64 24 181
64 24 183
64 24 184
64 24 186
64 24 187
64 24 191
64 24 192
64 24 193
64 24 198
64 24 200
64 24 205
64 24 208
64 24 209
64 24 210
64 24 211
64 24 213
64 24 219
64 24 220
64 24 227
64 24 228
64 24 229
64 24 230
64 24 241
64 24 249
64 24 251
64 24 252
64 24 255
64 24 256
64 24 257
64 24 259
64 24 259
64 24 260
64 24 261
64 24 264
64 24 265
64 24 278
64 24 279
64 24 286
64 24 287
64 24 288
64 24 289
64 24 293
64 24 296
64 24 297
64 24 298
64 24 299
64 24 300
64 24 301
64 24 301
64 24 302
64 24 302
64 24 303
64 24 303
64 24 304
64 20 98
64 20 99
64 20 100
64 20 104
64 20 106
64 20 107
64 20 109
64 20 110
64 20 111
64 20 112
64 20 115
64 20 117
64 20 119
64 20 120
64 20 121
64 20 122
64 20 123
64 20 124
64 20 125
64 20 126
64 20 127
64 20 128
64 20 129
64 20 130
64 20 132
64 20 133
64 20 134
64 20 135
64 20 136
64 20 137
64 20 138
64 20 139
64 20 140
64 20 141
64 20 142
64 20 143
64 20 144
64 20 145
64 20 146
64 20 147
64 20 148
64 20 149
64 20 150
64 20 151
64 20 152
64 20 153
64 20 154
64 20 155
64 20 158
64 20 159
64 20 160
64 20 161
64 20 163
64 20 164
64 20 165
64 20 166
64 20 169
64 20 170
64 20 171
64 20 172
64 20 176
64 20 177
64 20 178
64 20 179
64 20 180
64 20 181
64 20 182
64 20 185
64 20 191
64 20 195
64 20 198
64 20 199
64 20 200
64 20 201
64 20 202
64 20 203
64 20 204
64 20 206
64 20 208
64 20 209
64 20 210
64 20 211
64 20 212
64 20 213
64 20 214
64 20 218
64 20 219
64 20 220
64 20 221
64 20 222
64 20 224
64 20 227
64 20 228
64 20 229
64 20 230
64 20 231
64 20 232
64 20 238
64 20 239
64 20 240
64 20 255
64 20 256
64 20 257
64 20 259
64 20 260
64 20 261
64 20 265
64 20 268
64 20 270
64 20 272
64 20 274
64 20 293
64 20 294
64 20 295
64 20 296
64 20 299
64 20 301
64 20 302
64 20 303
64 124 119
64 124 120
64 85 119
64 6 156
64 131 172
64 131 241
64 131 242
64 131 244
64 131 248
64 131 249
64 131 260
64 131 274
64 131 279
64 131 286
64 80 202
64 35 204
64 91 214
64 98 215
64 94 216
64 7 219
64 7 222
64 27 242
110 121 34
110 121 35
110 126 728
123 105 25
123 105 38
123 105 69
123 105 70
123 105 74
123 105 77
123 105 78
123 105 79
123 105 81
123 105 87
123 105 88
123 111 91
123 111 92
123 111 244
123 111 245
123 111 246
123 111 248
123 111 249
123 111 260
123 111 261
123 111 264
123 111 267
123 111 273
123 111 276
123 111 279
123 111 283
123 111 428
123 111 436
123 111 443
123 111 451
123 111 457
123 111 462
123 111 463
123 111 468
123 111 469
123 111 470
123 111 474
123 111 479
123 111 482
123 111 491
123 111 498
123 111 502
123 111 504
123 24 94
123 20 221
123 21 401
123 21 404
123 21 405
123 21 409
123 21 451
123 55 457
105 115 91
105 24 95
105 133 95
105 90 596
105 90 597
105 90 598
105 90 599
105 90 600
105 90 603
105 90 604
105 90 606
105 90 607
105 90 649
105 90 658
105 90 659
105 90 660
105 90 666
105 90 711
105 90 712
105 90 717
105 90 718
105 90 719
105 90 727
105 90 739
105 90 741
105 90 746
105 90 747
105 90 748
105 90 759
105 90 760
105 90 762
105 90 766
105 90 768
105 90 769
105 90 770
105 90 771
105 90 774
105 90 777
105 90 778
105 90 782
105 90 783
105 90 785
105 90 795
105 90 801
105 90 802
105 90 805
105 90 809
105 90 813
105 90 826
105 90 827
105 145 632
105 145 644
105 136 638
105 136 647
105 119 810
28 15 662
28 15 663
28 15 664
28 15 665
28 15 666
28 15 667
28 15 670
28 15 673
28 15 674
28 15 680
28 15 682
28 15 683
28 15 684
28 15 687
28 15 688
28 15 690
28 15 691
28 15 692
28 15 693
28 15 694
28 15 697
28 15 698
28 15 699
28 15 700
28 15 701
28 15 707
28 15 708
28 15 709
28 15 714
28 15 715
28 15 716
28 15 717
28 15 719
28 15 720
28 15 727
28 15 728
28 15 731
28 15 732
28 15 737
28 15 738
28 36 692
28 36 769
28 126 709
28 142 713
28 142 716
28 62 718
28 40 718
28 40 720
28 48 723
28 48 725
28 112 726
28 131 757
28 131 768
28 131 769
28 131 770
28 131 771
28 34 758
28 34 768
28 34 769
28 34 770
155 140 565
155 140 566
155 140 567
155 140 583
155 140 588
155 140 589
155 140 590
155 140 592
155 140 593
155 140 622
155 140 624
155 140 625
155 140 653
155 140 658
155 140 659
155 140 661
155 140 663
155 140 664
155 140 666
155 140 667
155 140 668
155 140 669
155 140 676
155 140 678
155 140 679
155 140 680
155 96 565
155 96 566
155 96 569
155 96 571
155 96 572
155 96 573
155 96 574
155 96 575
155 96 576
155 96 577
155 96 578
155 96 579
155 96 584
155 96 585
155 96 586
155 96 587
155 96 591
155 96 593
155 96 611
155 96 614
155 96 615
155 96 616
155 96 617
155 96 618
155 96 624
155 96 627
155 96 628
155 96 629
155 96 630
155 96 632
155 96 634
155 96 635
155 96 653
155 96 654
155 96 656
155 96 657
155 96 658
155 96 659
155 96 660
155 96 662
155 96 663
155 96 670
155 96 672
155 96 677
155 96 678
155 96 679
155 96 680
155 56 565
155 56 566
155 56 571
155 56 591
155 56 597
155 56 599
155 56 600
155 56 601
155 56 603
155 56 604
155 56 605
155 56 614
155 56 618
155 56 631
155 56 651
155 56 652
155 56 653
155 56 655
155 56 662
155 56 677
155 56 678
155 56 679
155 56 680
155 73 590
155 48 613
155 75 671
155 32 678
130 21 397
130 30 398
130 30 399
130 30 413
130 30 417
130 30 418
130 30 419
130 30 424
130 104 403
130 104 417
130 104 434
130 104 444
130 104 455
130 104 458
130 104 461
130 104 465
130 104 474
130 104 481
130 104 484
130 104 487
130 104 488
130 104 489
130 104 490
130 104 493
130 104 494
130 104 495
130 104 496
130 104 505
130 104 507
130 104 508
130 104 510
130 104 511
130 104 512
130 104 513
130 104 514
130 104 515
130 104 524
130 104 525
130 104 529
130 104 530
130 104 531
130 104 532
130 104 533
130 104 534
130 104 535
130 104 536
130 104 537
130 104 538
130 104 539
130 104 540
130 104 541
130 104 543
130 104 544
130 104 545
130 104 549
130 104 550
130 104 551
130 104 552
130 104 553
130 104 554
130 104 556
130 104 557
130 104 558
130 104 559
130 104 560
130 104 561
130 104 562
130 104 564
130 104 565
130 104 566
130 104 567
130 104 568
130 104 569
130 104 570
130 104 571
130 104 572
130 104 573
130 104 574
130 104 575
130 104 576
130 104 577
130 104 583
130 104 584
130 104 585
130 104 586
130 104 587
130 104 588
130 104 589
130 104 590
130 104 592
130 104 593
130 104 594
130 104 595
130 104 596
130 104 599
130 104 600
130 104 605
130 104 606
130 104 607
130 104 608
130 104 609
130 104 610
130 104 611
130 6 415
130 55 421
130 139 422
130 139 509
130 139 510
130 48 484
130 48 485
130 48 524
130 48 581
130 12 485
130 12 589
130 157 528
130 37 581
130 37 582
130 37 584
130 79 592
130 73 597
130 137 599
130 100 609
121 106 109
121 106 110
121 106 112
121 106 113
121 106 119
121 106 148
121 106 156
121 106 157
6 106 132
6 106 133
6 133 310
6 133 311
6 133 312
6 133 313
6 133 315
6 133 316
6 133 320
6 133 321
6 133 322
6 133 323
6 133 324
6 133 325
6 133 326
6 133 327
6 133 330
6 133 333
6 133 336
6 133 337
6 133 343
6 133 344
6 133 345
6 133 348
6 133 351
6 133 356
6 133 357
6 133 365
6 133 369
6 133 371
6 133 374
6 133 377
6 133 383
6 133 387
6 133 393
6 133 394
6 133 395
6 133 400
6 133 405
6 133 406
6 133 407
6 133 410
6 133 411
6 133 416
6 133 417
6 133 419
6 133 420
6 133 421
6 133 422
6 133 423
6 133 425
6 133 426
6 133 427
6 133 429
6 133 430
6 133 431
6 133 432
6 133 433
6 133 434
6 133 435
6 133 436
6 122 323
6 122 326
6 122 397
6 13 338
6 13 356
6 9 361
6 9 366
6 9 376
6 9 380
6 71 365
6 71 383
6 86 397
6 22 402
133 49 48
133 49 57
133 49 58
133 49 59
133 49 61
133 49 63
133 49 64
133 49 66
133 49 67
133 49 97
133 49 119
133 49 130
133 49 131
133 49 165
133 49 186
133 49 237
133 49 252
133 49 253
133 24 93
133 24 94
133 24 95
133 24 96
133 24 97
133 24 98
133 24 106
133 24 109
133 24 111
133 24 114
133 24 115
133 24 116
133 24 119
133 24 120
133 24 131
133 24 132
133 24 134
133 24 138
133 24 140
133 24 141
133 24 142
133 24 143
133 24 144
133 24 145
133 24 146
133 24 149
133 24 150
133 24 153
133 24 154
133 24 158
133 24 159
133 24 160
133 24 165
133 24 197
133 24 202
133 24 203
133 24 204
133 24 205
133 24 206
133 24 207
133 24 216
133 24 217
133 24 224
133 24 229
133 24 231
133 24 232
133 24 234
133 24 236
133 24 258
133 24 266
133 24 298
133 24 301
133 24 302
133 24 303
133 20 93
133 20 95
133 20 97
133 20 98
133 20 99
133 20 101
133 20 105
133 20 106
133 20 107
133 20 109
133 20 110
133 20 111
133 20 115
133 20 117
133 20 122
133 20 125
133 20 126
133 20 130
133 20 136
133 20 137
133 20 138
133 20 139
133 20 140
133 20 141
133 20 142
133 20 143
133 20 148
133 20 158
133 20 159
133 20 161
133 20 165
133 20 167
133 20 169
133 20 170
133 20 171
133 20 176
133 20 178
133 20 186
133 20 189
133 20 195
133 20 196
133 20 208
133 20 209
133 20 210
133 20 211
133 20 213
133 20 216
133 20 217
133 20 223
133 20 238
133 20 240
133 20 250
133 20 251
133 20 252
133 20 255
133 20 256
133 20 257
133 20 262
133 20 271
133 20 287
133 20 294
133 20 295
133 20 296
133 20 297
133 20 299
133 20 300
133 20 301
133 20 302
133 20 303
133 20 304
133 116 101
133 106 119
133 81 119
133 81 120
133 122 129
133 5 223
133 138 309
133 92 314
133 92 320
133 92 359
133 92 360
133 92 362
133 54 315
133 54 399
133 54 400
133 43 324
133 150 332
133 150 356
133 112 334
133 112 403
133 11 343
133 11 353
133 11 357
133 60 349
133 60 365
133 60 369
133 50 350
133 118 364
133 118 375
133 118 398
133 118 402
133 118 404
133 7 368
133 94 372
133 94 395
133 134 399
133 143 399
133 30 416
49 12 102
49 134 172
111 60 52
111 60 53
111 60 87
111 60 88
111 60 89
111 60 90
111 60 101
111 60 152
111 60 161
111 60 168
111 12 52
111 12 53
111 12 54
111 12 55
111 12 56
111 12 60
111 12 70
111 12 71
111 12 76
111 12 89
111 12 91
111 12 92
111 12 93
111 12 127
111 12 154
111 12 219
111 12 220
111 85 154
111 91 217
111 91 218
111 91 230
111 91 231
111 91 232
111 91 233
111 91 234
111 41 285
111 41 286
111 160 285
111 37 528
111 48 528
111 158 566
60 147 53
60 147 60
60 147 61
60 147 95
60 147 97
60 147 119
60 147 171
60 147 172
60 147 175
60 147 183
60 147 196
60 147 197
60 147 199
60 147 200
60 147 206
60 147 211
60 147 212
60 147 216
60 147 223
60 147 236
60 147 237
60 91 217
60 55 221
60 55 222
60 55 223
60 55 224
60 55 225
60 55 226
60 55 228
60 55 235
60 103 225
60 103 226
60 103 228
60 142 240
60 9 302
60 9 342
60 9 349
60 9 362
60 9 370
60 9 374
60 9 375
60 9 380
60 71 303
60 71 304
60 71 308
60 71 312
60 71 313
60 71 314
60 71 322
60 71 323
60 71 327
60 71 328
60 71 329
60 71 330
60 71 331
60 71 332
60 71 333
60 71 334
60 71 335
60 71 337
60 71 339
60 71 351
60 71 352
60 71 353
60 71 354
60 71 356
60 71 364
60 71 365
60 71 373
60 71 376
60 71 377
60 71 378
60 47 306
60 47 312
60 47 317
60 47 319
60 47 323
60 47 328
60 47 331
60 47 337
60 47 339
60 47 340
60 47 351
60 47 363
60 47 371
60 47 373
60 47 377
60 122 313
60 122 318
60 122 319
60 86 313
60 86 416
60 86 435
60 86 533
60 86 534
60 86 537
60 86 541
60 86 542
60 86 547
60 86 554
60 86 555
60 86 556
60 86 557
60 86 558
60 86 560
60 86 561
60 95 317
60 95 318
60 95 334
60 95 337
60 95 338
60 95 340
60 95 347
60 22 323
60 22 416
60 3 329
60 8 349
60 8 365
60 8 368
60 8 369
60 8 370
60 59 423
60 59 424
60 59 442
60 59 456
60 59 481
60 59 483
60 59 484
60 32 442
60 44 444
60 44 460
12 59 52
12 59 53
12 59 54
12 59 56
12 59 58
12 59 59
12 59 61
12 59 88
12 59 131
12 59 140
12 59 182
12 59 183
12 59 190
12 59 193
12 59 194
12 59 196
12 59 197
12 59 199
12 59 200
12 59 201
12 59 205
12 59 206
12 59 207
12 59 211
12 59 212
12 59 216
12 59 217
12 59 219
12 59 220
12 59 222
12 59 223
12 59 224
12 59 225
12 59 226
12 59 227
12 59 228
12 59 229
12 59 230
12 59 231
12 59 235
12 59 237
12 147 53
12 147 61
12 147 90
12 147 92
12 147 93
12 147 99
12 147 195
12 147 196
12 147 197
12 147 198
12 147 199
12 147 200
12 147 201
12 147 203
12 147 206
12 147 212
12 147 213
12 147 214
12 147 215
12 147 219
12 147 220
12 147 222
12 147 223
12 138 87
12 138 88
12 81 149
12 81 150
12 81 151
12 106 150
12 126 178
12 5 178
12 45 186
12 55 221
12 55 223
12 55 224
12 55 225
12 55 226
12 55 227
12 55 228
12 55 235
12 55 236
12 103 225
12 103 227
12 103 228
12 103 235
12 103 236
12 103 237
12 142 229
12 39 464
12 39 465
12 39 466
12 39 467
12 39 468
12 39 469
12 39 474
12 39 478
12 39 482
12 39 485
12 39 488
12 39 495
12 39 509
12 72 465
12 72 466
12 72 467
12 72 468
12 72 469
12 72 470
12 72 471
12 72 472
12 72 473
12 72 476
12 72 478
12 72 480
12 72 481
12 72 482
12 72 483
12 72 484
12 72 486
12 72 487
12 72 488
12 72 489
12 72 490
12 72 492
12 72 494
12 72 495
12 72 498
12 72 508
12 72 509
12 72 510
12 72 516
12 72 525
12 72 526
12 72 528
12 72 530
12 72 552
12 72 556
12 72 557
12 72 559
12 72 562
12 72 563
12 72 570
12 72 576
12 72 579
12 72 582
12 72 584
12 72 585
12 72 586
12 72 589
12 72 593
59 134 299
59 134 302
59 134 303
59 134 305
59 134 311
59 134 317
59 134 329
59 134 347
59 134 363
59 134 378
59 134 380
59 50 302
59 50 309
59 50 322
59 50 324
59 50 326
59 50 348
59 50 351
59 50 370
59 50 373
59 50 387
59 50 388
59 50 399
59 150 310
59 150 348
59 150 362
59 43 325
59 43 329
59 43 330
59 94 329
59 94 347
59 143 340
59 143 341
59 143 360
59 26 344
59 26 350
59 26 364
59 26 365
59 26 368
59 26 370
59 26 375
59 26 376
59 137 351
59 137 356
59 137 358
59 137 416
59 137 441
59 137 442
59 137 460
59 137 473
59 137 475
59 137 500
59 137 516
59 137 530
59 137 577
59 137 578
59 137 600
59 137 601
59 137 608
59 137 610
59 92 363
59 36 387
59 89 398
59 82 428
59 82 430
59 82 436
59 82 440
59 82 452
59 82 454
59 82 455
59 82 457
59 82 478
59 44 434
59 44 456
59 44 463
59 44 464
59 44 481
59 44 538
59 44 575
59 44 576
59 30 445
59 148 592
59 73 598
147 115 53
147 115 54
147 115 55
147 115 57
147 115 58
147 115 75
147 115 90
147 115 91
147 115 110
147 115 136
147 115 155
147 115 166
147 115 167
147 115 193
147 115 202
147 85 146
147 108 222
147 108 224
147 55 223
147 73 593
147 73 714
147 136 594
147 136 596
147 136 597
147 136 598
147 136 600
147 136 611
147 136 612
147 136 619
147 136 637
147 136 655
147 136 658
147 136 659
147 136 660
147 136 669
147 136 678
147 136 681
147 136 692
147 136 693
147 136 694
147 136 702
147 136 703
147 136 724
147 136 725
147 136 732
147 136 749
147 140 603
147 140 676
147 145 615
147 145 620
147 145 621
147 145 622
147 145 623
147 145 624
147 145 625
147 145 626
147 145 633
147 145 637
147 145 638
147 145 639
147 145 650
147 145 651
147 145 652
147 145 659
147 145 670
147 145 674
147 145 678
147 145 679
147 145 680
147 145 694
147 48 657
115 10 221
115 108 283
115 20 294
115 18 301
72 138 65
72 138 66
72 138 73
72 138 74
72 138 79
72 138 82
72 138 108
72 138 122
72 138 123
72 138 124
72 138 148
72 138 149
72 138 159
72 138 160
72 138 172
72 138 178
72 138 181
72 138 183
72 138 185
72 138 188
72 138 190
72 138 205
72 138 211
72 138 213
72 138 270
72 138 279
72 138 280
72 138 282
72 138 283
72 138 284
72 138 308
72 138 311
72 148 65
72 148 66
72 148 165
72 148 280
72 148 283
72 148 308
72 148 309
72 148 310
72 148 311
72 95 308
72 18 309
72 48 467
72 48 468
72 48 469
72 48 471
72 48 472
72 48 476
72 48 477
72 48 479
72 48 486
72 48 487
72 48 492
72 48 494
72 48 495
72 48 498
72 48 508
72 48 509
72 48 515
72 48 525
72 48 530
72 48 545
72 48 547
72 48 562
72 48 585
72 48 586
72 48 592
72 48 593
72 37 471
72 37 476
72 37 494
72 37 508
72 37 515
72 37 520
72 37 521
72 37 523
72 37 525
72 37 536
72 37 538
72 37 539
72 37 540
72 37 545
72 37 575
72 37 582
72 37 583
72 37 588
72 37 590
72 37 591
72 37 593
72 3 522
72 3 578
138 148 65
138 148 66
138 148 67
138 148 120
138 148 307
138 148 308
138 148 309
138 148 311
138 75 67
138 75 78
138 75 116
138 75 120
138 75 121
138 75 132
138 75 133
138 75 136
138 75 158
138 75 201
138 75 215
138 75 227
138 75 234
138 75 242
138 75 244
138 75 269
138 75 281
138 75 306
138 75 307
138 103 245
138 5 273
138 153 309
138 24 309
148 113 530
148 113 531
148 113 532
148 113 533
148 113 535
148 113 537
148 113 539
148 113 541
148 113 542
148 113 547
148 113 548
148 113 549
148 113 550
148 113 551
148 113 555
148 113 556
148 113 558
148 113 560
148 113 561
148 113 562
148 113 563
148 113 564
148 113 565
148 113 567
148 113 568
148 113 569
148 113 597
148 113 598
148 113 603
148 113 605
148 113 606
148 113 615
148 113 616
148 113 617
148 113 623
148 117 555
148 0 565
148 26 578
75 40 642
75 40 644
75 40 646
75 40 647
75 40 648
75 40 658
75 40 663
75 40 684
75 40 689
75 40 690
75 40 692
75 40 710
75 62 671
75 62 681
75 62 707
75 62 721
75 62 731
75 62 732
75 112 711
75 90 721
75 48 722
10 124 149
10 20 166
10 145 594
10 108 598
10 79 600
10 73 607
10 100 666
10 52 669
113 1 77
113 1 78
113 1 84
113 1 85
113 1 97
113 1 109
113 1 111
113 1 112
113 1 114
113 1 115
113 1 116
113 1 142
113 1 146
113 1 147
113 24 122
113 27 528
113 27 529
113 27 530
113 27 531
113 27 532
113 27 535
113 27 537
113 27 539
113 27 540
113 27 541
113 27 543
113 27 544
113 27 545
113 27 547
113 27 548
113 27 549
113 27 552
113 27 553
113 27 554
113 27 556
113 27 557
113 27 558
113 27 565
113 27 566
113 27 567
113 27 568
113 27 569
113 27 570
113 27 571
113 27 572
113 27 573
113 27 574
113 27 580
113 27 581
113 27 583
113 27 584
113 27 585
113 27 586
113 27 587
113 27 589
113 27 593
113 27 597
113 27 599
113 27 600
113 27 601
113 27 602
113 27 603
113 27 604
113 27 605
113 27 606
113 27 611
113 27 612
113 27 613
113 27 614
113 27 623
113 95 548
113 95 549
113 56 617
113 56 618
1 94 195
1 94 196
1 94 201
1 94 204
1 94 208
1 94 212
1 94 213
1 94 215
1 94 252
1 94 255
1 94 258
1 94 260
1 68 210
1 68 222
1 68 236
1 68 237
1 68 239
24 24 93
24 24 95
24 24 97
24 24 98
24 24 107
24 24 111
24 24 123
24 24 132
24 24 133
24 24 139
24 24 141
24 24 146
24 24 147
24 24 155
24 24 156
24 24 190
24 24 192
24 24 200
24 24 230
24 24 286
24 24 300
24 24 301
24 24 302
24 24 303
24 20 97
24 20 98
24 20 103
24 20 104
24 20 110
24 20 112
24 20 115
24 20 116
24 20 117
24 20 121
24 20 123
24 20 124
24 20 125
24 20 126
24 20 127
24 20 128
24 20 129
24 20 130
24 20 131
24 20 132
24 20 133
24 20 134
24 20 135
24 20 136
24 20 137
24 20 138
24 20 139
24 20 140
24 20 141
24 20 142
24 20 143
24 20 144
24 20 145
24 20 146
24 20 155
24 20 159
24 20 160
24 20 161
24 20 162
24 20 169
24 20 170
24 20 171
24 20 190
24 20 192
24 20 198
24 20 199
24 20 201
24 20 202
24 20 203
24 20 204
24 20 205
24 20 208
24 20 215
24 20 279
24 20 300
24 20 301
24 20 302
24 20 303
24 131 168
24 131 241
24 131 248
24 131 249
24 131 260
24 131 261
24 131 263
24 131 272
24 131 279
24 131 282
24 131 283
24 131 284
24 131 285
24 131 286
24 5 219
24 156 306
24 15 306
24 43 321
24 118 321
24 160 337
24 137 366
20 116 100
20 124 119
20 122 119
20 131 168
20 131 172
20 131 202
20 131 229
20 131 249
20 131 260
20 131 261
20 131 271
20 131 272
20 131 292
20 153 204
20 5 223
20 129 307
20 129 309
20 129 316
20 129 318
20 129 323
20 129 324
20 129 329
20 129 334
20 129 337
20 129 342
20 129 344
20 129 347
20 129 355
20 129 356
20 129 361
20 129 369
20 129 375
20 129 376
20 129 378
116 137 305
116 137 307
116 137 328
116 43 307
116 143 308
116 143 309
116 143 311
116 143 342
116 143 343
116 143 346
116 150 312
116 150 335
116 150 357
116 150 368
116 150 379
116 150 381
116 150 384
116 150 398
116 94 316
116 94 317
116 94 325
116 94 332
116 94 336
116 94 349
116 94 368
116 94 401
116 36 322
116 36 330
116 36 331
116 36 368
116 36 369
116 36 370
116 36 371
116 36 372
116 36 373
116 36 374
116 36 376
116 36 379
116 36 398
116 54 328
116 54 353
116 54 354
116 54 355
116 54 356
116 54 357
116 54 358
116 54 368
116 54 422
116 134 331
116 134 335
116 134 377
116 89 331
116 89 377
116 89 422
116 92 341
116 92 348
116 92 357
116 92 374
116 92 388
116 92 389
116 92 398
116 92 401
116 26 385
116 50 402
116 50 403
116 50 404
106 124 109
106 124 110
106 124 111
106 124 113
106 124 114
106 124 116
106 124 120
106 124 131
106 124 134
106 124 136
106 124 138
106 124 139
106 124 140
106 124 143
106 124 144
106 124 145
106 124 149
106 124 150
106 124 152
106 124 153
106 124 154
106 124 156
106 124 157
106 85 109
106 85 110
106 85 111
106 85 119
106 85 120
106 85 121
106 85 124
106 85 125
106 85 127
106 85 128
106 85 129
106 85 132
106 85 134
106 85 139
106 85 141
106 85 143
106 85 147
106 85 148
106 85 149
106 85 156
106 85 157
106 62 961
106 62 962
106 65 961
124 117 109
124 117 110
124 117 111
124 117 112
124 117 113
124 117 125
124 117 127
124 117 156
124 117 157
124 81 109
124 81 110
124 81 111
124 81 112
124 81 114
124 81 117
124 81 118
124 81 119
124 81 120
124 81 121
124 81 127
124 81 128
124 81 129
124 81 131
124 81 132
124 81 133
124 81 134
124 81 137
124 81 138
124 81 139
124 81 142
124 81 143
124 81 144
124 81 145
124 81 146
124 81 149
124 81 150
124 81 151
124 81 153
124 81 154
124 81 155
124 81 156
124 81 157
124 112 733
124 112 747
124 114 750
85 117 109
85 117 110
85 117 120
85 117 124
85 117 126
85 117 127
85 117 146
85 117 156
85 117 157
85 55 488
117 94 491
117 95 492
117 95 505
117 95 510
117 95 511
117 95 517
117 95 518
117 95 526
117 95 527
117 95 529
117 95 536
117 95 542
117 95 543
117 95 544
117 95 545
117 95 547
117 95 551
117 95 552
117 95 553
117 95 554
117 95 557
117 144 536
81 5 271
81 41 278
81 41 291
81 41 292
81 41 293
81 41 294
81 41 298
81 41 314
81 41 337
81 41 340
81 41 356
122 36 294
122 36 304
122 36 305
122 36 372
122 94 294
122 94 300
122 94 304
122 94 337
122 94 347
122 94 351
122 91 294
122 92 299
122 92 301
122 92 352
122 92 364
122 92 365
122 92 366
122 92 391
122 92 392
122 92 393
122 92 394
122 92 395
122 134 301
122 134 308
122 134 346
122 134 348
122 134 368
122 134 369
122 134 382
122 134 383
122 134 400
122 150 308
122 150 310
122 150 311
122 150 312
122 150 314
122 150 332
122 150 357
122 150 365
122 150 367
122 150 370
122 150 398
122 112 313
122 112 324
122 112 325
122 112 329
122 112 331
122 112 334
122 112 354
122 112 355
122 112 380
122 137 315
122 137 316
122 137 317
122 137 318
122 137 319
122 137 321
122 137 328
122 137 364
122 137 365
122 137 366
122 137 380
122 50 315
122 50 330
122 50 375
122 50 402
122 43 320
122 43 358
122 143 327
122 143 330
122 143 369
122 143 377
122 143 387
122 143 388
122 2 327
122 2 338
122 2 339
122 2 340
122 2 376
122 2 386
122 2 387
122 2 388
122 2 402
122 54 329
122 54 353
122 47 346
122 47 351
122 47 363
122 47 364
122 47 365
122 26 352
122 99 366
122 99 371
122 99 392
122 99 400
122 99 401
122 89 371
122 89 388
45 53 142
45 53 143
45 53 144
45 53 147
45 53 178
45 40 144
45 40 148
45 40 150
45 40 175
45 40 180
45 40 209
45 35 145
45 35 179
45 35 183
45 35 192
45 35 198
45 149 147
45 142 148
45 142 162
45 142 163
45 142 164
45 80 150
45 80 151
45 80 178
45 41 217
53 40 144
53 142 147
53 142 155
53 142 156
53 142 160
53 35 151
53 80 151
53 80 152
53 80 214
53 149 156
53 149 160
53 149 161
53 46 160
40 46 148
40 80 172
40 80 173
40 80 212
40 149 185
40 149 186
40 149 187
35 80 147
35 80 151
35 80 158
35 46 156
35 41 158
35 41 184
35 149 175
35 128 185
35 2 206
142 37 147
142 149 147
142 149 150
142 149 151
142 149 152
142 149 157
142 149 159
142 149 163
142 149 164
142 149 169
142 149 171
142 149 172
142 149 176
142 149 177
142 149 178
142 149 179
142 149 180
142 149 181
142 149 182
142 149 183
142 149 185
142 149 196
142 149 200
142 149 201
142 149 202
142 149 203
142 149 218
142 149 219
142 149 223
142 149 226
142 149 227
142 149 228
142 149 236
142 149 237
142 149 240
142 149 746
142 80 150
142 80 151
142 80 163
142 80 164
142 41 150
142 41 162
142 46 152
142 46 160
142 46 177
142 46 178
142 46 182
142 46 185
142 46 188
142 46 200
142 46 201
142 46 202
142 46 203
142 46 219
142 46 227
142 46 228
142 46 229
142 46 230
142 46 240
142 55 226
142 136 583
142 136 584
142 136 590
142 136 600
142 136 601
142 136 606
142 136 607
142 136 608
142 136 614
142 136 615
142 136 616
142 136 617
142 136 628
142 136 630
142 136 637
142 136 648
142 136 652
142 136 655
142 136 659
142 136 661
142 136 662
142 136 668
142 136 670
142 136 672
142 136 678
142 136 679
142 136 700
142 136 704
142 136 708
142 136 709
142 136 711
142 136 712
142 136 713
142 136 727
142 136 728
142 140 614
142 100 631
142 48 672
142 48 673
142 48 742
142 48 743
142 52 739
142 52 740
142 52 741
142 52 742
142 52 745
142 52 746
142 52 747
37 48 471
37 48 476
37 48 477
37 48 486
37 48 487
37 48 490
37 48 491
37 48 492
37 48 499
37 48 500
37 48 504
37 48 508
37 48 510
37 48 515
37 48 525
37 48 526
37 48 528
37 48 529
37 48 532
37 48 550
37 48 552
37 48 562
37 48 570
37 48 571
37 48 573
37 48 578
37 48 579
37 48 584
37 48 585
37 48 588
37 48 593
37 109 583
37 109 589
149 46 149
149 46 150
149 46 176
149 46 178
149 46 182
149 46 183
149 46 191
149 46 192
149 46 194
149 46 213
149 46 240
149 131 757
149 131 773
149 34 760
149 34 772
149 34 779
149 34 789
149 34 828
149 34 862
149 34 863
149 34 864
149 34 875
149 34 893
149 34 901
149 34 902
149 34 903
149 30 770
149 36 773
149 36 789
149 36 824
149 36 832
149 36 850
149 36 851
149 36 881
149 36 882
149 36 892
149 36 893
149 36 902
149 36 903
149 66 893
80 46 156
80 150 1300
80 150 1301
46 153 161
46 153 227
46 153 228
46 7 185
46 128 185
41 156 252
41 156 256
41 156 258
41 156 262
41 156 264
41 156 265
41 156 268
41 156 269
41 156 273
41 156 274
41 156 275
41 156 276
41 156 277
41 156 279
41 156 283
41 156 284
41 156 294
41 156 295
41 156 296
41 156 297
41 156 298
41 156 301
41 156 302
41 156 303
41 156 304
41 156 320
41 156 325
41 156 328
41 156 333
41 156 336
41 156 337
41 156 338
41 156 339
41 156 346
41 156 347
41 156 354
41 156 356
41 88 252
41 88 255
41 88 258
41 88 265
41 88 275
41 88 277
41 88 292
41 88 299
41 88 319
41 88 330
41 88 356
41 88 357
41 103 258
41 129 337
41 21 356
153 128 185
153 5 260
153 84 263
153 15 263
153 15 270
153 15 272
153 15 273
153 15 280
153 15 286
131 141 901
131 141 905
131 62 965
134 50 302
134 50 310
134 50 311
134 50 317
134 50 322
134 50 323
134 86 305
134 86 307
134 86 311
134 86 322
134 86 323
134 86 325
134 86 326
134 86 333
134 86 345
134 86 371
134 86 387
134 9 308
134 9 312
134 9 352
134 9 354
134 9 360
134 9 361
134 9 376
134 22 310
134 22 334
134 22 340
134 3 317
134 3 318
134 3 322
134 3 323
134 3 324
134 3 325
134 3 326
134 3 331
134 3 337
134 3 339
134 3 366
134 3 367
134 3 372
134 3 400
134 146 320
134 146 337
134 146 348
134 146 355
134 146 359
134 146 362
134 146 364
134 146 365
134 146 370
134 146 375
134 92 327
134 92 328
134 92 338
134 92 345
134 92 346
134 92 351
134 92 368
134 61 327
134 61 359
134 137 331
134 137 352
134 137 353
134 137 354
134 137 355
134 137 392
134 141 338
134 141 366
134 141 367
134 141 368
134 141 369
134 141 373
134 108 344
134 47 352
134 47 354
134 47 355
134 47 364
134 47 365
134 47 405
134 104 360
134 104 362
134 104 370
134 104 376
134 8 361
134 8 376
134 43 361
134 43 371
134 43 400
134 95 363
134 95 370
134 95 372
134 95 373
134 95 378
134 95 402
134 95 403
134 13 380
134 13 399
134 54 399
134 71 405
134 71 406
5 128 174
5 128 176
5 128 180
5 128 181
5 128 184
5 128 187
5 128 193
5 128 194
5 128 195
5 128 197
5 128 200
5 128 203
5 128 205
5 128 206
5 128 213
5 128 215
5 128 218
5 128 230
5 128 252
5 128 254
5 128 256
5 128 259
5 128 260
5 128 261
5 128 262
5 128 263
5 128 264
5 128 269
5 128 270
5 128 284
5 128 285
5 128 286
5 128 287
5 128 288
5 159 809
5 159 818
5 159 819
5 159 830
5 159 831
5 159 834
5 159 835
5 159 839
5 159 840
5 159 850
5 159 851
5 159 853
5 159 854
5 159 855
5 159 859
5 159 861
5 159 868
5 159 869
5 159 870
5 159 884
5 141 815
128 76 183
128 98 230
128 109 432
128 109 433
128 109 443
128 109 446
128 109 447
128 109 448
128 109 452
128 109 454
128 109 456
128 109 457
128 109 462
128 109 463
128 109 464
128 109 466
128 109 483
128 109 485
128 109 486
128 109 497
128 109 498
128 109 504
128 32 433
128 32 436
128 32 438
128 32 447
128 32 448
126 7 175
126 7 177
126 7 179
126 7 182
126 7 183
126 7 185
126 7 188
126 7 189
126 7 190
126 7 191
126 7 192
126 7 196
126 7 198
126 7 199
126 7 201
126 7 202
126 7 207
126 7 208
126 7 209
126 7 210
126 7 211
126 7 212
126 7 214
126 7 216
126 7 217
126 7 224
126 7 225
126 7 227
126 7 232
126 7 234
126 7 235
126 7 251
126 7 255
126 7 257
126 7 258
126 156 264
126 108 578
126 108 585
126 108 734
126 86 578
126 86 598
126 86 636
126 86 661
126 86 705
126 136 579
126 136 606
126 136 607
126 136 659
126 136 661
126 136 662
126 136 699
126 52 579
126 52 591
126 52 592
126 52 594
126 52 605
126 52 631
126 52 697
126 52 706
126 52 711
126 52 712
126 52 715
126 52 739
126 52 746
126 52 747
126 52 750
126 52 751
126 145 580
126 145 595
126 145 596
126 145 598
126 145 607
126 145 622
126 145 623
126 145 624
126 145 627
126 145 632
126 145 659
126 145 687
126 145 688
126 145 694
126 145 698
126 145 708
126 145 723
126 145 731
126 145 739
126 145 746
126 145 747
126 48 628
126 48 661
126 48 662
126 48 696
126 48 726
126 48 727
126 48 733
126 48 743
126 8 669
126 8 670
126 73 729
7 98 230
7 71 303
7 71 346
7 71 387
7 71 396
7 86 307
7 86 347
7 86 368
7 86 376
7 86 392
7 22 319
7 13 341
7 13 364
7 13 365
7 13 366
7 13 367
76 38 722
76 136 730
76 136 731
76 48 730
55 108 186
55 108 187
55 108 201
55 108 211
55 108 212
55 108 214
55 108 225
55 108 235
55 108 236
55 108 242
55 108 243
55 108 244
55 108 247
55 108 251
55 108 252
55 108 254
55 108 255
55 108 256
55 108 257
55 108 263
55 108 264
55 108 267
55 108 268
55 108 269
55 108 270
55 108 283
55 108 318
55 108 319
55 103 188
55 103 189
55 103 190
55 103 191
55 103 202
55 103 223
55 103 224
55 103 227
55 103 237
55 103 246
55 103 262
55 103 265
55 103 284
55 103 293
55 103 308
55 120 283
55 22 335
55 139 352
55 139 353
55 139 354
55 139 355
55 139 357
55 139 362
55 139 363
55 139 364
55 139 365
55 139 366
55 139 368
55 139 369
55 139 372
55 139 373
55 139 375
55 139 376
55 139 382
55 139 383
55 139 384
55 139 389
55 139 448
55 139 465
55 139 477
55 139 490
55 139 493
55 139 500
55 139 543
55 139 544
55 139 550
55 21 352
55 21 354
55 21 358
55 21 383
55 21 399
55 21 400
55 21 489
55 21 490
55 21 514
55 21 519
55 21 523
55 21 524
55 21 528
55 21 543
55 21 544
55 21 545
55 21 550
55 150 399
55 157 430
55 157 443
55 157 478
108 92 344
108 90 598
108 90 655
108 90 673
108 90 675
108 90 676
108 90 677
108 90 678
108 90 679
108 90 680
108 90 718
108 90 720
108 90 730
108 118 610
108 48 619
108 48 639
108 48 648
108 48 669
108 48 681
108 48 682
108 48 711
108 48 718
103 91 220
103 91 222
103 91 227
103 91 229
103 91 235
103 91 241
103 91 248
103 91 251
103 66 259
98 94 195
98 94 196
98 94 204
98 94 213
98 94 255
98 94 258
98 94 259
98 94 260
98 94 261
98 2 195
98 2 196
98 2 197
98 2 198
98 2 199
98 2 200
98 2 201
98 2 203
98 2 204
98 2 205
98 2 207
98 2 208
98 2 209
98 2 210
98 2 212
98 2 213
98 2 215
98 2 216
98 2 218
98 2 220
98 2 222
98 2 223
98 2 225
98 2 226
98 2 233
98 2 241
98 2 244
98 2 245
98 2 248
98 2 252
98 2 253
98 2 255
98 2 258
98 2 259
98 2 260
98 27 552
94 66 259
94 36 294
94 86 294
94 86 301
94 86 402
94 137 301
94 137 376
94 54 301
94 50 314
94 50 340
94 50 361
94 61 338
94 61 346
94 61 368
94 61 381
94 47 346
94 47 350
94 47 351
94 47 352
94 47 353
94 47 354
94 47 355
94 47 356
94 47 358
94 47 359
94 47 360
94 47 361
94 13 358
94 13 359
94 71 365
94 22 377
2 91 199
2 91 200
2 91 210
2 91 219
2 91 220
2 91 222
2 91 223
2 91 224
2 91 225
2 91 226
2 91 229
2 91 230
2 91 231
2 91 241
2 91 245
2 91 248
2 91 249
2 91 257
2 91 259
2 66 259
2 13 302
2 13 305
2 13 312
2 13 313
2 13 316
2 13 317
2 13 332
2 13 336
2 13 354
2 13 363
2 13 372
2 13 385
2 86 314
2 86 317
2 86 322
2 86 323
2 86 325
2 86 349
2 86 353
2 22 329
2 22 330
2 22 334
2 22 335
2 71 335
2 71 349
2 71 387
2 95 336
2 9 339
2 9 340
2 9 341
2 8 354
2 8 403
91 68 199
91 68 221
91 144 540
91 27 560
68 119 241
68 119 244
68 119 246
68 119 247
68 119 248
68 119 249
68 119 261
68 119 262
68 119 263
114 70 216
114 70 217
114 70 221
114 70 223
114 70 231
114 70 232
114 70 233
114 70 237
114 70 238
114 70 239
114 70 240
114 70 251
114 70 252
114 70 254
114 93 657
114 93 659
114 93 672
114 93 705
114 93 710
114 93 713
114 93 714
114 93 715
114 93 719
114 93 720
114 93 725
114 93 727
114 93 728
114 93 729
114 93 732
114 93 733
114 93 734
114 93 735
114 93 738
114 93 739
114 93 744
114 93 745
114 136 728
114 52 750
70 39 465
70 39 466
70 39 467
70 39 468
70 39 469
70 39 495
70 39 509
119 82 790
119 82 809
119 82 821
119 82 822
119 82 838
119 82 851
119 82 852
119 82 854
119 100 791
119 100 792
119 100 794
119 100 795
119 100 796
119 100 807
119 100 808
119 100 809
119 100 810
119 100 812
119 100 813
119 100 816
119 100 817
119 100 819
119 100 820
119 100 823
119 100 824
119 100 825
119 100 827
119 100 829
119 100 834
119 100 835
119 100 837
119 100 838
119 100 839
119 100 841
119 100 849
119 100 850
119 100 851
119 100 852
119 100 854
119 100 857
119 100 858
119 100 859
119 100 860
119 100 861
119 100 862
27 144 530
27 144 531
27 144 532
27 144 534
27 144 535
27 144 538
27 144 539
27 144 542
27 144 543
27 144 545
27 144 547
27 144 548
27 144 549
27 144 555
27 144 556
27 144 557
27 144 558
27 144 559
27 144 560
27 144 563
27 144 564
27 144 566
27 144 567
27 144 569
27 144 597
27 144 602
27 144 603
27 39 563
27 26 565
160 88 251
160 88 252
160 88 254
160 88 255
160 88 257
160 88 258
160 88 298
160 88 356
160 18 293
160 18 295
88 77 275
88 77 297
88 77 313
88 77 314
88 77 356
88 77 357
88 84 1269
156 18 256
156 18 306
156 18 307
156 18 308
156 18 309
156 18 311
156 84 264
156 84 265
156 84 266
156 84 273
156 84 278
156 77 300
156 77 313
156 77 337
156 77 355
156 77 356
156 129 306
156 129 309
66 62 845
66 62 848
66 62 849
66 62 850
66 62 852
66 62 853
66 62 854
66 62 855
66 62 856
66 62 857
66 62 858
66 62 859
66 62 860
66 62 861
66 62 862
66 62 863
66 62 864
66 62 865
66 62 866
66 62 867
66 62 869
66 62 870
66 62 872
66 62 873
66 62 874
66 62 875
66 62 876
66 62 879
66 62 880
66 62 881
66 62 893
66 62 894
66 62 905
66 62 908
66 62 911
66 62 912
66 62 913
66 62 922
66 62 923
66 62 924
66 62 925
66 62 926
66 62 927
66 62 928
66 62 929
66 62 930
66 62 932
66 62 933
66 62 934
66 62 939
66 62 945
66 62 947
66 62 948
66 62 951
66 62 952
66 62 953
66 62 954
66 62 955
66 62 956
66 62 957
66 62 958
66 62 959
66 62 960
66 62 961
66 62 962
66 120 929
66 120 933
66 9 959
84 74 1247
84 74 1248
84 74 1251
84 74 1252
84 74 1253
84 74 1269
84 74 1270
84 74 1272
84 74 1274
84 74 1279
84 74 1280
84 74 1288
84 74 1289
84 74 1290
84 74 1301
84 74 1302
84 74 1303
84 74 1304
84 74 1305
84 74 1306
84 74 1307
15 120 285
15 120 286
15 129 309
15 32 693
15 86 704
15 61 720
77 129 337
77 63 1301
120 143 895
120 143 896
120 143 897
120 143 898
120 143 900
120 143 902
120 143 903
120 143 905
120 143 906
120 143 909
120 143 911
120 143 912
120 143 913
120 143 914
120 143 915
120 143 916
120 143 917
120 143 920
120 143 921
120 143 922
120 143 923
120 143 927
120 143 928
120 143 929
120 143 930
120 143 931
120 143 932
120 143 933
120 143 934
120 143 935
120 143 936
120 143 937
120 143 938
120 143 939
120 143 940
120 143 941
120 143 942
120 143 946
120 63 929
36 86 294
36 86 388
36 86 389
36 86 399
36 86 756
36 54 299
36 54 319
36 54 321
36 54 366
36 43 300
36 43 302
36 43 303
36 43 326
36 95 300
36 95 302
36 95 303
36 95 304
36 137 303
36 9 307
36 9 314
36 9 315
36 9 334
36 9 335
36 104 308
36 104 310
36 61 341
36 61 398
36 47 344
36 92 364
36 3 401
36 32 679
36 32 734
36 32 736
36 32 737
36 32 738
36 32 852
36 32 865
86 118 294
86 118 313
86 118 320
86 118 392
86 118 393
86 118 394
86 118 396
86 118 397
86 118 398
86 118 400
86 43 299
86 43 318
86 43 400
86 43 404
86 137 299
86 137 301
86 137 318
86 137 332
86 137 371
86 137 416
86 137 435
86 137 441
86 137 456
86 137 499
86 137 532
86 137 536
86 137 589
86 137 600
86 137 605
86 137 608
86 137 610
86 99 305
86 92 305
86 92 370
86 92 388
86 92 392
86 92 393
86 92 394
86 92 395
86 92 396
86 143 316
86 143 317
86 143 318
86 143 319
86 143 321
86 143 325
86 143 328
86 143 329
86 143 330
86 143 358
86 143 378
86 50 321
86 50 322
86 50 323
86 50 325
86 50 326
86 50 329
86 50 330
86 50 379
86 50 380
86 50 381
86 50 382
86 47 331
86 47 343
86 47 368
86 47 398
86 26 345
86 26 401
86 112 388
86 112 398
86 150 392
86 150 393
86 150 397
86 44 463
86 44 464
86 44 522
86 44 523
86 44 536
86 44 537
86 44 538
86 44 576
86 44 577
118 9 305
118 9 322
118 9 323
118 9 332
118 9 339
118 9 340
118 9 392
118 9 393
118 9 397
118 9 398
118 22 319
118 22 344
118 22 352
118 22 353
118 22 354
118 22 355
118 22 381
118 13 324
118 13 375
118 13 382
118 71 382
118 140 566
118 140 593
118 140 596
118 140 599
118 140 603
118 158 588
118 158 589
118 158 593
118 158 595
118 158 602
118 158 605
118 158 606
118 158 670
118 73 591
118 73 593
118 56 611
118 109 616
118 33 659
54 137 300
54 137 301
54 137 304
54 137 305
54 137 309
54 43 300
54 43 305
54 43 306
54 95 305
54 95 306
54 95 320
54 92 315
54 92 316
54 92 352
54 92 389
54 61 325
54 9 331
54 9 349
54 143 362
54 13 374
54 8 390
92 22 299
92 22 352
92 22 362
92 43 307
92 43 365
92 43 368
92 43 369
92 43 370
92 146 307
92 146 355
92 146 365
92 146 377
92 146 389
92 146 391
92 146 392
92 146 394
92 146 395
92 146 396
92 146 398
92 3 307
92 3 355
92 3 372
92 3 373
92 8 313
92 8 315
92 8 317
92 8 318
92 8 324
92 8 359
92 8 360
92 8 362
92 8 383
92 8 384
92 8 385
92 8 386
92 8 395
92 8 396
92 61 316
92 61 319
92 61 341
92 61 374
92 61 382
92 61 383
92 61 384
92 61 386
92 9 319
92 9 324
92 9 325
92 9 326
92 9 327
92 9 328
92 9 342
92 9 347
92 9 362
92 9 373
92 47 319
92 47 374
92 47 376
92 47 383
92 47 401
92 71 325
92 71 333
92 71 340
92 71 352
92 71 383
92 13 326
92 13 340
92 137 335
92 137 369
92 104 341
92 104 365
92 104 366
92 50 359
92 50 388
92 50 403
92 143 367
92 143 401
92 129 368
22 50 299
22 50 310
22 50 360
22 89 308
22 43 312
22 43 355
22 43 377
22 43 378
22 143 315
22 143 328
22 143 337
22 143 351
22 143 384
22 82 315
22 82 316
22 82 328
22 82 331
22 82 332
22 82 416
22 11 316
22 11 327
22 11 368
22 11 369
22 11 370
22 11 371
22 11 375
22 11 377
22 11 378
22 11 381
22 11 382
22 11 383
22 11 384
22 69 323
22 69 355
22 69 378
22 69 381
22 69 396
22 137 331
22 137 332
22 137 398
22 137 416
22 137 419
22 112 332
22 112 353
22 112 355
22 112 384
22 47 359
22 47 360
22 47 398
43 137 300
43 137 301
43 137 302
43 137 303
43 137 304
43 137 313
43 137 315
43 137 316
43 137 319
43 137 320
43 137 321
43 137 323
43 137 329
43 137 330
43 137 335
43 137 336
43 137 338
43 137 342
43 137 343
43 137 347
43 137 358
43 137 359
43 137 360
43 137 366
43 137 367
43 137 368
43 137 369
43 137 374
43 137 376
43 137 377
43 137 380
43 137 382
43 137 383
43 137 403
43 95 305
43 61 307
43 61 326
43 61 351
43 61 352
43 61 353
43 61 354
43 61 355
43 61 359
43 61 360
43 61 378
43 143 312
43 143 341
43 71 325
43 71 351
43 71 352
43 71 353
43 71 354
43 71 355
43 71 356
43 71 405
43 89 326
43 89 329
43 3 326
43 3 331
43 3 332
43 8 336
43 8 339
43 150 359
43 150 377
43 104 363
43 104 366
43 47 364
43 47 365
43 47 376
43 47 382
43 47 383
43 47 405
43 129 367
43 129 368
43 26 381
43 50 398
43 50 403
50 26 301
50 26 361
50 26 372
50 26 373
50 95 302
50 95 338
50 3 303
50 3 304
50 3 306
50 3 307
50 3 316
50 3 318
50 3 323
50 3 344
50 3 357
50 3 377
50 150 304
50 150 305
50 150 306
50 150 312
50 150 347
50 9 305
50 9 306
50 9 348
50 9 356
50 9 365
50 9 366
50 9 367
50 143 306
50 143 321
50 143 324
50 143 325
50 143 327
50 143 329
50 143 330
50 143 331
50 143 332
50 143 350
50 143 377
50 143 383
50 143 386
50 89 308
50 13 308
50 13 313
50 13 316
50 13 317
50 13 338
50 13 339
50 13 342
50 13 347
50 13 348
50 13 351
50 13 361
50 13 363
50 13 364
50 13 365
50 13 366
50 13 367
50 13 368
50 13 369
50 13 370
50 13 371
50 13 398
50 71 315
50 47 333
50 8 338
50 137 339
50 137 355
50 137 356
50 137 357
50 61 347
50 129 363
50 104 388
137 95 300
137 95 302
137 95 304
137 95 305
137 95 342
137 95 344
137 95 346
137 95 361
137 95 364
137 95 370
137 38 300
137 38 364
137 143 311
137 143 316
137 13 313
137 13 338
137 13 339
137 13 340
137 141 315
137 141 358
137 8 323
137 8 339
137 8 360
137 9 323
137 9 352
137 9 353
137 9 356
137 61 328
137 61 329
137 61 359
137 61 377
137 61 416
137 61 419
137 61 420
137 61 520
137 61 575
137 61 576
137 61 577
137 61 578
137 61 579
137 61 580
137 61 584
137 71 329
137 71 334
137 146 346
137 146 353
137 146 359
137 146 370
137 146 371
137 146 374
137 146 377
137 47 364
137 47 376
137 47 382
137 47 383
137 47 385
137 47 386
137 47 387
137 47 391
137 129 367
137 3 371
137 3 400
137 139 405
137 44 419
137 44 420
137 44 533
137 82 426
137 82 440
137 82 454
137 82 458
95 143 307
95 143 334
95 143 336
95 143 348
95 143 355
95 143 372
95 143 373
95 112 308
95 112 329
95 112 347
95 99 312
95 99 331
95 99 338
95 47 317
95 47 340
95 47 347
95 26 326
95 26 351
95 150 331
95 150 342
95 150 346
95 89 334
38 143 401
38 62 632
38 62 660
38 62 706
38 62 731
38 78 633
38 78 649
38 78 659
38 78 660
38 78 662
38 78 667
38 78 691
38 78 709
38 78 731
26 146 301
26 141 302
26 141 303
26 141 310
26 141 349
26 13 303
26 13 308
26 13 309
26 13 361
26 13 362
26 13 363
26 13 367
26 47 319
26 47 361
26 47 362
26 47 363
26 61 322
26 61 335
26 61 350
26 61 378
26 61 390
26 61 391
26 61 392
26 61 393
26 61 394
26 61 396
26 9 326
26 9 330
26 9 364
26 9 365
26 9 366
26 9 367
26 9 382
26 9 387
26 71 326
26 3 328
26 3 363
26 8 373
26 139 534
26 157 534
26 44 542
26 44 543
26 44 544
26 109 565
146 143 302
146 143 347
146 89 388
150 9 301
150 9 305
150 9 307
150 9 336
150 9 337
150 9 340
150 9 342
150 9 360
150 9 386
150 9 387
150 9 399
150 47 303
150 47 353
150 47 388
150 13 303
150 13 309
150 13 339
150 13 340
150 104 304
150 104 360
150 3 312
150 3 367
150 3 371
150 71 313
150 71 315
150 71 318
150 71 319
150 71 376
150 71 382
150 69 336
150 69 362
150 69 404
150 8 338
150 8 381
150 61 338
150 61 340
150 61 341
150 61 342
150 61 400
150 63 1284
150 63 1285
150 63 1301
150 63 1302
150 63 1310
150 63 1311
150 74 1301
9 47 303
9 47 304
9 47 368
9 47 369
9 47 370
9 47 373
9 89 308
9 89 315
9 89 316
9 89 318
9 112 337
9 112 374
9 112 385
9 99 354
9 99 355
9 99 393
9 99 394
9 99 395
9 99 396
9 63 957
9 74 959
9 74 960
141 101 1040
141 101 1041
143 13 302
143 13 305
143 13 306
143 13 307
143 13 308
143 13 311
143 13 317
143 13 329
143 13 330
143 13 333
143 13 336
143 13 342
143 13 349
143 13 351
143 13 354
143 3 304
143 3 305
143 3 306
143 3 307
143 3 308
143 3 309
143 3 336
143 3 337
143 3 341
143 3 345
143 3 347
143 3 351
143 3 352
143 3 353
143 3 354
143 3 356
143 3 358
143 3 365
143 3 366
143 3 373
143 3 377
143 3 388
143 3 398
143 3 399
143 3 401
143 61 308
143 61 333
143 61 343
143 61 347
143 61 348
143 61 350
143 61 364
143 47 310
143 47 331
143 47 332
143 71 333
143 71 364
143 8 343
143 129 358
143 62 914
13 89 303
13 47 310
13 47 357
13 47 361
13 47 362
13 82 314
13 82 316
13 82 328
13 82 330
13 82 351
13 82 353
13 99 322
13 99 383
13 112 330
13 112 336
13 30 740
13 30 742
13 30 752
13 30 754
13 30 771
13 30 772
13 30 773
13 30 774
11 71 302
11 71 340
11 71 381
11 71 966
11 71 977
11 71 978
11 71 979
11 71 981
11 71 988
11 71 994
11 71 997
11 71 998
11 71 999
11 71 1002
11 71 1003
11 71 1016
11 71 1044
11 71 1045
71 47 303
71 47 309
71 47 310
71 47 312
71 47 317
71 47 325
71 47 326
71 47 327
71 47 328
71 47 330
71 47 337
71 47 339
71 47 340
71 47 342
71 47 343
71 47 374
71 47 389
71 47 391
71 47 397
71 47 398
71 47 399
71 47 404
71 47 406
71 112 306
71 112 313
71 112 349
71 112 375
71 112 376
71 99 308
71 99 347
71 99 400
71 99 404
71 89 351
71 89 357
71 82 363
71 82 405
71 140 1044
71 140 1045
71 140 1046
71 140 1047
71 140 1048
71 140 1049
89 3 311
89 3 312
89 3 328
89 3 335
89 3 386
89 3 400
89 61 318
89 61 334
89 47 325
89 47 330
89 47 346
89 104 359
89 69 422
89 79 538
47 61 304
47 61 316
47 61 330
47 61 367
47 61 369
47 61 370
47 61 374
47 61 375
47 61 376
47 61 379
47 3 337
47 3 347
47 3 359
47 3 360
47 3 361
47 3 362
47 99 347
47 104 365
47 104 375
47 112 373
3 112 308
3 112 336
3 112 386
3 112 387
3 112 402
3 69 472
104 32 434
104 32 437
104 32 444
61 112 305
61 112 306
61 112 308
61 112 312
61 112 325
61 112 337
61 99 340
61 44 420
61 44 421
61 44 477
61 44 500
61 44 515
61 44 516
61 44 536
61 44 601
61 44 604
99 8 361
99 69 362
99 140 564
99 140 566
99 140 570
99 140 571
99 140 578
99 140 592
99 140 612
99 140 613
99 140 615
99 140 617
99 140 623
99 140 624
99 140 625
99 140 638
99 140 640
99 140 651
99 140 656
99 140 659
99 140 660
99 140 661
99 140 662
99 140 665
99 140 666
99 140 667
99 140 668
99 140 670
99 140 678
99 140 679
99 140 680
112 129 363
112 8 369
112 8 376
112 136 578
112 136 579
112 136 580
112 136 582
112 136 587
112 136 592
112 136 597
112 136 616
112 136 621
112 136 622
112 136 623
112 136 666
112 136 669
112 136 679
112 136 718
112 136 719
112 136 720
112 136 721
112 136 723
112 136 724
112 136 734
112 145 590
112 145 603
112 145 604
112 145 614
112 145 640
112 145 665
112 145 700
112 145 735
112 145 736
112 145 737
112 145 738
112 145 739
112 145 741
112 145 742
112 145 747
112 48 647
112 48 661
112 48 676
112 48 680
112 48 686
112 48 688
112 48 696
112 48 712
112 48 715
112 48 733
112 48 745
112 48 747
112 158 675
112 52 741
112 52 742
129 21 396
129 34 750
129 34 769
8 90 670
139 21 352
139 21 353
139 21 354
139 21 355
139 21 357
139 21 358
139 21 364
139 21 383
139 21 404
139 21 426
139 21 427
139 21 438
139 21 552
139 21 553
139 157 481
139 157 484
139 109 545
21 157 352
21 157 353
21 157 354
21 157 355
21 157 357
21 157 358
21 157 364
21 157 365
21 157 366
21 157 378
21 157 379
21 157 381
21 157 382
21 157 383
21 157 401
21 157 402
21 157 407
21 157 408
21 157 409
21 157 413
21 157 414
21 157 416
21 157 420
21 157 422
21 157 424
21 157 426
21 157 475
21 157 544
157 109 528
157 109 546
157 73 576
157 73 578
157 73 579
157 73 587
157 73 588
157 73 589
157 73 591
157 73 592
157 73 593
157 73 596
157 73 597
157 73 598
157 73 599
157 73 600
157 73 601
157 73 613
157 73 635
157 73 636
157 73 638
157 73 650
157 73 651
157 73 653
157 73 654
157 73 655
157 73 656
157 73 663
157 73 664
157 73 665
157 73 666
157 73 667
157 73 668
157 73 669
157 73 672
157 73 673
157 73 675
157 73 676
157 73 680
157 73 681
157 73 686
157 73 692
157 73 695
157 73 697
157 73 703
157 73 711
157 73 713
157 73 719
157 73 721
157 73 730
157 73 731
157 73 733
157 73 738
157 158 593
30 109 402
30 109 403
30 109 406
30 109 407
30 109 410
30 109 417
30 109 433
30 109 435
30 109 443
30 109 447
30 136 703
30 136 722
30 136 726
30 48 724
109 48 485
109 48 524
109 48 583
109 48 584
109 48 591
109 0 542
109 0 566
109 0 574
109 73 600
109 100 609
44 48 489
32 145 693
32 145 694
32 145 695
32 145 715
32 145 718
32 145 731
32 145 732
32 145 736
32 145 737
135 51 459
135 51 460
135 51 461
135 51 462
135 51 476
135 51 477
135 51 490
135 51 492
135 51 511
135 51 512
135 51 546
39 48 467
39 48 468
39 48 469
39 48 478
39 48 488
39 48 495
39 48 498
39 48 509
39 79 1092
39 79 1095
39 79 1098
39 79 1099
39 79 1101
39 79 1107
39 79 1109
39 79 1112
39 79 1113
39 79 1114
39 79 1115
39 79 1116
39 79 1118
39 79 1119
39 79 1120
39 79 1121
39 79 1122
39 79 1123
39 79 1124
39 79 1131
39 79 1132
39 79 1135
39 79 1136
48 33 561
48 90 592
48 90 604
48 90 605
48 90 606
48 90 607
48 90 608
48 90 609
48 90 610
48 90 611
48 90 622
48 90 625
48 90 635
48 90 648
48 90 658
48 90 707
48 90 718
48 90 721
48 90 735
48 90 736
48 136 603
48 136 604
48 136 605
48 136 625
48 136 653
48 136 673
48 136 678
48 136 679
48 136 683
48 136 692
48 136 720
48 136 731
48 136 732
48 145 606
48 145 633
48 145 634
48 145 644
48 145 645
48 145 646
48 145 650
48 145 651
48 145 652
48 145 658
48 145 661
48 145 670
48 145 677
48 145 678
48 145 679
48 145 694
48 145 738
48 145 739
48 145 740
48 145 747
48 56 614
48 52 621
48 52 659
48 52 668
48 52 719
48 52 734
48 52 742
48 52 747
48 100 631
48 73 701
48 73 713
48 73 731
48 78 721
144 73 540
144 0 540
144 0 541
79 73 536
79 73 537
79 73 538
79 73 539
79 73 540
79 73 541
79 73 542
79 73 543
79 73 548
79 73 549
79 73 555
79 73 566
79 73 572
79 73 588
79 73 592
79 73 600
79 73 601
79 73 602
79 73 604
79 73 622
79 73 628
79 73 638
79 73 690
79 73 692
79 73 693
79 0 536
79 0 537
79 0 538
79 0 539
79 0 540
79 0 541
79 0 542
79 0 546
79 0 557
79 0 560
79 0 561
79 0 562
79 0 563
79 0 583
79 0 588
79 0 600
79 0 602
79 0 604
79 0 609
79 0 622
79 0 674
79 0 676
79 0 690
79 0 692
79 0 693
73 0 536
73 0 537
73 0 538
73 0 539
73 0 540
73 0 541
73 0 542
73 0 552
73 0 569
73 0 576
73 0 578
73 0 583
73 0 584
73 0 600
73 0 606
73 0 607
73 0 608
73 0 626
73 0 627
73 0 628
73 0 630
73 0 636
73 0 637
73 0 690
73 0 692
73 0 693
73 96 728
140 56 565
140 56 566
140 56 570
140 56 572
140 56 574
140 56 577
140 56 584
140 56 587
140 56 588
140 56 589
140 56 590
140 56 603
140 56 611
140 56 616
140 56 617
140 56 620
140 56 623
140 56 624
140 56 633
140 56 642
140 56 644
140 56 645
140 56 647
140 56 648
140 56 649
140 56 650
140 56 656
140 56 658
140 56 660
140 56 661
140 56 662
140 56 668
140 56 670
140 56 671
140 56 672
140 56 674
140 56 676
140 56 677
140 56 678
140 56 679
140 56 680
140 56 681
140 62 930
56 96 565
56 96 566
56 96 570
56 96 571
56 96 582
56 96 616
56 96 619
56 96 641
56 96 651
56 96 661
56 96 662
56 96 668
56 96 669
56 96 677
56 96 678
56 96 679
56 96 680
56 145 597
96 136 728
158 90 673
158 74 1307
158 74 1308
145 90 577
145 90 584
145 90 585
145 90 587
145 90 588
145 90 598
145 90 599
145 90 601
145 90 604
145 90 606
145 90 613
145 90 614
145 90 624
145 90 629
145 90 630
145 90 648
145 90 649
145 90 651
145 90 654
145 90 659
145 90 661
145 90 662
145 90 665
145 90 668
145 90 670
145 90 685
145 90 687
145 90 722
145 90 725
145 90 726
145 90 727
145 90 728
145 90 729
145 90 730
145 90 731
145 90 732
145 52 580
145 52 597
145 52 606
145 52 607
145 52 608
145 52 638
145 52 645
145 52 649
145 52 666
145 52 667
145 52 691
145 52 692
145 52 693
145 52 708
145 52 723
145 52 724
145 52 728
145 52 731
145 52 732
145 34 679
145 34 680
145 34 683
145 34 684
145 34 701
145 34 702
145 34 713
145 34 720
145 34 721
145 34 722
145 34 730
145 34 736
145 34 737
90 136 584
90 136 591
90 136 592
90 136 594
90 136 596
90 136 600
90 136 601
90 136 602
90 136 604
90 136 620
90 136 621
90 136 624
90 136 625
90 136 627
90 136 628
90 136 632
90 136 633
90 136 637
90 136 647
90 136 648
90 136 653
90 136 661
90 136 670
90 136 671
90 136 679
90 136 681
90 136 682
90 136 696
90 136 697
90 136 699
90 136 715
90 136 716
90 136 717
90 136 718
90 136 727
90 136 738
90 136 739
90 136 740
90 136 741
90 136 742
90 136 743
90 136 744
90 136 745
90 136 746
90 136 747
90 136 748
90 136 751
90 136 754
90 52 654
90 52 704
90 52 705
90 52 728
90 52 732
90 93 737
136 52 578
136 52 585
136 52 586
136 52 587
136 52 588
136 52 596
136 52 598
136 52 599
136 52 606
136 52 608
136 52 609
136 52 610
136 52 612
136 52 613
136 52 620
136 52 621
136 52 622
136 52 623
100 93 605
100 93 609
100 93 651
100 93 707
100 93 775
100 93 776
100 78 794
100 78 795
100 78 806
100 78 807
100 78 815
100 78 816
100 78 818
100 78 819
100 78 834
100 78 835
100 78 837
100 78 845
100 78 848
100 78 849
100 78 850
100 78 852
100 78 853
100 78 854
100 78 858
100 78 862
100 62 861
93 62 726
93 78 727
62 34 893
62 34 894
