171 75 0
171 75 2
171 75 4
171 75 15
171 75 270
171 75 271
171 75 272
171 75 273
171 75 274
171 75 277
171 165 0
171 165 4
171 165 265
171 165 271
171 165 272
171 165 276
171 86 145
171 71 147
171 71 148
171 99 150
171 99 151
171 99 160
171 135 152
171 135 154
171 137 152
75 160 3
75 160 4
75 160 11
75 160 269
75 160 270
75 160 271
75 160 273
75 160 275
75 160 276
75 160 277
75 153 15
75 174 39
75 174 62
75 174 92
75 174 103
75 174 104
75 174 105
75 174 106
75 174 107
75 174 108
75 174 109
75 174 111
75 174 112
75 174 113
75 174 116
75 174 118
75 174 119
75 174 120
75 174 121
75 174 122
75 174 123
75 174 124
75 174 125
75 174 126
75 174 127
75 174 128
75 174 129
75 174 131
75 174 133
75 174 134
75 174 135
75 174 136
75 174 137
75 174 138
75 174 139
75 174 140
75 174 141
75 174 142
75 174 143
75 174 144
75 174 269
75 23 46
75 10 47
75 10 62
75 10 74
75 10 75
75 10 95
75 10 96
75 10 98
75 10 100
75 10 107
75 10 108
75 10 109
75 10 110
75 10 111
75 10 112
75 10 113
75 10 114
75 10 115
75 10 116
75 10 117
75 10 118
75 10 120
75 10 121
75 10 122
75 10 123
75 10 124
75 10 125
75 10 126
75 10 127
75 10 128
75 10 129
75 10 130
75 10 131
75 10 132
75 10 133
75 10 134
75 10 135
75 10 136
75 10 137
75 10 138
75 10 139
75 10 140
75 10 141
75 10 142
75 10 143
75 10 144
75 10 145
75 10 146
75 10 147
75 10 148
75 88 48
75 88 59
75 88 60
75 16 50
75 113 54
75 113 55
75 113 59
75 96 59
75 57 60
75 27 62
75 140 73
75 140 74
75 140 90
75 100 74
75 100 75
75 103 101
75 103 102
75 103 103
75 103 104
75 103 107
75 103 111
75 103 113
75 103 114
75 103 116
75 103 117
75 103 118
75 103 119
75 103 120
75 103 121
75 103 122
75 103 123
75 103 124
75 103 126
75 103 127
75 103 129
75 103 130
75 103 131
75 103 132
75 103 133
75 103 134
75 103 135
75 103 136
75 103 137
75 103 138
75 103 139
75 103 140
75 0 150
75 122 153
75 122 172
75 122 186
75 122 187
75 122 201
75 122 207
75 122 215
75 122 219
75 122 220
75 122 222
75 122 223
75 122 224
75 122 225
75 122 227
75 122 234
75 122 237
75 122 241
75 122 244
75 122 247
75 122 248
75 122 254
75 122 255
75 122 256
75 122 257
75 122 258
75 122 261
75 122 263
75 122 266
75 122 267
75 122 268
75 154 164
75 154 167
75 154 168
75 154 277
75 109 169
75 109 171
75 22 176
75 47 176
75 20 176
75 20 177
75 164 177
75 1 179
75 1 180
75 1 181
75 1 187
75 1 188
75 1 189
75 1 190
75 1 192
75 1 194
75 1 196
75 1 197
75 1 198
75 1 214
75 126 213
75 126 253
75 126 254
75 126 256
75 126 257
75 93 213
75 93 253
75 93 255
75 93 257
75 110 215
75 110 223
75 110 226
75 110 228
75 110 229
75 110 230
75 110 254
75 110 255
75 110 256
75 110 257
75 110 258
75 110 261
75 110 265
75 110 266
75 110 269
75 173 223
75 81 234
75 144 235
75 168 272
75 84 274
165 153 0
165 23 10
165 23 11
165 23 13
165 23 15
165 23 16
165 23 17
165 23 18
165 23 20
165 23 21
165 23 25
165 23 26
165 23 28
165 23 29
165 23 31
165 23 34
165 23 36
165 23 37
165 23 44
165 23 45
165 129 11
165 71 13
165 71 14
165 71 15
165 71 17
165 71 18
165 71 22
165 71 25
165 71 26
165 71 32
165 71 36
165 71 38
165 71 39
165 71 40
165 71 180
165 31 14
165 21 21
165 21 22
165 21 24
165 65 266
165 65 267
165 154 266
165 154 268
165 154 275
165 154 277
153 125 1202
160 162 1
160 162 2
160 176 266
160 176 267
160 176 268
160 176 269
160 176 270
160 176 273
160 176 275
160 176 277
160 31 498
160 31 501
160 31 506
160 31 514
160 31 515
160 31 520
160 31 521
160 31 530
160 31 535
160 31 536
160 31 537
160 31 538
160 31 539
160 31 540
160 31 541
160 31 542
160 31 543
160 31 544
160 31 545
160 31 546
160 31 547
160 31 548
160 31 549
160 31 550
160 31 551
160 31 552
160 31 553
160 31 556
160 31 557
160 31 558
160 31 559
160 31 560
160 31 563
160 31 588
160 31 610
160 31 611
160 31 613
160 31 618
160 31 619
160 31 620
160 31 621
160 31 622
160 31 624
160 31 625
160 31 626
160 31 627
160 31 628
160 31 629
160 31 630
160 31 631
160 31 632
160 31 633
160 31 634
160 31 635
160 31 636
160 31 637
160 31 638
160 31 639
160 31 640
160 31 641
160 31 642
160 31 653
160 31 660
160 31 664
160 31 668
160 31 672
160 31 676
160 31 686
160 31 690
160 31 692
160 31 698
160 31 700
160 31 703
160 31 724
160 31 780
160 31 784
160 31 797
162 65 2
162 65 3
162 117 839
162 117 846
162 117 848
162 117 850
162 117 851
162 117 852
162 117 853
162 117 854
162 117 855
162 117 856
162 117 857
162 117 858
162 117 860
162 117 862
162 117 863
162 117 875
162 117 889
162 117 901
162 117 905
162 117 913
162 117 928
162 117 929
162 117 938
162 117 944
162 117 946
162 117 947
162 117 948
162 117 950
162 117 951
162 117 961
162 117 962
162 117 964
162 117 965
162 117 966
162 117 967
162 117 968
162 117 969
162 117 970
162 117 971
162 117 972
162 117 975
162 117 976
162 117 979
162 117 983
162 117 985
162 117 986
162 117 987
162 117 988
162 117 1035
162 117 1038
162 152 951
41 21 2
41 21 3
41 21 4
41 21 5
41 21 6
41 21 7
41 21 8
41 21 9
41 21 10
41 21 11
41 21 14
41 21 15
41 21 16
41 21 17
41 21 18
41 21 19
41 21 20
41 21 21
41 21 22
41 21 23
41 21 24
41 21 26
41 21 28
41 21 29
41 21 30
41 21 31
41 21 39
41 21 40
41 21 41
41 21 43
41 21 47
41 21 48
41 21 49
41 21 50
41 21 51
41 21 52
41 21 53
41 21 58
41 21 59
41 21 60
41 21 61
41 21 62
41 21 63
41 21 64
41 21 65
41 21 69
41 21 70
41 21 71
41 21 91
41 21 92
41 21 94
41 21 96
41 21 97
41 21 98
41 135 8
41 140 28
41 120 55
41 25 1274
41 25 1275
41 25 1276
41 25 1278
41 25 1283
41 25 1288
41 25 1290
41 25 1291
41 25 1292
41 25 1294
41 25 1296
41 25 1297
41 25 1299
41 25 1300
41 25 1301
41 25 1311
41 25 1312
41 25 1316
41 25 1319
41 25 1321
41 25 1322
41 25 1323
41 25 1325
41 25 1326
41 25 1327
41 25 1328
41 25 1329
41 25 1340
41 25 1341
41 25 1342
41 25 1344
41 25 1349
41 25 1350
41 25 1357
41 25 1370
41 25 1371
41 25 1377
41 25 1383
41 25 1385
41 25 1386
41 25 1387
41 25 1388
41 25 1389
41 25 1390
41 25 1391
41 25 1392
41 25 1393
41 25 1394
41 25 1397
41 25 1410
41 25 1411
41 25 1412
41 25 1413
41 25 1419
41 25 1420
41 25 1421
41 25 1422
41 25 1424
41 25 1440
41 25 1441
41 25 1442
41 125 1312
41 125 1313
41 125 1314
41 61 1316
21 62 21
21 16 56
21 10 58
21 37 74
21 37 75
21 87 75
21 122 146
21 142 159
21 142 181
21 142 182
21 144 239
21 144 242
21 144 243
21 144 244
21 144 245
21 144 246
21 144 247
21 144 248
21 144 252
21 144 270
65 111 88
65 111 91
65 111 98
65 111 99
65 111 100
65 149 89
65 94 89
65 163 165
65 163 183
65 163 184
65 163 266
65 177 266
65 177 267
65 176 266
65 176 267
69 16 6
69 103 48
69 103 49
69 174 76
69 78 1162
69 78 1166
69 78 1169
69 78 1170
69 78 1172
69 78 1175
69 78 1176
69 78 1177
69 78 1179
69 78 1182
69 78 1183
69 78 1184
69 78 1186
69 78 1192
69 78 1194
69 78 1196
69 78 1200
69 78 1205
69 78 1209
69 78 1213
69 78 1214
69 78 1215
69 78 1217
69 78 1220
69 78 1221
69 78 1223
69 78 1227
69 78 1230
69 78 1233
69 78 1234
69 78 1235
69 78 1236
69 78 1237
69 78 1238
69 78 1239
69 78 1248
69 78 1252
69 78 1254
69 78 1260
69 78 1265
69 78 1270
69 78 1277
69 78 1281
69 78 1296
69 78 1298
69 78 1316
69 78 1317
69 78 1318
69 78 1320
69 173 1212
69 173 1213
16 166 6
16 166 10
16 158 6
16 140 6
16 140 16
16 140 18
16 140 55
16 140 204
16 91 11
16 92 16
16 101 18
16 88 18
16 174 99
16 169 100
16 27 100
16 27 106
16 27 112
16 27 113
16 27 118
16 27 120
16 27 121
16 27 122
16 27 123
16 27 124
16 27 126
16 27 136
16 27 137
16 27 141
16 27 142
16 27 151
16 27 152
16 27 156
16 27 160
16 27 161
16 27 168
16 27 169
16 27 170
16 27 171
16 27 172
16 27 173
16 27 175
16 27 203
16 27 204
16 27 205
16 27 206
16 26 125
16 26 127
16 26 135
16 26 138
16 26 139
16 26 146
16 26 147
16 26 148
16 26 150
16 114 167
16 131 203
16 1 216
166 149 6
166 28 13
166 28 264
166 62 19
166 62 31
166 62 34
166 62 35
166 62 37
166 142 141
166 142 142
166 142 143
166 142 144
166 142 146
166 142 148
166 142 160
166 130 146
166 130 147
166 130 153
166 130 158
166 130 159
158 79 9
158 79 10
158 79 12
158 79 13
158 79 16
158 79 20
158 79 24
158 79 25
158 79 28
158 79 29
158 79 30
158 79 31
158 79 32
158 79 33
158 79 34
158 79 114
158 79 115
158 79 116
158 79 117
158 79 118
158 79 121
158 79 122
158 79 123
158 79 124
158 79 125
158 79 131
158 79 132
158 79 133
158 79 134
158 79 135
158 79 137
158 91 19
158 91 20
158 91 32
158 91 33
158 140 54
158 140 56
158 140 75
158 131 128
158 131 130
158 131 196
158 116 709
158 116 710
158 116 711
158 13 711
158 13 724
158 13 727
158 13 728
158 13 729
158 13 735
158 13 736
158 13 737
158 13 738
158 13 739
158 13 740
158 13 744
158 13 749
158 13 751
158 13 752
158 13 758
158 13 760
158 13 769
158 13 778
158 13 779
158 13 788
158 13 789
158 13 790
158 13 791
158 13 792
158 13 793
158 13 797
158 13 799
158 13 805
158 13 806
158 13 807
158 13 808
158 13 809
158 13 810
158 13 811
158 13 813
158 13 814
158 13 816
158 13 817
158 13 819
158 13 823
158 13 834
158 13 835
158 13 836
158 13 842
158 13 847
158 13 848
158 13 849
158 13 850
158 13 851
158 13 852
158 13 853
158 13 854
158 13 855
158 13 856
158 13 857
158 13 860
158 13 861
158 13 863
158 13 864
158 13 868
158 13 869
158 13 870
158 13 871
158 13 873
158 13 876
158 13 877
158 13 878
158 13 879
158 13 880
158 13 881
158 13 882
158 13 883
158 13 884
158 13 885
158 13 887
158 13 888
158 13 890
158 13 891
158 13 892
158 13 893
158 13 894
158 13 895
158 13 899
158 13 900
158 13 901
158 145 719
158 145 720
158 30 737
140 161 6
140 79 13
140 79 14
140 79 18
140 79 21
140 79 26
140 79 28
140 79 33
140 79 36
140 79 41
140 79 45
140 79 88
140 79 110
140 79 125
140 79 146
140 79 147
140 79 149
140 79 151
140 79 153
140 79 168
140 79 171
140 79 172
140 79 173
140 79 174
140 79 175
140 79 176
140 79 180
140 79 183
140 79 184
140 79 186
140 79 187
140 79 198
140 79 199
140 79 200
140 149 13
140 149 14
140 149 20
140 149 21
140 149 22
140 149 35
140 149 37
140 149 41
140 149 43
140 149 44
140 149 54
140 149 107
140 149 127
140 149 129
140 149 131
140 149 142
140 149 145
140 149 146
140 149 147
140 149 148
140 149 150
140 149 151
140 149 152
140 149 153
140 149 155
140 149 159
140 149 170
140 149 171
140 149 175
140 149 178
140 149 180
140 149 182
140 149 183
140 149 186
140 149 187
140 149 192
140 149 198
140 149 199
140 92 15
140 92 25
140 92 41
140 92 69
140 91 20
140 91 22
140 91 28
140 91 29
140 91 54
140 91 63
140 91 64
140 91 74
140 113 39
140 10 39
140 10 47
140 10 51
140 10 68
140 10 75
140 96 39
140 96 95
140 96 96
140 96 97
140 96 98
140 96 99
140 174 39
140 174 46
140 174 75
140 57 41
140 57 47
140 23 46
140 103 48
140 43 50
140 43 52
140 43 75
140 43 76
140 88 51
140 88 73
140 88 74
140 88 75
140 100 55
140 38 55
140 38 60
140 38 61
140 50 55
140 87 58
149 101 9
149 27 9
149 27 24
149 27 39
149 27 53
149 88 11
149 88 15
149 88 38
149 88 39
149 88 40
149 88 41
149 88 46
149 88 47
149 88 68
149 88 69
149 88 71
149 88 72
149 88 73
149 88 75
149 88 120
149 88 126
149 88 128
149 88 136
149 88 138
149 88 139
149 88 140
149 88 141
149 88 145
149 88 152
149 88 158
149 88 167
149 88 168
149 88 170
149 88 171
149 88 172
149 88 173
149 88 174
149 88 175
149 88 176
149 88 177
149 88 178
149 88 179
149 88 184
149 88 185
149 88 186
149 88 187
149 88 196
149 88 204
149 88 206
149 88 207
149 100 55
149 100 94
149 43 63
149 43 64
149 43 69
149 43 70
149 43 71
149 174 64
149 174 69
149 174 70
149 174 71
149 174 72
149 174 73
149 173 1235
149 173 1302
149 173 1303
149 125 1277
161 23 10
161 23 11
161 23 13
161 23 20
161 23 21
161 23 23
161 23 24
161 23 25
161 23 26
161 23 28
161 23 29
161 23 33
161 23 34
161 23 35
161 23 39
161 23 41
161 23 42
161 23 43
161 23 45
161 170 10
161 170 11
161 170 18
161 170 19
161 170 20
161 170 21
161 170 24
161 170 25
161 170 27
161 170 28
161 170 29
161 170 30
161 170 34
161 170 35
161 170 38
161 170 44
161 71 20
161 71 25
161 71 26
161 71 30
161 46 870
161 46 871
161 46 950
161 46 951
161 107 894
161 66 912
161 143 923
161 143 925
161 143 926
161 32 930
161 32 932
161 32 934
161 32 937
161 32 943
161 32 944
161 32 946
161 32 948
161 32 950
161 32 962
161 32 971
161 32 1012
161 172 950
161 172 951
161 124 957
161 138 959
161 67 1028
161 67 1035
161 67 1037
161 67 1065
161 67 1069
161 67 1071
161 67 1072
161 67 1073
161 67 1076
161 67 1078
161 67 1084
161 67 1085
161 67 1086
161 67 1090
161 67 1096
161 67 1097
161 67 1108
161 67 1109
161 67 1114
161 67 1125
161 67 1126
161 67 1127
161 67 1128
161 67 1129
161 67 1137
161 67 1138
161 67 1139
161 67 1140
161 67 1141
161 67 1144
161 67 1147
161 67 1152
161 44 1041
161 44 1075
161 77 1062
161 61 1178
161 148 1179
135 62 37
135 126 145
135 126 187
135 126 191
135 126 194
135 126 195
135 93 145
135 93 148
135 93 188
135 93 191
135 93 194
135 63 146
135 63 150
135 63 151
135 63 152
135 63 155
135 63 156
135 63 157
135 63 159
135 63 160
135 63 161
135 63 163
135 63 167
135 63 172
135 63 176
135 63 177
135 63 182
135 63 183
135 63 187
135 63 188
135 63 191
135 63 194
135 109 147
135 148 152
135 130 152
135 130 156
135 95 156
135 95 157
135 142 161
135 81 172
135 8 178
135 8 179
135 8 184
135 8 185
135 139 189
135 174 193
79 27 24
79 27 25
79 27 27
79 27 28
79 27 34
79 27 39
79 27 90
79 27 91
79 131 28
79 10 48
79 10 64
79 113 59
79 113 60
79 174 61
79 174 70
79 174 73
79 100 66
79 57 74
79 96 88
79 91 125
79 37 126
79 73 170
101 131 17
101 131 18
101 131 24
101 37 103
101 126 213
101 126 254
101 126 256
101 126 257
101 122 214
101 122 215
101 122 220
101 122 222
101 122 223
101 122 225
101 122 227
101 122 232
101 122 240
101 122 247
101 122 248
101 122 249
101 122 252
101 122 254
101 122 255
101 122 256
101 122 258
101 122 260
101 122 261
101 122 262
101 122 263
101 122 265
101 122 266
101 122 268
101 122 269
101 84 216
101 84 219
101 84 222
101 84 225
101 84 231
101 84 232
101 84 238
101 84 246
101 84 249
101 84 250
101 84 251
101 84 252
101 84 260
101 84 262
101 84 268
101 81 233
101 81 234
101 81 251
101 144 233
101 93 255
101 93 257
101 164 267
101 20 268
101 115 302
27 131 10
27 131 11
27 131 12
27 131 15
27 131 47
27 131 48
27 131 70
27 131 77
27 131 203
27 131 204
27 131 229
27 131 239
27 10 53
27 10 61
27 10 62
27 10 68
27 10 74
27 110 56
27 169 92
27 169 100
27 11 230
27 11 232
27 97 279
27 151 286
27 151 290
27 151 293
27 151 294
91 170 10
91 88 16
91 88 20
91 84 76
91 123 650
91 123 651
91 123 652
91 123 653
91 123 654
91 123 655
91 123 657
91 123 658
91 123 659
91 123 660
91 123 661
91 123 662
91 123 663
91 123 664
91 123 665
91 123 666
91 123 667
91 123 668
91 123 669
91 123 670
91 123 671
91 123 672
91 123 673
91 123 674
91 123 676
91 123 677
91 123 696
91 123 698
91 123 740
91 123 745
91 123 746
91 123 748
91 123 753
91 123 754
91 123 755
91 123 758
91 123 759
91 123 761
91 123 763
91 123 764
91 123 765
91 123 766
91 123 767
91 123 768
91 123 769
91 123 770
91 123 771
91 123 772
91 123 773
91 123 774
91 123 775
91 123 777
91 123 779
91 123 780
91 123 782
91 123 783
91 123 784
91 123 785
91 123 786
91 123 787
91 123 788
91 123 790
91 123 791
91 123 792
91 123 793
91 123 794
91 123 795
91 123 796
91 123 797
91 123 798
91 123 799
91 123 800
91 123 801
91 123 802
91 123 809
91 123 810
91 123 812
91 123 814
91 123 815
91 123 816
91 123 818
91 123 819
91 123 820
91 123 821
91 123 822
91 123 823
91 123 824
91 123 825
91 123 826
91 123 827
91 123 828
91 123 829
91 123 833
91 123 834
91 123 837
91 123 838
91 123 841
91 123 842
91 123 844
91 123 845
91 117 845
170 28 13
170 28 17
170 28 18
170 28 41
170 28 43
170 62 19
170 62 31
170 62 33
170 62 34
170 62 35
170 120 21
170 22 22
170 126 37
170 126 282
170 103 217
170 103 234
170 103 235
170 103 250
170 103 251
170 14 230
170 19 251
170 19 267
170 144 266
170 94 282
23 28 13
23 28 14
23 28 25
23 28 26
23 62 14
23 62 17
23 62 31
23 62 33
23 62 34
23 62 37
23 62 43
23 62 163
23 59 299
23 59 307
23 59 308
23 59 310
23 59 313
23 59 319
23 59 324
23 59 325
23 59 329
23 59 331
131 10 48
131 10 49
131 10 50
131 10 51
131 10 52
131 10 62
131 10 76
131 57 60
131 100 65
131 100 66
131 88 111
131 88 126
131 88 145
131 19 237
131 47 281
131 58 285
131 120 285
131 150 291
131 150 292
131 150 296
131 150 372
131 150 375
131 150 376
131 145 292
131 145 297
131 145 299
131 145 301
131 145 303
131 145 304
131 145 305
131 145 322
131 145 325
131 145 331
131 145 332
131 145 338
131 145 350
131 145 353
131 145 358
131 145 365
131 145 369
131 145 370
131 145 375
131 145 376
131 145 377
131 145 379
131 145 385
131 145 386
131 145 390
131 145 391
131 145 392
131 145 414
131 145 415
131 145 423
131 145 424
131 145 427
131 145 428
131 145 433
131 145 437
131 128 300
131 128 327
131 128 350
131 128 406
131 128 408
88 26 35
88 26 89
88 94 60
88 94 61
88 38 71
88 92 92
88 70 194
88 70 281
88 138 197
129 96 15
129 96 38
129 96 39
129 96 40
129 96 41
129 96 42
129 96 43
129 96 44
129 96 45
129 96 49
129 96 50
129 96 51
129 96 52
129 96 53
129 96 54
129 96 55
129 96 57
129 96 61
129 96 64
129 96 67
129 96 68
129 96 69
129 96 75
129 96 89
129 96 93
129 96 94
129 96 142
129 96 143
129 96 144
129 37 142
129 37 143
129 37 144
129 37 145
129 58 145
129 58 147
129 58 148
129 58 158
129 58 159
129 58 162
129 58 164
129 58 167
129 58 168
129 58 169
129 58 177
129 58 180
129 58 181
129 58 183
129 58 189
129 58 190
129 58 191
129 58 192
129 58 193
129 58 194
129 58 219
129 58 229
129 58 235
129 58 236
129 58 238
129 58 247
129 58 249
129 58 250
129 58 251
129 58 252
129 58 253
129 58 254
129 58 255
129 58 256
129 58 257
129 58 258
129 58 259
129 58 260
129 58 261
129 58 262
129 58 263
129 58 264
129 58 265
129 58 267
129 58 268
129 58 269
129 58 270
129 58 271
129 58 272
129 58 277
129 58 282
129 58 284
129 58 285
129 20 146
129 20 148
129 20 150
129 22 147
129 22 203
129 22 207
129 22 224
129 112 148
129 112 149
129 112 150
129 112 151
129 145 149
129 70 150
129 70 152
129 100 150
129 42 153
129 42 200
129 42 201
129 1 172
129 1 174
129 55 178
129 55 201
129 55 203
129 55 204
129 55 205
129 55 206
129 55 207
129 55 211
129 55 212
129 55 213
129 94 182
129 94 270
129 94 271
129 169 184
129 116 185
129 116 186
129 116 197
129 116 204
129 116 209
129 116 211
129 71 194
129 71 195
129 71 196
129 84 197
129 84 200
129 84 205
129 84 206
129 84 207
129 174 199
129 155 201
129 93 205
129 47 205
129 122 205
129 86 247
129 86 248
129 86 249
129 86 254
129 86 256
129 86 257
129 86 258
129 86 259
129 86 262
129 86 273
129 142 280
129 142 281
129 142 282
120 71 13
120 105 14
120 105 16
120 105 17
120 105 24
120 105 33
120 105 34
120 105 35
120 105 36
120 105 37
120 105 107
120 105 109
120 105 110
120 105 111
120 105 112
120 105 113
120 105 114
120 105 115
120 105 118
120 105 119
120 105 123
120 105 124
120 105 129
120 105 137
120 105 138
120 142 141
120 18 142
120 20 143
120 20 147
120 20 151
120 138 150
120 138 151
120 138 152
120 138 205
120 8 151
120 8 152
120 8 155
120 8 157
120 8 158
120 8 159
120 8 160
120 8 161
120 8 162
120 8 163
120 8 164
120 8 165
120 8 167
120 8 168
120 8 169
120 8 177
120 8 178
120 8 179
120 8 180
120 8 181
120 8 182
120 8 183
120 8 186
120 8 187
120 8 190
120 8 191
120 8 192
120 8 193
120 8 218
120 8 219
120 8 220
120 8 223
120 8 224
120 8 225
120 8 226
120 8 227
120 8 228
120 8 232
120 8 238
120 8 247
120 8 250
120 8 252
120 8 253
120 8 254
120 8 255
120 8 256
120 8 257
120 8 258
120 8 259
120 8 260
120 8 261
120 8 262
120 8 264
120 8 265
120 8 266
120 8 267
120 8 268
120 22 172
120 22 174
120 84 172
120 139 186
120 14 199
120 47 204
120 95 250
120 95 252
120 95 253
120 95 260
120 95 261
120 95 263
120 28 280
120 28 282
120 28 283
120 137 285
120 66 286
71 28 13
71 28 14
71 28 15
71 28 18
71 28 19
71 28 24
71 28 45
71 22 13
71 22 15
71 22 32
71 22 36
71 22 39
71 22 220
71 22 221
71 22 239
71 22 261
71 108 146
71 108 147
71 108 242
71 108 245
71 108 246
71 108 262
71 130 147
71 130 148
71 130 149
71 130 150
71 130 151
71 130 152
71 130 157
71 130 158
71 130 159
71 142 148
71 142 160
71 142 174
71 142 175
71 142 177
71 18 151
71 122 162
71 63 163
71 63 164
71 126 167
71 126 197
71 20 169
71 20 192
71 20 202
71 20 205
71 138 174
71 14 186
71 14 200
71 14 204
71 14 205
71 14 210
71 14 211
71 97 197
71 177 200
71 177 201
71 177 202
71 177 203
71 177 204
71 177 210
71 177 212
71 177 213
71 177 214
71 19 207
71 19 208
71 19 211
71 19 239
71 19 245
71 19 249
71 19 255
71 19 256
71 19 257
71 19 258
71 19 260
71 19 261
71 19 262
71 19 263
71 19 264
71 19 265
71 19 267
71 19 268
71 19 269
71 19 270
71 19 271
71 19 273
71 144 227
71 144 230
71 144 233
71 144 234
71 144 235
71 144 237
71 144 239
71 144 240
71 144 241
71 144 247
71 144 252
71 144 267
71 144 268
71 144 270
71 84 235
71 173 247
71 141 252
71 175 252
71 175 265
71 175 266
71 175 267
28 142 248
28 142 249
28 142 252
28 142 253
28 142 254
28 142 255
28 142 276
28 142 277
28 142 278
28 142 279
28 142 281
28 142 282
28 142 285
28 142 287
28 142 288
28 142 289
28 142 299
28 142 300
28 142 301
28 142 302
28 142 303
28 142 304
28 142 305
28 142 306
28 142 307
28 142 308
28 142 310
28 142 311
28 142 313
28 142 314
28 142 316
28 142 317
28 142 336
28 142 337
28 142 339
28 142 340
28 142 341
28 142 342
28 142 343
28 142 344
28 142 345
28 142 346
28 142 347
28 142 348
28 142 349
28 142 351
28 142 352
28 142 353
28 142 354
28 142 355
28 142 356
28 142 357
28 142 358
28 142 366
28 142 367
28 142 368
28 142 369
28 142 370
28 142 371
28 142 372
28 142 373
28 142 374
28 142 375
28 142 376
28 142 377
28 142 378
28 142 387
28 142 388
28 142 389
28 58 281
28 58 282
28 64 285
28 29 286
28 29 287
22 31 22
22 42 144
22 42 208
22 42 209
22 42 220
22 58 146
22 20 146
22 20 147
22 20 148
22 20 152
22 20 160
22 20 172
22 20 174
22 20 177
22 20 185
22 20 186
22 20 187
22 20 188
22 20 189
22 20 191
22 20 192
22 20 193
22 20 231
22 20 232
22 20 234
22 85 161
22 85 213
22 85 222
22 85 223
22 85 229
22 85 231
22 85 232
22 99 163
22 99 169
22 99 184
22 99 185
22 99 186
22 99 187
22 99 188
22 99 191
22 99 192
22 99 193
22 99 197
22 99 220
22 99 222
22 99 242
22 99 243
22 99 244
22 99 247
22 99 250
22 18 163
22 18 182
22 18 184
22 18 188
22 18 189
22 18 191
22 18 192
22 18 193
22 174 182
22 174 230
22 174 231
22 174 232
22 174 233
22 14 183
22 14 190
22 141 186
22 8 189
22 70 204
22 55 212
22 116 212
22 116 252
22 116 266
22 137 214
22 97 216
22 86 216
22 145 217
22 19 226
22 19 227
22 19 228
22 19 229
22 19 230
22 19 231
22 19 232
22 19 233
22 19 234
22 19 235
22 19 236
22 19 237
22 19 238
22 19 239
22 19 240
22 19 241
22 19 242
22 19 243
22 19 244
22 19 245
22 19 246
22 19 247
22 19 248
22 19 249
22 19 252
22 19 253
22 19 255
22 84 252
105 37 143
105 37 144
105 37 145
105 37 147
105 37 148
105 37 149
105 37 150
105 37 151
105 93 149
105 9 375
105 125 376
31 62 22
31 80 263
31 99 370
31 99 371
31 99 372
31 99 374
31 99 375
31 99 376
31 99 378
31 99 379
31 99 387
31 99 388
31 99 391
31 99 392
31 99 393
31 99 395
31 99 398
31 99 407
31 99 408
31 99 411
31 99 412
31 99 413
31 99 417
31 99 420
31 99 424
31 99 425
31 99 426
31 99 430
31 99 431
31 99 432
31 99 433
31 99 434
31 99 435
31 99 441
31 99 442
31 99 447
31 29 426
31 9 427
31 3 670
62 84 45
62 61 1178
62 61 1180
62 125 1178
62 152 1178
62 67 1178
92 100 33
92 96 51
92 96 88
92 96 89
92 43 55
92 43 75
92 84 58
92 103 66
92 103 89
92 103 100
92 124 887
92 124 888
92 124 889
92 124 893
92 124 897
92 124 899
92 124 901
92 124 904
92 124 909
92 124 910
92 124 911
92 124 918
92 124 923
92 124 928
92 124 930
92 124 938
92 124 940
92 124 956
92 124 963
92 124 965
92 124 967
96 103 39
96 103 41
96 103 42
96 103 93
96 10 39
96 10 42
96 10 46
96 10 66
96 10 147
96 10 148
96 10 149
96 10 150
96 169 40
96 169 55
96 169 59
96 94 41
96 94 49
96 94 50
96 94 55
96 94 56
96 94 65
96 38 43
96 38 45
96 38 68
96 38 69
96 38 70
96 38 91
96 38 92
96 38 93
96 20 143
96 47 144
96 42 146
96 84 147
100 10 66
100 10 69
100 10 70
100 10 74
100 10 75
100 10 76
100 103 70
100 94 71
100 37 126
100 0 141
100 0 142
100 0 143
100 0 145
100 0 146
100 0 148
100 0 149
100 0 151
100 0 153
100 0 154
100 0 155
100 0 156
100 0 158
100 0 159
100 0 160
100 18 143
100 177 144
100 80 149
100 122 152
100 122 153
100 122 158
100 122 159
100 122 164
100 122 166
100 122 167
100 122 168
100 66 154
100 66 155
100 8 155
100 8 156
100 164 155
100 33 159
100 20 162
100 14 168
100 84 170
26 174 101
26 36 1277
26 36 1279
26 36 1281
26 36 1282
26 36 1284
26 36 1285
26 36 1289
26 36 1293
26 36 1298
26 36 1303
26 36 1304
26 36 1313
26 36 1314
26 36 1315
26 36 1317
26 36 1318
26 36 1320
26 36 1324
26 36 1343
26 78 1304
26 78 1313
26 61 1313
26 61 1315
126 139 106
126 139 133
126 84 144
126 84 145
126 84 146
126 84 148
126 84 150
126 84 151
126 84 152
126 84 153
126 84 154
126 84 156
126 84 157
126 84 158
126 84 159
126 84 162
126 84 165
126 84 168
126 84 169
126 84 170
126 84 171
126 84 172
126 84 173
126 84 174
126 84 175
126 84 176
126 84 177
126 84 178
126 84 179
126 84 180
126 84 181
126 84 182
126 84 185
126 84 186
126 84 189
126 84 190
126 84 193
126 84 194
126 84 201
126 84 202
126 84 203
126 84 204
126 84 209
126 84 210
126 84 211
126 84 212
126 84 215
126 84 216
126 84 217
126 84 245
126 84 246
126 84 247
126 84 249
126 84 250
126 84 251
126 84 253
126 84 254
126 84 256
126 84 257
126 84 258
126 84 260
126 84 263
126 84 264
126 84 266
126 84 267
126 84 268
126 84 269
126 84 270
126 84 271
126 84 272
126 55 145
126 55 148
126 55 149
126 55 187
126 55 190
126 55 194
126 55 195
126 55 198
126 55 211
126 55 212
126 30 155
126 30 171
126 137 171
126 137 175
126 137 207
126 137 217
126 137 219
126 169 193
126 94 198
126 94 262
126 70 200
126 112 203
126 112 254
126 112 256
126 112 257
126 85 207
126 99 252
126 99 266
126 80 258
126 98 260
126 42 272
126 47 283
126 39 284
113 94 41
113 94 56
113 94 57
113 94 58
113 94 60
113 94 61
113 94 63
113 94 64
113 94 65
113 94 66
113 94 68
113 94 70
113 94 72
113 94 73
113 94 74
113 94 75
113 94 76
113 94 77
113 169 41
113 50 59
113 2 416
113 2 417
113 2 424
113 2 437
113 2 438
113 2 439
113 2 440
113 2 442
10 169 40
10 169 41
10 169 107
10 169 108
10 169 109
10 169 110
10 169 111
10 169 112
10 169 113
10 169 114
10 169 115
10 169 116
10 169 117
10 169 118
10 169 120
10 169 121
10 169 123
10 169 124
10 169 125
10 169 126
10 169 127
10 169 128
10 169 129
10 169 131
10 169 133
10 169 134
10 169 135
10 169 136
10 169 137
10 169 138
10 169 139
10 169 140
10 169 141
10 169 143
10 103 42
10 103 88
10 103 102
10 103 103
10 103 104
10 103 106
10 103 119
10 174 42
10 174 92
10 174 103
10 174 104
10 174 106
10 174 119
10 38 44
10 38 45
10 38 49
10 38 51
10 38 65
10 38 66
10 38 67
10 94 47
10 94 61
10 94 71
10 94 72
10 94 89
10 94 90
10 94 92
10 94 95
10 94 96
10 94 98
10 94 99
10 94 100
10 94 101
10 94 105
10 94 107
10 94 108
10 94 109
10 94 110
10 94 111
10 94 112
10 94 113
10 94 114
10 94 115
10 94 117
10 94 118
10 94 120
10 94 121
10 94 122
10 94 123
10 94 124
10 94 125
10 94 126
10 94 127
10 94 128
10 94 129
10 94 130
10 94 131
10 94 132
10 94 133
10 94 134
10 94 135
10 94 136
10 94 137
10 94 138
10 94 139
10 94 140
10 94 141
10 94 142
10 94 143
10 110 58
10 57 89
10 121 89
10 84 92
10 84 94
10 84 97
10 84 99
10 84 102
10 84 103
10 84 104
10 84 119
10 114 95
10 30 145
10 85 145
10 116 146
10 37 147
10 37 148
10 37 149
10 37 150
10 93 149
174 103 39
174 103 42
174 103 60
174 87 39
174 87 42
174 94 42
174 94 43
174 94 44
174 94 52
174 94 53
174 94 55
174 94 60
174 94 61
174 94 62
174 94 92
174 94 93
174 94 103
174 94 104
174 94 105
174 94 106
174 94 107
174 94 109
174 94 110
174 94 112
174 94 113
174 94 114
174 94 115
174 94 116
174 94 117
174 94 118
174 94 119
174 94 120
174 94 121
174 94 122
174 94 124
174 94 126
174 94 127
174 94 129
174 94 131
174 94 133
174 94 135
174 94 136
174 94 137
174 94 138
174 94 139
174 94 140
174 94 141
174 94 142
174 94 143
174 94 154
174 94 155
174 94 156
174 94 157
174 94 158
174 94 159
174 94 161
174 94 165
174 94 167
174 94 172
174 94 173
174 94 176
174 94 177
174 94 178
174 94 180
174 94 182
174 94 183
174 94 185
174 94 191
174 94 203
174 94 207
174 94 211
174 50 52
174 50 71
174 38 60
174 14 151
174 14 164
174 14 165
174 14 166
174 14 171
174 14 174
174 14 175
174 14 179
174 14 180
174 14 182
174 14 184
174 14 185
174 14 187
174 14 188
174 14 197
174 14 198
174 14 200
174 14 206
174 14 207
174 14 209
174 14 210
174 14 230
174 14 235
174 18 164
174 18 168
174 18 171
174 86 180
174 93 181
174 20 187
174 20 202
174 20 228
174 20 232
174 20 234
174 20 246
174 20 247
174 20 252
174 84 193
174 19 215
174 19 216
174 19 220
174 19 230
174 19 231
174 19 232
174 19 233
103 84 51
103 46 55
103 57 94
103 169 111
103 169 123
103 169 132
103 169 134
103 169 160
103 169 162
103 169 166
103 169 174
103 169 204
103 93 180
103 93 225
103 155 195
103 70 221
87 84 44
87 61 1163
87 61 1164
87 61 1165
87 61 1167
87 61 1168
87 61 1171
87 61 1174
87 61 1187
87 61 1191
87 61 1199
87 61 1201
87 61 1202
87 61 1203
87 61 1204
87 61 1206
87 61 1216
87 61 1226
87 61 1231
87 61 1240
87 61 1253
87 61 1255
87 61 1256
87 61 1257
87 61 1258
87 61 1259
87 61 1263
87 61 1264
87 61 1266
87 61 1267
87 61 1269
87 61 1271
87 61 1276
87 61 1278
87 61 1280
87 61 1282
87 61 1283
87 61 1284
87 61 1285
87 61 1286
87 61 1287
87 61 1288
87 61 1299
87 61 1313
87 61 1314
87 61 1315
87 173 1242
87 173 1243
87 125 1299
87 125 1304
169 84 41
169 84 44
169 84 46
169 43 46
169 43 63
169 46 96
169 138 171
169 8 184
169 66 184
169 78 1234
169 61 1234
169 61 1235
169 125 1237
57 38 41
57 38 70
57 38 71
57 38 72
57 38 92
57 38 93
57 38 94
57 94 52
57 94 53
57 94 59
57 121 89
57 121 102
57 121 109
57 121 112
57 121 114
57 121 118
57 121 119
57 121 120
57 121 122
57 121 123
57 121 124
57 121 125
57 121 129
57 121 131
57 121 132
57 121 133
57 121 134
57 121 135
94 84 41
94 84 47
94 84 58
94 84 59
94 84 60
94 84 90
94 84 91
94 84 92
94 84 93
94 84 96
94 84 98
94 84 99
94 84 100
94 84 115
94 84 141
94 84 142
94 84 143
94 43 42
94 43 46
94 43 87
94 43 88
94 124 95
94 86 144
94 86 271
94 86 277
94 86 278
94 137 146
94 137 147
94 137 149
94 137 177
94 137 184
94 137 201
94 137 207
94 137 217
94 137 225
94 137 228
94 137 234
94 137 235
94 137 272
94 137 273
94 137 275
94 30 147
94 138 171
94 95 180
94 8 182
94 8 184
94 139 187
94 164 194
94 70 195
94 97 195
94 81 197
94 81 198
94 81 267
94 93 198
94 63 199
94 20 200
94 20 201
94 20 233
94 175 212
94 175 214
94 175 215
94 175 216
94 175 219
94 175 224
94 175 225
94 175 232
94 175 233
94 175 239
94 175 244
94 175 245
94 175 267
94 175 269
94 14 230
94 1 230
94 1 233
94 19 261
94 107 261
94 89 261
94 66 271
84 50 41
84 38 42
84 38 46
84 38 57
84 38 60
84 37 147
84 37 148
84 8 147
84 8 148
84 8 248
84 0 149
84 0 151
84 93 153
84 93 154
84 93 160
84 93 183
84 93 197
84 93 198
84 130 153
84 20 154
84 20 175
84 20 267
84 33 155
84 33 171
84 47 158
84 47 204
84 42 160
84 122 163
84 122 164
84 122 256
84 122 257
84 177 167
84 55 167
84 112 168
84 112 170
84 112 200
84 112 206
84 112 216
84 112 221
84 112 226
84 112 232
84 112 235
84 112 236
84 112 239
84 112 243
84 112 246
84 112 249
84 112 250
84 112 251
84 112 252
84 112 260
84 112 264
84 58 174
84 1 174
84 1 178
84 1 185
84 1 186
84 1 193
84 1 195
84 1 200
84 1 201
84 1 212
84 1 218
84 66 183
84 66 248
84 63 188
84 63 194
84 63 207
84 138 198
84 155 204
84 97 222
84 95 226
84 95 236
84 95 245
84 99 235
84 175 259
84 144 267
84 144 268
38 48 359
38 48 446
38 48 447
38 48 450
38 49 359
38 49 403
38 49 447
38 49 450
38 56 364
38 56 396
38 56 400
38 56 401
38 56 402
38 56 403
38 56 404
38 56 405
38 56 446
38 56 447
38 136 365
38 136 387
38 136 445
38 136 452
38 15 451
50 125 1239
50 159 1246
50 159 1247
50 159 1248
50 159 1295
50 173 1254
50 7 1272
50 61 1278
43 67 941
43 67 950
72 124 48
72 124 49
72 124 58
72 124 62
72 124 63
72 124 64
72 124 66
72 124 67
72 124 68
72 124 69
72 124 70
72 124 72
72 124 73
72 124 75
72 124 95
72 124 103
72 124 104
72 124 112
72 124 127
72 124 128
72 124 129
72 124 130
72 124 136
72 124 137
72 124 138
72 124 145
72 124 156
72 124 157
72 124 158
72 124 159
72 124 162
72 124 165
72 124 166
72 124 169
72 124 170
72 124 173
72 124 179
72 124 188
72 124 189
72 124 191
72 124 192
72 124 193
72 124 195
72 124 196
72 124 197
72 124 198
72 124 199
72 124 200
72 124 202
72 124 203
72 124 204
72 124 205
72 124 206
72 124 208
72 124 212
72 124 214
72 124 215
72 124 236
72 124 239
72 124 258
72 124 283
72 124 284
72 124 299
72 124 300
72 124 306
72 124 311
72 124 312
72 124 327
72 29 276
72 29 277
72 29 278
72 29 279
72 29 280
72 29 281
72 29 283
72 29 284
72 29 288
72 29 289
72 29 290
72 29 291
72 29 292
72 29 293
72 29 294
72 29 295
72 29 296
72 29 297
72 29 298
72 29 299
72 29 300
72 29 301
72 29 302
72 29 303
72 29 304
72 29 305
72 29 337
72 29 339
72 29 340
72 29 341
72 29 342
72 29 351
72 29 354
72 29 355
72 29 377
72 29 378
72 29 379
72 29 383
72 29 384
72 29 385
72 29 386
72 29 387
72 29 388
72 29 390
72 29 391
72 29 394
72 29 395
72 29 396
72 29 397
72 29 398
72 29 400
72 29 401
72 29 416
72 29 417
72 29 418
72 29 419
72 29 420
72 86 278
72 58 279
72 115 304
124 110 65
124 48 360
124 117 923
124 117 953
124 35 957
46 35 951
46 35 954
46 76 953
46 76 995
110 112 218
110 112 226
110 98 259
37 121 135
37 108 142
37 20 143
37 159 1221
37 159 1222
37 159 1223
37 159 1228
37 159 1235
37 159 1236
37 159 1262
37 159 1263
37 159 1268
37 159 1269
37 159 1270
37 159 1276
37 159 1277
37 159 1282
37 159 1283
37 159 1287
37 159 1292
37 159 1294
37 159 1295
37 45 1295
111 29 420
121 142 146
121 142 148
121 142 161
121 20 153
114 141 160
114 141 162
114 141 164
114 141 165
114 141 166
114 141 167
114 141 168
114 141 169
114 141 170
114 141 171
114 141 172
114 141 173
114 141 174
114 141 182
114 141 183
114 141 184
114 141 185
114 141 186
114 141 187
114 141 191
114 141 192
114 141 193
114 141 194
114 141 195
114 141 196
114 141 204
114 141 206
114 141 207
114 141 208
114 141 232
114 141 233
114 141 236
114 141 237
114 82 171
114 82 180
114 82 184
114 82 201
114 82 207
114 82 209
114 8 227
114 32 311
114 32 350
139 127 135
139 127 137
139 127 138
139 127 143
139 127 267
139 95 137
139 95 138
139 95 140
139 95 184
139 95 267
139 17 137
139 17 138
139 17 140
139 17 142
139 17 143
139 17 183
139 17 185
139 17 186
139 17 267
139 58 183
139 134 1134
139 134 1135
139 134 1136
139 134 1139
139 134 1140
139 134 1141
139 134 1144
139 134 1145
139 134 1146
139 134 1147
139 134 1148
139 134 1149
139 134 1150
139 134 1151
139 134 1152
139 134 1153
139 134 1154
139 134 1155
139 134 1156
139 134 1159
139 134 1160
139 134 1161
139 134 1162
139 134 1163
139 134 1164
139 134 1165
139 134 1166
139 134 1167
139 134 1168
139 134 1169
139 134 1170
139 134 1171
139 134 1172
139 134 1173
139 134 1175
139 134 1176
139 134 1178
139 134 1180
139 134 1181
139 134 1182
139 134 1183
139 134 1184
139 134 1185
139 134 1186
139 134 1189
139 134 1190
139 134 1206
139 134 1207
139 134 1208
139 134 1209
139 134 1210
139 134 1211
139 134 1212
139 134 1213
139 134 1214
139 134 1215
139 134 1216
139 134 1217
139 134 1218
139 134 1219
139 134 1220
139 134 1221
139 134 1222
139 134 1223
139 134 1232
139 134 1234
139 134 1239
139 134 1240
139 134 1241
139 134 1242
139 134 1243
139 134 1244
139 134 1245
139 134 1246
139 134 1247
139 134 1248
139 134 1251
139 134 1252
139 134 1274
139 134 1275
139 134 1276
139 134 1279
139 134 1282
139 134 1286
139 134 1287
139 134 1288
139 134 1289
139 134 1290
139 134 1291
139 134 1292
139 134 1293
139 134 1294
139 134 1295
139 134 1297
139 134 1300
139 146 1159
139 157 1290
139 53 1303
127 17 136
127 17 267
127 104 267
127 146 846
127 146 847
127 146 848
127 146 850
127 146 853
127 146 860
127 146 862
127 146 863
127 146 864
127 146 867
127 146 870
127 146 874
127 146 880
127 146 894
127 146 896
127 146 899
127 146 902
127 146 904
127 146 906
127 146 908
127 146 909
127 146 911
127 146 917
127 146 918
127 146 919
127 146 920
127 146 921
127 146 922
127 146 924
127 146 926
127 146 929
127 146 931
127 146 932
127 146 933
127 146 935
127 146 936
127 146 937
127 146 938
127 146 941
127 146 942
127 146 943
127 146 944
127 146 945
127 146 946
127 146 947
127 146 948
127 146 949
127 146 950
127 146 952
127 146 953
127 146 954
127 146 956
127 146 957
127 146 958
127 146 959
127 146 960
127 146 962
127 146 963
127 146 964
127 146 965
127 146 966
127 146 967
127 146 968
127 146 969
127 146 970
127 146 971
127 146 972
127 146 979
127 146 980
127 146 987
127 146 988
127 146 1004
127 146 1005
127 146 1011
127 146 1013
127 146 1014
127 146 1016
127 146 1027
127 146 1037
127 6 860
127 143 895
127 35 954
127 35 969
127 35 1037
127 35 1062
17 136 137
17 136 138
17 136 140
17 136 141
17 136 262
17 136 263
17 136 264
17 95 183
17 95 264
17 95 267
17 116 189
17 141 190
17 130 262
17 98 263
95 136 138
95 136 264
95 85 146
95 85 147
95 85 148
95 85 151
95 85 152
95 85 158
95 85 168
95 85 179
95 85 180
95 85 270
95 137 147
95 137 148
95 137 172
95 137 173
95 137 174
95 137 175
95 137 180
95 137 182
95 137 184
95 137 185
95 137 212
95 137 270
95 137 272
95 116 174
95 116 175
95 116 176
95 116 217
95 138 182
95 70 245
95 58 247
95 58 250
95 58 263
95 8 250
95 8 252
95 8 253
95 8 260
95 8 261
95 8 263
136 130 262
136 56 360
136 56 361
136 56 362
136 56 372
136 56 374
136 56 375
136 56 377
136 56 378
136 56 379
136 56 382
136 56 394
136 56 395
136 56 396
136 56 397
136 56 398
136 56 399
136 56 401
136 56 402
136 56 405
136 56 406
136 56 407
136 56 411
136 56 412
136 56 416
136 56 417
136 56 418
136 56 419
136 56 420
136 56 421
136 56 422
136 56 423
136 56 424
136 56 425
136 56 426
136 56 427
136 56 428
136 56 429
136 56 430
136 56 431
136 56 432
136 56 433
136 56 434
136 56 435
136 56 436
136 56 437
136 56 438
136 56 439
136 56 440
136 56 441
136 56 442
136 56 443
136 56 445
136 56 448
136 56 452
136 55 395
136 55 420
136 55 421
136 55 422
136 55 423
136 55 424
136 55 425
136 55 426
136 55 427
136 55 428
136 55 429
136 55 430
136 55 431
136 55 434
136 55 436
136 55 437
136 55 438
136 55 440
136 55 441
136 55 442
136 55 445
136 55 452
136 55 453
136 64 449
137 109 141
137 109 145
137 0 141
137 0 142
137 33 145
137 33 158
137 33 169
137 18 151
137 18 152
137 108 151
137 20 154
137 20 271
137 122 159
137 122 283
137 122 293
137 122 294
137 122 296
137 122 297
137 122 298
137 122 299
137 122 314
137 122 317
137 122 318
137 122 320
137 122 321
137 122 322
137 122 323
137 122 325
137 122 328
137 122 329
137 122 330
137 122 331
137 122 334
137 122 335
137 122 339
137 122 340
137 122 341
137 122 345
137 122 346
137 122 348
137 122 349
137 122 351
137 122 352
137 122 362
137 122 369
137 122 370
137 122 371
137 122 373
137 122 375
137 122 392
137 122 393
137 122 397
137 122 400
137 122 401
137 122 407
137 122 409
137 122 411
137 122 412
137 122 413
137 122 414
137 122 415
137 122 416
137 122 417
137 122 418
137 122 419
137 122 420
137 122 421
137 122 422
137 122 423
137 122 424
137 122 425
137 122 426
137 122 427
137 122 428
137 122 429
137 122 430
137 122 432
137 122 433
137 122 436
137 122 437
137 80 168
137 80 169
137 93 172
137 150 216
137 150 281
137 150 282
137 150 283
137 150 284
137 150 296
137 150 439
137 150 441
137 150 442
137 150 443
137 1 219
137 1 228
137 155 223
137 19 225
137 19 227
137 173 230
137 47 250
137 151 263
137 116 284
137 58 285
137 98 292
137 145 295
137 145 297
137 145 298
137 145 299
137 145 301
137 145 304
137 145 305
137 145 308
137 145 309
137 145 311
137 145 312
137 145 313
137 145 314
137 145 315
137 145 316
137 145 318
137 145 322
137 145 325
137 145 330
137 145 331
137 145 333
137 145 334
137 145 336
137 145 337
137 145 338
137 145 339
137 145 354
137 145 358
137 145 392
137 145 393
137 145 394
137 145 397
137 145 398
137 145 399
137 145 403
137 145 404
137 145 407
137 145 410
137 145 411
137 145 413
137 145 414
137 145 415
137 145 416
137 145 417
137 145 418
137 145 419
137 145 420
137 145 421
137 145 422
137 145 423
137 145 424
137 145 425
137 145 426
137 145 427
137 145 428
137 145 431
137 145 432
137 145 433
137 145 434
137 145 436
137 145 437
137 145 438
137 145 440
137 145 441
137 145 442
137 145 443
137 52 300
137 168 301
137 89 301
109 155 146
109 42 146
109 146 1141
109 146 1142
109 146 1143
109 146 1144
109 146 1148
109 146 1150
109 146 1151
109 146 1152
109 146 1153
109 146 1154
109 146 1155
109 146 1156
109 146 1157
109 146 1158
109 146 1159
109 146 1161
109 146 1166
109 146 1171
109 146 1172
109 146 1173
109 146 1174
109 146 1175
109 146 1177
109 146 1179
109 146 1181
109 146 1182
109 146 1183
109 146 1185
109 146 1186
109 146 1187
109 146 1188
109 146 1189
109 146 1190
109 146 1192
109 146 1193
109 146 1194
109 146 1195
109 146 1196
109 146 1197
109 146 1198
109 146 1199
109 146 1202
109 146 1203
109 146 1221
109 146 1228
109 146 1229
109 146 1230
109 146 1231
109 146 1233
109 146 1234
109 146 1241
109 146 1247
109 146 1249
109 146 1250
109 146 1251
109 146 1252
109 146 1253
109 146 1254
109 146 1256
109 146 1257
109 146 1260
109 146 1261
109 146 1262
109 146 1269
0 130 144
0 142 144
0 155 146
0 155 147
0 155 156
0 42 147
0 42 155
0 20 150
0 20 151
0 93 151
0 112 152
0 112 156
0 122 153
0 122 159
0 58 154
0 8 154
0 138 157
0 30 159
142 99 147
142 99 159
142 99 174
142 18 147
142 18 148
142 18 151
142 18 152
142 18 156
142 18 157
142 18 159
142 18 161
142 18 166
142 18 169
142 18 173
142 18 181
142 18 182
142 18 185
142 20 159
142 20 183
142 167 174
142 167 175
142 167 177
142 167 180
142 167 181
142 167 182
142 167 183
142 167 184
142 167 187
142 167 188
142 167 189
142 14 176
142 14 179
142 14 181
142 141 178
142 141 186
142 51 187
142 51 188
142 39 188
142 81 250
142 177 277
108 42 170
108 145 222
108 141 235
108 168 1048
108 168 1060
108 168 1064
108 168 1065
108 168 1087
108 168 1104
108 168 1111
108 168 1118
108 168 1119
108 40 1114
108 86 1118
108 86 1119
85 14 142
85 14 178
85 14 234
85 14 237
85 8 142
85 18 153
85 18 158
85 130 157
85 20 158
85 20 164
85 20 228
85 20 232
85 20 234
85 20 244
85 20 245
85 20 246
85 20 247
85 20 248
85 20 249
85 20 250
85 20 251
85 20 253
85 20 254
85 20 255
85 20 270
85 19 229
85 19 231
85 177 231
85 177 234
85 177 237
85 177 246
85 177 247
85 143 828
85 143 863
85 143 864
85 143 869
85 143 871
85 143 872
85 143 876
85 143 877
85 143 880
85 143 881
85 143 882
85 143 887
85 143 888
85 143 892
85 143 896
85 143 897
85 143 898
85 143 903
85 143 909
85 143 910
85 143 912
85 143 913
85 143 914
85 143 923
85 143 925
85 143 926
85 143 927
85 143 930
85 143 940
85 143 941
85 143 943
85 143 944
85 143 948
85 74 857
85 74 869
85 74 870
85 74 871
85 74 872
85 74 876
85 74 877
85 74 878
85 74 879
85 74 881
85 74 882
85 74 883
85 74 886
85 74 888
85 74 905
85 74 909
85 74 910
85 74 911
85 74 912
85 74 913
85 74 914
85 74 915
85 74 916
85 74 917
85 74 924
85 74 925
85 74 927
85 74 928
85 74 929
85 74 930
85 74 935
85 74 939
85 74 940
85 74 942
85 74 943
85 107 868
85 117 895
85 152 926
14 8 142
14 155 144
14 93 164
14 93 168
14 18 165
14 18 171
14 18 172
14 18 173
14 18 183
14 18 185
14 18 188
14 18 190
14 18 191
14 167 172
14 167 178
14 167 179
14 116 179
14 116 200
14 99 188
14 99 201
14 99 213
14 99 215
14 42 200
14 20 202
14 20 204
14 20 205
14 20 207
14 20 208
14 104 206
14 19 217
14 1 223
14 1 234
14 1 238
8 155 146
8 155 153
8 116 146
8 116 148
8 116 149
8 55 149
8 55 178
8 112 151
8 112 154
8 58 151
8 58 155
8 58 156
8 58 157
8 58 158
8 58 159
8 58 163
8 58 166
8 58 168
8 58 169
8 58 170
8 58 171
8 58 174
8 58 175
8 58 176
8 58 177
8 58 178
8 58 180
8 58 181
8 58 183
8 58 188
8 58 190
8 58 191
8 58 192
8 58 193
8 58 194
8 58 196
8 58 197
8 58 198
8 58 199
8 58 203
8 58 208
8 58 210
8 58 211
8 58 212
8 58 213
8 58 214
8 58 215
8 58 216
8 58 217
8 58 218
8 58 219
8 58 220
8 58 221
8 58 223
8 58 225
8 58 226
8 58 227
8 58 228
8 58 229
8 58 230
8 58 232
8 58 233
8 58 235
8 58 236
8 58 237
8 58 238
8 58 239
8 58 243
8 58 245
8 58 246
8 58 247
8 58 248
8 58 251
8 58 252
8 58 253
8 58 255
8 58 256
8 58 259
8 58 260
8 58 261
8 58 262
8 58 263
8 58 264
8 58 265
8 58 266
8 58 267
8 58 268
8 42 152
8 138 153
8 138 180
8 119 156
8 1 174
8 1 175
8 20 189
8 99 190
8 39 191
8 19 237
8 86 247
8 86 248
8 86 251
8 86 254
8 86 255
8 86 256
8 86 257
8 86 258
8 86 262
8 86 264
18 86 153
18 86 162
18 122 162
18 167 172
18 167 178
18 167 179
18 167 180
18 167 182
18 138 174
18 133 178
18 133 180
18 20 183
18 20 184
18 20 185
18 20 188
18 20 191
18 20 192
18 99 192
18 99 193
20 47 144
20 47 177
20 47 255
20 58 147
20 58 150
20 58 190
20 70 148
20 70 150
20 30 154
20 99 158
20 99 184
20 99 185
20 99 186
20 99 187
20 99 188
20 99 190
20 99 191
20 99 192
20 99 199
20 99 202
20 155 176
20 86 179
20 86 270
20 86 271
20 167 184
20 1 226
20 1 227
20 1 228
20 19 231
20 19 232
20 19 233
20 134 278
86 138 228
86 81 271
86 148 277
86 148 278
86 32 278
86 60 1036
86 163 1122
99 81 144
99 81 145
99 81 161
99 81 162
99 81 167
99 81 169
99 81 170
99 81 172
99 81 201
99 81 202
99 81 208
99 81 209
99 81 210
99 81 211
99 81 214
99 81 215
99 81 220
99 81 221
99 81 228
99 81 230
99 81 233
99 81 237
99 81 247
99 81 249
99 81 253
99 81 254
99 81 255
99 81 256
99 81 257
99 81 259
99 81 260
99 81 261
99 81 263
99 81 264
99 81 265
99 81 269
99 81 270
99 81 273
99 130 147
99 130 149
99 130 151
99 130 152
99 130 156
99 63 156
99 47 169
99 47 215
99 177 201
99 177 202
99 19 207
99 19 208
99 19 239
99 19 242
99 19 243
99 19 244
99 19 245
99 19 247
99 19 248
99 19 251
99 19 255
99 19 256
99 19 257
99 19 258
99 19 259
99 19 260
99 19 261
99 19 262
99 19 263
99 19 264
99 19 265
99 19 266
99 19 267
99 19 268
99 19 269
99 19 270
99 144 224
99 144 226
99 144 230
99 144 237
99 144 243
99 144 244
99 144 247
99 144 248
99 144 249
99 144 250
99 144 251
99 144 252
99 144 270
99 175 251
81 42 170
81 141 177
81 141 236
81 39 196
81 125 376
81 125 377
81 125 378
81 125 379
81 125 380
81 125 381
81 125 383
81 125 384
81 125 385
81 125 387
81 125 388
81 125 390
81 125 391
81 125 392
81 125 393
81 125 394
81 125 395
81 125 397
81 125 400
81 125 409
81 115 376
81 9 379
81 9 380
81 9 383
81 9 384
81 9 385
81 9 387
81 9 388
81 9 390
81 9 391
81 9 392
81 9 393
81 9 394
81 9 395
81 9 418
81 9 419
81 9 421
81 9 423
81 9 424
81 9 425
81 9 426
81 9 427
81 9 428
81 9 429
81 9 430
81 9 431
81 9 432
81 9 433
81 9 434
81 9 435
81 9 436
81 9 437
81 9 438
81 9 440
81 9 441
177 30 154
177 155 175
177 167 184
177 141 185
177 116 199
177 58 278
116 164 144
116 138 199
116 138 204
116 47 204
116 1 213
116 19 267
116 19 271
116 144 267
116 144 268
116 123 652
116 157 665
116 12 665
116 53 763
164 42 148
164 42 166
164 42 191
164 42 201
164 42 231
164 42 242
164 42 244
164 42 252
164 42 260
164 42 267
164 42 268
164 42 271
164 42 272
164 42 286
164 42 287
164 42 290
164 42 291
164 42 292
164 42 293
164 42 294
164 104 197
164 93 219
164 93 220
164 93 221
164 93 229
164 93 230
164 93 235
164 93 236
164 93 237
164 93 238
164 93 239
164 93 240
164 93 241
164 93 242
164 93 250
164 93 252
164 93 253
164 93 254
164 93 255
164 93 259
164 93 260
164 93 261
164 93 268
164 93 270
164 93 272
164 93 277
164 93 278
164 93 279
164 93 280
164 93 282
164 93 283
164 93 284
164 93 285
164 93 286
164 93 287
164 93 288
164 93 290
164 93 291
164 93 293
164 93 294
164 154 266
164 146 1201
155 47 144
155 47 145
155 47 146
155 47 147
155 47 154
155 47 158
155 47 159
155 47 162
155 47 165
155 47 168
155 47 174
155 47 178
155 47 179
155 47 180
155 47 181
155 47 182
155 47 183
155 47 185
155 47 196
155 47 197
155 47 198
155 47 199
155 47 202
155 47 203
155 47 214
155 47 230
155 47 233
155 47 234
155 47 235
155 47 243
155 47 251
155 47 253
155 47 254
155 47 255
155 47 256
155 47 257
155 47 258
155 47 259
155 47 269
155 47 273
155 47 274
155 47 275
155 47 277
155 47 278
155 47 279
155 47 280
155 47 281
155 47 282
155 47 283
155 47 284
155 47 285
155 47 288
155 47 289
155 47 296
155 47 297
155 1 206
155 1 207
155 70 279
155 102 289
155 102 292
155 150 289
155 150 290
155 150 291
155 150 293
155 150 323
155 150 340
155 150 345
155 150 348
155 150 359
155 150 360
155 150 366
155 128 290
155 128 293
155 128 306
155 128 307
155 128 317
155 128 323
155 128 327
155 128 328
155 128 400
155 128 401
155 128 402
155 128 405
155 128 406
155 128 408
155 128 409
155 122 291
155 122 293
155 122 302
155 122 306
155 122 313
155 122 314
155 122 315
155 122 318
155 122 319
155 122 320
155 122 323
155 122 327
155 122 329
155 122 345
155 122 355
155 122 357
155 122 366
155 122 408
155 24 296
47 93 214
47 93 242
47 93 252
47 93 259
47 93 260
47 93 261
47 93 263
47 93 270
47 93 273
47 93 274
47 93 277
47 93 278
47 93 279
47 93 280
47 93 282
47 93 283
47 93 284
47 93 285
47 93 287
47 93 288
47 93 290
47 93 296
47 145 221
47 70 283
130 55 155
130 55 159
42 122 156
42 1 225
42 70 279
42 102 286
42 102 289
42 102 291
42 102 292
42 102 293
42 102 294
42 102 295
42 59 296
93 122 168
93 122 206
93 138 179
93 138 221
93 145 202
93 63 204
93 98 258
93 80 260
93 44 280
93 59 297
33 70 197
33 54 281
30 122 159
30 138 164
30 13 735
30 13 737
55 138 205
55 138 206
55 1 213
55 56 359
55 56 365
55 56 366
55 56 367
55 56 369
55 15 366
55 49 378
55 49 388
55 49 390
55 49 395
55 49 397
55 49 408
55 49 411
55 49 419
55 49 427
55 49 431
55 49 432
55 49 436
55 49 440
55 49 445
55 49 451
55 49 452
55 34 379
55 34 384
55 34 385
55 34 387
55 34 388
55 34 392
55 34 394
55 34 452
55 9 448
58 73 149
58 128 149
58 167 187
58 39 188
58 39 190
58 39 195
58 39 196
58 104 196
63 70 201
63 32 306
63 32 389
122 1 201
122 97 221
122 172 298
122 172 299
122 172 317
122 172 318
122 159 314
122 159 315
122 159 318
122 159 328
122 159 332
122 159 345
122 159 346
122 159 352
122 159 353
122 159 354
122 159 355
122 159 356
122 159 357
122 159 359
122 159 360
122 159 361
122 159 362
122 159 363
122 159 364
122 159 365
122 159 366
122 159 367
122 159 369
70 138 147
70 138 148
70 138 150
70 138 151
70 138 152
70 138 153
70 138 154
70 138 155
70 138 156
70 138 157
70 138 158
70 138 159
70 138 160
70 138 164
70 138 165
70 138 166
70 138 167
70 138 168
70 138 170
70 138 171
70 138 172
70 138 173
70 138 174
70 138 175
70 138 177
70 138 178
70 138 179
70 138 180
70 138 182
70 138 183
70 138 184
70 138 185
70 138 186
70 138 187
70 138 188
70 138 189
70 138 190
70 138 191
70 138 199
70 138 201
70 138 202
70 138 203
70 138 207
70 138 209
70 138 210
70 138 211
70 138 213
70 138 214
70 138 215
70 138 216
70 138 217
70 138 218
70 138 219
70 138 223
70 138 224
70 138 225
70 138 227
70 138 228
70 138 229
70 66 147
70 167 188
70 39 193
70 39 197
70 39 212
70 39 277
70 39 278
70 39 279
70 39 280
70 102 221
138 112 151
138 112 178
138 141 201
138 156 211
138 1 216
138 133 959
138 117 974
66 112 148
66 112 149
66 132 782
66 117 904
112 1 185
112 1 187
112 1 197
112 1 203
112 1 204
112 1 207
112 1 209
112 1 210
112 1 214
112 29 420
112 102 427
112 102 457
112 102 458
112 102 460
112 102 465
112 102 468
112 102 469
112 102 472
112 102 473
112 102 480
119 73 148
119 73 149
119 73 150
119 73 151
119 73 152
119 73 159
119 73 160
119 73 161
119 73 163
119 73 164
119 73 165
119 73 166
119 73 167
119 73 169
119 73 170
119 73 171
119 73 177
119 73 178
119 73 179
119 73 180
119 73 181
119 73 182
119 73 184
119 73 185
119 73 187
119 73 188
119 73 189
119 73 190
119 73 193
119 73 194
119 73 195
119 73 196
119 73 197
119 73 198
119 73 201
119 73 266
119 73 267
119 73 268
119 73 273
119 73 275
119 73 276
119 73 279
119 73 280
119 141 256
119 141 274
119 61 1208
119 61 1240
73 145 149
73 145 151
73 145 152
73 145 157
73 145 158
73 145 159
73 145 170
73 145 171
73 145 178
73 145 179
73 145 189
73 145 214
73 145 217
73 145 218
73 145 219
73 145 225
73 145 250
73 145 254
73 145 257
73 145 258
73 145 266
73 145 267
73 145 268
73 145 283
73 145 288
73 97 210
73 29 410
73 29 411
73 29 412
73 29 413
73 29 414
73 29 415
73 29 416
73 29 417
73 29 418
73 29 419
73 29 420
73 29 421
73 29 422
73 29 423
73 29 424
73 29 425
73 29 426
73 29 428
73 29 429
73 29 430
73 29 431
73 29 432
73 29 433
73 29 434
73 29 435
73 29 436
73 29 437
73 29 438
73 29 439
73 29 440
145 128 149
145 128 151
145 128 152
145 128 155
145 128 156
145 128 157
145 128 158
145 128 159
145 128 176
145 128 179
145 128 185
145 128 186
145 128 191
145 128 193
145 128 194
145 128 196
145 128 208
145 128 209
145 128 256
145 128 257
145 128 258
145 128 260
145 128 268
145 128 270
145 128 272
145 128 273
145 128 274
145 106 218
145 106 705
145 1 223
145 141 255
145 159 292
145 159 294
145 159 295
145 159 296
145 159 298
145 159 299
145 159 314
145 159 315
145 159 316
145 159 318
145 159 325
145 159 330
145 159 332
145 159 333
145 159 334
145 159 335
145 159 336
145 159 337
145 159 339
145 159 342
145 159 343
145 159 344
145 159 346
145 159 347
145 159 349
145 159 350
145 159 353
145 159 354
145 159 355
145 159 356
145 159 357
145 159 358
145 159 361
145 159 362
145 159 363
145 159 364
145 159 365
145 159 367
145 159 368
145 159 369
145 159 370
145 159 371
145 159 372
145 159 373
145 159 374
145 159 375
145 159 376
145 159 377
145 159 381
145 159 383
145 159 393
145 159 397
145 159 416
145 159 417
145 159 418
145 159 419
145 159 420
145 159 421
145 159 422
145 159 423
145 159 424
145 159 425
145 159 426
145 159 427
145 159 428
145 159 429
145 159 430
145 159 431
145 159 432
145 159 433
145 159 434
145 159 435
145 159 436
145 159 437
145 159 438
145 159 440
145 159 441
145 159 442
145 159 443
145 115 297
145 172 299
145 172 315
145 98 311
145 24 322
145 82 380
145 13 716
145 13 718
145 13 719
145 13 722
145 13 724
145 13 725
145 13 731
145 13 736
128 64 262
128 64 265
128 132 275
128 159 286
128 159 287
128 159 289
128 159 293
128 159 298
128 159 299
128 159 315
128 159 318
128 159 325
128 159 327
128 159 328
128 159 330
128 159 331
128 159 354
128 159 355
128 172 298
128 172 299
128 172 306
128 172 314
128 172 315
128 172 317
128 172 319
128 172 320
128 24 322
80 175 259
80 173 260
80 24 296
80 24 298
80 24 299
80 24 303
80 24 304
80 24 306
80 24 308
80 24 315
80 24 316
80 24 317
80 24 324
80 24 339
80 24 341
80 24 342
80 98 296
80 98 297
80 59 297
80 59 312
80 59 341
148 5 1177
148 5 1178
148 5 1179
148 5 1180
148 5 1181
148 5 1182
148 5 1183
148 5 1184
148 5 1185
148 5 1186
148 5 1187
148 5 1192
148 5 1193
148 5 1194
148 5 1196
148 5 1200
148 5 1205
148 5 1208
148 5 1213
148 5 1215
148 5 1216
148 5 1218
148 5 1219
148 5 1220
148 5 1240
148 5 1241
148 5 1242
148 5 1243
148 5 1244
148 5 1245
148 5 1246
148 5 1247
148 5 1257
148 5 1258
148 5 1259
148 5 1260
148 5 1262
148 5 1263
148 5 1265
148 5 1267
148 5 1268
148 5 1269
148 5 1270
148 5 1271
148 5 1272
148 5 1273
148 5 1274
148 5 1276
148 5 1277
148 5 1278
148 5 1279
148 5 1280
148 5 1281
148 5 1282
148 5 1284
148 5 1285
148 5 1286
148 5 1287
148 5 1288
148 5 1289
148 5 1291
148 5 1293
148 5 1295
148 5 1298
148 5 1300
148 5 1304
148 5 1305
148 5 1306
148 5 1307
148 5 1309
148 5 1311
148 5 1313
148 5 1324
148 5 1343
148 5 1347
148 134 1291
141 97 194
141 178 216
154 176 277
154 7 1289
163 118 1051
163 118 1052
163 118 1053
163 118 1054
163 118 1055
163 118 1056
163 118 1057
163 118 1058
163 118 1059
163 118 1061
163 118 1062
163 118 1063
163 118 1066
163 118 1067
163 118 1068
163 118 1069
163 118 1070
163 118 1071
163 118 1073
163 118 1075
163 118 1076
163 118 1077
163 118 1078
163 118 1079
163 118 1080
163 118 1081
163 118 1082
163 118 1085
163 118 1086
163 118 1088
163 118 1089
163 118 1107
163 118 1108
163 118 1110
163 118 1112
163 118 1113
163 118 1114
163 118 1115
163 118 1116
163 118 1117
163 118 1120
163 118 1121
163 118 1122
82 167 844
82 156 845
167 123 844
167 107 849
167 107 868
167 107 900
167 107 930
167 107 937
167 107 941
167 107 954
167 107 958
167 107 977
167 107 978
167 107 1039
167 40 857
167 143 950
133 83 920
133 83 929
133 83 932
133 83 941
133 83 950
133 83 966
133 152 950
133 117 961
51 97 188
51 97 192
51 97 195
51 97 197
51 123 778
39 97 189
39 97 191
39 97 194
39 97 281
39 54 284
39 117 844
39 117 845
39 117 846
39 117 850
39 117 851
39 117 852
39 117 854
39 117 855
39 117 856
39 117 857
39 117 858
39 117 859
39 117 860
39 117 861
39 117 862
39 117 863
39 117 864
39 117 865
39 117 866
39 117 867
39 117 868
39 117 869
39 117 870
39 117 871
39 117 872
39 117 873
39 117 874
39 117 876
39 117 877
39 117 879
39 117 883
39 117 884
39 117 885
39 117 887
39 117 888
39 117 891
39 117 892
39 117 899
39 117 900
39 117 901
39 117 902
39 117 903
39 117 908
39 117 909
39 117 910
39 117 911
39 117 912
39 117 913
39 117 914
39 117 915
39 117 916
39 117 917
39 117 918
39 117 919
39 117 920
39 117 921
39 117 922
39 117 923
39 117 924
39 117 925
39 117 926
39 117 927
39 117 928
39 117 929
39 117 930
39 117 931
39 117 932
39 117 934
39 117 935
39 117 936
39 117 937
39 117 940
39 117 941
39 117 942
39 117 943
39 117 944
39 117 946
39 117 947
39 117 949
39 117 950
39 117 951
39 117 955
39 117 956
39 117 957
39 117 960
39 117 961
39 117 962
39 117 963
39 117 964
39 117 965
39 117 966
39 117 967
39 117 968
39 117 970
39 117 971
39 117 972
39 117 973
39 117 974
39 117 975
39 117 976
39 117 977
39 117 978
39 117 979
39 117 980
39 117 981
39 117 982
39 117 986
39 117 987
39 117 988
39 117 989
39 117 991
39 117 992
39 117 993
39 117 995
39 117 996
39 117 1001
39 117 1003
39 117 1004
39 117 1005
39 117 1006
39 117 1007
39 117 1008
39 117 1009
39 117 1011
39 117 1012
39 117 1013
39 117 1014
39 117 1015
39 117 1016
39 117 1017
39 117 1018
39 117 1019
39 117 1023
39 117 1024
39 117 1026
39 117 1027
39 117 1028
39 117 1032
39 117 1033
39 117 1038
39 117 1040
39 117 1041
39 117 1042
39 117 1043
39 117 1045
39 117 1050
39 117 1051
39 117 1055
39 117 1056
39 117 1057
39 117 1058
39 117 1059
39 117 1061
39 117 1063
39 117 1064
39 146 845
39 146 846
39 146 847
39 146 849
39 146 850
39 146 851
39 146 852
39 146 853
39 146 854
39 146 855
39 146 856
39 146 857
39 146 858
39 146 859
39 146 860
39 146 861
39 146 862
39 146 863
39 146 864
39 146 865
39 146 866
39 146 867
39 146 868
39 146 869
39 146 870
39 146 871
39 146 872
39 146 873
39 146 874
39 146 877
39 146 878
39 146 879
39 146 880
39 146 881
39 146 882
39 146 883
39 146 884
39 146 886
39 146 890
39 146 891
39 146 895
39 146 897
39 146 899
39 146 900
39 146 901
39 146 902
39 146 908
39 146 909
39 146 910
39 146 911
39 146 912
39 146 913
39 146 914
39 146 915
39 146 916
39 146 917
39 146 918
39 146 919
39 146 920
39 146 921
39 146 922
39 146 923
39 146 924
39 146 926
39 146 927
39 146 929
39 146 931
39 146 932
39 146 934
39 146 935
39 146 936
39 146 937
39 146 938
39 146 939
39 146 940
39 146 941
39 146 942
39 146 943
39 146 944
39 146 945
39 146 946
39 146 947
39 146 948
39 146 949
39 146 950
39 146 951
39 146 952
39 146 953
39 146 955
39 146 956
39 146 957
39 146 959
39 146 960
39 146 961
39 146 962
39 146 963
39 146 964
39 146 965
39 146 966
39 146 967
39 146 968
39 146 969
39 146 970
39 146 971
39 146 972
39 146 973
39 146 982
39 146 986
39 146 1001
39 146 1002
39 146 1003
39 146 1004
39 146 1005
39 146 1006
39 146 1007
39 146 1008
39 146 1010
39 146 1011
39 146 1013
39 146 1014
39 146 1016
39 146 1017
39 146 1020
39 146 1021
39 146 1023
39 146 1051
39 146 1061
39 146 1063
39 146 1064
39 74 855
39 143 894
97 178 196
97 178 197
97 178 200
97 178 201
97 178 207
97 178 216
97 178 221
97 178 222
97 178 224
156 11 190
156 11 192
156 11 197
156 11 198
156 11 209
156 11 210
156 11 212
156 11 214
156 11 215
156 11 216
156 11 217
156 11 218
156 11 219
156 11 220
156 11 221
156 11 222
156 11 224
156 11 225
156 11 226
156 11 227
156 11 228
156 11 229
156 11 230
156 11 231
156 11 232
156 11 233
156 11 234
156 11 235
156 11 236
156 11 237
156 11 238
156 11 239
156 11 240
156 11 241
156 11 242
156 11 243
156 11 244
156 11 245
156 11 246
156 11 249
156 11 250
156 11 254
156 11 256
156 11 257
156 11 264
156 11 266
156 11 267
156 11 268
156 11 269
156 11 270
156 11 271
156 11 272
156 11 273
156 11 274
156 11 275
156 11 276
156 11 277
156 11 278
156 11 279
156 11 280
156 11 281
156 11 282
156 11 283
156 11 284
156 11 285
156 11 286
156 11 287
156 11 288
156 11 289
156 11 290
156 11 291
156 11 292
156 11 293
156 11 294
156 11 295
156 11 296
156 11 297
156 11 298
156 11 299
156 11 300
156 11 301
156 11 302
156 11 303
156 11 304
156 11 307
156 11 308
156 11 310
156 11 313
156 11 314
156 11 315
156 11 316
156 11 317
156 11 318
156 11 319
156 11 320
156 11 321
156 11 322
156 11 323
156 11 324
156 11 325
156 11 326
156 11 327
156 11 328
156 11 329
156 11 330
156 11 331
156 11 332
156 11 333
156 11 334
156 11 335
156 11 336
156 11 337
156 11 338
156 11 339
156 11 343
156 11 344
156 11 348
156 11 351
156 11 379
156 11 380
156 11 384
156 11 386
156 11 389
156 11 390
156 11 391
156 11 392
156 11 393
156 11 394
156 11 395
156 11 396
156 11 397
156 11 398
156 11 399
156 11 400
156 11 401
156 11 402
156 11 403
156 11 404
156 11 405
156 11 406
156 11 407
156 11 408
156 11 409
156 11 411
156 11 412
156 11 417
156 11 418
156 11 419
156 11 420
156 11 421
156 11 422
156 11 423
156 11 424
156 11 427
156 11 428
156 11 429
156 11 430
156 11 432
156 11 433
156 11 434
156 11 435
156 11 436
156 11 437
156 11 438
156 11 443
156 11 444
156 11 445
156 11 446
156 11 447
156 11 448
156 11 449
156 11 450
156 11 454
156 11 457
156 11 458
156 11 459
156 11 460
156 11 461
156 11 462
156 11 463
156 11 464
156 11 465
156 11 466
156 11 467
156 11 468
156 11 469
156 11 470
156 11 471
156 11 472
156 11 473
156 11 476
156 11 478
156 11 479
156 11 480
156 11 481
156 11 484
156 11 485
156 11 486
156 11 487
156 11 488
156 11 489
156 11 493
156 11 494
156 11 495
156 11 496
156 11 497
156 11 498
156 11 499
156 11 500
156 11 501
156 11 502
156 11 503
156 11 506
156 11 507
156 11 508
156 11 527
156 11 531
156 11 532
156 11 533
156 11 534
156 11 535
156 11 536
156 11 537
156 11 538
156 11 539
156 11 540
156 11 541
156 11 542
156 11 543
156 11 544
156 11 545
156 11 546
156 11 547
156 11 548
156 11 549
156 11 551
156 11 553
156 11 554
156 11 555
156 11 556
156 11 563
156 178 198
156 106 199
156 117 845
156 117 851
156 117 852
156 117 854
156 117 856
156 117 857
156 117 858
156 117 865
156 117 866
156 117 869
156 117 878
156 117 883
156 117 884
156 117 885
156 117 886
156 117 890
156 117 898
156 117 901
156 117 910
156 117 912
156 117 913
156 117 915
156 117 916
156 117 923
156 117 925
156 117 927
156 117 928
156 117 934
156 117 939
156 117 940
156 117 955
156 117 978
156 117 981
156 117 982
156 117 984
156 117 989
156 117 1001
156 117 1002
156 117 1003
156 117 1006
156 117 1007
156 117 1015
156 117 1017
156 117 1018
156 117 1029
156 117 1030
156 117 1033
156 117 1042
156 117 1043
156 117 1044
156 117 1048
156 117 1050
156 117 1052
156 117 1059
156 117 1061
156 117 1062
156 117 1063
156 117 1064
156 123 845
156 74 855
156 35 954
156 35 1015
156 35 1018
156 35 1019
156 35 1022
156 35 1033
156 35 1062
11 175 198
175 98 259
175 19 265
106 34 651
19 143 203
19 144 242
19 144 243
19 144 244
19 144 245
19 144 246
19 144 247
19 144 248
19 144 266
19 144 269
19 144 270
19 134 265
143 83 877
143 83 881
143 83 945
143 117 950
143 117 951
150 172 299
150 172 317
150 172 318
150 123 437
173 98 260
173 53 1120
173 53 1128
173 53 1129
173 53 1130
173 53 1131
173 53 1132
173 53 1133
173 53 1134
173 53 1135
173 53 1136
173 53 1139
173 53 1171
173 53 1183
173 53 1184
173 53 1187
173 53 1190
173 53 1191
173 53 1192
173 53 1193
173 53 1194
173 53 1196
173 53 1197
173 53 1198
173 53 1199
173 53 1200
173 53 1201
173 53 1202
173 53 1203
173 53 1204
173 53 1230
173 53 1233
173 53 1236
173 53 1253
173 53 1254
173 53 1255
173 53 1256
173 53 1257
173 53 1258
173 53 1260
173 53 1265
173 53 1270
173 53 1271
173 53 1273
173 53 1296
173 53 1297
173 53 1298
173 53 1301
173 53 1302
144 53 1126
144 40 1133
144 77 1158
132 54 254
132 157 660
132 117 845
54 4 1015
54 4 1016
54 4 1018
54 4 1019
54 4 1022
54 4 1023
54 4 1024
54 4 1025
54 4 1027
54 4 1031
54 4 1034
54 4 1035
54 4 1042
54 4 1043
54 4 1046
54 4 1047
54 4 1048
54 4 1049
54 4 1057
54 4 1058
54 4 1059
54 4 1060
54 4 1062
54 4 1065
54 4 1066
54 4 1067
54 4 1068
54 4 1069
54 4 1070
54 4 1071
54 4 1072
54 4 1073
54 4 1074
54 4 1075
54 4 1076
54 4 1077
54 68 1066
54 68 1067
54 68 1077
54 49 1068
54 49 1077
54 49 1079
54 49 1080
54 49 1081
54 49 1084
98 89 258
98 89 259
98 89 260
98 89 261
98 89 262
98 89 263
98 89 289
98 89 292
98 89 293
98 52 298
98 52 301
98 52 303
98 52 304
98 52 305
98 52 314
98 52 320
98 52 321
98 52 322
98 52 328
89 24 296
89 24 297
89 24 310
89 24 311
89 24 312
89 24 313
89 24 317
89 24 318
89 24 319
89 24 320
89 24 321
89 24 322
89 24 323
89 24 326
89 24 327
89 24 328
89 24 330
89 24 331
89 24 339
89 24 341
89 52 298
89 59 299
89 59 302
89 59 306
89 59 310
89 59 312
89 59 313
89 59 315
89 59 316
89 59 317
89 59 318
89 59 323
89 59 324
89 59 327
89 59 330
89 59 331
89 59 332
89 59 333
89 59 335
89 59 336
89 59 341
89 172 334
107 52 888
64 15 355
64 15 362
64 15 365
64 15 366
64 15 445
64 15 450
64 15 451
64 48 357
64 48 358
64 48 360
64 48 361
64 48 362
64 48 364
64 48 370
64 48 371
64 48 372
64 48 374
64 48 375
64 48 376
64 48 377
64 48 378
64 48 379
64 48 380
64 48 441
64 34 394
64 34 395
64 34 397
64 34 406
64 34 409
64 34 411
64 34 412
64 34 413
64 34 414
64 34 417
64 34 418
64 34 419
64 34 420
64 34 421
64 34 422
64 34 423
64 34 424
64 34 425
64 34 426
64 34 427
64 34 428
64 34 429
64 34 430
64 34 431
64 34 432
64 34 433
64 34 434
64 34 435
64 34 436
64 34 437
64 34 438
64 34 440
64 34 441
64 34 442
64 34 443
64 34 445
64 34 451
64 9 448
64 49 449
151 34 467
151 34 468
151 34 469
151 34 476
151 34 477
151 34 478
151 34 479
151 34 487
151 34 488
151 34 489
151 34 492
151 34 493
151 34 497
151 34 517
151 34 554
151 34 574
151 34 580
151 34 612
151 34 614
151 34 615
151 34 616
151 34 649
151 34 651
151 34 654
151 34 656
151 34 657
151 34 659
151 34 661
151 34 671
151 34 673
151 34 674
151 34 675
151 34 685
151 34 687
151 34 688
151 34 689
151 34 691
151 34 696
151 34 697
151 34 699
151 34 701
151 34 730
151 34 732
151 34 733
151 34 734
151 34 735
151 34 737
151 34 739
151 34 740
151 34 741
151 34 743
151 34 744
151 34 745
151 34 746
151 34 747
151 34 748
151 34 749
151 34 750
151 34 751
151 34 752
151 34 753
151 34 754
151 34 755
151 34 763
151 34 764
151 34 765
151 34 767
151 34 769
151 34 770
151 34 773
151 34 774
151 34 775
151 34 776
151 34 777
151 34 778
151 34 779
151 34 781
151 34 782
151 34 783
151 34 785
151 34 786
151 34 787
151 34 788
151 34 789
151 34 790
151 34 791
151 34 792
151 34 793
151 34 795
151 34 796
151 34 798
151 34 799
151 34 800
151 34 801
151 34 802
151 34 803
151 34 805
134 61 1189
134 61 1298
134 7 1282
134 7 1283
134 7 1284
168 115 289
168 115 293
168 115 294
168 115 295
168 24 326
168 24 327
168 24 328
168 59 326
168 59 327
168 59 334
168 77 1114
168 77 1115
168 77 1116
168 77 1117
168 77 1118
168 77 1119
168 77 1120
168 77 1121
29 90 416
44 68 1039
44 61 1076
44 61 1078
44 61 1082
44 61 1083
44 4 1076
44 4 1077
115 9 377
115 9 378
115 9 379
115 9 380
115 9 381
115 9 382
115 9 383
115 9 385
115 9 386
115 9 390
115 9 391
115 9 392
115 9 393
115 9 395
115 90 396
115 90 402
115 90 405
24 52 296
24 52 297
24 52 298
24 52 300
24 52 301
24 52 312
24 52 318
24 52 320
24 52 321
24 52 322
24 52 330
24 60 663
24 60 665
24 60 676
24 60 678
24 60 680
24 60 681
24 60 682
24 60 724
24 60 726
24 60 736
24 60 749
24 60 751
59 48 919
59 48 920
59 48 921
59 48 927
59 48 928
59 48 929
59 48 940
59 48 947
59 48 953
59 48 962
59 48 975
59 48 982
59 48 984
59 48 985
59 48 988
59 48 989
59 48 990
59 48 991
59 48 992
59 48 993
59 48 994
59 48 995
59 48 996
59 48 997
59 48 998
59 48 999
59 76 986
59 76 993
59 76 994
59 76 999
59 52 994
52 172 328
52 172 333
52 172 877
52 172 878
52 172 880
52 172 881
52 172 882
52 172 884
52 172 885
52 172 886
52 172 887
52 172 890
52 172 893
52 172 898
52 172 899
52 172 900
52 172 902
52 172 904
52 172 905
52 172 907
52 172 908
52 172 910
52 172 911
52 172 912
52 172 913
52 172 915
52 172 916
52 172 917
52 172 918
52 172 919
52 172 921
52 172 922
52 172 923
52 172 924
52 172 925
52 172 926
52 172 928
52 172 929
52 172 930
52 172 932
52 172 933
52 172 935
52 172 939
52 172 940
52 172 942
52 172 943
52 172 951
52 172 953
52 172 954
52 172 957
52 172 958
52 172 963
52 172 967
52 172 970
52 172 972
52 172 982
52 172 983
52 172 991
52 172 992
52 172 994
52 172 995
52 172 996
52 172 1007
52 172 1010
52 172 1011
52 172 1013
52 172 1014
52 172 1015
52 172 1016
52 172 1017
52 172 1019
52 172 1020
52 172 1022
52 172 1023
52 67 1022
172 152 946
172 35 950
172 117 962
172 117 963
172 76 992
172 76 995
172 76 996
172 67 994
172 48 994
172 77 1023
15 147 356
15 147 359
15 147 362
15 147 447
15 147 448
15 56 359
15 56 360
15 56 361
15 56 364
15 56 367
15 56 369
15 56 414
15 56 415
15 56 416
15 56 417
15 56 418
15 56 419
15 56 420
15 56 421
15 56 422
15 56 423
15 56 424
15 56 425
15 56 426
15 56 427
15 56 428
15 56 429
15 56 430
15 56 432
15 56 433
15 56 434
15 56 435
15 56 436
15 56 439
15 56 440
15 56 441
15 56 442
15 56 444
15 56 446
15 56 447
15 56 447
15 56 448
15 56 448
15 48 361
15 48 417
15 48 418
15 48 419
15 48 421
15 48 422
15 48 423
15 48 424
15 48 425
15 48 428
15 48 429
15 48 430
15 48 431
15 48 432
15 48 433
15 48 434
15 48 435
15 48 436
15 48 438
15 48 439
15 48 440
15 48 441
15 48 442
15 48 443
15 48 444
15 48 446
15 49 375
15 49 378
15 49 417
15 49 419
15 49 425
15 49 428
15 49 429
15 49 430
15 49 431
15 49 432
15 49 433
15 49 434
15 49 436
15 49 440
15 49 441
34 147 356
34 147 363
34 147 364
34 147 446
34 147 447
34 90 373
34 90 389
34 90 396
34 90 400
34 90 402
34 90 403
34 90 409
34 90 410
34 90 446
34 90 448
34 90 449
34 90 450
34 90 454
34 90 455
34 90 456
34 90 457
34 90 458
34 90 459
34 90 460
34 90 462
34 90 463
34 56 379
34 56 388
34 56 395
34 56 424
34 56 442
34 56 451
34 56 452
147 49 356
147 49 357
147 49 358
147 49 359
147 49 363
147 49 373
147 49 400
147 49 404
147 49 410
147 49 444
147 49 447
147 56 363
147 56 448
147 48 365
147 48 444
147 48 447
147 61 1083
147 36 1089
147 36 1131
49 60 1032
49 60 1035
49 60 1036
49 60 1037
49 60 1038
49 60 1040
49 60 1041
49 60 1042
49 60 1043
49 60 1044
49 60 1047
49 60 1048
49 60 1049
49 60 1050
49 60 1056
49 60 1057
49 60 1058
49 60 1059
49 60 1060
49 60 1061
49 60 1062
49 60 1063
49 60 1064
49 60 1065
49 60 1066
49 60 1067
49 60 1068
49 60 1069
49 60 1070
49 60 1071
49 60 1072
49 60 1073
49 60 1074
49 60 1076
49 60 1077
49 77 1036
48 56 359
48 56 361
48 56 383
48 56 394
48 56 396
48 56 398
48 56 399
48 56 400
48 56 401
48 56 402
48 56 403
48 56 404
48 56 405
48 56 406
48 56 407
48 56 409
48 56 410
48 56 412
48 56 413
48 56 414
48 56 415
48 56 416
48 56 417
48 56 418
48 56 420
48 56 421
48 56 422
48 56 423
48 56 424
48 56 425
48 56 426
48 56 428
48 56 429
48 56 430
48 56 433
48 56 434
48 56 435
48 56 437
48 56 438
48 56 441
48 56 442
48 56 443
48 56 444
48 56 446
48 56 447
48 56 450
90 9 403
90 9 404
90 9 406
90 9 407
90 9 408
90 9 410
90 9 444
90 9 447
90 9 448
90 9 449
90 9 451
90 9 453
90 9 455
9 125 389
9 125 396
9 125 404
9 125 405
9 125 407
125 40 1141
125 7 1285
125 157 1290
2 123 412
2 123 414
2 123 418
2 123 419
2 123 420
2 123 421
2 123 422
2 123 423
2 123 425
2 123 426
2 123 427
2 123 429
2 123 430
2 123 431
2 123 432
2 123 434
2 123 435
2 123 436
2 123 443
2 123 444
2 123 463
2 123 477
2 123 478
2 123 479
2 123 480
2 123 481
2 123 482
2 123 483
2 123 484
2 123 485
2 123 486
2 123 491
2 123 494
2 123 495
2 123 497
123 74 768
123 74 769
123 74 780
157 12 620
157 12 621
157 12 622
157 12 623
157 12 624
157 12 625
157 12 626
157 12 627
157 12 628
157 12 629
157 12 630
157 12 632
157 12 633
157 12 634
157 12 635
157 12 636
157 12 637
157 12 638
157 12 639
157 12 640
157 12 641
157 12 642
157 12 643
157 12 644
157 12 645
157 12 646
157 12 652
157 12 653
157 12 654
157 12 655
157 12 656
157 12 658
157 12 659
157 12 660
157 12 663
157 12 664
157 12 665
157 3 633
157 4 1173
157 4 1174
157 4 1275
157 4 1283
157 4 1290
157 4 1292
157 4 1294
157 4 1296
157 4 1297
157 4 1299
157 4 1301
157 4 1308
157 4 1310
157 4 1336
157 4 1338
157 4 1342
3 61 1044
3 61 1050
3 61 1051
3 61 1061
3 61 1063
53 25 653
53 25 654
53 25 655
53 25 656
53 25 659
53 25 660
53 25 661
53 25 662
53 25 664
53 25 677
53 25 679
53 25 723
53 25 725
53 25 727
53 25 731
53 25 732
53 25 733
53 25 734
53 25 735
53 25 737
53 25 748
53 25 750
53 25 753
53 25 755
53 25 757
53 25 758
53 25 759
53 25 760
53 25 761
53 25 762
53 76 760
25 6 732
60 13 756
60 61 1039
60 61 1065
60 61 1076
60 4 1076
60 4 1077
13 5 740
13 6 820
6 5 761
6 45 846
40 76 748
40 118 1097
40 118 1098
40 118 1099
40 118 1101
40 118 1102
40 118 1103
40 118 1115
40 118 1116
40 118 1117
40 118 1118
40 118 1120
40 118 1121
40 118 1122
40 118 1123
40 118 1125
40 118 1126
40 118 1127
40 118 1131
40 118 1132
40 118 1136
40 118 1137
40 118 1138
40 118 1139
40 118 1140
40 118 1141
40 118 1143
40 118 1145
40 118 1147
40 118 1150
40 118 1155
40 118 1157
40 118 1168
40 118 1169
40 118 1172
40 118 1174
40 118 1175
76 152 832
76 152 870
76 152 875
76 152 878
76 152 883
76 152 884
76 152 889
76 152 890
76 152 893
76 152 894
76 152 899
76 152 904
76 152 905
76 152 911
76 152 911
76 152 915
76 152 917
76 152 919
76 152 920
76 152 924
76 152 929
76 152 938
76 152 942
76 152 977
76 152 978
74 152 816
74 152 817
74 152 818
74 152 829
74 152 830
74 152 831
74 152 832
74 152 833
74 152 834
74 152 835
74 152 836
74 152 837
74 152 838
74 152 839
74 152 840
74 152 841
74 152 844
74 152 845
74 152 862
74 152 863
74 152 869
74 152 870
74 152 871
74 152 872
74 152 873
74 152 874
74 152 875
74 152 876
74 152 878
74 152 880
74 152 882
74 152 883
74 152 884
74 152 885
74 152 886
74 152 887
74 152 888
74 152 889
74 152 890
74 152 891
74 152 900
74 152 903
74 152 904
74 152 905
74 152 907
74 152 908
74 152 909
74 152 910
74 152 911
74 152 912
74 152 913
74 152 915
74 152 917
74 152 924
74 152 925
74 152 926
74 152 929
74 152 930
74 152 931
74 152 932
74 152 933
74 152 934
74 152 935
74 152 938
74 152 939
74 152 942
74 152 946
74 152 947
152 117 901
152 35 926
152 35 927
152 35 928
152 35 929
152 35 931
152 35 933
152 35 935
152 35 936
152 35 940
152 35 941
152 35 942
152 35 945
152 35 947
152 35 949
152 35 951
152 35 952
152 35 953
152 35 954
152 35 955
152 35 956
152 35 957
152 35 958
152 35 959
152 35 960
152 35 961
152 35 964
152 35 966
152 35 967
152 35 970
152 35 972
152 35 973
152 35 974
152 35 977
152 35 978
152 35 979
152 35 980
152 35 981
152 35 985
152 35 986
152 35 987
152 35 996
152 35 1002
152 35 1009
152 35 1010
152 35 1011
152 35 1013
152 35 1014
152 35 1015
152 77 1027
152 77 1032
152 77 1034
152 77 1036
152 77 1038
152 77 1039
152 77 1041
152 77 1042
152 77 1043
152 77 1044
152 77 1048
152 77 1049
152 77 1052
152 77 1053
152 77 1054
152 77 1055
152 77 1056
152 77 1057
152 77 1058
152 77 1059
152 77 1060
152 77 1061
152 77 1062
152 77 1063
152 77 1064
152 77 1066
152 77 1067
152 77 1068
152 77 1070
152 77 1074
152 77 1075
152 77 1077
152 77 1081
152 77 1082
152 77 1083
152 77 1087
152 77 1088
152 77 1089
152 77 1093
152 77 1094
152 77 1095
152 77 1098
152 77 1100
152 77 1110
152 77 1111
152 77 1112
152 77 1115
152 77 1117
152 77 1118
152 77 1119
152 77 1120
152 77 1121
152 77 1122
152 77 1123
152 77 1124
152 77 1136
152 77 1142
152 77 1143
152 77 1148
152 77 1150
152 77 1151
152 77 1153
152 77 1159
152 77 1160
152 77 1161
152 77 1163
152 77 1164
152 77 1166
152 77 1169
152 77 1171
152 77 1172
117 118 1058
83 35 957
77 118 1069
77 118 1070
77 118 1113
77 118 1114
77 118 1115
77 118 1116
77 118 1117
77 118 1120
77 118 1121
77 118 1122
68 7 1259
68 7 1260
68 7 1261
68 7 1272
68 7 1286
78 7 1262
78 7 1263
78 7 1266
78 7 1267
78 7 1270
78 7 1271
78 7 1281
78 7 1282
78 7 1287
78 7 1296
78 7 1297
78 7 1298
78 7 1299
78 7 1302
78 7 1303
78 7 1305
78 7 1306
78 7 1307
78 7 1308
78 7 1310
78 7 1311
