88 99 0
88 32 53
88 97 868
88 97 869
88 97 870
99 37 133
99 66 329
99 66 334
99 66 335
99 66 339
99 66 345
99 66 348
99 66 377
99 23 334
9 32 3
9 32 21
9 32 84
9 22 4
9 22 18
9 22 20
9 22 83
9 22 88
9 80 23
9 80 24
9 80 25
9 80 26
9 49 96
9 57 185
9 98 185
32 25 3
32 25 4
32 25 5
32 25 6
32 25 7
32 25 8
32 25 9
32 25 10
32 25 13
32 25 15
32 25 16
32 25 17
32 25 18
32 25 19
32 25 20
32 25 21
32 25 23
32 25 25
32 25 26
32 25 27
32 25 28
32 25 29
32 25 30
32 25 31
32 25 32
32 25 36
32 25 40
32 25 41
32 25 42
32 25 43
32 25 44
32 25 48
32 25 49
32 25 50
32 25 51
32 25 52
32 25 57
32 25 58
32 25 60
32 25 61
32 25 63
32 25 66
32 25 67
32 25 68
32 25 69
32 25 70
32 25 71
32 25 72
32 25 73
32 25 74
32 25 75
32 25 79
32 25 80
32 25 81
32 25 84
32 25 85
32 25 86
32 25 88
32 25 89
32 25 90
32 25 91
32 25 92
32 25 93
32 25 95
32 37 15
32 37 24
32 51 86
32 51 87
32 51 88
32 51 90
32 51 91
32 70 87
32 60 88
32 60 89
32 34 564
32 34 565
32 34 566
32 34 570
32 34 584
32 34 587
32 34 592
32 34 593
32 34 594
32 34 595
32 34 597
32 34 598
32 34 602
32 34 606
32 34 607
32 34 608
32 34 609
32 34 610
32 34 612
32 34 613
32 34 614
32 34 617
32 34 618
32 34 631
32 34 632
32 34 634
32 34 637
32 34 639
32 34 643
32 34 652
32 34 653
32 34 654
32 34 657
32 34 658
32 34 662
32 34 663
32 34 664
32 34 665
32 34 667
32 34 668
32 34 669
32 34 672
32 34 675
32 34 693
32 34 696
32 34 697
32 34 701
32 34 704
32 34 705
32 34 707
32 34 708
32 34 709
32 34 719
32 34 721
32 34 724
32 34 725
32 34 726
32 34 727
32 34 728
32 34 729
32 34 730
32 34 731
32 34 732
32 34 734
32 34 735
32 28 657
32 67 658
32 64 689
32 78 707
32 78 716
32 2 728
32 73 731
37 80 3
37 80 19
37 80 23
37 80 30
37 80 35
37 80 116
37 80 131
37 80 132
37 80 133
37 62 1131
37 17 1234
37 63 1342
37 63 1344
37 63 1345
37 63 1349
37 63 1350
37 63 1351
37 63 1352
37 63 1353
37 63 1354
37 63 1355
37 63 1358
37 63 1359
37 63 1360
37 63 1361
37 63 1362
37 63 1369
37 63 1374
37 63 1375
37 63 1388
37 104 1342
37 104 1351
37 104 1359
37 104 1360
37 104 1361
37 104 1362
37 104 1363
37 104 1364
37 104 1365
37 104 1366
37 104 1369
37 104 1370
37 104 1372
37 104 1373
37 104 1374
37 16 1356
37 24 1359
37 24 1361
37 24 1362
37 24 1363
37 24 1364
37 24 1365
37 24 1373
37 24 1376
37 24 1378
37 24 1380
37 24 1381
37 24 1382
37 24 1384
37 24 1385
37 24 1387
37 24 1391
37 24 1392
80 25 6
80 25 7
80 25 9
80 25 24
80 25 44
80 34 6
80 34 8
80 34 9
80 34 20
80 105 8
80 105 31
80 105 34
80 105 133
80 105 134
80 51 33
80 60 93
80 60 94
80 98 126
80 57 127
80 53 551
80 53 552
80 53 557
80 53 578
80 53 582
80 53 626
80 41 560
80 81 621
25 60 19
25 60 32
25 60 41
25 60 48
25 60 52
25 60 98
25 60 127
25 60 173
25 60 185
25 60 188
25 60 191
25 60 192
25 60 193
25 60 197
25 60 198
25 60 215
25 60 220
25 60 225
25 60 240
25 60 241
25 60 242
25 70 48
25 70 95
25 70 171
25 70 185
25 70 186
25 70 193
25 70 206
25 70 213
25 70 214
25 70 215
25 70 220
25 70 223
25 70 225
25 70 226
25 70 227
25 70 228
25 70 240
25 70 241
25 51 48
25 51 52
25 51 58
25 51 157
25 51 158
25 51 160
25 51 161
25 51 171
25 51 187
25 51 188
25 51 189
25 51 190
25 51 191
25 51 193
25 51 194
25 51 196
25 51 197
25 51 198
25 51 241
25 51 242
25 65 86
25 49 86
25 49 87
25 49 88
25 49 89
25 49 90
25 49 91
22 34 12
22 60 85
22 60 86
22 97 880
22 89 926
22 38 927
22 38 935
22 38 956
22 38 958
22 38 959
22 38 983
22 38 1000
34 107 585
34 107 586
34 107 722
34 107 725
34 94 666
34 86 716
34 58 730
34 58 731
60 65 18
60 65 19
60 65 22
60 65 24
60 65 26
60 65 29
60 65 39
60 65 40
60 65 41
60 65 42
60 65 49
60 65 50
60 65 52
60 65 58
60 65 59
60 65 60
60 65 76
60 65 77
60 65 78
60 65 79
60 65 80
60 65 81
60 65 82
60 65 83
60 65 84
60 65 86
60 65 87
60 65 88
60 65 91
60 65 94
60 65 95
60 65 96
60 65 97
60 65 104
60 65 105
60 65 106
60 65 107
60 65 108
60 65 120
60 65 121
60 65 122
60 65 123
60 65 124
60 65 125
60 65 126
60 65 128
60 65 129
60 65 131
60 65 134
60 65 135
60 65 136
60 65 137
60 65 138
60 65 139
60 65 142
60 65 143
60 65 146
60 65 147
60 65 150
60 65 152
60 65 153
60 65 155
60 65 156
60 65 157
60 65 158
60 65 159
60 65 161
60 65 168
60 65 170
60 65 171
60 65 172
60 65 175
60 65 176
60 65 177
60 65 178
60 65 179
60 65 180
60 65 181
60 65 183
60 65 184
60 65 186
60 65 187
60 65 191
60 65 192
60 65 193
60 65 194
60 65 196
60 65 197
60 65 200
60 65 201
60 65 202
60 65 204
60 65 205
60 65 206
60 65 207
60 65 208
60 65 209
60 65 210
60 65 211
60 65 212
60 65 213
60 65 214
60 65 215
60 65 216
60 65 217
60 65 218
60 65 219
60 65 220
60 65 221
60 65 222
60 65 223
60 65 224
60 65 225
60 65 226
60 65 227
60 65 228
60 65 229
60 65 230
60 65 231
60 65 232
60 65 233
60 65 234
60 65 235
60 65 236
60 65 237
60 65 240
60 65 241
60 49 18
60 49 19
60 49 20
60 49 21
60 49 23
60 49 24
60 49 27
60 49 28
60 49 29
60 49 30
60 49 31
60 49 32
60 49 33
60 49 36
60 49 37
60 49 38
60 49 39
60 49 41
60 49 42
60 49 43
60 49 44
60 49 45
60 49 47
60 49 48
60 49 50
60 49 51
60 49 52
60 49 53
60 49 54
60 49 55
60 49 56
60 49 58
60 49 60
60 49 61
60 49 69
60 49 73
60 49 74
60 49 75
60 49 76
60 49 78
60 49 84
60 49 85
60 49 87
60 49 88
60 49 91
60 49 105
60 49 113
60 49 127
60 49 128
60 49 129
60 49 135
60 49 136
60 49 137
60 49 138
60 49 146
60 49 147
60 49 150
60 49 152
60 49 153
60 49 154
60 49 159
60 49 162
60 49 166
60 49 167
60 49 169
60 49 170
60 49 171
60 49 172
60 49 173
60 49 174
60 49 175
60 49 176
60 49 177
60 49 178
60 49 179
60 49 180
60 49 181
60 49 183
60 49 184
60 49 186
60 49 187
60 49 188
60 49 189
60 49 190
60 49 191
60 49 192
60 49 193
60 49 194
60 49 195
60 49 196
60 49 197
60 49 198
60 49 199
60 49 200
60 49 201
60 49 203
60 49 204
60 49 205
60 49 206
60 49 208
60 49 210
60 49 211
60 49 212
60 49 213
60 49 214
60 49 215
60 49 216
60 49 217
60 49 218
60 49 219
60 49 221
60 49 222
60 49 223
60 49 224
60 49 225
60 49 228
60 49 229
60 49 230
60 49 231
60 49 232
60 49 233
60 49 234
60 49 235
60 49 236
60 49 237
60 49 240
60 49 241
60 49 242
60 26 283
60 26 300
60 50 283
60 50 285
60 50 292
60 50 293
60 50 294
60 50 295
60 50 296
60 50 302
60 50 304
60 50 305
60 50 308
60 50 310
60 50 312
60 50 319
60 50 320
60 50 321
60 50 322
60 50 323
60 50 333
60 50 334
60 50 335
60 50 340
60 50 343
60 50 348
60 50 352
60 50 358
60 50 363
60 50 367
60 50 369
60 50 370
60 50 371
60 84 283
60 84 297
60 84 298
60 77 285
60 77 287
60 77 288
60 77 289
60 77 291
60 77 292
60 77 293
60 77 294
60 77 301
60 77 305
60 77 307
60 77 308
60 77 312
60 77 317
60 77 318
60 77 340
60 77 341
60 77 342
60 77 343
60 77 344
60 77 350
60 77 356
60 77 363
60 77 364
60 77 366
60 77 367
60 77 368
60 77 369
60 77 370
60 77 371
60 101 298
60 19 325
60 93 352
60 93 353
60 5 353
60 28 353
60 28 354
60 28 355
60 28 356
65 35 510
65 35 522
65 35 524
65 35 525
65 35 528
49 70 26
49 70 27
49 70 33
49 70 40
49 70 43
49 70 50
49 70 57
49 70 60
49 70 78
49 70 80
49 70 84
49 70 86
49 70 91
49 70 92
49 70 97
49 70 98
49 70 109
49 70 117
49 70 118
49 70 119
49 70 121
49 70 135
49 70 136
49 70 137
49 70 138
49 70 147
49 70 148
49 70 149
49 70 156
49 70 157
49 70 159
49 70 160
49 70 162
49 70 163
49 70 164
49 70 171
49 70 172
49 70 175
49 70 176
49 70 177
49 70 178
49 70 179
49 70 180
49 70 181
49 70 182
49 70 186
49 70 187
49 70 189
49 70 190
49 70 192
49 70 193
49 70 194
49 70 195
49 70 197
49 70 198
49 70 200
49 70 203
49 70 204
49 70 205
49 70 206
49 70 207
49 70 208
49 70 209
49 70 210
49 70 211
49 70 213
49 70 214
49 70 215
49 70 216
49 70 217
49 70 218
49 70 219
49 70 220
49 70 221
49 70 222
49 70 223
49 70 224
49 70 225
49 70 226
49 70 227
49 70 228
49 70 229
49 70 230
49 70 231
49 70 232
49 70 233
49 70 234
49 70 235
49 70 236
49 70 237
49 70 241
49 98 156
49 53 670
49 54 671
49 54 722
49 54 767
49 54 787
49 54 798
49 54 802
49 54 838
49 54 839
49 62 763
49 74 847
70 7 100
70 92 156
70 82 835
70 82 837
70 82 844
70 59 844
70 59 845
70 59 846
70 91 844
51 2 642
51 2 643
51 2 644
51 2 645
51 2 655
51 2 656
51 2 665
51 2 666
51 2 667
51 2 669
51 2 673
51 2 674
51 2 677
51 2 686
51 2 687
51 2 688
51 2 690
51 2 692
51 2 694
51 2 695
51 2 696
51 2 698
51 2 701
51 2 712
51 2 715
51 2 722
51 2 725
51 2 726
51 2 727
51 2 728
51 2 732
51 2 735
51 2 736
51 2 737
51 2 739
51 2 740
51 2 741
51 2 744
51 2 751
51 2 760
51 2 761
51 2 777
51 2 785
51 2 787
51 2 790
51 2 791
51 2 794
51 2 795
51 2 799
51 2 800
51 2 804
51 2 805
51 2 809
51 2 824
51 2 826
51 66 647
51 66 710
51 66 826
51 66 827
51 86 705
51 102 718
51 102 722
51 102 738
51 58 729
51 56 764
51 76 819
51 76 820
51 76 821
51 76 822
7 33 362
7 33 373
57 92 108
57 92 109
57 92 110
57 92 111
57 92 112
57 92 118
57 92 125
57 92 127
57 92 129
57 92 130
57 92 135
57 92 136
57 92 137
57 92 138
57 92 139
57 92 140
57 92 141
57 92 142
57 92 143
57 92 144
57 92 145
57 92 146
57 92 147
57 92 149
57 92 151
57 92 152
57 92 153
57 92 154
57 92 165
57 92 167
57 92 174
57 92 175
57 92 176
57 92 177
57 92 178
57 92 180
57 92 185
57 92 188
57 92 189
57 52 502
57 85 504
57 85 594
57 85 615
57 85 625
57 85 628
57 85 630
57 85 631
57 89 504
57 89 505
57 89 506
57 89 508
57 89 604
57 89 629
57 89 632
57 89 633
57 20 507
57 55 620
92 90 1118
92 90 1119
92 90 1120
92 90 1121
98 15 130
98 63 1289
98 63 1290
98 63 1291
98 63 1292
98 63 1293
98 63 1294
98 63 1295
98 63 1296
98 63 1297
98 63 1298
98 63 1299
98 63 1300
98 63 1301
98 63 1302
98 63 1303
98 63 1304
98 63 1305
98 63 1306
98 63 1307
98 63 1308
98 63 1311
98 63 1312
98 63 1313
98 63 1314
98 63 1315
98 63 1317
98 63 1318
98 63 1319
98 63 1320
98 63 1321
98 63 1324
98 63 1330
98 63 1331
98 63 1334
98 63 1337
98 63 1338
98 63 1339
98 63 1342
98 63 1351
98 63 1361
98 63 1362
98 63 1365
98 63 1366
98 63 1372
98 63 1373
98 63 1374
98 63 1376
98 63 1382
98 63 1389
98 63 1390
98 63 1391
98 63 1398
98 63 1399
98 63 1402
98 63 1406
98 63 1410
98 63 1412
98 63 1419
98 63 1420
98 108 1420
15 17 503
15 42 698
14 85 174
14 52 225
14 52 228
14 52 229
14 52 237
14 52 238
14 52 240
14 29 286
14 23 313
14 33 349
14 24 1207
14 24 1208
14 24 1209
14 24 1210
14 24 1212
14 24 1213
14 24 1216
14 24 1217
14 24 1224
14 24 1225
14 24 1233
14 24 1236
14 24 1237
14 24 1238
14 24 1243
14 24 1244
14 24 1264
14 24 1302
14 24 1330
14 24 1331
14 24 1332
14 24 1344
14 24 1348
14 24 1349
14 24 1352
14 24 1394
85 11 223
85 11 547
85 35 497
85 35 498
85 35 508
85 35 542
85 35 543
85 35 547
85 35 559
85 35 568
85 35 571
85 35 592
85 35 593
85 35 594
85 35 595
85 35 608
85 35 609
85 35 615
85 35 630
85 35 631
85 1 497
85 1 502
85 1 506
85 1 507
85 1 508
85 1 513
85 1 628
85 1 630
85 1 631
85 50 497
85 50 501
85 50 515
85 50 615
85 61 498
85 61 502
85 61 503
85 61 505
85 61 508
85 61 509
85 61 511
85 61 516
85 61 518
85 61 519
85 61 552
85 81 502
85 81 509
85 81 533
85 81 534
85 81 551
85 81 562
85 81 565
85 81 591
85 81 592
85 81 597
85 81 606
85 81 620
85 81 624
85 81 625
85 40 507
85 87 510
85 87 547
85 4 577
79 29 188
79 29 189
79 29 204
79 29 207
79 29 215
79 29 229
79 29 240
79 29 242
79 29 244
79 29 246
79 29 248
79 29 249
79 29 252
79 29 260
79 29 290
79 29 291
79 29 292
79 29 294
79 29 296
79 29 297
79 29 298
79 29 299
79 29 300
79 29 301
79 29 302
79 29 303
79 29 304
79 29 305
79 29 307
79 29 309
79 29 317
79 29 330
79 29 333
79 29 337
79 29 353
79 29 377
79 29 380
79 29 381
79 29 382
79 29 383
79 29 384
79 29 385
79 29 386
79 29 387
79 29 388
79 29 389
79 29 390
79 29 391
79 29 392
79 29 395
79 29 396
79 29 397
79 29 398
79 29 401
79 29 402
79 29 406
79 29 407
79 29 408
79 29 409
79 29 415
79 29 419
79 29 420
79 29 421
79 29 423
79 29 424
79 29 425
79 29 426
79 29 427
79 29 428
79 29 430
79 29 431
79 29 436
79 29 438
79 29 439
79 29 444
79 29 445
79 29 446
79 29 447
79 29 452
79 29 454
79 29 455
79 29 456
79 29 457
79 29 458
79 29 459
79 29 460
79 29 461
79 29 462
79 29 463
79 29 471
79 29 472
79 29 473
79 29 474
79 29 493
79 52 200
79 52 204
79 52 206
79 52 207
79 52 208
79 52 211
79 52 215
79 52 228
79 52 229
79 52 243
79 52 246
79 52 252
79 52 253
79 0 202
79 0 462
79 12 205
79 12 228
79 12 237
79 12 240
79 59 805
79 59 806
79 59 811
79 59 812
79 59 813
79 59 814
79 59 816
79 59 817
79 59 820
79 59 822
79 59 823
79 59 824
79 59 825
79 59 826
79 59 827
79 59 828
79 59 835
79 59 836
79 59 837
79 59 838
79 59 848
79 59 849
79 59 850
79 59 854
79 59 855
79 59 856
79 59 857
79 59 883
79 59 884
79 59 888
79 59 889
79 59 890
79 59 892
79 59 893
79 59 895
79 59 896
79 59 898
79 59 911
79 59 914
79 59 915
79 59 917
79 59 924
79 59 925
79 59 926
79 59 927
79 59 928
79 59 933
79 59 934
79 59 942
79 59 959
79 59 963
79 59 964
79 59 966
79 59 967
79 59 969
79 59 970
79 59 971
79 59 987
79 59 988
79 59 989
79 59 993
79 59 996
79 59 997
79 59 998
79 59 999
79 59 1000
79 59 1001
79 59 1002
79 59 1003
79 59 1005
79 59 1006
79 59 1007
79 59 1008
79 59 1009
79 59 1010
79 59 1072
79 59 1082
79 103 806
79 103 811
79 103 812
79 103 813
79 103 814
79 103 815
79 103 823
79 103 824
79 103 835
79 103 848
79 103 857
79 103 859
79 103 871
79 103 881
79 103 883
79 103 887
79 103 888
79 103 891
79 103 893
79 103 942
79 103 946
79 103 947
79 103 950
79 103 951
79 103 952
79 103 953
79 103 999
79 103 1024
79 103 1080
79 82 811
79 97 836
79 97 899
79 97 900
79 97 973
79 76 843
79 62 881
79 62 946
79 62 1009
29 54 288
29 87 480
29 87 506
29 100 496
29 94 508
29 8 518
29 21 543
31 52 189
31 52 192
31 52 199
31 52 203
31 52 204
31 52 207
31 52 215
31 52 243
31 52 244
31 52 245
31 52 246
31 52 247
31 52 256
31 52 258
31 52 263
31 52 264
31 52 265
31 52 266
31 52 284
31 52 287
31 12 229
31 12 240
31 12 241
31 72 293
31 72 295
31 72 306
31 72 308
31 72 310
31 72 332
31 72 334
31 72 369
31 72 522
31 72 523
31 87 477
31 87 518
31 17 492
31 13 496
31 13 507
31 13 509
31 40 498
31 6 509
31 1 511
31 1 512
31 62 817
31 59 884
31 83 947
52 81 502
52 81 503
52 81 510
52 81 514
52 81 520
52 81 521
52 81 523
52 81 524
52 81 525
52 81 526
52 81 527
52 81 528
52 81 529
52 81 530
52 81 531
52 81 588
52 81 626
52 77 502
52 1 503
52 35 525
52 61 525
52 61 529
52 61 530
52 61 542
52 61 582
52 61 594
52 61 603
52 61 629
52 61 632
52 62 638
0 11 261
0 87 473
0 78 483
12 16 289
12 16 290
12 16 297
12 16 318
12 16 326
12 16 348
12 50 308
12 33 309
12 33 412
12 48 325
12 48 329
12 48 331
12 48 336
12 48 337
12 74 349
12 77 349
12 64 349
12 39 386
12 39 411
12 39 412
12 39 413
11 5 460
11 10 549
11 10 551
11 10 552
11 10 583
11 10 598
11 10 601
11 10 611
11 10 617
11 10 618
11 10 619
11 10 620
11 10 622
11 10 624
11 10 625
11 10 635
11 10 638
11 10 640
11 10 641
11 10 642
11 10 643
11 8 550
11 8 552
11 94 559
74 39 273
74 39 274
74 39 276
74 39 279
74 39 280
74 39 282
74 39 285
74 39 286
74 39 287
74 39 289
74 39 291
74 39 294
74 39 295
74 39 299
74 39 302
74 39 310
74 39 311
74 39 315
74 39 325
74 39 327
74 39 336
74 39 338
74 39 343
74 39 344
74 39 347
74 39 348
74 39 350
74 39 351
74 39 354
74 39 357
74 39 366
74 39 373
74 39 378
74 39 390
74 39 391
74 39 392
74 39 393
74 39 395
74 39 405
74 39 407
74 39 408
74 39 409
74 39 410
74 39 411
74 39 412
74 33 278
74 33 280
74 33 281
74 33 282
74 33 284
74 33 285
74 33 286
74 33 294
74 33 295
74 33 296
74 33 297
74 33 298
74 33 299
74 33 320
74 33 321
74 33 324
74 33 325
74 33 327
74 33 338
74 33 342
74 33 343
74 33 345
74 33 347
74 33 348
74 33 354
74 33 355
74 33 372
74 33 373
74 33 378
74 33 384
74 33 385
74 33 386
74 33 388
74 33 390
74 33 391
74 33 392
74 33 393
74 33 396
74 33 398
74 33 407
74 33 408
74 33 409
74 33 411
74 33 412
74 95 294
74 95 338
74 95 339
74 23 294
74 23 295
74 23 339
74 23 340
74 23 341
74 26 344
74 76 811
74 76 813
74 76 814
74 76 824
74 76 834
74 76 836
74 76 839
74 76 840
74 76 841
74 76 847
74 76 848
74 76 849
74 59 811
74 59 839
74 59 842
74 103 842
39 35 274
39 35 278
39 35 279
39 35 280
39 35 281
39 35 282
39 35 283
39 35 284
39 35 286
39 35 291
39 35 294
39 35 295
39 35 298
39 35 299
39 35 300
39 35 305
39 35 312
39 35 320
39 35 323
39 35 324
39 35 325
39 35 327
39 35 328
39 35 329
39 35 331
39 35 333
39 35 338
39 35 343
39 35 344
39 35 354
39 35 356
39 35 360
39 35 368
39 35 372
39 35 379
39 35 389
39 35 392
39 35 394
39 35 395
39 35 398
39 35 399
39 35 400
39 35 401
39 35 407
39 35 408
39 35 409
39 35 410
39 35 411
39 35 412
39 18 278
39 84 295
39 19 322
39 19 398
39 19 399
39 19 407
39 19 412
39 28 343
39 5 344
39 5 345
39 5 346
39 50 350
39 78 703
39 78 704
39 78 714
39 78 719
39 78 721
39 78 724
39 78 725
39 78 729
39 78 731
39 78 733
39 78 734
39 78 736
39 78 740
39 78 742
39 78 743
39 78 746
39 78 758
39 73 710
35 86 345
35 86 346
35 86 350
35 86 353
35 26 346
35 66 360
35 89 500
35 89 505
35 89 507
35 89 508
35 89 509
35 89 525
35 89 533
35 89 543
35 89 544
35 89 555
35 89 556
35 89 561
35 89 562
35 89 568
35 89 569
35 89 570
35 89 571
35 89 572
35 89 574
35 89 580
35 89 585
35 89 591
35 89 593
35 89 601
35 89 602
35 89 605
35 89 615
35 89 616
35 89 617
35 89 618
35 89 620
35 89 621
35 89 622
35 89 625
35 89 626
35 89 627
35 61 504
35 61 505
35 61 513
35 61 514
35 61 595
35 61 596
35 61 606
35 61 611
35 61 612
35 61 614
35 61 615
35 61 616
35 61 617
35 61 618
35 61 619
35 61 631
35 1 510
35 1 512
18 27 534
18 27 538
18 27 564
18 27 565
18 27 566
18 27 569
18 27 650
18 27 653
18 27 659
18 27 662
18 27 663
18 27 678
18 48 630
33 84 295
33 101 295
33 101 761
33 101 764
33 101 766
33 101 769
33 101 771
33 101 772
33 101 773
33 101 774
33 101 793
33 101 798
33 101 799
33 101 801
33 101 802
33 101 810
33 101 812
33 101 824
33 101 826
33 101 837
33 101 858
33 101 859
33 101 869
33 101 871
33 101 875
33 101 876
33 101 878
33 101 879
33 101 880
33 101 881
33 101 883
33 101 884
33 101 887
33 101 888
33 101 893
33 101 894
33 101 897
33 101 920
33 101 930
33 101 931
33 101 934
33 101 935
33 5 344
33 5 345
33 5 347
33 5 353
33 42 347
33 42 348
33 42 355
33 42 359
33 42 373
33 71 349
33 64 350
33 50 350
33 19 359
33 19 393
33 19 394
33 19 396
33 19 398
33 19 407
33 19 412
33 89 947
33 75 948
101 23 282
101 23 284
101 23 288
101 23 292
101 23 294
101 23 304
101 23 305
101 23 307
101 23 311
101 23 316
101 23 327
101 23 328
101 23 330
101 23 331
101 76 286
101 76 296
101 76 300
101 76 301
101 76 304
101 76 305
101 76 316
101 76 320
101 76 329
101 76 331
101 76 332
101 76 334
101 76 336
101 76 338
101 48 288
101 26 336
23 77 290
23 19 306
23 71 332
23 5 335
23 5 336
23 90 1009
23 90 1012
23 90 1019
23 90 1022
23 90 1023
23 90 1025
23 90 1029
23 90 1036
23 90 1037
23 90 1040
23 90 1041
23 90 1063
23 90 1064
23 90 1074
23 90 1079
23 90 1084
23 90 1094
23 90 1095
23 90 1099
23 90 1106
23 90 1109
23 90 1110
23 90 1112
23 90 1113
23 90 1116
23 90 1118
23 90 1119
23 90 1120
23 90 1121
23 90 1126
77 76 283
77 48 283
77 48 285
77 48 286
77 48 287
77 48 288
77 48 290
77 48 292
77 48 294
77 48 295
77 48 296
77 48 300
77 48 301
77 48 302
77 48 305
77 48 306
77 48 307
77 48 310
77 48 317
77 48 318
77 48 321
77 48 337
77 48 340
77 48 342
77 48 343
77 48 344
77 48 345
77 48 357
77 48 361
77 48 365
77 48 366
77 48 367
77 48 369
77 48 370
77 48 371
77 95 288
77 95 300
77 10 325
77 10 335
77 10 337
77 94 480
77 38 515
77 38 527
77 61 524
76 26 283
76 26 287
76 26 291
76 26 295
76 26 300
76 26 305
76 26 312
76 26 316
76 26 327
76 26 328
76 26 329
76 26 331
76 26 335
76 26 336
76 26 337
76 26 338
76 26 339
76 26 340
76 26 341
76 26 342
76 26 343
76 5 335
76 2 823
76 43 845
76 43 846
76 47 848
76 47 849
48 26 283
48 26 284
48 84 301
48 19 325
48 64 344
48 64 349
48 64 350
48 5 349
26 95 283
26 95 286
26 95 287
26 95 291
26 95 295
26 95 302
26 95 306
26 95 308
26 95 309
26 95 310
26 95 312
26 95 314
26 95 315
26 95 317
26 95 318
26 95 319
26 95 323
26 95 324
26 95 329
26 95 332
26 95 333
26 95 335
26 95 337
26 95 338
26 95 339
26 95 340
26 95 342
26 95 343
26 5 307
26 5 308
26 5 309
26 5 311
26 5 314
26 5 315
26 5 324
26 5 327
26 5 332
26 5 342
26 5 347
26 5 348
26 5 355
26 5 356
26 5 359
26 5 360
26 5 362
26 5 365
26 5 380
26 5 383
26 5 390
26 5 392
26 5 395
26 5 396
26 86 336
26 71 348
26 64 349
26 50 349
26 50 359
95 84 295
95 84 315
95 84 333
95 84 339
95 84 342
95 84 343
95 75 904
95 75 907
95 75 909
95 75 912
95 75 981
50 16 326
50 38 497
50 38 504
50 38 505
50 38 507
50 38 523
50 38 526
50 38 531
50 38 602
50 1 497
50 1 581
50 1 582
50 61 503
50 61 507
50 61 593
50 61 594
50 61 597
50 61 615
50 61 624
50 61 632
50 94 507
50 89 532
50 89 533
50 89 534
50 89 535
50 89 536
50 89 542
50 89 543
50 89 550
50 89 551
50 89 552
50 89 553
50 89 554
50 89 570
50 89 581
50 89 582
50 89 583
50 89 586
50 89 587
50 89 594
50 89 632
84 103 1102
84 59 1103
84 62 1119
84 62 1120
84 62 1121
84 62 1122
16 4 290
16 5 381
16 5 382
16 59 1356
4 27 534
4 27 535
4 27 538
4 27 539
4 27 551
4 27 559
4 27 569
4 27 580
4 27 581
4 27 591
4 27 628
4 27 666
4 27 667
4 27 669
4 27 672
4 27 675
4 27 676
4 27 677
4 27 678
4 27 679
4 27 680
4 27 681
4 27 683
4 27 684
4 27 685
4 27 686
4 27 689
4 21 534
4 21 535
4 21 543
4 21 544
4 21 547
4 21 551
4 21 566
4 21 569
4 21 570
4 21 571
4 21 575
4 21 576
4 21 577
4 21 578
4 21 584
4 21 585
4 21 593
4 21 594
4 21 600
4 21 601
4 21 602
4 21 603
4 21 604
4 21 605
4 21 610
4 21 618
4 21 619
4 21 620
4 21 628
4 21 678
4 21 680
4 21 684
4 21 688
4 21 690
4 102 534
4 102 535
4 102 538
4 102 542
4 102 543
4 102 544
4 102 545
4 102 546
4 102 548
4 102 549
4 102 550
4 102 551
4 102 557
4 102 559
4 102 563
4 102 564
4 102 565
4 102 566
4 102 567
4 102 568
4 102 569
4 102 570
4 102 585
4 102 586
4 102 591
4 102 592
4 102 593
4 102 594
4 102 595
4 102 596
4 102 598
4 102 599
4 102 600
4 102 601
4 102 602
4 102 603
4 102 604
4 102 605
4 102 606
4 102 608
4 102 610
4 102 614
4 102 616
4 102 621
4 102 628
4 102 629
4 102 631
4 102 632
4 102 638
4 102 639
4 102 644
4 102 673
4 102 677
4 102 680
4 102 682
4 102 684
4 102 689
4 102 690
4 58 686
72 27 471
72 27 472
72 27 473
72 27 481
72 27 487
72 27 488
72 27 489
72 27 490
72 27 491
72 27 499
72 27 505
72 27 506
72 27 507
72 27 508
72 27 510
72 27 511
72 27 512
72 27 513
72 27 522
72 27 523
72 27 524
72 27 537
72 27 559
72 27 560
72 27 562
72 27 563
72 27 575
72 27 579
72 17 509
19 10 294
19 10 295
19 10 296
19 10 302
19 10 306
19 10 307
19 10 308
19 10 309
19 10 310
19 10 312
19 10 317
19 10 325
19 10 351
19 10 352
19 10 408
19 10 410
19 10 411
19 10 412
19 10 413
19 71 325
19 66 359
19 86 381
19 68 394
19 68 398
19 68 407
19 68 412
19 97 858
19 97 859
19 97 860
19 97 861
19 97 862
19 97 863
19 97 875
19 97 877
19 97 879
19 97 887
19 97 888
19 97 898
19 97 915
19 97 916
19 97 917
19 97 918
19 97 925
19 97 928
19 97 935
19 97 939
19 97 940
19 97 941
19 97 947
19 97 948
19 97 956
19 97 958
19 97 959
19 97 965
19 97 994
19 97 995
19 97 996
19 97 997
19 97 998
19 97 999
19 97 1000
19 67 867
19 67 870
19 67 907
19 67 918
19 67 923
19 67 927
19 67 928
19 67 929
19 67 931
19 67 933
19 67 934
19 67 935
19 67 944
19 67 947
19 67 948
19 67 952
19 67 954
19 67 974
19 67 978
19 67 982
19 67 984
19 67 985
19 67 986
19 67 994
19 67 995
19 67 997
19 67 999
19 67 1000
19 103 879
19 41 945
10 5 394
10 45 529
5 86 306
5 86 307
5 86 308
5 86 311
5 86 314
5 86 315
5 86 316
5 86 317
5 86 318
5 86 319
5 86 320
5 86 321
5 86 322
5 86 323
5 86 324
5 86 325
5 86 326
5 86 328
5 86 331
5 86 332
5 86 333
5 86 334
5 86 335
5 86 336
5 86 337
5 86 338
5 86 340
5 86 341
5 86 342
5 86 345
5 86 346
5 86 347
5 86 348
5 86 352
5 86 353
5 86 355
5 86 356
5 86 358
5 86 360
5 86 363
5 86 373
5 86 376
5 86 377
5 86 385
5 86 386
5 86 388
5 86 389
5 86 395
5 68 342
5 68 343
5 68 347
5 75 452
5 87 473
5 17 489
5 40 490
86 28 307
86 28 308
86 28 311
86 28 312
86 28 313
86 28 314
86 28 330
86 28 331
86 28 333
86 28 336
86 28 337
86 28 338
86 28 346
86 28 353
86 28 357
86 28 359
86 28 360
86 28 361
86 28 363
86 28 366
86 28 368
86 28 369
86 28 393
86 28 395
86 28 396
86 42 346
86 64 348
86 82 675
86 82 676
86 82 677
86 82 682
86 82 689
86 82 690
86 82 695
86 82 697
86 82 702
86 82 747
86 36 675
86 36 676
86 36 684
86 36 685
86 36 694
86 36 697
86 36 698
86 36 699
86 36 702
86 36 705
86 36 706
86 36 707
86 36 708
86 36 709
86 36 712
86 36 715
86 36 717
86 36 718
86 36 722
86 36 723
86 36 726
86 36 730
86 36 732
86 36 739
86 36 741
86 36 744
86 36 748
86 36 753
86 36 754
86 36 755
86 36 759
86 55 675
86 55 677
86 55 689
86 55 690
86 55 691
86 55 692
86 55 693
86 55 694
86 55 695
86 55 696
86 55 697
86 55 698
86 55 712
86 58 682
86 58 684
86 58 685
86 58 689
86 58 690
86 58 691
86 58 692
86 58 693
86 58 694
86 58 695
86 58 697
86 58 698
86 58 712
86 87 705
28 73 598
28 73 599
28 73 600
28 73 641
28 73 650
28 73 658
28 73 676
28 73 679
28 73 680
28 73 681
71 93 328
71 93 338
71 93 340
71 93 341
71 93 344
71 93 346
71 93 347
66 64 669
66 64 670
66 87 708
66 2 710
66 2 826
66 2 827
68 20 1011
68 20 1012
68 20 1019
68 20 1025
68 20 1044
68 20 1062
68 20 1063
68 20 1065
68 20 1067
68 20 1068
68 20 1069
68 20 1093
68 20 1094
68 20 1097
68 20 1101
68 20 1104
68 20 1105
68 20 1113
68 20 1122
68 20 1123
68 20 1124
68 20 1126
68 90 1011
68 90 1016
68 90 1017
68 90 1019
68 90 1020
68 90 1021
68 90 1027
68 90 1036
68 90 1037
68 90 1038
68 90 1039
68 90 1040
68 90 1041
68 90 1049
68 90 1057
68 90 1063
68 90 1071
68 90 1072
68 90 1075
68 90 1078
68 90 1084
68 90 1089
68 90 1092
68 90 1098
68 90 1099
68 90 1100
68 90 1114
68 90 1116
68 90 1122
68 90 1125
68 90 1126
68 90 1127
64 62 809
42 100 696
42 102 696
42 102 698
42 102 699
42 102 700
42 102 702
42 102 703
42 102 704
42 102 705
42 102 706
42 102 707
42 102 708
42 102 709
42 102 710
42 102 711
42 102 712
42 102 714
42 102 715
42 102 716
42 102 717
42 102 724
42 102 725
42 102 726
42 102 732
42 102 733
42 102 734
42 102 735
42 102 737
42 102 738
42 102 739
42 102 745
42 102 768
42 102 769
42 102 772
42 102 773
42 102 775
42 102 776
42 102 777
42 102 783
42 102 785
42 53 718
42 53 723
42 53 737
42 53 738
42 2 722
42 2 723
42 2 737
42 2 738
42 81 732
20 40 448
20 40 449
20 40 461
20 40 462
20 40 464
20 40 465
20 40 467
20 40 470
20 40 475
20 40 476
20 40 477
20 40 492
20 40 495
20 40 499
20 40 505
20 40 506
20 40 507
20 40 508
20 87 462
20 87 496
20 87 497
20 87 507
20 103 1089
20 103 1090
20 103 1091
20 59 1090
20 59 1091
20 59 1092
20 62 1122
40 8 493
40 8 494
40 8 498
40 94 497
40 94 498
40 94 505
40 94 506
40 78 505
40 61 507
40 59 1356
40 59 1357
75 6 454
75 6 469
75 6 472
75 6 497
75 6 498
75 6 542
75 6 543
75 6 559
75 6 586
75 6 608
75 6 609
75 87 455
75 87 456
75 87 457
75 87 469
75 87 470
75 87 472
75 87 483
75 87 495
75 87 496
75 87 497
75 87 498
75 87 542
75 87 545
75 87 557
75 87 558
75 87 559
75 87 595
75 87 596
75 87 597
75 87 598
75 87 608
75 87 609
75 87 610
75 87 621
75 87 634
75 87 635
75 87 636
75 87 639
75 87 667
75 87 668
75 87 669
75 87 677
75 87 685
75 87 687
75 87 689
75 87 695
75 87 697
75 87 703
75 87 720
75 87 722
75 17 462
75 97 915
75 97 925
75 97 930
75 97 931
75 97 932
75 62 969
8 69 453
8 69 455
8 69 461
8 69 463
8 69 470
8 69 482
8 69 495
8 69 703
8 69 708
8 69 720
8 69 722
8 87 454
8 87 455
8 87 456
8 87 457
8 87 458
8 87 459
8 87 460
8 87 461
8 87 462
8 87 464
8 87 465
8 87 466
8 87 467
8 87 468
8 87 469
8 87 470
8 87 471
8 87 472
8 87 473
8 87 474
8 87 475
8 87 476
8 87 477
8 87 478
8 87 479
8 87 480
8 87 481
8 87 482
8 87 483
8 87 493
8 87 494
8 87 495
8 87 496
8 87 499
8 87 501
8 87 503
8 87 510
8 87 512
8 87 513
8 87 514
8 87 515
8 87 516
8 87 517
8 87 521
8 87 525
8 87 526
8 87 527
8 87 528
8 87 529
8 87 530
8 87 531
8 87 646
8 87 650
8 87 652
8 87 657
8 87 668
8 87 700
8 87 701
8 87 704
8 87 706
8 87 707
8 87 709
8 87 713
8 87 714
8 87 716
8 87 719
8 87 720
8 87 721
8 87 722
8 27 480
8 81 510
8 30 643
8 90 675
69 73 703
6 94 497
6 94 498
6 94 500
6 94 502
6 94 504
6 94 509
6 94 511
6 94 532
6 94 533
6 94 541
6 94 542
6 94 544
6 94 545
6 94 546
6 94 547
6 94 548
6 94 550
6 94 554
6 94 555
6 94 556
6 94 557
6 94 558
6 94 559
6 94 560
6 94 561
6 94 562
6 94 563
6 94 565
6 94 566
6 94 567
6 94 568
6 94 569
6 94 570
6 94 571
6 94 572
6 94 573
6 94 574
6 94 575
6 94 576
6 94 577
6 94 578
6 94 579
6 94 580
6 94 581
6 94 582
6 94 583
6 94 584
6 94 585
6 94 586
6 94 587
6 94 588
6 94 590
6 94 591
6 94 592
6 94 593
6 94 594
6 94 595
6 94 596
6 94 597
6 94 598
6 94 599
6 94 600
6 94 601
6 94 602
6 94 603
6 94 604
6 94 605
6 94 606
6 94 608
6 94 609
6 94 610
6 94 611
6 94 612
6 94 613
6 94 614
6 94 616
6 94 617
6 94 631
6 94 638
6 94 639
6 94 641
6 94 644
6 94 645
6 94 651
6 94 654
6 94 655
6 94 658
6 94 662
6 94 663
6 94 664
6 94 665
6 94 666
6 94 667
6 94 669
6 94 670
6 94 671
6 94 672
6 94 673
6 94 674
6 94 675
6 94 676
6 94 677
6 94 678
6 94 679
6 94 680
6 94 681
6 94 688
6 94 689
6 94 691
6 94 692
6 94 694
6 94 695
6 94 696
6 94 705
6 94 712
6 94 715
6 41 534
6 41 535
6 41 537
6 41 538
6 41 539
6 41 543
6 41 544
6 41 552
6 41 553
6 41 554
6 41 555
6 41 557
6 41 558
6 41 559
6 41 566
6 41 567
6 41 575
6 41 577
6 41 578
6 41 579
6 41 580
6 41 581
6 41 584
6 41 585
6 41 586
6 41 593
6 41 594
6 41 595
6 41 611
6 41 615
6 41 616
6 41 618
6 41 620
6 41 621
6 41 630
6 41 634
6 41 635
6 41 636
6 41 638
6 41 647
6 41 648
6 41 650
6 41 663
6 41 665
6 41 666
6 41 667
6 41 668
6 41 669
6 41 674
6 41 675
6 41 676
6 41 681
6 41 682
6 41 683
6 41 685
6 41 689
6 41 690
6 38 548
6 96 634
6 96 635
6 96 636
6 96 637
6 78 642
6 36 667
6 24 668
6 62 707
6 2 715
87 43 496
87 43 805
87 43 806
87 43 807
87 43 811
87 43 814
87 43 823
87 43 825
87 43 828
87 43 835
87 43 841
87 43 844
87 43 845
87 43 846
87 43 847
87 43 854
87 43 864
87 43 865
87 43 883
87 43 924
87 43 928
87 43 933
87 43 942
87 43 946
87 43 947
87 43 950
87 43 959
87 43 960
87 43 987
87 43 999
87 43 1000
87 43 1001
87 43 1002
87 43 1003
87 43 1004
87 43 1010
87 43 1011
87 43 1013
87 43 1016
87 43 1017
87 43 1018
87 43 1019
87 43 1020
87 43 1021
87 43 1022
87 43 1023
87 43 1024
87 43 1025
87 43 1027
87 43 1028
87 43 1029
87 43 1030
87 43 1031
87 43 1032
87 43 1037
87 43 1040
87 43 1041
87 43 1042
87 43 1043
87 43 1044
87 43 1045
87 43 1046
87 43 1047
87 43 1053
87 43 1054
87 43 1055
87 43 1056
87 43 1057
87 43 1058
87 43 1059
87 43 1060
87 43 1061
87 43 1062
87 43 1063
87 43 1064
87 43 1065
87 43 1069
87 43 1070
87 43 1071
87 43 1072
87 78 505
87 47 505
87 21 552
87 21 607
87 102 637
87 62 707
87 83 805
87 83 809
87 83 810
87 83 813
87 83 814
87 83 816
87 83 817
87 83 822
87 83 823
87 83 824
87 83 826
87 83 834
87 83 840
87 83 844
87 83 846
87 83 847
87 83 848
87 83 850
87 83 857
87 83 858
87 83 868
87 83 871
87 83 875
87 83 876
87 83 877
87 83 883
87 83 885
87 83 886
87 83 887
87 83 907
87 83 909
87 83 911
87 83 943
87 83 944
87 83 945
87 83 946
87 83 947
87 83 948
87 83 949
87 83 950
87 83 951
87 83 952
87 83 953
87 83 957
87 83 970
87 83 996
87 83 997
87 83 999
87 83 1000
87 83 1001
87 83 1002
87 83 1004
87 83 1013
87 83 1038
87 83 1083
87 97 805
87 97 816
87 97 825
87 97 828
87 97 858
87 97 872
87 97 884
17 13 462
17 78 503
17 78 504
13 100 480
13 100 481
13 100 487
13 100 490
13 100 491
13 100 493
13 100 494
13 100 495
13 100 496
13 100 497
13 100 498
13 100 499
13 100 500
13 100 506
13 100 510
13 100 511
13 100 532
13 100 533
13 100 535
13 100 538
13 100 541
13 100 542
13 100 545
13 100 557
13 100 562
13 100 566
13 100 567
13 100 586
13 100 594
13 100 604
13 100 607
13 100 608
13 100 632
13 100 633
13 100 640
13 100 642
13 100 650
13 100 652
13 100 658
13 100 662
13 100 663
13 100 664
13 100 665
13 100 666
13 100 674
13 100 682
13 100 684
13 100 687
13 100 688
13 100 689
13 100 690
13 100 692
13 100 694
13 100 695
13 100 696
13 100 698
13 78 481
13 78 484
13 78 487
13 78 488
13 78 489
13 78 490
13 78 493
13 78 494
13 78 497
13 78 499
13 78 500
13 78 502
13 78 503
13 78 510
13 78 512
13 78 513
13 78 531
13 78 532
13 78 533
13 78 534
13 78 535
13 78 537
13 78 538
13 78 539
13 78 540
13 78 541
13 78 542
13 78 543
13 78 549
13 78 550
13 78 551
13 78 552
13 78 554
13 78 555
13 78 556
13 78 557
13 78 559
13 78 560
13 78 562
13 78 563
13 78 564
13 78 565
13 78 566
13 78 567
13 78 568
13 78 569
13 78 570
13 78 588
13 78 589
13 78 590
13 78 592
13 78 601
13 78 603
13 78 604
13 78 607
13 78 608
13 78 613
13 78 618
13 78 632
13 78 633
13 78 634
13 78 635
13 78 638
13 78 639
13 78 640
13 78 641
13 78 645
13 78 647
13 78 653
13 78 656
13 78 657
13 78 658
13 78 659
13 78 662
13 78 663
13 78 664
13 78 665
13 78 666
13 78 667
13 78 669
13 78 670
13 78 671
13 78 672
13 78 673
13 78 674
13 78 675
13 78 676
13 78 678
13 78 679
13 78 680
13 78 683
13 78 684
13 78 685
13 78 686
13 78 687
13 78 688
13 78 689
13 78 691
13 78 696
13 78 698
13 94 505
13 2 707
27 96 531
27 96 532
27 96 533
27 96 534
27 96 535
27 96 536
27 96 543
27 96 551
27 96 552
27 96 553
27 96 554
27 96 555
27 96 556
27 96 557
27 96 558
27 96 559
27 96 560
27 96 584
27 96 594
27 96 608
27 96 609
27 96 611
27 96 612
27 96 623
27 96 624
27 96 629
27 96 630
27 96 634
27 96 651
27 96 652
27 96 655
27 96 660
27 96 661
27 96 662
27 96 663
27 96 669
27 96 670
27 96 671
27 96 672
27 96 673
27 96 678
27 96 680
27 96 681
27 96 682
27 96 683
27 96 684
27 96 685
27 96 686
27 96 689
27 96 690
27 41 532
27 41 533
27 41 534
27 41 535
27 41 536
27 41 537
27 41 538
27 41 539
27 41 540
27 41 541
27 41 543
27 41 544
27 41 547
27 41 558
27 41 559
27 41 564
27 41 565
27 41 569
27 41 579
27 41 580
27 41 581
27 41 583
27 41 586
27 41 592
27 41 597
27 41 600
27 41 601
27 41 609
27 41 610
27 41 620
27 41 623
27 41 624
27 41 625
27 41 628
27 41 629
27 41 635
27 41 636
27 41 637
27 41 663
27 41 667
27 41 668
27 41 669
27 41 675
27 41 676
27 41 677
27 41 685
27 41 688
27 41 689
27 41 690
94 78 481
94 78 482
94 78 483
94 78 484
94 78 485
94 78 488
94 78 489
94 78 490
94 78 494
94 78 496
94 78 497
94 78 499
94 78 500
94 78 505
94 78 516
94 78 518
94 78 519
94 78 520
94 78 521
94 78 523
94 78 524
94 78 526
94 78 527
94 78 528
94 78 532
94 78 533
94 78 535
94 78 541
94 78 552
94 78 557
94 78 562
94 78 566
94 78 567
94 78 575
94 78 586
94 78 587
94 78 588
94 78 589
94 78 590
94 78 591
94 78 592
94 78 602
94 78 603
94 78 604
94 78 607
94 78 608
94 78 609
94 78 610
94 78 611
94 78 612
94 78 613
94 78 614
94 78 631
94 78 632
94 78 633
94 78 634
94 78 635
94 78 636
94 78 637
94 78 640
94 78 641
94 78 642
94 78 643
94 78 647
94 78 648
94 78 649
94 78 652
94 78 657
94 78 658
94 78 659
94 78 662
94 78 663
94 78 669
94 78 674
94 78 687
94 78 688
94 78 689
94 78 692
94 78 693
94 78 695
94 78 696
94 78 698
94 1 507
94 41 599
94 36 705
94 62 707
100 47 492
100 47 520
78 46 654
78 81 675
78 81 676
78 81 677
78 81 684
78 81 686
78 81 689
78 81 699
78 81 700
78 81 708
78 81 757
78 81 759
78 62 699
78 62 701
78 62 711
78 62 714
78 62 729
78 62 731
78 62 732
78 62 744
78 62 745
78 62 747
78 62 752
78 62 753
78 62 754
78 62 755
78 62 756
78 62 759
78 62 761
78 36 717
78 58 749
78 58 756
78 58 757
78 58 759
106 45 491
106 45 493
106 45 494
106 45 529
45 96 701
45 62 722
47 1 515
47 56 699
47 56 758
47 56 813
47 2 810
47 82 848
47 82 849
43 103 804
43 103 805
43 103 806
43 103 809
43 103 810
43 103 811
43 103 814
43 103 815
43 103 816
43 103 817
43 103 821
43 103 822
43 103 823
43 103 824
43 103 825
43 103 826
43 103 830
43 103 831
43 103 832
43 103 840
43 103 841
43 103 848
43 103 849
43 103 850
43 103 851
43 103 852
43 103 853
43 103 854
43 103 855
43 103 860
43 103 861
43 103 864
43 103 865
43 103 881
43 103 937
43 103 940
43 103 941
43 103 944
43 103 966
43 103 967
43 103 972
43 103 973
43 103 996
43 103 997
43 103 1004
43 103 1016
43 103 1018
43 103 1025
43 103 1029
43 103 1033
43 103 1034
43 103 1036
43 103 1037
43 103 1038
43 103 1039
43 103 1040
43 103 1042
43 103 1043
43 103 1044
43 103 1045
43 103 1046
43 103 1047
43 103 1049
43 103 1051
43 103 1052
43 103 1053
43 103 1056
43 103 1058
43 103 1062
43 103 1065
43 103 1073
43 103 1077
43 103 1078
43 103 1081
43 103 1083
43 103 1084
43 103 1085
43 103 1091
43 103 1092
43 103 1093
43 103 1095
43 103 1096
43 103 1097
43 103 1098
43 103 1099
43 103 1101
43 59 805
43 59 806
43 59 809
43 59 810
43 59 813
43 59 814
43 59 815
43 59 816
43 59 817
43 59 818
43 59 819
43 59 820
43 59 821
43 59 822
43 59 823
43 59 824
43 59 825
43 59 826
43 59 828
43 59 829
43 59 830
43 59 831
43 59 832
43 59 833
43 59 839
43 59 840
43 59 846
43 59 847
43 59 848
43 59 849
43 59 850
43 59 853
43 59 854
43 59 855
43 59 856
43 59 857
43 59 858
43 59 859
43 59 860
43 59 861
43 59 862
43 59 863
43 59 864
43 59 865
43 59 866
43 59 868
43 59 872
43 59 873
43 59 874
43 59 876
43 59 877
43 59 878
43 59 879
43 59 895
43 59 898
43 59 899
43 59 902
43 59 903
43 59 909
43 59 911
43 59 915
43 59 916
43 59 918
43 59 919
43 59 920
43 59 921
43 59 923
43 59 924
43 59 929
43 59 930
43 59 931
43 59 933
43 59 942
43 59 943
43 59 950
43 59 951
43 59 952
43 59 954
43 59 955
43 59 957
43 59 958
43 59 959
43 59 969
43 59 970
43 59 972
43 59 973
43 59 974
43 59 975
43 59 976
43 59 980
43 59 981
43 59 997
43 59 998
43 59 999
43 59 1000
43 59 1001
43 59 1002
43 59 1003
43 59 1010
43 59 1011
43 59 1012
43 59 1013
43 59 1015
43 59 1016
43 59 1017
43 59 1019
43 59 1033
43 59 1034
43 59 1036
43 59 1037
43 59 1038
43 59 1039
43 59 1040
43 59 1041
43 59 1042
43 59 1043
43 59 1044
43 59 1045
43 59 1046
43 59 1047
43 59 1048
43 59 1049
43 59 1050
43 59 1051
43 59 1052
43 59 1055
43 59 1056
43 59 1057
43 59 1059
43 59 1062
43 59 1072
43 59 1073
43 59 1080
43 59 1081
43 59 1082
43 59 1083
43 59 1084
43 59 1085
43 59 1086
43 59 1092
43 59 1093
43 59 1094
43 59 1101
43 59 1102
43 59 1103
43 59 1104
43 91 818
43 91 819
43 91 820
43 91 821
43 91 822
43 91 823
43 91 824
43 91 825
43 91 831
43 91 847
43 91 848
43 91 850
43 91 851
43 91 852
43 91 853
43 91 854
43 91 857
43 91 864
43 91 917
43 91 933
43 91 934
43 91 946
43 91 947
43 91 949
43 91 950
43 91 965
43 91 966
43 91 967
43 91 972
43 91 990
43 91 1002
43 91 1071
43 91 1073
43 91 1074
43 97 872
43 97 873
43 96 1099
43 96 1100
1 89 498
1 89 504
1 89 505
1 89 522
1 89 584
1 89 626
1 61 503
1 61 504
1 61 505
1 61 506
1 61 510
1 61 514
1 61 526
1 61 529
1 61 530
1 61 531
1 61 536
1 61 537
1 61 538
1 61 539
1 61 540
1 61 541
1 61 542
1 61 558
1 61 559
1 61 567
1 61 572
1 61 573
1 61 604
1 61 605
1 61 631
1 81 503
1 81 518
1 81 519
1 38 504
1 38 506
1 38 509
1 38 515
1 38 519
1 38 523
1 38 589
1 38 591
1 38 592
1 38 593
1 38 596
1 38 597
1 38 604
1 38 605
1 38 606
1 38 629
1 38 631
38 61 497
38 61 498
38 61 499
38 61 526
38 61 529
38 61 531
38 61 555
38 61 557
38 61 559
38 61 567
38 61 573
38 61 580
38 61 584
38 61 592
38 61 595
38 61 602
38 61 607
38 61 628
38 61 630
38 81 526
38 81 529
38 81 530
38 81 531
38 67 893
38 67 894
38 67 895
38 67 896
38 67 898
38 67 899
38 67 933
38 67 934
38 67 935
38 67 949
38 67 952
38 67 953
38 67 954
38 67 955
38 67 956
38 67 957
38 67 958
38 67 959
38 67 966
38 67 977
38 67 978
38 67 984
38 67 999
38 67 1000
38 97 899
38 97 928
38 97 934
38 97 935
38 97 943
38 97 944
38 97 956
38 97 957
38 97 958
38 97 959
38 97 960
38 97 961
38 97 962
38 97 963
38 97 965
38 97 967
38 97 999
38 97 1000
61 81 503
61 81 516
61 89 509
61 89 526
61 89 548
61 89 555
61 89 556
61 89 567
61 89 569
61 89 579
61 89 594
61 89 615
61 89 620
61 89 623
61 89 625
61 89 632
61 21 561
61 102 564
61 41 596
89 96 589
89 96 605
89 83 903
89 83 905
89 83 906
89 83 910
89 83 911
89 83 915
89 83 920
89 83 926
89 83 927
89 83 928
89 83 933
89 83 946
89 83 947
89 83 956
89 83 958
89 83 960
89 83 965
89 83 970
89 83 971
89 83 972
89 83 975
89 83 982
89 83 983
89 83 984
89 83 985
89 83 986
89 83 987
89 83 989
89 83 990
89 83 994
89 83 995
89 97 915
89 97 925
89 97 926
89 97 931
89 97 932
89 41 926
89 62 968
81 21 605
81 21 606
81 82 675
81 82 676
81 82 681
81 82 682
81 82 688
81 82 689
81 82 694
81 36 675
81 36 676
81 36 677
81 36 683
81 36 684
81 36 707
81 36 708
81 36 709
81 36 711
81 36 759
81 55 675
81 55 681
81 55 682
81 55 683
81 55 689
81 55 690
81 55 691
81 55 692
81 55 693
81 55 694
81 55 695
81 55 696
81 55 697
81 55 698
81 55 705
81 58 683
81 58 691
81 58 692
81 58 693
81 58 694
81 58 695
81 58 696
81 58 697
81 58 698
81 58 712
81 96 732
96 21 532
96 21 533
96 21 534
96 21 535
96 21 536
96 21 538
96 21 544
96 21 545
96 21 551
96 21 566
96 21 567
96 21 568
96 21 569
96 21 570
96 21 571
96 21 572
96 21 573
96 21 574
96 21 576
96 21 577
96 21 578
96 21 579
96 21 580
96 21 581
96 21 582
96 21 583
96 21 584
96 21 585
96 21 586
96 21 587
96 21 588
96 21 589
96 21 590
96 21 591
96 21 592
96 21 594
96 21 595
96 21 596
96 21 599
96 21 600
96 21 601
96 21 602
96 21 603
96 21 606
96 21 607
96 21 608
96 21 609
96 21 610
96 21 612
96 21 614
96 21 616
96 21 617
96 21 618
96 21 619
96 21 620
96 21 622
96 21 623
96 21 624
96 21 625
96 21 626
96 21 627
96 21 628
96 21 632
96 21 633
96 21 646
96 21 647
96 21 649
96 21 661
96 21 662
96 21 663
96 21 667
96 21 672
96 21 673
96 21 678
96 21 679
96 21 682
96 21 683
96 21 684
96 21 686
96 21 688
96 21 690
96 44 634
96 44 635
96 2 717
96 2 720
96 2 721
96 2 723
96 2 737
96 53 721
96 53 737
96 58 731
21 24 532
21 24 533
21 24 535
21 24 536
21 24 544
21 24 549
21 24 551
21 24 563
21 24 567
21 24 572
21 24 573
21 24 586
21 24 595
21 24 620
21 24 646
21 24 647
21 24 649
21 24 660
21 24 689
21 24 690
21 41 532
21 41 533
21 41 534
21 41 535
21 41 536
21 41 537
21 41 538
21 41 539
21 41 541
21 41 542
21 41 543
21 41 544
21 41 548
21 41 549
21 41 550
21 41 551
21 41 564
21 41 565
21 41 566
21 41 570
21 41 577
21 41 578
21 41 579
21 41 582
21 41 583
21 41 584
21 41 586
21 41 592
21 41 593
21 41 595
21 41 596
21 41 607
21 41 608
21 41 618
21 41 619
21 41 620
21 41 622
21 41 625
21 41 632
21 41 633
21 41 672
21 41 688
21 41 690
21 46 557
21 63 1359
21 63 1360
21 63 1361
21 63 1362
21 63 1373
21 104 1359
21 104 1365
21 104 1373
21 104 1374
21 104 1376
21 104 1377
24 44 634
24 102 646
24 102 647
24 102 650
24 59 1363
41 102 532
41 102 533
41 102 534
41 102 535
41 102 536
41 102 537
41 102 538
41 102 544
41 102 545
41 102 558
41 102 559
41 102 566
41 102 569
41 102 570
41 102 575
41 102 576
41 102 577
41 102 578
41 102 579
41 102 580
41 102 584
41 102 586
41 102 593
41 102 594
41 102 595
41 102 607
41 102 608
41 102 609
41 102 612
41 102 613
41 102 614
41 102 615
41 102 618
41 102 619
41 102 620
41 102 621
41 102 622
41 102 623
41 102 625
41 102 629
41 102 630
41 102 632
41 102 633
41 102 636
41 102 643
41 102 663
41 102 669
41 102 670
41 102 671
41 102 682
41 102 683
41 102 688
41 102 689
41 102 690
102 2 722
102 2 738
102 30 730
102 63 1419
102 63 1420
53 62 639
53 62 640
53 62 641
53 62 642
53 62 643
53 62 644
53 62 645
53 62 653
53 62 655
53 62 656
53 62 659
53 62 666
53 62 671
53 62 700
53 62 701
53 62 702
53 62 722
53 62 825
53 2 693
53 2 697
53 2 699
53 2 700
53 2 702
53 2 703
53 2 710
53 2 738
53 2 743
53 2 778
53 2 780
53 2 825
53 82 742
46 3 1203
46 3 1238
46 3 1251
36 30 573
36 30 577
36 30 590
36 30 591
36 30 596
36 30 599
36 30 600
36 30 601
36 30 611
36 30 615
36 30 616
36 30 619
36 30 633
36 30 661
36 30 671
36 30 677
36 30 680
36 30 688
36 30 689
36 30 698
36 90 676
36 90 679
36 90 683
36 90 685
36 90 688
36 90 702
36 90 712
36 62 683
36 62 684
36 62 705
36 62 727
36 62 728
36 62 731
36 62 744
36 62 745
36 62 759
36 62 761
36 62 767
36 62 775
36 62 776
36 62 777
36 62 778
36 62 779
36 62 780
36 62 781
36 62 783
36 62 784
36 62 785
36 62 786
36 62 799
36 62 803
36 62 804
36 62 806
36 62 807
36 62 808
36 62 809
36 62 811
36 62 822
36 62 824
36 62 829
36 62 896
36 62 897
36 62 898
36 62 899
36 62 900
36 62 901
36 62 902
36 62 903
36 62 947
36 62 948
36 62 954
36 62 967
36 62 973
36 62 974
36 62 975
36 62 976
36 62 977
36 62 978
36 62 979
36 62 980
36 62 981
36 62 982
36 62 983
36 62 984
36 62 985
36 62 986
36 62 987
36 62 988
36 62 989
36 62 992
36 62 993
36 62 994
36 62 1009
36 62 1034
36 62 1035
36 62 1074
36 62 1075
36 62 1081
36 62 1082
36 62 1083
36 62 1084
36 62 1085
36 62 1086
36 62 1087
36 62 1088
36 62 1089
36 62 1090
36 62 1092
36 62 1093
36 62 1095
36 62 1096
36 62 1097
36 62 1098
36 62 1099
36 62 1104
36 62 1108
36 62 1111
36 62 1112
36 62 1113
36 62 1114
36 62 1116
36 62 1122
36 62 1123
36 62 1124
36 62 1131
36 62 1132
36 62 1133
36 62 1134
36 62 1137
36 58 688
36 58 698
36 58 708
36 58 712
36 58 756
36 59 1009
30 58 730
30 58 731
73 55 679
73 58 699
73 58 702
73 58 703
73 58 704
73 58 706
73 58 707
73 58 713
73 58 728
73 58 729
73 58 730
73 58 731
73 58 733
73 58 735
73 58 737
73 58 738
73 58 739
73 58 753
73 58 754
73 58 757
73 58 758
73 62 700
73 62 713
73 62 724
73 62 755
73 62 756
73 62 759
55 90 675
55 90 676
55 90 677
55 90 678
55 90 679
55 90 682
55 90 683
55 90 689
55 90 690
55 90 691
55 90 692
55 90 718
55 62 713
55 62 719
55 62 724
55 62 725
55 62 750
55 62 752
55 62 756
55 62 757
44 3 1208
44 3 1239
44 3 1259
44 3 1318
44 3 1319
44 3 1322
44 3 1324
44 3 1327
62 2 642
62 2 643
62 2 644
62 2 645
62 2 658
62 2 659
62 2 660
62 2 666
62 2 667
62 2 668
62 2 669
62 2 670
62 2 671
62 2 672
62 2 673
62 2 674
62 2 675
62 2 676
62 2 677
62 2 678
62 2 722
62 2 723
62 2 812
62 2 825
62 82 700
62 82 701
62 82 703
62 82 704
62 82 708
62 82 709
62 82 710
62 82 716
62 82 717
62 82 724
62 82 733
62 82 736
62 82 738
62 82 739
62 82 740
62 82 746
62 82 747
62 56 1005
62 56 1009
62 90 1119
62 90 1120
2 58 729
67 91 830
67 91 834
67 91 835
67 91 836
67 91 853
67 91 854
67 91 923
67 91 928
67 91 929
67 91 968
67 91 994
67 91 995
67 91 996
67 91 997
67 91 998
67 91 999
67 91 1000
67 97 831
67 83 832
82 58 719
82 83 846
90 58 683
90 58 689
90 58 690
90 58 691
90 58 705
90 58 715
90 58 718
90 103 1099
90 59 1101
58 58 677
58 58 682
58 58 689
58 58 690
58 58 691
58 58 692
58 58 693
58 58 694
58 58 695
58 58 696
58 58 697
58 58 698
58 58 712
58 58 718
58 59 923
58 59 931
56 97 836
56 97 873
59 97 804
59 97 805
59 97 806
59 97 809
59 97 810
59 97 811
59 97 812
59 97 814
59 97 815
59 97 816
59 97 818
59 97 819
59 97 823
59 97 824
59 97 825
59 97 826
59 97 827
59 97 828
59 97 829
59 97 830
59 97 832
59 97 835
59 97 839
59 97 840
59 97 842
59 97 843
59 97 850
59 97 851
59 97 852
59 97 854
59 97 855
59 97 856
59 97 857
59 97 861
59 97 862
59 97 863
59 97 881
59 97 892
59 97 895
59 97 896
59 97 941
59 97 942
59 97 951
59 97 959
59 97 971
59 97 972
59 97 974
59 97 975
59 97 976
59 97 977
59 97 978
59 97 979
59 97 980
59 97 982
59 97 983
59 97 985
59 97 986
59 97 996
59 97 997
59 97 999
59 97 1003
59 97 1010
59 97 1012
59 97 1013
59 97 1014
59 97 1015
59 97 1016
59 97 1018
59 97 1019
59 97 1031
59 97 1032
59 97 1036
59 97 1037
59 97 1040
59 97 1041
59 97 1042
59 97 1043
59 97 1044
59 97 1045
59 97 1046
59 97 1047
59 97 1048
59 97 1049
59 97 1050
59 97 1051
59 97 1052
59 97 1055
59 97 1056
59 97 1057
59 97 1059
59 97 1060
59 97 1061
59 97 1062
59 97 1071
59 97 1072
59 97 1081
59 97 1082
59 97 1084
59 97 1089
59 97 1090
59 97 1091
59 97 1092
59 97 1093
59 97 1094
59 97 1101
59 83 804
59 83 805
59 83 809
59 83 810
59 83 811
59 83 814
59 83 815
59 83 818
59 83 819
59 83 820
59 83 821
59 83 822
59 83 823
59 83 824
59 83 825
59 83 826
59 83 827
59 83 829
59 83 830
59 83 831
59 83 832
59 83 834
59 83 835
59 83 839
59 83 844
59 83 846
59 83 847
59 83 848
59 83 849
59 83 850
59 83 851
59 83 853
59 83 854
59 83 855
59 83 856
59 83 857
59 83 864
59 83 883
59 83 917
59 83 922
59 83 945
59 83 949
59 83 950
59 83 971
59 83 987
59 83 990
59 83 996
59 83 1002
59 83 1013
59 83 1015
59 83 1072
59 104 1363
59 104 1397
59 104 1400
59 104 1401
59 104 1418
97 91 804
97 91 805
97 91 821
97 91 822
97 91 830
97 91 844
97 91 847
97 63 839
97 63 879
97 63 902
97 63 933
97 63 934
97 63 967
97 63 993
97 83 899
97 83 900
83 103 808
83 103 810
83 103 814
83 103 815
83 103 816
83 103 819
83 103 820
83 103 823
83 103 824
83 103 825
83 103 826
83 103 828
83 103 829
83 103 831
83 103 832
83 103 835
83 103 836
83 103 846
83 103 848
83 103 850
83 103 851
83 103 858
83 103 864
83 103 866
83 103 871
83 103 888
83 103 896
83 103 936
83 103 937
83 103 942
83 103 943
83 103 947
83 103 950
83 103 951
83 103 952
83 103 953
83 103 963
83 103 964
83 103 965
83 103 974
83 103 975
83 103 977
83 103 980
83 103 999
83 103 1000
83 103 1001
83 103 1002
83 103 1007
83 103 1031
83 103 1071
83 103 1072
83 103 1073
83 103 1074
83 103 1075
3 104 1321
